200,697	919,5
200,927	-6,5
201,158	8,5
201,388	18,5
201,618	1173,5
201,849	1017,5
202,079	1273,5
202,309	1153,5
202,539	1266,5
202,77	1153,5
203	1251,5
203,23	1215,5
203,46	1242,5
203,691	1211,5
203,921	1381,5
204,151	1209,5
204,381	1195,5
204,611	1333,5
204,841	1233,5
205,071	1153,5
205,302	1278,5
205,532	1230,5
205,762	3221,5
205,992	1147,5
206,222	1234,5
206,452	1351,5
206,682	1220,5
206,912	1340,5
207,142	1314,5
207,372	1265,5
207,602	1190,5
207,832	1228,5
208,062	1330,5
208,292	1455,5
208,522	1150,5
208,752	1267,5
208,982	1115,5
209,212	1375,5
209,442	1198,5
209,672	1273,5
209,902	1207,5
210,131	1293,5
210,361	1197,5
210,591	1283,5
210,821	1195,5
211,051	1294,5
211,281	1244,5
211,51	1332,5
211,74	1300,5
211,97	1245,5
212,2	1359,5
212,429	1442,5
212,659	1294,5
212,889	1337,5
213,119	1148,5
213,348	1174,5
213,578	1391,5
213,808	1347,5
214,037	1387,5
214,267	1327,5
214,497	1301,5
214,726	1276,5
214,956	1165,5
215,186	1275,5
215,415	1275,5
215,645	1263,5
215,874	1330,5
216,104	1257,5
216,333	1302,5
216,563	1278,5
216,792	1308,5
217,022	1362,5
217,251	1316,5
217,481	1204,5
217,71	1257,5
217,94	1296,5
218,169	1305,5
218,399	1071,5
218,628	1213,5
218,858	1379,5
219,087	1416,5
219,316	1234,5
219,546	1374,5
219,775	1394,5
220,004	1434,5
220,234	1261,5
220,463	1319,5
220,692	1333,5
220,922	1266,5
221,151	1391,5
221,38	1275,5
221,61	1623,5
221,839	1519,5
222,068	1329,5
222,297	1379,5
222,526	1386,5
222,756	1318,5
222,985	1434,5
223,214	1325,5
223,443	1317,5
223,672	1751,5
223,902	1261,5
224,131	1332,5
224,36	1449,5
224,589	1226,5
224,818	1360,5
225,047	1389,5
225,276	1327,5
225,505	1591,5
225,734	1383,5
225,963	1279,5
226,192	1311,5
226,421	1287,5
226,65	1427,5
226,879	1418,5
227,108	1392,5
227,337	1622,5
227,566	1522,5
227,795	1311,5
228,024	1344,5
228,253	1371,5
228,482	1311,5
228,711	1549,5
228,94	1358,5
229,168	1348,5
229,397	1369,5
229,626	1424,5
229,855	1342,5
230,084	1408,5
230,313	1266,5
230,541	1519,5
230,77	1431,5
230,999	1281,5
231,228	1616,5
231,456	1509,5
231,685	1367,5
231,914	1452,5
232,143	1578,5
232,371	1479,5
232,6	1527,5
232,829	1471,5
233,057	1466,5
233,286	1472,5
233,515	1438,5
233,743	1431,5
233,972	1434,5
234,2	1523,5
234,429	1471,5
234,658	1565,5
234,886	1431,5
235,115	1519,5
235,343	1566,5
235,572	1521,5
235,8	1599,5
236,029	1783,5
236,257	1503,5
236,486	1648,5
236,714	1678,5
236,943	1658,5
237,171	1751,5
237,399	1613,5
237,628	1693,5
237,856	1705,5
238,085	1677,5
238,313	1294,5
238,541	1602,5
238,77	1904,5
238,998	1538,5
239,226	1712,5
239,455	1558,5
239,683	1753,5
239,911	1635,5
240,14	1809,5
240,368	1812,5
240,596	1725,5
240,824	1718,5
241,053	1716,5
241,281	1696,5
241,509	1664,5
241,737	1762,5
241,965	1638,5
242,193	1687,5
242,422	1718,5
242,65	1744,5
242,878	1753,5
243,106	1799,5
243,334	1807,5
243,562	1847,5
243,79	1846,5
244,018	1918,5
244,246	1773,5
244,474	1813,5
244,702	1807,5
244,93	1862,5
245,158	1898,5
245,386	1823,5
245,614	1937,5
245,842	2019,5
246,07	1862,5
246,298	2090,5
246,526	2372,5
246,754	1407,5
246,982	1979,5
247,21	2055,5
247,438	1915,5
247,666	2011,5
247,893	1942,5
248,121	1900,5
248,349	1935,5
248,577	2047,5
248,805	2105,5
249,033	2069,5
249,26	2111,5
249,488	2028,5
249,716	2084,5
249,944	2076,5
250,171	2059,5
250,399	2088,5
250,627	2250,5
250,854	2087,5
251,082	2079,5
251,31	2037,5
251,537	2165,5
251,765	2295,5
251,993	2063,5
252,22	2373,5
252,448	2137,5
252,676	2250,5
252,903	2246,5
253,131	2449,5
253,358	2186,5
253,586	2164,5
253,813	2195,5
254,041	2198,5
254,268	2271,5
254,496	2187,5
254,723	2219,5
254,951	2333,5
255,178	2360,5
255,406	2261,5
255,633	2301,5
255,86	2399,5
256,088	2268,5
256,315	2217,5
256,543	2439,5
256,77	2365,5
256,997	2353,5
257,225	2307,5
257,452	2444,5
257,679	2283,5
257,907	2476,5
258,134	2340,5
258,361	2458,5
258,588	2358,5
258,816	2395,5
259,043	2359,5
259,27	2449,5
259,497	2498,5
259,725	2340,5
259,952	2454,5
260,179	2406,5
260,406	2449,5
260,633	2548,5
260,86	2551,5
261,088	2476,5
261,315	2604,5
261,542	2442,5
261,769	2458,5
261,996	2729,5
262,223	2656,5
262,45	2701,5
262,677	2463,5
262,904	2545,5
263,131	2603,5
263,358	2489,5
263,585	2620,5
263,812	2902,5
264,039	2746,5
264,266	2611,5
264,493	2615,5
264,72	2578,5
264,947	2674,5
265,174	2763,5
265,401	2719,5
265,627	2659,5
265,854	2754,5
266,081	2689,5
266,308	2628,5
266,535	2677,5
266,762	2718,5
266,988	2595,5
267,215	2740,5
267,442	2684,5
267,669	2820,5
267,896	2685,5
268,122	2806,5
268,349	2773,5
268,576	2529,5
268,802	2630,5
269,029	2658,5
269,256	2773,5
269,482	2668,5
269,709	2636,5
269,936	2729,5
270,162	2907,5
270,389	2753,5
270,616	2776,5
270,842	2831,5
271,069	2850,5
271,295	2865,5
271,522	2761,5
271,748	2807,5
271,975	2953,5
272,201	2956,5
272,428	2860,5
272,654	2830,5
272,881	3082,5
273,107	2854,5
273,334	2890,5
273,56	3024,5
273,787	2897,5
274,013	3008,5
274,239	3193,5
274,466	2956,5
274,692	2994,5
274,918	2980,5
275,145	3366,5
275,371	2983,5
275,597	3192,5
275,824	3130,5
276,05	3045,5
276,276	3308,5
276,503	3091,5
276,729	3125,5
276,955	3083,5
277,181	3148,5
277,407	3071,5
277,634	3210,5
277,86	3172,5
278,086	3183,5
278,312	3117,5
278,538	3131,5
278,764	3155,5
278,991	3255,5
279,217	3035,5
279,443	3106,5
279,669	3119,5
279,895	3159,5
280,121	3168,5
280,347	3173,5
280,573	3078,5
280,799	3156,5
281,025	3447,5
281,251	3186,5
281,477	3421,5
281,703	3305,5
281,929	3341,5
282,155	3275,5
282,381	3444,5
282,607	3486,5
282,833	3474,5
283,059	3568,5
283,285	3421,5
283,51	3449,5
283,736	3407,5
283,962	3577,5
284,188	3596,5
284,414	3597,5
284,64	3351,5
284,865	3655,5
285,091	3527,5
285,317	3709,5
285,543	3755,5
285,768	3642,5
285,994	3761,5
286,22	3914,5
286,446	3766,5
286,671	3616,5
286,897	3815,5
287,123	3754,5
287,348	3773,5
287,574	4275,5
287,799	3815,5
288,025	3886,5
288,251	4020,5
288,476	3887,5
288,702	3889,5
288,927	3889,5
289,153	3965,5
289,378	4066,5
289,604	3993,5
289,829	4013,5
290,055	3870,5
290,28	3978,5
290,506	4046,5
290,731	4035,5
290,957	4154,5
291,182	4164,5
291,408	4295,5
291,633	4198,5
291,858	4141,5
292,084	4285,5
292,309	4183,5
292,535	4274,5
292,76	4402,5
292,985	4406,5
293,211	4289,5
293,436	4300,5
293,661	4251,5
293,886	4175,5
294,112	4706,5
294,337	4401,5
294,562	4275,5
294,787	4615,5
295,013	4554,5
295,238	4277,5
295,463	4597,5
295,688	4666,5
295,913	4551,5
296,138	4595,5
296,364	4575,5
296,589	4565,5
296,814	4412,5
297,039	4454,5
297,264	4650,5
297,489	4458,5
297,714	4431,5
297,939	4371,5
298,164	4527,5
298,389	4615,5
298,614	4499,5
298,839	4763,5
299,064	4871,5
299,289	4868,5
299,514	4959,5
299,739	4892,5
299,964	4881,5
300,189	4942,5
300,414	5026,5
300,639	5127,5
300,863	5055,5
301,088	5417,5
301,313	5094,5
301,538	5140,5
301,763	5073,5
301,988	5210,5
302,212	5246,5
302,437	5607,5
302,662	5214,5
302,887	5340,5
303,111	5257,5
303,336	5542,5
303,561	5420,5
303,786	5195,5
304,01	5333,5
304,235	5383,5
304,46	5318,5
304,684	5532,5
304,909	5304,5
305,134	5305,5
305,358	5343,5
305,583	5353,5
305,807	5510,5
306,032	5049,5
306,256	5338,5
306,481	5293,5
306,706	5187,5
306,93	5228,5
307,155	5580,5
307,379	5347,5
307,604	5468,5
307,828	5406,5
308,052	5711,5
308,277	5598,5
308,501	5615,5
308,726	5643,5
308,95	5650,5
309,175	5569,5
309,399	5711,5
309,623	5625,5
309,848	5531,5
310,072	5493,5
310,296	5939,5
310,521	5690,5
310,745	5504,5
310,969	5845,5
311,193	5724,5
311,418	5632,5
311,642	5751,5
311,866	5723,5
312,09	5762,5
312,315	5734,5
312,539	5690,5
312,763	5827,5
312,987	5763,5
313,211	5666,5
313,435	5918,5
313,659	5674,5
313,884	5841,5
314,108	5904,5
314,332	5736,5
314,556	5700,5
314,78	5947,5
315,004	5768,5
315,228	5879,5
315,452	5782,5
315,676	5738,5
315,9	5632,5
316,124	5539,5
316,348	5674,5
316,572	5687,5
316,796	5778,5
317,02	5671,5
317,244	5693,5
317,468	5538,5
317,691	5820,5
317,915	5668,5
318,139	5651,5
318,363	5871,5
318,587	5513,5
318,811	5651,5
319,034	5513,5
319,258	5683,5
319,482	5753,5
319,706	5554,5
319,93	5575,5
320,153	5504,5
320,377	5602,5
320,601	5495,5
320,824	5487,5
321,048	5756,5
321,272	5741,5
321,495	5769,5
321,719	5623,5
321,943	5561,5
322,166	5518,5
322,39	5630,5
322,614	5730,5
322,837	5807,5
323,061	5575,5
323,284	5831,5
323,508	5628,5
323,731	5687,5
323,955	5744,5
324,178	5683,5
324,402	5703,5
324,625	5768,5
324,849	5587,5
325,072	5709,5
325,296	5761,5
325,519	5601,5
325,743	5843,5
325,966	5748,5
326,189	5756,5
326,413	5535,5
326,636	5957,5
326,859	5659,5
327,083	5890,5
327,306	5524,5
327,529	5455,5
327,753	5454,5
327,976	5528,5
328,199	5570,5
328,422	5510,5
328,646	5530,5
328,869	5423,5
329,092	5580,5
329,315	5682,5
329,538	5599,5
329,762	5597,5
329,985	5549,5
330,208	5594,5
330,431	5680,5
330,654	5793,5
330,877	5629,5
331,1	5775,5
331,323	5680,5
331,546	5945,5
331,769	5742,5
331,993	5584,5
332,216	5698,5
332,439	5845,5
332,662	5847,5
332,885	5663,5
333,107	5631,5
333,33	5594,5
333,553	5822,5
333,776	5584,5
333,999	5643,5
334,222	5591,5
334,445	5692,5
334,668	5619,5
334,891	5712,5
335,114	5586,5
335,336	5578,5
335,559	5749,5
335,782	5909,5
336,005	5604,5
336,228	5530,5
336,45	5599,5
336,673	5444,5
336,896	5663,5
337,119	5593,5
337,341	5588,5
337,564	5521,5
337,787	5573,5
338,009	5514,5
338,232	5749,5
338,455	5740,5
338,677	5607,5
338,9	5503,5
339,122	5487,5
339,345	5558,5
339,568	5545,5
339,79	5484,5
340,013	5660,5
340,235	5316,5
340,458	5443,5
340,68	5594,5
340,903	5349,5
341,125	5477,5
341,348	5483,5
341,57	5359,5
341,793	5594,5
342,015	5233,5
342,238	5362,5
342,46	5359,5
342,682	5387,5
342,905	5343,5
343,127	5323,5
343,349	5282,5
343,572	5313,5
343,794	5187,5
344,016	5198,5
344,239	5320,5
344,461	5261,5
344,683	5262,5
344,905	5250,5
345,128	5285,5
345,35	5350,5
345,572	5396,5
345,794	5421,5
346,017	5393,5
346,239	5407,5
346,461	5428,5
346,683	5319,5
346,905	5479,5
347,127	5445,5
347,349	5369,5
347,571	5470,5
347,793	5577,5
348,016	5407,5
348,238	5455,5
348,46	5439,5
348,682	5354,5
348,904	5486,5
349,126	5474,5
349,348	5298,5
349,57	5295,5
349,792	5304,5
350,014	5611,5
350,235	5367,5
350,457	5558,5
350,679	5395,5
350,901	5332,5
351,123	5361,5
351,345	5139,5
351,567	5391,5
351,789	5421,5
352,01	5426,5
352,232	5419,5
352,454	5213,5
352,676	5284,5
352,897	5129,5
353,119	4990,5
353,341	5025,5
353,563	5079,5
353,784	4852,5
354,006	5023,5
354,228	5032,5
354,449	4971,5
354,671	5297,5
354,893	5316,5
355,114	5295,5
355,336	5252,5
355,558	5349,5
355,779	5167,5
356,001	5375,5
356,222	5324,5
356,444	5199,5
356,665	5882,5
356,887	5214,5
357,108	5230,5
357,33	5231,5
357,551	5397,5
357,773	5326,5
357,994	5234,5
358,216	5252,5
358,437	5445,5
358,659	5347,5
358,88	5261,5
359,101	5477,5
359,323	5319,5
359,544	5140,5
359,765	5235,5
359,987	5263,5
360,208	5137,5
360,429	5183,5
360,651	5302,5
360,872	5359,5
361,093	5255,5
361,314	5218,5
361,536	5127,5
361,757	5161,5
361,978	5262,5
362,199	5143,5
362,42	5087,5
362,642	5098,5
362,863	5259,5
363,084	5119,5
363,305	5116,5
363,526	5158,5
363,747	5039,5
363,968	5081,5
364,189	5259,5
364,41	5128,5
364,631	4894,5
364,852	5206,5
365,073	4993,5
365,294	5131,5
365,515	4955,5
365,736	5063,5
365,957	5141,5
366,178	5036,5
366,399	5186,5
366,62	5202,5
366,841	5304,5
367,062	5293,5
367,283	5195,5
367,504	5305,5
367,724	5074,5
367,945	5319,5
368,166	5328,5
368,387	5139,5
368,608	5207,5
368,828	5324,5
369,049	5158,5
369,27	5230,5
369,491	5158,5
369,711	5201,5
369,932	5400,5
370,153	5172,5
370,373	5252,5
370,594	5384,5
370,815	5276,5
371,035	5387,5
371,256	5169,5
371,477	5093,5
371,697	5205,5
371,918	5063,5
372,138	5247,5
372,359	5418,5
372,579	5178,5
372,8	5218,5
373,02	5306,5
373,241	5231,5
373,461	5319,5
373,682	5289,5
373,902	5303,5
374,123	5279,5
374,343	5374,5
374,564	5327,5
374,784	5291,5
375,004	5290,5
375,225	5274,5
375,445	5203,5
375,666	5393,5
375,886	4975,5
376,106	5051,5
376,326	5062,5
376,547	5311,5
376,767	5334,5
376,987	5540,5
377,208	5309,5
377,428	5293,5
377,648	5426,5
377,868	5599,5
378,088	5649,5
378,309	5698,5
378,529	5708,5
378,749	5734,5
378,969	5634,5
379,189	5727,5
379,409	5805,5
379,629	5567,5
379,849	5625,5
380,069	5659,5
380,29	5447,5
380,51	5583,5
380,73	5561,5
380,95	5728,5
381,17	5556,5
381,39	5502,5
381,61	5513,5
381,829	5497,5
382,049	5598,5
382,269	5471,5
382,489	5540,5
382,709	5510,5
382,929	5477,5
383,149	5487,5
383,369	5698,5
383,589	5467,5
383,808	5383,5
384,028	5447,5
384,248	5593,5
384,468	5431,5
384,688	5542,5
384,907	5565,5
385,127	5639,5
385,347	5690,5
385,567	5620,5
385,786	5748,5
386,006	5741,5
386,226	5729,5
386,445	5791,5
386,665	6028,5
386,885	6341,5
387,104	5935,5
387,324	6060,5
387,543	6098,5
387,763	6101,5
387,982	6220,5
388,202	6305,5
388,422	6161,5
388,641	6198,5
388,861	6099,5
389,08	6228,5
389,3	5935,5
389,519	6070,5
389,738	6075,5
389,958	6214,5
390,177	6057,5
390,397	6172,5
390,616	6194,5
390,836	6297,5
391,055	6165,5
391,274	6185,5
391,494	6387,5
391,713	6383,5
391,932	6407,5
392,151	6566,5
392,371	6544,5
392,59	6634,5
392,809	6749,5
393,029	6678,5
393,248	6506,5
393,467	6105,5
393,686	6093,5
393,905	7108,5
394,124	6038,5
394,344	6172,5
394,563	6231,5
394,782	6198,5
395,001	6284,5
395,22	6140,5
395,439	6354,5
395,658	6134,5
395,877	6148,5
396,096	6039,5
396,315	6573,5
396,534	6366,5
396,753	6659,5
396,972	6510,5
397,191	6682,5
397,41	6939,5
397,629	6973,5
397,848	6868,5
398,067	6957,5
398,286	7010,5
398,505	6991,5
398,724	6924,5
398,943	7205,5
399,161	6381,5
399,38	6601,5
399,599	6594,5
399,818	6402,5
400,037	6528,5
400,255	6257,5
400,474	6360,5
400,693	6366,5
400,912	6375,5
401,13	6275,5
401,349	6261,5
401,568	6079,5
401,786	6305,5
402,005	6124,5
402,224	6078,5
402,442	6134,5
402,661	6007,5
402,88	5975,5
403,098	6004,5
403,317	5965,5
403,535	5959,5
403,754	6005,5
403,972	6064,5
404,191	5965,5
404,409	5887,5
404,628	6698,5
404,846	6179,5
405,065	6394,5
405,283	6251,5
405,502	6171,5
405,72	6108,5
405,938	6001,5
406,157	5751,5
406,375	5823,5
406,594	5604,5
406,812	5759,5
407,03	5766,5
407,249	5487,5
407,467	5910,5
407,685	5889,5
407,903	5842,5
408,122	6167,5
408,34	5952,5
408,558	5946,5
408,776	5914,5
408,995	5959,5
409,213	5914,5
409,431	5995,5
409,649	5900,5
409,867	5731,5
410,085	5743,5
410,303	5619,5
410,522	5512,5
410,74	5571,5
410,958	5520,5
411,176	5644,5
411,394	5542,5
411,612	5591,5
411,83	5769,5
412,048	5588,5
412,266	5623,5
412,484	5787,5
412,702	5896,5
412,92	5546,5
413,138	5718,5
413,356	5343,5
413,573	5638,5
413,791	5773,5
414,009	5642,5
414,227	5372,5
414,445	5322,5
414,663	5385,5
414,881	5337,5
415,098	5346,5
415,316	5301,5
415,534	5559,5
415,752	5368,5
415,969	5609,5
416,187	5271,5
416,405	5467,5
416,623	5366,5
416,84	5328,5
417,058	5436,5
417,276	5418,5
417,493	5284,5
417,711	5286,5
417,928	5384,5
418,146	5173,5
418,364	5314,5
418,581	5332,5
418,799	5227,5
419,016	5177,5
419,234	5254,5
419,451	5769,5
419,669	5345,5
419,886	5380,5
420,104	5452,5
420,321	5436,5
420,539	5605,5
420,756	5852,5
420,974	5665,5
421,191	5721,5
421,408	5871,5
421,626	5897,5
421,843	5730,5
422,06	5600,5
422,278	5606,5
422,495	5604,5
422,712	5527,5
422,93	5511,5
423,147	5316,5
423,364	5512,5
423,581	5372,5
423,799	5316,5
424,016	5356,5
424,233	5272,5
424,45	5362,5
424,667	5375,5
424,884	5390,5
425,102	5244,5
425,319	4986,5
425,536	5115,5
425,753	5140,5
425,97	5017,5
426,187	5046,5
426,404	5032,5
426,621	5351,5
426,838	5425,5
427,055	5324,5
427,272	5378,5
427,489	5374,5
427,706	5223,5
427,923	5138,5
428,14	5170,5
428,357	5421,5
428,574	5140,5
428,791	5463,5
429,008	5450,5
429,224	5547,5
429,441	5560,5
429,658	5842,5
429,875	6014,5
430,092	5915,5
430,308	5792,5
430,525	5681,5
430,742	5594,5
430,959	5437,5
431,175	5244,5
431,392	4850,5
431,609	5147,5
431,826	4946,5
432,042	4520,5
432,259	4906,5
432,476	5057,5
432,692	4691,5
432,909	4831,5
433,125	5141,5
433,342	5260,5
433,559	5418,5
433,775	5375,5
433,992	5188,5
434,208	4897,5
434,425	4829,5
434,641	4941,5
434,858	5110,5
435,074	4958,5
435,291	4919,5
435,507	4851,5
435,723	4941,5
435,94	4886,5
436,156	5157,5
436,373	5139,5
436,589	5012,5
436,805	4932,5
437,022	4935,5
437,238	4727,5
437,454	4796,5
437,671	4837,5
437,887	4837,5
438,103	4894,5
438,319	4897,5
438,536	4999,5
438,752	4879,5
438,968	4737,5
439,184	4876,5
439,4	4752,5
439,616	4657,5
439,833	4851,5
440,049	4663,5
440,265	4877,5
440,481	5028,5
440,697	5163,5
440,913	5323,5
441,129	5483,5
441,345	5437,5
441,561	5423,5
441,777	5290,5
441,993	5042,5
442,209	4955,5
442,425	5138,5
442,641	5188,5
442,857	4999,5
443,073	5126,5
443,289	5237,5
443,505	5098,5
443,721	5176,5
443,937	5081,5
444,152	4841,5
444,368	4977,5
444,584	4965,5
444,8	5007,5
445,016	4911,5
445,231	4909,5
445,447	5077,5
445,663	4890,5
445,879	4820,5
446,094	5060,5
446,31	5032,5
446,526	4956,5
446,742	4914,5
446,957	4751,5
447,173	4905,5
447,388	4855,5
447,604	4962,5
447,82	4761,5
448,035	4773,5
448,251	4744,5
448,466	4822,5
448,682	4705,5
448,897	4668,5
449,113	4850,5
449,328	4993,5
449,544	4775,5
449,759	5164,5
449,975	4680,5
450,19	4599,5
450,406	4459,5
450,621	4726,5
450,836	4583,5
451,052	4519,5
451,267	4543,5
451,483	4573,5
451,698	4395,5
451,913	4549,5
452,129	4566,5
452,344	4502,5
452,559	4618,5
452,774	4397,5
452,99	4422,5
453,205	4486,5
453,42	4496,5
453,635	4410,5
453,85	4347,5
454,066	4493,5
454,281	4347,5
454,496	4458,5
454,711	4613,5
454,926	4590,5
455,141	4470,5
455,356	4366,5
455,571	4342,5
455,786	4318,5
456,001	4343,5
456,217	4179,5
456,432	4333,5
456,647	4345,5
456,861	4405,5
457,076	4441,5
457,291	4569,5
457,506	4543,5
457,721	4586,5
457,936	4586,5
458,151	4578,5
458,366	4510,5
458,581	4581,5
458,796	4763,5
459,01	4503,5
459,225	4705,5
459,44	4513,5
459,655	4559,5
459,87	4541,5
460,084	4518,5
460,299	4510,5
460,514	4492,5
460,729	4845,5
460,943	4378,5
461,158	4371,5
461,373	4340,5
461,587	4173,5
461,802	4127,5
462,016	4190,5
462,231	4085,5
462,446	4176,5
462,66	4174,5
462,875	4240,5
463,089	4241,5
463,304	4435,5
463,518	4424,5
463,733	4428,5
463,947	4525,5
464,162	4473,5
464,376	4638,5
464,591	4847,5
464,805	4554,5
465,02	4785,5
465,234	4837,5
465,448	4883,5
465,663	4799,5
465,877	4665,5
466,091	4548,5
466,306	4593,5
466,52	4617,5
466,734	4269,5
466,949	4154,5
467,163	4363,5
467,377	3976,5
467,591	4410,5
467,806	4283,5
468,02	4233,5
468,234	4089,5
468,448	4335,5
468,662	4210,5
468,876	4197,5
469,091	4052,5
469,305	4081,5
469,519	3946,5
469,733	3898,5
469,947	3927,5
470,161	4177,5
470,375	3790,5
470,589	4053,5
470,803	3946,5
471,017	3932,5
471,231	4097,5
471,445	3929,5
471,659	4087,5
471,873	4070,5
472,087	4042,5
472,301	4247,5
472,515	3996,5
472,728	4509,5
472,942	4284,5
473,156	4358,5
473,37	4329,5
473,584	4246,5
473,798	4375,5
474,011	4401,5
474,225	4347,5
474,439	4442,5
474,653	4588,5
474,866	4652,5
475,08	4680,5
475,294	4754,5
475,507	4613,5
475,721	4607,5
475,935	4646,5
476,148	4106,5
476,362	4503,5
476,576	4443,5
476,789	4509,5
477,003	4637,5
477,216	4650,5
477,43	4660,5
477,643	4876,5
477,857	4980,5
478,07	4872,5
478,284	4838,5
478,497	4773,5
478,711	4838,5
478,924	4939,5
479,138	4938,5
479,351	4926,5
479,564	5049,5
479,778	5247,5
479,991	5146,5
480,204	5213,5
480,418	5299,5
480,631	5109,5
480,844	5426,5
481,058	5331,5
481,271	5463,5
481,484	5721,5
481,697	5506,5
481,911	5400,5
482,124	5453,5
482,337	5334,5
482,55	5369,5
482,763	5340,5
482,976	5524,5
483,19	5395,5
483,403	5528,5
483,616	5773,5
483,829	5894,5
484,042	5918,5
484,255	6069,5
484,468	6153,5
484,681	6115,5
484,894	6586,5
485,107	9530,5
485,32	13229,5
485,533	15238,5
485,746	14172,5
485,959	12626,5
486,172	11151,5
486,385	9308,5
486,598	7901,5
486,81	6979,5
487,023	6562,5
487,236	6577,5
487,449	6316,5
487,662	6059,5
487,875	6038,5
488,087	5944,5
488,3	6034,5
488,513	5914,5
488,726	5976,5
488,938	6113,5
489,151	6068,5
489,364	6079,5
489,576	6095,5
489,789	6074,5
490,002	6131,5
490,214	5883,5
490,427	6083,5
490,64	6133,5
490,852	6175,5
491,065	6071,5
491,277	6162,5
491,49	6153,5
491,702	6038,5
491,915	6204,5
492,127	6211,5
492,34	6207,5
492,552	6213,5
492,765	6277,5
492,977	6378,5
493,19	6279,5
493,402	6409,5
493,614	6264,5
493,827	6260,5
494,039	6288,5
494,251	6269,5
494,464	6268,5
494,676	6061,5
494,888	6175,5
495,101	5979,5
495,313	6013,5
495,525	6326,5
495,737	6637,5
495,95	6659,5
496,162	6703,5
496,374	6510,5
496,586	6446,5
496,798	6239,5
497,01	6216,5
497,222	5969,5
497,435	6183,5
497,647	6000,5
497,859	6141,5
498,071	6244,5
498,283	6230,5
498,495	6279,5
498,707	6362,5
498,919	6191,5
499,131	6566,5
499,343	6223,5
499,555	6357,5
499,767	6352,5
499,979	6157,5
500,191	6223,5
500,402	6038,5
500,614	6218,5
500,826	6375,5
501,038	6329,5
501,25	6359,5
501,462	6268,5
501,673	6350,5
501,885	6303,5
502,097	6438,5
502,309	6388,5
502,521	6399,5
502,732	6279,5
502,944	6237,5
503,156	6183,5
503,367	6222,5
503,579	5954,5
503,791	6065,5
504,002	6238,5
504,214	6026,5
504,425	6191,5
504,637	6156,5
504,849	5931,5
505,06	6005,5
505,272	6019,5
505,483	5903,5
505,695	5910,5
505,906	5939,5
506,118	5979,5
506,329	5890,5
506,541	5774,5
506,752	5741,5
506,963	5592,5
507,175	5415,5
507,386	5756,5
507,598	5750,5
507,809	5349,5
508,02	5487,5
508,232	5882,5
508,443	5495,5
508,654	5663,5
508,865	5579,5
509,077	5367,5
509,288	5375,5
509,499	5559,5
509,71	5266,5
509,922	5466,5
510,133	5411,5
510,344	5514,5
510,555	5346,5
510,766	5414,5
510,977	5271,5
511,188	5191,5
511,4	5261,5
511,611	5012,5
511,822	5245,5
512,033	5077,5
512,244	5093,5
512,455	5163,5
512,666	5117,5
512,877	5005,5
513,088	5039,5
513,299	5055,5
513,51	5017,5
513,721	4903,5
513,931	4935,5
514,142	5055,5
514,353	5044,5
514,564	4795,5
514,775	4828,5
514,986	4802,5
515,196	4990,5
515,407	4781,5
515,618	4944,5
515,829	4813,5
516,04	4853,5
516,25	4995,5
516,461	4845,5
516,672	4755,5
516,882	4877,5
517,093	4763,5
517,304	4533,5
517,514	4727,5
517,725	4770,5
517,936	4636,5
518,146	4540,5
518,357	4728,5
518,567	4722,5
518,778	5044,5
518,988	4777,5
519,199	4938,5
519,409	4572,5
519,62	4651,5
519,83	4567,5
520,041	4602,5
520,251	4389,5
520,462	4563,5
520,672	4401,5
520,882	4585,5
521,093	4587,5
521,303	4603,5
521,513	4543,5
521,724	5247,5
521,934	4348,5
522,144	4436,5
522,355	4393,5
522,565	4411,5
522,775	4359,5
522,985	4305,5
523,196	4308,5
523,406	4453,5
523,616	4572,5
523,826	4412,5
524,036	5025,5
524,246	4333,5
524,457	4306,5
524,667	4162,5
524,877	4413,5
525,087	4226,5
525,297	4261,5
525,507	4323,5
525,717	4308,5
525,927	4308,5
526,137	4207,5
526,347	4231,5
526,557	4197,5
526,767	4239,5
526,977	4466,5
527,187	4262,5
527,397	4006,5
527,607	4076,5
527,816	4159,5
528,026	4192,5
528,236	4231,5
528,446	4351,5
528,656	4425,5
528,865	4547,5
529,075	4358,5
529,285	4009,5
529,495	4246,5
529,704	4086,5
529,914	4068,5
530,124	4117,5
530,334	3848,5
530,543	3966,5
530,753	4128,5
530,963	4255,5
531,172	3989,5
531,382	3940,5
531,591	4099,5
531,801	3892,5
532,01	3970,5
532,22	3958,5
532,43	4019,5
532,639	4292,5
532,849	4048,5
533,058	4039,5
533,267	4258,5
533,477	4015,5
533,686	3911,5
533,896	3964,5
534,105	3871,5
534,315	4077,5
534,524	3790,5
534,733	3942,5
534,943	4038,5
535,152	3976,5
535,361	3791,5
535,57	3751,5
535,78	3686,5
535,989	3601,5
536,198	3686,5
536,407	3514,5
536,617	3537,5
536,826	3594,5
537,035	3757,5
537,244	3666,5
537,453	3568,5
537,662	3754,5
537,872	3906,5
538,081	3769,5
538,29	3559,5
538,499	3650,5
538,708	3652,5
538,917	3693,5
539,126	3739,5
539,335	3706,5
539,544	4095,5
539,753	3473,5
539,962	3553,5
540,171	3473,5
540,38	3705,5
540,589	3601,5
540,797	3727,5
541,006	3590,5
541,215	3615,5
541,424	3750,5
541,633	3571,5
541,842	3597,5
542,05	3695,5
542,259	3722,5
542,468	3557,5
542,677	3628,5
542,885	3536,5
543,094	3487,5
543,303	3561,5
543,512	3653,5
543,72	3684,5
543,929	3712,5
544,138	3543,5
544,346	3486,5
544,555	3559,5
544,763	3575,5
544,972	3482,5
545,18	3407,5
545,389	3408,5
545,598	3359,5
545,806	3362,5
546,015	3348,5
546,223	3335,5
546,431	3337,5
546,64	3327,5
546,848	3343,5
547,057	3575,5
547,265	3494,5
547,474	3607,5
547,682	3631,5
547,89	3931,5
548,099	3473,5
548,307	3384,5
548,515	3450,5
548,723	3354,5
548,932	3179,5
549,14	3171,5
549,348	3331,5
549,556	3147,5
549,765	3142,5
549,973	3013,5
550,181	3217,5
550,389	3215,5
550,597	3136,5
550,805	2960,5
551,014	2993,5
551,222	5351,5
551,43	2892,5
551,638	3235,5
551,846	3362,5
552,054	3337,5
552,262	3358,5
552,47	3117,5
552,678	3029,5
552,886	3153,5
553,094	3023,5
553,302	3174,5
553,51	3137,5
553,717	3156,5
553,925	2877,5
554,133	3123,5
554,341	2810,5
554,549	2986,5
554,757	2952,5
554,965	3037,5
555,172	2979,5
555,38	3271,5
555,588	2986,5
555,796	3043,5
556,003	3194,5
556,211	2900,5
556,419	2868,5
556,626	2741,5
556,834	2841,5
557,042	2826,5
557,249	2815,5
557,457	2842,5
557,664	2696,5
557,872	2784,5
558,08	2644,5
558,287	2775,5
558,495	2741,5
558,702	2586,5
558,91	2690,5
559,117	2634,5
559,325	2731,5
559,532	2718,5
559,74	3040,5
559,947	2707,5
560,154	2850,5
560,362	2802,5
560,569	3051,5
560,776	2760,5
560,984	2685,5
561,191	2729,5
561,398	2672,5
561,606	2968,5
561,813	2729,5
562,02	2438,5
562,227	2463,5
562,435	2607,5
562,642	2686,5
562,849	2773,5
563,056	2609,5
563,263	2578,5
563,471	2748,5
563,678	2391,5
563,885	2659,5
564,092	2599,5
564,299	2705,5
564,506	2708,5
564,713	2538,5
564,92	2621,5
565,127	2736,5
565,334	2574,5
565,541	2758,5
565,748	2587,5
565,955	2519,5
566,162	2512,5
566,369	2684,5
566,576	2744,5
566,783	2794,5
566,99	2781,5
567,196	2883,5
567,403	2799,5
567,61	2916,5
567,817	2764,5
568,024	2847,5
568,23	3026,5
568,437	2942,5
568,644	2842,5
568,851	3022,5
569,057	3439,5
569,264	3412,5
569,471	3518,5
569,677	3405,5
569,884	3492,5
570,091	3433,5
570,297	4258,5
570,504	3643,5
570,71	3612,5
570,917	3618,5
571,123	3524,5
571,33	3619,5
571,536	3703,5
571,743	3837,5
571,949	3269,5
572,156	3062,5
572,362	3420,5
572,569	2960,5
572,775	3422,5
572,982	3752,5
573,188	3619,5
573,394	3496,5
573,601	3517,5
573,807	3472,5
574,013	3937,5
574,22	3674,5
574,426	3473,5
574,632	3686,5
574,838	3507,5
575,045	3213,5
575,251	3122,5
575,457	3085,5
575,663	3071,5
575,869	3193,5
576,076	3336,5
576,282	3427,5
576,488	3452,5
576,694	3410,5
576,9	3291,5
577,106	3504,5
577,312	3947,5
577,518	4339,5
577,724	4133,5
577,93	3663,5
578,136	3370,5
578,342	3268,5
578,548	3035,5
578,754	2775,5
578,96	2921,5
579,166	3100,5
579,372	3388,5
579,578	3213,5
579,784	3353,5
579,989	3221,5
580,195	3190,5
580,401	3079,5
580,607	3175,5
580,813	3907,5
581,018	4469,5
581,224	4580,5
581,43	4283,5
581,636	4021,5
581,841	3976,5
582,047	3587,5
582,253	3257,5
582,458	3093,5
582,664	2779,5
582,869	2645,5
583,075	2513,5
583,281	2727,5
583,486	2559,5
583,692	2551,5
583,897	2885,5
584,103	2846,5
584,308	2887,5
584,514	3074,5
584,719	3428,5
584,925	3267,5
585,13	3075,5
585,335	3172,5
585,541	2842,5
585,746	2603,5
585,952	2468,5
586,157	2391,5
586,362	2217,5
586,568	2622,5
586,773	2841,5
586,978	2739,5
587,183	2728,5
587,389	2797,5
587,594	2481,5
587,799	2416,5
588,004	2574,5
588,21	2524,5
588,415	2343,5
588,62	2253,5
588,825	2222,5
589,03	2139,5
589,235	2582,5
589,44	2188,5
589,645	2008,5
589,85	2181,5
590,055	2322,5
590,26	1994,5
590,465	2032,5
590,67	1988,5
590,875	2077,5
591,08	2276,5
591,285	1974,5
591,49	2001,5
591,695	1919,5
591,9	1908,5
592,105	2039,5
592,31	2202,5
592,515	2601,5
592,719	2186,5
592,924	2065,5
593,129	2177,5
593,334	2118,5
593,539	1976,5
593,743	2088,5
593,948	1739,5
594,153	1690,5
594,357	2055,5
594,562	1911,5
594,767	2393,5
594,971	2007,5
595,176	1842,5
595,381	1947,5
595,585	1859,5
595,79	1963,5
595,994	1652,5
596,199	2082,5
596,403	1604,5
596,608	1707,5
596,812	1732,5
597,017	1890,5
597,221	1959,5
597,426	1847,5
597,63	1716,5
597,835	1599,5
598,039	1975,5
598,243	1787,5
598,448	2105,5
598,652	1967,5
598,856	1830,5
599,061	1879,5
599,265	1741,5
599,469	1707,5
599,673	1761,5
599,878	1918,5
600,082	1725,5
600,286	1764,5
600,49	1774,5
600,695	1704,5
600,899	1717,5
601,103	1775,5
601,307	1814,5
601,511	1852,5
601,715	1628,5
601,919	1593,5
602,123	1883,5
602,327	1859,5
602,531	1693,5
602,735	1866,5
602,939	1991,5
603,143	1716,5
603,347	1832,5
603,551	1994,5
603,755	1761,5
603,959	1710,5
604,163	1749,5
604,367	1680,5
604,571	1596,5
604,775	1732,5
604,978	1708,5
605,182	1660,5
605,386	1765,5
605,59	1741,5
605,793	1799,5
605,997	1758,5
606,201	1729,5
606,405	1822,5
606,608	1710,5
606,812	1711,5
607,016	1882,5
607,219	1598,5
607,423	1615,5
607,627	1674,5
607,83	1644,5
608,034	1754,5
608,237	1627,5
608,441	1539,5
608,644	1759,5
608,848	1683,5
609,051	1545,5
609,255	1499,5
609,458	1763,5
609,662	1699,5
609,865	1687,5
610,069	1548,5
610,272	1474,5
610,475	1593,5
610,679	1575,5
610,882	1445,5
611,085	1484,5
611,289	1738,5
611,492	1539,5
611,695	1468,5
611,898	1479,5
612,102	1520,5
612,305	1477,5
612,508	1605,5
612,711	1726,5
612,914	1524,5
613,118	1609,5
613,321	1606,5
613,524	1510,5
613,727	1480,5
613,93	1508,5
614,133	1463,5
614,336	1590,5
614,539	1575,5
614,742	1427,5
614,945	1457,5
615,148	1572,5
615,351	1615,5
615,554	1548,5
615,757	1444,5
615,96	1550,5
616,163	1500,5
616,366	1567,5
616,569	1279,5
616,772	1714,5
616,974	1506,5
617,177	1631,5
617,38	1531,5
617,583	1566,5
617,786	1459,5
617,988	1430,5
618,191	1571,5
618,394	1408,5
618,596	1417,5
618,799	1452,5
619,002	1501,5
619,204	1627,5
619,407	1497,5
619,61	1674,5
619,812	1511,5
620,015	1514,5
620,217	1739,5
620,42	1575,5
620,623	1384,5
620,825	1487,5
621,028	1625,5
621,23	1572,5
621,432	1559,5
621,635	1747,5
621,837	1596,5
622,04	1437,5
622,242	1472,5
622,445	1503,5
622,647	1587,5
622,849	1589,5
623,052	1387,5
623,254	1572,5
623,456	1716,5
623,658	1669,5
623,861	1615,5
624,063	1567,5
624,265	1537,5
624,467	1628,5
624,67	1319,5
624,872	1539,5
625,074	1629,5
625,276	1569,5
625,478	1572,5
625,68	1342,5
625,882	1391,5
626,084	1471,5
626,287	1619,5
626,489	1522,5
626,691	1625,5
626,893	1531,5
627,095	1514,5
627,297	1561,5
627,499	1430,5
627,7	1108,5
627,902	1365,5
628,104	1292,5
628,306	1445,5
628,508	1432,5
628,71	1436,5
628,912	1414,5
629,114	1821,5
629,315	1441,5
629,517	1331,5
629,719	1343,5
629,921	1416,5
630,122	1476,5
630,324	1399,5
630,526	1509,5
630,728	1473,5
630,929	1446,5
631,131	1382,5
631,332	1645,5
631,534	1510,5
631,736	1539,5
631,937	1287,5
632,139	1450,5
632,34	1461,5
632,542	1465,5
632,743	1430,5
632,945	1327,5
633,146	1471,5
633,348	1449,5
633,549	1651,5
633,751	1304,5
633,952	1415,5
634,154	1212,5
634,355	1223,5
634,556	1388,5
634,758	1324,5
634,959	1315,5
635,16	1435,5
635,362	1361,5
635,563	1416,5
635,764	1427,5
635,965	1410,5
636,167	1376,5
636,368	1317,5
636,569	1305,5
636,77	1490,5
636,971	1323,5
637,172	1431,5
637,374	1173,5
637,575	1424,5
637,776	1265,5
637,977	1269,5
638,178	1372,5
638,379	1383,5
638,58	1365,5
638,781	1263,5
638,982	1367,5
639,183	1248,5
639,384	1276,5
639,585	1374,5
639,786	1216,5
639,987	1262,5
640,187	1310,5
640,388	1411,5
640,589	1170,5
640,79	1275,5
640,991	1381,5
641,192	1411,5
641,392	1270,5
641,593	1286,5
641,794	1235,5
641,995	1154,5
642,195	1149,5
642,396	1259,5
642,597	1204,5
642,797	1285,5
642,998	1372,5
643,199	1276,5
643,399	1365,5
643,6	1256,5
643,8	1146,5
644,001	1302,5
644,202	1308,5
644,402	1097,5
644,603	1411,5
644,803	1211,5
645,004	1291,5
645,204	1177,5
645,404	1273,5
645,605	1493,5
645,805	1413,5
646,006	1261,5
646,206	1647,5
646,406	1259,5
646,607	1144,5
646,807	1059,5
647,007	-50,5
647,208	-1,5
647,408	29,5
647,608	-4,5
