200,697	893
200,927	-29
201,158	-20
201,388	54
201,618	1131
201,849	1099
202,079	1200
202,309	1133
202,539	1303
202,77	1137
203	1280
203,23	1255
203,46	1267
203,691	1186
203,921	1487
204,151	1257
204,381	1200
204,611	1279
204,841	1171
205,071	1273
205,302	1337
205,532	1300
205,762	3228
205,992	1232
206,222	1198
206,452	1287
206,682	1295
206,912	1161
207,142	1377
207,372	1279
207,602	1157
207,832	1216
208,062	1308
208,292	1239
208,522	1161
208,752	1230
208,982	1168
209,212	1319
209,442	1189
209,672	1230
209,902	1086
210,131	1348
210,361	1197
210,591	1322
210,821	1224
211,051	1334
211,281	1239
211,51	1258
211,74	1300
211,97	1207
212,2	1298
212,429	1517
212,659	1325
212,889	1336
213,119	1163
213,348	1223
213,578	1292
213,808	1288
214,037	1340
214,267	1293
214,497	1232
214,726	1250
214,956	1168
215,186	1234
215,415	1371
215,645	1226
215,874	1371
216,104	1199
216,333	1325
216,563	1312
216,792	1278
217,022	1404
217,251	1263
217,481	1148
217,71	1278
217,94	1298
218,169	1229
218,399	1334
218,628	1063
218,858	1346
219,087	1338
219,316	1550
219,546	1298
219,775	1336
220,004	1422
220,234	1172
220,463	1289
220,692	1266
220,922	1272
221,151	1322
221,38	1244
221,61	1639
221,839	1491
222,068	1306
222,297	1430
222,526	1445
222,756	1342
222,985	1331
223,214	1375
223,443	1256
223,672	1756
223,902	1223
224,131	1301
224,36	1381
224,589	1196
224,818	1428
225,047	1312
225,276	1359
225,505	1568
225,734	1330
225,963	968
226,192	1373
226,421	1355
226,65	1328
226,879	1376
227,108	1462
227,337	1450
227,566	1504
227,795	1378
228,024	1336
228,253	1357
228,482	1260
228,711	1379
228,94	1046
229,168	1291
229,397	1324
229,626	1339
229,855	1441
230,084	1319
230,313	1296
230,541	1443
230,77	1416
230,999	1335
231,228	1561
231,456	1520
231,685	1363
231,914	1521
232,143	1390
232,371	1508
232,6	1576
232,829	1415
233,057	1527
233,286	1443
233,515	1480
233,743	1561
233,972	1405
234,2	1522
234,429	1180
234,658	1566
234,886	1456
235,115	1492
235,343	1541
235,572	1622
235,8	1608
236,029	1777
236,257	1453
236,486	1638
236,714	1612
236,943	1650
237,171	1530
237,399	1599
237,628	1590
237,856	1738
238,085	1647
238,313	1605
238,541	1578
238,77	1811
238,998	1605
239,226	1712
239,455	1542
239,683	1782
239,911	1621
240,14	1734
240,368	1811
240,596	1599
240,824	1814
241,053	1695
241,281	1588
241,509	1712
241,737	1734
241,965	1633
242,193	1595
242,422	1688
242,65	1775
242,878	1767
243,106	1806
243,334	1829
243,562	1837
243,79	1827
244,018	1776
244,246	1840
244,474	1784
244,702	1805
244,93	1782
245,158	1910
245,386	1873
245,614	1899
245,842	1979
246,07	1821
246,298	2068
246,526	2280
246,754	1879
246,982	1879
247,21	2073
247,438	1932
247,666	1878
247,893	1854
248,121	2121
248,349	1930
248,577	2032
248,805	2048
249,033	2021
249,26	2098
249,488	1954
249,716	2058
249,944	2012
250,171	1972
250,399	2057
250,627	2171
250,854	2112
251,082	1961
251,31	2092
251,537	2124
251,765	2325
251,993	2062
252,22	2355
252,448	2021
252,676	2270
252,903	2211
253,131	2436
253,358	2253
253,586	2151
253,813	1981
254,041	2253
254,268	2240
254,496	2343
254,723	2286
254,951	2327
255,178	2205
255,406	2262
255,633	2304
255,86	2473
256,088	2318
256,315	2232
256,543	2487
256,77	2420
256,997	2358
257,225	2335
257,452	2437
257,679	2180
257,907	2494
258,134	2467
258,361	2464
258,588	2405
258,816	2390
259,043	2324
259,27	2493
259,497	2488
259,725	2390
259,952	2449
260,179	2359
260,406	2412
260,633	2480
260,86	2494
261,088	2526
261,315	2639
261,542	2444
261,769	2405
261,996	2835
262,223	2584
262,45	2679
262,677	2476
262,904	2606
263,131	2643
263,358	2551
263,585	2616
263,812	2878
264,039	2614
264,266	2600
264,493	2485
264,72	2518
264,947	2597
265,174	2727
265,401	2744
265,627	2757
265,854	2657
266,081	2744
266,308	2652
266,535	2722
266,762	2565
266,988	2917
267,215	2771
267,442	2547
267,669	2732
267,896	2768
268,122	2742
268,349	2707
268,576	2568
268,802	2604
269,029	2696
269,256	2795
269,482	2683
269,709	2631
269,936	2743
270,162	2835
270,389	2723
270,616	2729
270,842	2871
271,069	2846
271,295	2858
271,522	2756
271,748	2796
271,975	2880
272,201	3140
272,428	2811
272,654	2899
272,881	3130
273,107	2784
273,334	2847
273,56	3141
273,787	2882
274,013	2907
274,239	3144
274,466	3000
274,692	2890
274,918	2965
275,145	3015
275,371	3180
275,597	3024
275,824	3132
276,05	3059
276,276	3085
276,503	2820
276,729	3073
276,955	3030
277,181	3207
277,407	3092
277,634	3182
277,86	3088
278,086	3228
278,312	3140
278,538	3032
278,764	3168
278,991	3276
279,217	3084
279,443	3013
279,669	3143
279,895	3143
280,121	3120
280,347	3139
280,573	3128
280,799	3168
281,025	3398
281,251	3207
281,477	3338
281,703	3183
281,929	3240
282,155	3299
282,381	3423
282,607	3445
282,833	3412
283,059	3579
283,285	3357
283,51	3469
283,736	3393
283,962	3530
284,188	3581
284,414	3532
284,64	3599
284,865	3440
285,091	3458
285,317	3765
285,543	3754
285,768	3739
285,994	3732
286,22	3904
286,446	3807
286,671	3552
286,897	3790
287,123	3640
287,348	3809
287,574	4267
287,799	3843
288,025	3758
288,251	3998
288,476	3795
288,702	3975
288,927	3900
289,153	3826
289,378	4071
289,604	3936
289,829	4008
290,055	3877
290,28	4002
290,506	4039
290,731	3967
290,957	4022
291,182	4141
291,408	4262
291,633	4267
291,858	4148
292,084	4347
292,309	4462
292,535	4158
292,76	4376
292,985	4422
293,211	4328
293,436	4354
293,661	4279
293,886	4404
294,112	4376
294,337	4493
294,562	4373
294,787	4599
295,013	4481
295,238	4527
295,463	4735
295,688	4712
295,913	4475
296,138	4702
296,364	4422
296,589	4580
296,814	4379
297,039	4471
297,264	4651
297,489	4507
297,714	4553
297,939	4487
298,164	4533
298,389	4619
298,614	4573
298,839	4720
299,064	4798
299,289	4811
299,514	4931
299,739	5014
299,964	4828
300,189	4893
300,414	4957
300,639	5155
300,863	4880
301,088	5307
301,313	5158
301,538	5026
301,763	5164
301,988	5229
302,212	5216
302,437	5576
302,662	5126
302,887	5188
303,111	5258
303,336	5456
303,561	5310
303,786	5348
304,01	5398
304,235	5369
304,46	5247
304,684	5337
304,909	5237
305,134	5199
305,358	5464
305,583	5235
305,807	5360
306,032	5094
306,256	5237
306,481	5264
306,706	5303
306,93	5240
307,155	5458
307,379	5360
307,604	5477
307,828	5336
308,052	5684
308,277	5538
308,501	5579
308,726	5585
308,95	5646
309,175	5512
309,399	5788
309,623	5674
309,848	5517
310,072	5392
310,296	5963
310,521	5664
310,745	5657
310,969	5936
311,193	5437
311,418	5777
311,642	5580
311,866	5698
312,09	5737
312,315	5776
312,539	5739
312,763	5577
312,987	5924
313,211	5583
313,435	5915
313,659	5673
313,884	5829
314,108	5987
314,332	5754
314,556	5523
314,78	6000
315,004	5704
315,228	5841
315,452	5751
315,676	5670
315,9	5701
316,124	5527
316,348	5652
316,572	5629
316,796	5758
317,02	5542
317,244	5573
317,468	5569
317,691	5802
317,915	5662
318,139	5628
318,363	5879
318,587	5643
318,811	5555
319,034	5551
319,258	5698
319,482	5674
319,706	5595
319,93	5538
320,153	5460
320,377	5575
320,601	5718
320,824	5410
321,048	5698
321,272	5679
321,495	5575
321,719	5600
321,943	5637
322,166	5744
322,39	5591
322,614	5723
322,837	5749
323,061	5495
323,284	5699
323,508	5723
323,731	5721
323,955	5830
324,178	5594
324,402	5731
324,625	5693
324,849	5583
325,072	5731
325,296	5661
325,519	5638
325,743	5629
325,966	5768
326,189	5767
326,413	5686
326,636	5926
326,859	5712
327,083	5834
327,306	5559
327,529	5424
327,753	5309
327,976	5559
328,199	5598
328,422	5306
328,646	5536
328,869	5445
329,092	5570
329,315	5746
329,538	5505
329,762	5592
329,985	5437
330,208	5657
330,431	5664
330,654	5717
330,877	5711
331,1	5757
331,323	5558
331,546	5548
331,769	5718
331,993	5510
332,216	5754
332,439	5681
332,662	5688
332,885	5340
333,107	5532
333,33	5460
333,553	5760
333,776	5689
333,999	5660
334,222	5607
334,445	5662
334,668	5625
334,891	5699
335,114	5590
335,336	5672
335,559	5741
335,782	5846
336,005	5619
336,228	5619
336,45	5560
336,673	5644
336,896	5631
337,119	5633
337,341	5486
337,564	5471
337,787	5526
338,009	5574
338,232	5681
338,455	5609
338,677	5511
338,9	5562
339,122	5846
339,345	5566
339,568	5506
339,79	5536
340,013	5642
340,235	5543
340,458	5462
340,68	5552
340,903	5574
341,125	5397
341,348	5437
341,57	5404
341,793	5588
342,015	5261
342,238	5488
342,46	5299
342,682	5519
342,905	5292
343,127	5413
343,349	5242
343,572	5312
343,794	5156
344,016	5131
344,239	5306
344,461	5219
344,683	5155
344,905	5189
345,128	5218
345,35	5279
345,572	5464
345,794	5510
346,017	5383
346,239	5392
346,461	5368
346,683	5364
346,905	5432
347,127	5434
347,349	5330
347,571	5389
347,793	5656
348,016	5408
348,238	5400
348,46	5372
348,682	5339
348,904	5470
349,126	5418
349,348	5411
349,57	5398
349,792	5344
350,014	5719
350,235	5357
350,457	5592
350,679	5399
350,901	5251
351,123	5312
351,345	5323
351,567	5715
351,789	5331
352,01	5307
352,232	5387
352,454	5252
352,676	5222
352,897	5215
353,119	5076
353,341	5013
353,563	4917
353,784	4829
354,006	5024
354,228	4957
354,449	4952
354,671	5220
354,893	5222
355,114	5222
355,336	5268
355,558	5296
355,779	5250
356,001	5380
356,222	5304
356,444	5165
356,665	5824
356,887	5220
357,108	5239
357,33	5356
357,551	5279
357,773	5196
357,994	5229
358,216	5112
358,437	5360
358,659	5345
358,88	5211
359,101	5309
359,323	4992
359,544	5052
359,765	5115
359,987	5176
360,208	5178
360,429	5241
360,651	5108
360,872	5188
361,093	5288
361,314	5262
361,536	5152
361,757	5144
361,978	5133
362,199	5251
362,42	5040
362,642	5182
362,863	5366
363,084	5181
363,305	5120
363,526	5148
363,747	5005
363,968	5190
364,189	5266
364,41	5056
364,631	4990
364,852	5166
365,073	4979
365,294	5181
365,515	4866
365,736	5158
365,957	5054
366,178	5107
366,399	5080
366,62	5228
366,841	5286
367,062	5255
367,283	5128
367,504	5243
367,724	5139
367,945	5104
368,166	5249
368,387	5255
368,608	5299
368,828	5275
369,049	5157
369,27	5205
369,491	5215
369,711	5272
369,932	5581
370,153	5403
370,373	5257
370,594	5403
370,815	5246
371,035	5344
371,256	5096
371,477	5198
371,697	5162
371,918	5154
372,138	5347
372,359	5262
372,579	5134
372,8	5187
373,02	5200
373,241	5167
373,461	5304
373,682	5276
373,902	5303
374,123	5128
374,343	5466
374,564	5097
374,784	5216
375,004	5384
375,225	5136
375,445	5147
375,666	5325
375,886	4991
376,106	4864
376,326	5109
376,547	5352
376,767	5240
376,987	5248
377,208	5423
377,428	5371
377,648	5652
377,868	5599
378,088	5700
378,309	5743
378,529	5689
378,749	5785
378,969	5636
379,189	5787
379,409	5743
379,629	5551
379,849	5589
380,069	5616
380,29	5482
380,51	5466
380,73	5613
380,95	5690
381,17	5530
381,39	5464
381,61	5390
381,829	5421
382,049	5557
382,269	5516
382,489	5630
382,709	5525
382,929	5437
383,149	5392
383,369	5688
383,589	5381
383,808	5566
384,028	5492
384,248	5456
384,468	5542
384,688	5549
384,907	5526
385,127	5500
385,347	5885
385,567	5735
385,786	5779
386,006	5659
386,226	5765
386,445	5789
386,665	5930
386,885	5819
387,104	5847
387,324	6069
387,543	6082
387,763	6116
387,982	6219
388,202	6127
388,422	5964
388,641	6073
388,861	6166
389,08	6134
389,3	5847
389,519	6376
389,738	5934
389,958	6118
390,177	6077
390,397	6135
390,616	5990
390,836	6187
391,055	6190
391,274	6268
391,494	6241
391,713	6365
391,932	6552
392,151	6552
392,371	6656
392,59	6710
392,809	6853
393,029	6585
393,248	6459
393,467	6114
393,686	6127
393,905	7034
394,124	6057
394,344	6225
394,563	6203
394,782	6261
395,001	6277
395,22	6242
395,439	6271
395,658	6244
395,877	6309
396,096	6437
396,315	6464
396,534	6503
396,753	6540
396,972	6508
397,191	6671
397,41	6763
397,629	6807
397,848	6942
398,067	6985
398,286	6973
398,505	7014
398,724	7023
398,943	7054
399,161	6515
399,38	6517
399,599	6431
399,818	6311
400,037	6522
400,255	6365
400,474	6275
400,693	6434
400,912	6464
401,13	6212
401,349	6156
401,568	6005
401,786	6280
402,005	5873
402,224	5907
402,442	6065
402,661	6108
402,88	6008
403,098	5848
403,317	5960
403,535	5933
403,754	5790
403,972	6010
404,191	6013
404,409	6016
404,628	6715
404,846	6186
405,065	6459
405,283	6259
405,502	6224
405,72	6116
405,938	5970
406,157	5781
406,375	5677
406,594	5732
406,812	5841
407,03	5669
407,249	5487
407,467	5746
407,685	5690
407,903	5705
408,122	6029
408,34	5833
408,558	5950
408,776	5818
408,995	5774
409,213	5848
409,431	5918
409,649	5951
409,867	5756
410,085	5732
410,303	5704
410,522	5498
410,74	5600
410,958	5357
411,176	5674
411,394	5573
411,612	5552
411,83	5736
412,048	5665
412,266	5549
412,484	5822
412,702	5903
412,92	5668
413,138	5724
413,356	5588
413,573	5755
413,791	5699
414,009	5460
414,227	5290
414,445	5275
414,663	5252
414,881	5358
415,098	5325
415,316	5329
415,534	5607
415,752	5492
415,969	5454
416,187	5267
416,405	5218
416,623	5344
416,84	5267
417,058	5273
417,276	5395
417,493	5317
417,711	5216
417,928	5276
418,146	5218
418,364	5276
418,581	5320
418,799	5186
419,016	5144
419,234	5212
419,451	5783
419,669	5338
419,886	5368
420,104	5454
420,321	5465
420,539	5536
420,756	5796
420,974	5718
421,191	5700
421,408	5828
421,626	5858
421,843	5664
422,06	5706
422,278	5493
422,495	5505
422,712	5463
422,93	5596
423,147	5467
423,364	5544
423,581	5483
423,799	5259
424,016	5280
424,233	5274
424,45	5310
424,667	5112
424,884	5140
425,102	5294
425,319	5109
425,536	5126
425,753	5409
425,97	5027
426,187	5054
426,404	4975
426,621	5316
426,838	5327
427,055	5268
427,272	5408
427,489	5207
427,706	5234
427,923	5077
428,14	5080
428,357	5331
428,574	5218
428,791	5368
429,008	5424
429,224	5274
429,441	5528
429,658	5823
429,875	5987
430,092	5844
430,308	5787
430,525	5701
430,742	5451
430,959	5623
431,175	5082
431,392	5060
431,609	5028
431,826	4853
432,042	4624
432,259	4758
432,476	4959
432,692	4746
432,909	4852
433,125	5175
433,342	5211
433,559	5352
433,775	5394
433,992	5080
434,208	4953
434,425	4810
434,641	4978
434,858	5088
435,074	4950
435,291	4841
435,507	4865
435,723	4909
435,94	4903
436,156	4930
436,373	5063
436,589	4880
436,805	4923
437,022	4708
437,238	4667
437,454	4816
437,671	4762
437,887	4800
438,103	4918
438,319	4952
438,536	4989
438,752	4936
438,968	4848
439,184	4718
439,4	4715
439,616	4598
439,833	4744
440,049	4637
440,265	4939
440,481	4915
440,697	5136
440,913	5324
441,129	5355
441,345	5362
441,561	5370
441,777	5189
441,993	5069
442,209	4972
442,425	5088
442,641	4891
442,857	5107
443,073	5112
443,289	5075
443,505	5152
443,721	5277
443,937	5025
444,152	5037
444,368	4981
444,584	4918
444,8	5048
445,016	4837
445,231	4792
445,447	5026
445,663	4926
445,879	4835
446,094	5024
446,31	4981
446,526	4887
446,742	4862
446,957	4884
447,173	5066
447,388	4885
447,604	4852
447,82	4699
448,035	4808
448,251	4719
448,466	4816
448,682	4715
448,897	4692
449,113	4646
449,328	4892
449,544	4611
449,759	4943
449,975	4513
450,19	4658
450,406	4652
450,621	4658
450,836	4551
451,052	4608
451,267	4452
451,483	4550
451,698	4528
451,913	4564
452,129	4484
452,344	4455
452,559	4619
452,774	4347
452,99	4306
453,205	4483
453,42	4485
453,635	4458
453,85	4277
454,066	4378
454,281	4352
454,496	4424
454,711	4487
454,926	4587
455,141	4419
455,356	4424
455,571	4403
455,786	4416
456,001	4268
456,217	3896
456,432	4267
456,647	4218
456,861	4420
457,076	4407
457,291	4552
457,506	4572
457,721	4485
457,936	4550
458,151	4804
458,366	4943
458,581	4648
458,796	4792
459,01	4446
459,225	4635
459,44	4554
459,655	4510
459,87	4539
460,084	4459
460,299	4515
460,514	4396
460,729	4904
460,943	4360
461,158	4238
461,373	4352
461,587	4165
461,802	4071
462,016	4241
462,231	4079
462,446	4201
462,66	4153
462,875	4243
463,089	4297
463,304	4345
463,518	4379
463,733	4394
463,947	4414
464,162	4496
464,376	4549
464,591	4760
464,805	4591
465,02	4757
465,234	4888
465,448	4877
465,663	4777
465,877	4625
466,091	4539
466,306	4588
466,52	4532
466,734	4270
466,949	4392
467,163	4125
467,377	4200
467,591	4381
467,806	4091
468,02	4259
468,234	4056
468,448	4200
468,662	4176
468,876	4299
469,091	3963
469,305	4040
469,519	4102
469,733	3875
469,947	3994
470,161	4149
470,375	3859
470,589	4112
470,803	3938
471,017	3980
471,231	4001
471,445	3952
471,659	4119
471,873	4072
472,087	3938
472,301	4335
472,515	4099
472,728	4048
472,942	4308
473,156	4434
473,37	4322
473,584	4299
473,798	4404
474,011	4507
474,225	4250
474,439	4531
474,653	4546
474,866	4563
475,08	4644
475,294	4739
475,507	4502
475,721	4585
475,935	4217
476,148	4526
476,362	4720
476,576	4500
476,789	4694
477,003	4528
477,216	4590
477,43	4693
477,643	4755
477,857	5009
478,07	4781
478,284	4775
478,497	4946
478,711	4667
478,924	4811
479,138	4860
479,351	4816
479,564	4899
479,778	5235
479,991	5084
480,204	5259
480,418	5259
480,631	5152
480,844	5343
481,058	5260
481,271	5414
481,484	5517
481,697	5402
481,911	5433
482,124	5368
482,337	5328
482,55	5312
482,763	5316
482,976	5429
483,19	5407
483,403	5462
483,616	5679
483,829	5824
484,042	5903
484,255	6048
484,468	6140
484,681	6072
484,894	6584
485,107	9327
485,32	13115
485,533	15105
485,746	14182
485,959	12483
486,172	11223
486,385	9284
486,598	7862
486,81	6922
487,023	6670
487,236	6712
487,449	6236
487,662	6145
487,875	6000
488,087	6040
488,3	6025
488,513	5818
488,726	5901
488,938	6072
489,151	6100
489,364	6056
489,576	6034
489,789	6159
490,002	6038
490,214	6042
490,427	5735
490,64	5996
490,852	6275
491,065	6129
491,277	6085
491,49	6168
491,702	6042
491,915	6300
492,127	6251
492,34	6146
492,552	6191
492,765	6237
492,977	6341
493,19	6326
493,402	6258
493,614	6116
493,827	6314
494,039	6369
494,251	6513
494,464	6363
494,676	6002
494,888	6160
495,101	6109
495,313	6111
495,525	6321
495,737	6490
495,95	6616
496,162	6717
496,374	6572
496,586	6372
496,798	6407
497,01	6197
497,222	5914
497,435	6091
497,647	6109
497,859	6101
498,071	6089
498,283	6186
498,495	6123
498,707	6424
498,919	6275
499,131	6430
499,343	6124
499,555	6448
499,767	6256
499,979	6043
500,191	6190
500,402	6131
500,614	6445
500,826	6388
501,038	6297
501,25	6302
501,462	6178
501,673	6305
501,885	6328
502,097	6385
502,309	6235
502,521	6378
502,732	6227
502,944	6186
503,156	6073
503,367	6165
503,579	6008
503,791	6118
504,002	6018
504,214	5996
504,425	6058
504,637	6138
504,849	6174
505,06	5882
505,272	5902
505,483	5934
505,695	5876
505,906	5874
506,118	5989
506,329	5787
506,541	5648
506,752	5766
506,963	5610
507,175	5455
507,386	5836
507,598	5781
507,809	5539
508,02	5544
508,232	5758
508,443	5543
508,654	5685
508,865	5473
509,077	5293
509,288	5322
509,499	5736
509,71	5340
509,922	5474
510,133	5418
510,344	5460
510,555	5394
510,766	5318
510,977	5366
511,188	5230
511,4	5280
511,611	5103
511,822	5110
512,033	5070
512,244	5171
512,455	5008
512,666	5091
512,877	5213
513,088	5031
513,299	5067
513,51	4960
513,721	4924
513,931	5029
514,142	5064
514,353	5056
514,564	4909
514,775	4783
514,986	4760
515,196	4863
515,407	4816
515,618	4895
515,829	4840
516,04	4907
516,25	4880
516,461	4805
516,672	4909
516,882	4515
517,093	5045
517,304	4697
517,514	4578
517,725	4722
517,936	4418
518,146	4711
518,357	4668
518,567	4654
518,778	5013
518,988	4739
519,199	4912
519,409	4612
519,62	4611
519,83	4571
520,041	4537
520,251	4343
520,462	4500
520,672	4385
520,882	4590
521,093	4613
521,303	4553
521,513	4341
521,724	5255
521,934	4262
522,144	4469
522,355	4329
522,565	4392
522,775	4050
522,985	4295
523,196	4415
523,406	4270
523,616	4431
523,826	4353
524,036	5096
524,246	4257
524,457	4246
524,667	4070
524,877	4344
525,087	4169
525,297	4331
525,507	4189
525,717	4136
525,927	4139
526,137	4181
526,347	4288
526,557	4152
526,767	4157
526,977	4469
527,187	4242
527,397	4062
527,607	3966
527,816	4146
528,026	4128
528,236	4253
528,446	4364
528,656	4390
528,865	4480
529,075	4174
529,285	4040
529,495	4173
529,704	4185
529,914	4069
530,124	4086
530,334	3878
530,543	3915
530,753	4243
530,963	4296
531,172	3914
531,382	3887
531,591	4353
531,801	3764
532,01	3808
532,22	3913
532,43	3998
532,639	4185
532,849	4164
533,058	4020
533,267	4199
533,477	4013
533,686	4034
533,896	3927
534,105	3944
534,315	3834
534,524	3871
534,733	4131
534,943	3957
535,152	3939
535,361	3581
535,57	3808
535,78	3645
535,989	3596
536,198	3639
536,407	3586
536,617	3653
536,826	3572
537,035	3558
537,244	3570
537,453	3462
537,662	3693
537,872	3748
538,081	3756
538,29	3658
538,499	3647
538,708	3583
538,917	3727
539,126	3703
539,335	3660
539,544	4110
539,753	3516
539,962	3529
540,171	3706
540,38	3707
540,589	3647
540,797	3727
541,006	3671
541,215	3527
541,424	3753
541,633	3604
541,842	3546
542,05	3768
542,259	3642
542,468	3602
542,677	3559
542,885	3366
543,094	3498
543,303	3380
543,512	3629
543,72	3628
543,929	3835
544,138	3558
544,346	3560
544,555	3568
544,763	3626
544,972	3447
545,18	3376
545,389	3363
545,598	3342
545,806	3464
546,015	3335
546,223	3306
546,431	3325
546,64	3284
546,848	3173
547,057	3398
547,265	3478
547,474	3525
547,682	3672
547,89	3641
548,099	3539
548,307	3395
548,515	3440
548,723	3334
548,932	3420
549,14	3124
549,348	3280
549,556	3176
549,765	3110
549,973	3160
550,181	3137
550,389	3128
550,597	3175
550,805	2935
551,014	3133
551,222	5225
551,43	3106
551,638	3188
551,846	3405
552,054	3577
552,262	3369
552,47	3080
552,678	2932
552,886	3068
553,094	3047
553,302	3118
553,51	3131
553,717	3164
553,925	2895
554,133	3131
554,341	2770
554,549	3028
554,757	3007
554,965	3051
555,172	3095
555,38	3262
555,588	3081
555,796	3100
556,003	3119
556,211	2731
556,419	2893
556,626	2981
556,834	2756
557,042	2898
557,249	2843
557,457	3190
557,664	2565
557,872	2574
558,08	2626
558,287	2772
558,495	2717
558,702	2561
558,91	2623
559,117	2599
559,325	2715
559,532	2751
559,74	2870
559,947	2760
560,154	2711
560,362	2681
560,569	2804
560,776	2633
560,984	2789
561,191	2783
561,398	2664
561,606	3039
561,813	2687
562,02	2432
562,227	2442
562,435	2535
562,642	2668
562,849	2564
563,056	2623
563,263	2527
563,471	2677
563,678	2633
563,885	2465
564,092	2798
564,299	2664
564,506	2621
564,713	2547
564,92	2607
565,127	2659
565,334	2488
565,541	2765
565,748	2616
565,955	2476
566,162	2582
566,369	2604
566,576	2672
566,783	2730
566,99	2721
567,196	2880
567,403	2743
567,61	2814
567,817	2780
568,024	2881
568,23	2862
568,437	2890
568,644	2944
568,851	2973
569,057	3572
569,264	3624
569,471	3282
569,677	3485
569,884	3407
570,091	3392
570,297	4180
570,504	3637
570,71	3744
570,917	3531
571,123	3395
571,33	3649
571,536	3679
571,743	3762
571,949	3279
572,156	3018
572,362	3026
572,569	2991
572,775	3186
572,982	3709
573,188	3613
573,394	3439
573,601	3552
573,807	3527
574,013	3918
574,22	3611
574,426	3464
574,632	3896
574,838	3407
575,045	3164
575,251	3057
575,457	3009
575,663	3184
575,869	3169
576,076	3296
576,282	3450
576,488	3480
576,694	3492
576,9	3174
577,106	3599
577,312	3802
577,518	4190
577,724	4014
577,93	3504
578,136	3432
578,342	3225
578,548	2966
578,754	2908
578,96	2868
579,166	3092
579,372	3380
579,578	3207
579,784	3261
579,989	3302
580,195	3102
580,401	3026
580,607	3082
580,813	3740
581,018	4430
581,224	4554
581,43	4292
581,636	4056
581,841	3953
582,047	3600
582,253	3352
582,458	3041
582,664	2738
582,869	2615
583,075	2455
583,281	2837
583,486	2758
583,692	2632
583,897	2949
584,103	2822
584,308	2923
584,514	3052
584,719	3396
584,925	3251
585,13	3066
585,335	3035
585,541	2958
585,746	2698
585,952	2556
586,157	2419
586,362	2399
586,568	2551
586,773	2814
586,978	2779
587,183	2741
587,389	2667
587,594	2520
587,799	2520
588,004	2553
588,21	2566
588,415	2186
588,62	2240
588,825	2240
589,03	2067
589,235	2546
589,44	2232
589,645	2166
589,85	2269
590,055	2253
590,26	2037
590,465	1996
590,67	2077
590,875	2061
591,08	2034
591,285	1966
591,49	1999
591,695	2229
591,9	1900
592,105	1958
592,31	2212
592,515	2587
592,719	2197
592,924	2104
593,129	2123
593,334	2117
593,539	1938
593,743	2048
593,948	1867
594,153	1792
594,357	1910
594,562	2026
594,767	2415
594,971	1796
595,176	2104
595,381	2016
595,585	1859
595,79	1928
595,994	1639
596,199	2101
596,403	1535
596,608	1650
596,812	1722
597,017	1878
597,221	1964
597,426	1853
597,63	1702
597,835	1632
598,039	1682
598,243	1691
598,448	1973
598,652	1963
598,856	1797
599,061	1871
599,265	1710
599,469	1716
599,673	1835
599,878	1901
600,082	1739
600,286	1848
600,49	1742
600,695	1629
600,899	1738
601,103	1762
601,307	1874
601,511	1692
601,715	1601
601,919	1607
602,123	1855
602,327	1709
602,531	1720
602,735	1858
602,939	2133
603,143	1738
603,347	1780
603,551	1732
603,755	1592
603,959	1752
604,163	1661
604,367	1636
604,571	1594
604,775	1773
604,978	1683
605,182	1618
605,386	1761
605,59	1692
605,793	1680
605,997	1816
606,201	1684
606,405	1671
606,608	1789
606,812	1678
607,016	1814
607,219	1597
607,423	1615
607,627	1803
607,83	1629
608,034	1552
608,237	1656
608,441	1568
608,644	2039
608,848	1635
609,051	1552
609,255	1482
609,458	1702
609,662	1625
609,865	1667
610,069	1559
610,272	1455
610,475	1472
610,679	1525
610,882	1557
611,085	1596
611,289	1649
611,492	1650
611,695	1424
611,898	1514
612,102	1687
612,305	1475
612,508	1616
612,711	1649
612,914	1458
613,118	1555
613,321	1629
613,524	1481
613,727	1464
613,93	1436
614,133	1601
614,336	1571
614,539	1496
614,742	1444
614,945	1540
615,148	1697
615,351	1560
615,554	1644
615,757	1492
615,96	1567
616,163	1473
616,366	1552
616,569	1472
616,772	1658
616,974	1505
617,177	1732
617,38	1455
617,583	1768
617,786	1454
617,988	1425
618,191	1605
618,394	1435
618,596	1379
618,799	1426
619,002	1486
619,204	1493
619,407	1559
619,61	1425
619,812	1749
620,015	1486
620,217	1602
620,42	1443
620,623	1347
620,825	1627
621,028	1551
621,23	1520
621,432	1580
621,635	1671
621,837	1563
622,04	1509
622,242	1467
622,445	1508
622,647	1504
622,849	1608
623,052	1419
623,254	1534
623,456	1314
623,658	1598
623,861	1590
624,063	1499
624,265	1549
624,467	1611
624,67	1381
624,872	1488
625,074	1681
625,276	1594
625,478	1811
625,68	1336
625,882	1445
626,084	1439
626,287	1627
626,489	1602
626,691	1454
626,893	1488
627,095	1518
627,297	1526
627,499	1386
627,7	1268
627,902	1301
628,104	1373
628,306	1271
628,508	1371
628,71	1514
628,912	1508
629,114	1422
629,315	1402
629,517	1351
629,719	1344
629,921	1419
630,122	1393
630,324	1336
630,526	1545
630,728	1436
630,929	1384
631,131	1311
631,332	1603
631,534	1523
631,736	1444
631,937	1317
632,139	1409
632,34	1408
632,542	1486
632,743	1477
632,945	1337
633,146	1396
633,348	1464
633,549	1386
633,751	1432
633,952	1293
634,154	1264
634,355	1075
634,556	1446
634,758	1318
634,959	1256
635,16	1445
635,362	1331
635,563	1428
635,764	1405
635,965	1409
636,167	1364
636,368	1373
636,569	1221
636,77	1376
636,971	1336
637,172	1431
637,374	1245
637,575	1759
637,776	1224
637,977	1232
638,178	1403
638,379	1339
638,58	1367
638,781	1173
638,982	1322
639,183	1330
639,384	1320
639,585	1275
639,786	1207
639,987	1352
640,187	1413
640,388	1440
640,589	1148
640,79	1283
640,991	1306
641,192	1453
641,392	1174
641,593	1278
641,794	1166
641,995	1230
642,195	1263
642,396	1264
642,597	1240
642,797	1337
642,998	1365
643,199	1317
643,399	1387
643,6	1222
643,8	1230
644,001	1278
644,202	1350
644,402	1248
644,603	1364
644,803	1157
645,004	1245
645,204	1164
645,404	1254
645,605	1559
645,805	1118
646,006	1274
646,206	1677
646,406	1303
646,607	1183
646,807	1129
647,007	-40
647,208	-10
647,408	11
647,608	5
