200,697	934,5
200,927	-13,5
201,158	40,5
201,388	-43,5
201,618	1482,5
201,849	1335,5
202,079	1616,5
202,309	1516,5
202,539	1635,5
202,77	1459,5
203	1500,5
203,23	1624,5
203,46	1576,5
203,691	1544,5
203,921	1586,5
204,151	1548,5
204,381	1546,5
204,611	1630,5
204,841	1547,5
205,071	1649,5
205,302	1636,5
205,532	1561,5
205,762	3724,5
205,992	1485,5
206,222	1567,5
206,452	1628,5
206,682	1499,5
206,912	1705,5
207,142	1811,5
207,372	1732,5
207,602	1489,5
207,832	1649,5
208,062	1684,5
208,292	1715,5
208,522	1445,5
208,752	1605,5
208,982	1507,5
209,212	1756,5
209,442	1570,5
209,672	1542,5
209,902	1541,5
210,131	1685,5
210,361	1488,5
210,591	1588,5
210,821	1459,5
211,051	1704,5
211,281	1446,5
211,51	1609,5
211,74	1638,5
211,97	1571,5
212,2	1616,5
212,429	1834,5
212,659	1698,5
212,889	1620,5
213,119	1586,5
213,348	1500,5
213,578	1713,5
213,808	1708,5
214,037	1722,5
214,267	1680,5
214,497	1593,5
214,726	1530,5
214,956	1529,5
215,186	1536,5
215,415	1562,5
215,645	1620,5
215,874	1642,5
216,104	1572,5
216,333	1570,5
216,563	1628,5
216,792	1762,5
217,022	1734,5
217,251	1554,5
217,481	1464,5
217,71	1633,5
217,94	1551,5
218,169	1629,5
218,399	1636,5
218,628	1547,5
218,858	1702,5
219,087	1670,5
219,316	1697,5
219,546	1573,5
219,775	1667,5
220,004	1796,5
220,234	1566,5
220,463	1669,5
220,692	1640,5
220,922	1806,5
221,151	1714,5
221,38	1632,5
221,61	2049,5
221,839	1818,5
222,068	1569,5
222,297	1694,5
222,526	1722,5
222,756	1708,5
222,985	1750,5
223,214	1695,5
223,443	1676,5
223,672	2085,5
223,902	1575,5
224,131	1476,5
224,36	1726,5
224,589	1622,5
224,818	1691,5
225,047	1734,5
225,276	1552,5
225,505	1903,5
225,734	1591,5
225,963	1550,5
226,192	1790,5
226,421	1733,5
226,65	1511,5
226,879	1682,5
227,108	1772,5
227,337	1688,5
227,566	1820,5
227,795	1748,5
228,024	1664,5
228,253	1637,5
228,482	1579,5
228,711	1707,5
228,94	1558,5
229,168	1615,5
229,397	1635,5
229,626	1677,5
229,855	1593,5
230,084	1569,5
230,313	1536,5
230,541	1656,5
230,77	1645,5
230,999	1557,5
231,228	1879,5
231,456	1712,5
231,685	1646,5
231,914	1687,5
232,143	1612,5
232,371	1690,5
232,6	1675,5
232,829	1674,5
233,057	1697,5
233,286	1685,5
233,515	1626,5
233,743	1674,5
233,972	1565,5
234,2	1805,5
234,429	1657,5
234,658	1640,5
234,886	1556,5
235,115	1719,5
235,343	1757,5
235,572	1610,5
235,8	1869,5
236,029	1955,5
236,257	1610,5
236,486	1730,5
236,714	1718,5
236,943	1754,5
237,171	1645,5
237,399	1616,5
237,628	1787,5
237,856	1774,5
238,085	1717,5
238,313	1552,5
238,541	1685,5
238,77	1956,5
238,998	1544,5
239,226	1780,5
239,455	1735,5
239,683	1701,5
239,911	1534,5
240,14	1874,5
240,368	1745,5
240,596	1663,5
240,824	1665,5
241,053	1620,5
241,281	1515,5
241,509	1626,5
241,737	1511,5
241,965	1499,5
242,193	1605,5
242,422	1557,5
242,65	1631,5
242,878	1618,5
243,106	1691,5
243,334	1512,5
243,562	1773,5
243,79	1691,5
244,018	1710,5
244,246	1659,5
244,474	1651,5
244,702	1666,5
244,93	1706,5
245,158	1765,5
245,386	1644,5
245,614	1684,5
245,842	1650,5
246,07	1704,5
246,298	1780,5
246,526	2156,5
246,754	1612,5
246,982	1619,5
247,21	1784,5
247,438	1608,5
247,666	1704,5
247,893	1687,5
248,121	1609,5
248,349	1634,5
248,577	1666,5
248,805	1850,5
249,033	1583,5
249,26	1719,5
249,488	1650,5
249,716	1684,5
249,944	1667,5
250,171	1555,5
250,399	1543,5
250,627	1807,5
250,854	1802,5
251,082	1589,5
251,31	1686,5
251,537	1662,5
251,765	1956,5
251,993	1572,5
252,22	1973,5
252,448	1590,5
252,676	1778,5
252,903	1725,5
253,131	1961,5
253,358	1620,5
253,586	1580,5
253,813	1534,5
254,041	1710,5
254,268	1636,5
254,496	1536,5
254,723	1772,5
254,951	1797,5
255,178	1879,5
255,406	1649,5
255,633	1963,5
255,86	1933,5
256,088	1711,5
256,315	1555,5
256,543	1799,5
256,77	1700,5
256,997	1661,5
257,225	1695,5
257,452	1600,5
257,679	1669,5
257,907	1757,5
258,134	1671,5
258,361	1750,5
258,588	1628,5
258,816	1714,5
259,043	1543,5
259,27	1677,5
259,497	1714,5
259,725	1653,5
259,952	1567,5
260,179	1568,5
260,406	1716,5
260,633	1637,5
260,86	1685,5
261,088	1616,5
261,315	1833,5
261,542	1588,5
261,769	1600,5
261,996	2015,5
262,223	1786,5
262,45	1848,5
262,677	1537,5
262,904	1631,5
263,131	1647,5
263,358	1677,5
263,585	1709,5
263,812	2001,5
264,039	1881,5
264,266	1699,5
264,493	1658,5
264,72	1382,5
264,947	1787,5
265,174	1877,5
265,401	1770,5
265,627	1823,5
265,854	1731,5
266,081	1714,5
266,308	1706,5
266,535	1631,5
266,762	1638,5
266,988	1720,5
267,215	1750,5
267,442	1716,5
267,669	1813,5
267,896	1736,5
268,122	1822,5
268,349	1771,5
268,576	1550,5
268,802	1590,5
269,029	1642,5
269,256	1622,5
269,482	1690,5
269,709	1630,5
269,936	1726,5
270,162	1788,5
270,389	1575,5
270,616	1726,5
270,842	1833,5
271,069	1729,5
271,295	1688,5
271,522	1617,5
271,748	1685,5
271,975	1787,5
272,201	1791,5
272,428	1713,5
272,654	1656,5
272,881	1902,5
273,107	1585,5
273,334	1653,5
273,56	1970,5
273,787	1593,5
274,013	1676,5
274,239	2045,5
274,466	1949,5
274,692	1723,5
274,918	1729,5
275,145	1657,5
275,371	1706,5
275,597	1868,5
275,824	1696,5
276,05	1667,5
276,276	1720,5
276,503	1665,5
276,729	1650,5
276,955	1574,5
277,181	1758,5
277,407	1615,5
277,634	1680,5
277,86	1659,5
278,086	1746,5
278,312	1664,5
278,538	1661,5
278,764	1650,5
278,991	1806,5
279,217	1631,5
279,443	1574,5
279,669	1663,5
279,895	1769,5
280,121	1658,5
280,347	1639,5
280,573	1620,5
280,799	1625,5
281,025	1875,5
281,251	1570,5
281,477	1780,5
281,703	1586,5
281,929	1620,5
282,155	1621,5
282,381	1682,5
282,607	1647,5
282,833	1815,5
283,059	1757,5
283,285	1558,5
283,51	1525,5
283,736	1736,5
283,962	1408,5
284,188	1727,5
284,414	1679,5
284,64	1662,5
284,865	1698,5
285,091	1597,5
285,317	1757,5
285,543	1750,5
285,768	1682,5
285,994	1681,5
286,22	1924,5
286,446	1748,5
286,671	1524,5
286,897	1676,5
287,123	1639,5
287,348	1686,5
287,574	2202,5
287,799	1728,5
288,025	1504,5
288,251	1879,5
288,476	1673,5
288,702	1665,5
288,927	1663,5
289,153	1635,5
289,378	1870,5
289,604	1697,5
289,829	1642,5
290,055	1643,5
290,28	1649,5
290,506	1774,5
290,731	1652,5
290,957	1781,5
291,182	1734,5
291,408	1843,5
291,633	1751,5
291,858	1628,5
292,084	1682,5
292,309	1652,5
292,535	1700,5
292,76	1809,5
292,985	1753,5
293,211	1528,5
293,436	1608,5
293,661	1494,5
293,886	1631,5
294,112	1698,5
294,337	1680,5
294,562	1503,5
294,787	1734,5
295,013	1692,5
295,238	1589,5
295,463	1745,5
295,688	1809,5
295,913	1643,5
296,138	1754,5
296,364	1636,5
296,589	1720,5
296,814	1567,5
297,039	1676,5
297,264	1826,5
297,489	1640,5
297,714	1576,5
297,939	1604,5
298,164	1646,5
298,389	1703,5
298,614	1587,5
298,839	1685,5
299,064	1714,5
299,289	1705,5
299,514	1728,5
299,739	1666,5
299,964	1596,5
300,189	1619,5
300,414	1745,5
300,639	1793,5
300,863	1594,5
301,088	2037,5
301,313	1652,5
301,538	1855,5
301,763	1686,5
301,988	1706,5
302,212	1741,5
302,437	2166,5
302,662	1797,5
302,887	1564,5
303,111	1723,5
303,336	1823,5
303,561	1792,5
303,786	1669,5
304,01	1681,5
304,235	1784,5
304,46	1606,5
304,684	1644,5
304,909	1655,5
305,134	1603,5
305,358	1697,5
305,583	1605,5
305,807	1978,5
306,032	1454,5
306,256	1746,5
306,481	1720,5
306,706	1523,5
306,93	1608,5
307,155	1948,5
307,379	1627,5
307,604	1656,5
307,828	1635,5
308,052	1834,5
308,277	1706,5
308,501	1700,5
308,726	1780,5
308,95	1730,5
309,175	1584,5
309,399	1760,5
309,623	1664,5
309,848	1548,5
310,072	1505,5
310,296	1979,5
310,521	1614,5
310,745	1619,5
310,969	1877,5
311,193	1709,5
311,418	1738,5
311,642	1523,5
311,866	1490,5
312,09	1382,5
312,315	1662,5
312,539	1694,5
312,763	1585,5
312,987	1792,5
313,211	1610,5
313,435	1807,5
313,659	1654,5
313,884	1896,5
314,108	1791,5
314,332	1799,5
314,556	1562,5
314,78	1852,5
315,004	1749,5
315,228	1812,5
315,452	1727,5
315,676	1722,5
315,9	1762,5
316,124	1458,5
316,348	1640,5
316,572	1726,5
316,796	1744,5
317,02	1648,5
317,244	1752,5
317,468	1538,5
317,691	1884,5
317,915	1762,5
318,139	1631,5
318,363	2028,5
318,587	1728,5
318,811	1628,5
319,034	1527,5
319,258	1799,5
319,482	1922,5
319,706	1762,5
319,93	1634,5
320,153	1798,5
320,377	1655,5
320,601	1610,5
320,824	1566,5
321,048	1805,5
321,272	1776,5
321,495	1754,5
321,719	1721,5
321,943	1609,5
322,166	1652,5
322,39	1662,5
322,614	1761,5
322,837	1806,5
323,061	1564,5
323,284	1734,5
323,508	1744,5
323,731	1627,5
323,955	1704,5
324,178	1627,5
324,402	1784,5
324,625	1612,5
324,849	1462,5
325,072	1761,5
325,296	1703,5
325,519	1663,5
325,743	1591,5
325,966	1834,5
326,189	1777,5
326,413	1640,5
326,636	2005,5
326,859	1697,5
327,083	1953,5
327,306	1556,5
327,529	1567,5
327,753	1535,5
327,976	1772,5
328,199	1798,5
328,422	1691,5
328,646	1683,5
328,869	1557,5
329,092	1679,5
329,315	1870,5
329,538	1358,5
329,762	1650,5
329,985	1584,5
330,208	1496,5
330,431	1642,5
330,654	1769,5
330,877	1669,5
331,1	1694,5
331,323	1637,5
331,546	1878,5
331,769	1757,5
331,993	1645,5
332,216	1753,5
332,439	1612,5
332,662	1644,5
332,885	1619,5
333,107	1546,5
333,33	1480,5
333,553	1804,5
333,776	1615,5
333,999	1670,5
334,222	1525,5
334,445	1679,5
334,668	1584,5
334,891	1673,5
335,114	1576,5
335,336	1662,5
335,559	1706,5
335,782	1949,5
336,005	1587,5
336,228	1568,5
336,45	1550,5
336,673	1540,5
336,896	1658,5
337,119	1664,5
337,341	1603,5
337,564	1614,5
337,787	1689,5
338,009	1584,5
338,232	1704,5
338,455	1764,5
338,677	1625,5
338,9	1640,5
339,122	1703,5
339,345	1513,5
339,568	1280,5
339,79	1634,5
340,013	1734,5
340,235	1742,5
340,458	1541,5
340,68	1717,5
340,903	1591,5
341,125	1570,5
341,348	1622,5
341,57	1601,5
341,793	1844,5
342,015	1482,5
342,238	1568,5
342,46	1689,5
342,682	1776,5
342,905	1604,5
343,127	1696,5
343,349	1548,5
343,572	1742,5
343,794	1552,5
344,016	1560,5
344,239	1709,5
344,461	1529,5
344,683	1554,5
344,905	1560,5
345,128	1586,5
345,35	1585,5
345,572	1751,5
345,794	1814,5
346,017	1571,5
346,239	1637,5
346,461	1614,5
346,683	1601,5
346,905	1600,5
347,127	1682,5
347,349	1580,5
347,571	1620,5
347,793	1836,5
348,016	1767,5
348,238	1636,5
348,46	1634,5
348,682	1513,5
348,904	1768,5
349,126	1827,5
349,348	1468,5
349,57	1575,5
349,792	1617,5
350,014	1685,5
350,235	1636,5
350,457	2468,5
350,679	1626,5
350,901	1518,5
351,123	1566,5
351,345	1571,5
351,567	1710,5
351,789	1682,5
352,01	1666,5
352,232	1670,5
352,454	1438,5
352,676	1707,5
352,897	1581,5
353,119	1484,5
353,341	1706,5
353,563	1651,5
353,784	1609,5
354,006	1639,5
354,228	1656,5
354,449	1652,5
354,671	1704,5
354,893	1717,5
355,114	1663,5
355,336	1653,5
355,558	1611,5
355,779	1564,5
356,001	1698,5
356,222	1645,5
356,444	1544,5
356,665	2256,5
356,887	1522,5
357,108	1573,5
357,33	1684,5
357,551	1793,5
357,773	1690,5
357,994	1559,5
358,216	1470,5
358,437	1493,5
358,659	1786,5
358,88	1530,5
359,101	1658,5
359,323	1622,5
359,544	1519,5
359,765	1490,5
359,987	1574,5
360,208	1641,5
360,429	1661,5
360,651	1531,5
360,872	1836,5
361,093	1598,5
361,314	1635,5
361,536	1607,5
361,757	1618,5
361,978	1520,5
362,199	1558,5
362,42	1421,5
362,642	1597,5
362,863	1795,5
363,084	1596,5
363,305	1671,5
363,526	1594,5
363,747	1588,5
363,968	1597,5
364,189	1801,5
364,41	1592,5
364,631	1473,5
364,852	1718,5
365,073	1610,5
365,294	1628,5
365,515	1497,5
365,736	1728,5
365,957	1670,5
366,178	1675,5
366,399	1837,5
366,62	1661,5
366,841	1696,5
367,062	1562,5
367,283	1663,5
367,504	1623,5
367,724	1375,5
367,945	1507,5
368,166	1671,5
368,387	1644,5
368,608	1573,5
368,828	1790,5
369,049	1504,5
369,27	1563,5
369,491	1603,5
369,711	1716,5
369,932	1748,5
370,153	1602,5
370,373	1692,5
370,594	1788,5
370,815	1584,5
371,035	1812,5
371,256	1519,5
371,477	1534,5
371,697	1547,5
371,918	1435,5
372,138	1692,5
372,359	1762,5
372,579	1523,5
372,8	1614,5
373,02	1634,5
373,241	1684,5
373,461	1736,5
373,682	1581,5
373,902	1564,5
374,123	1517,5
374,343	1649,5
374,564	1565,5
374,784	1588,5
375,004	1654,5
375,225	1492,5
375,445	1573,5
375,666	1509,5
375,886	1504,5
376,106	1523,5
376,326	1580,5
376,547	1791,5
376,767	1660,5
376,987	1762,5
377,208	1661,5
377,428	1525,5
377,648	1623,5
377,868	1671,5
378,088	1784,5
378,309	1746,5
378,529	1756,5
378,749	1593,5
378,969	1529,5
379,189	1680,5
379,409	1594,5
379,629	1532,5
379,849	1569,5
380,069	1592,5
380,29	1539,5
380,51	1639,5
380,73	1669,5
380,95	1902,5
381,17	1696,5
381,39	1628,5
381,61	1473,5
381,829	1561,5
382,049	1636,5
382,269	1560,5
382,489	1688,5
382,709	1624,5
382,929	1671,5
383,149	1654,5
383,369	1984,5
383,589	1608,5
383,808	1689,5
384,028	1605,5
384,248	1664,5
384,468	1605,5
384,688	1559,5
384,907	1709,5
385,127	1580,5
385,347	1606,5
385,567	1605,5
385,786	1698,5
386,006	1445,5
386,226	1491,5
386,445	1534,5
386,665	1586,5
386,885	1615,5
387,104	1519,5
387,324	1566,5
387,543	1519,5
387,763	1620,5
387,982	1633,5
388,202	1656,5
388,422	1589,5
388,641	1636,5
388,861	1678,5
389,08	1643,5
389,3	1559,5
389,519	1750,5
389,738	1588,5
389,958	1631,5
390,177	1618,5
390,397	1654,5
390,616	1611,5
390,836	1718,5
391,055	1631,5
391,274	1617,5
391,494	1560,5
391,713	1531,5
391,932	1644,5
392,151	1579,5
392,371	1553,5
392,59	1636,5
392,809	1698,5
393,029	1746,5
393,248	1716,5
393,467	1500,5
393,686	1524,5
393,905	2839,5
394,124	1599,5
394,344	1682,5
394,563	1698,5
394,782	1605,5
395,001	1693,5
395,22	1690,5
395,439	1665,5
395,658	1585,5
395,877	1649,5
396,096	1488,5
396,315	1737,5
396,534	1552,5
396,753	1585,5
396,972	1555,5
397,191	1616,5
397,41	1608,5
397,629	1541,5
397,848	1576,5
398,067	1590,5
398,286	1578,5
398,505	1556,5
398,724	1807,5
398,943	2227,5
399,161	1463,5
399,38	1640,5
399,599	1566,5
399,818	1602,5
400,037	1752,5
400,255	1659,5
400,474	1615,5
400,693	1705,5
400,912	1744,5
401,13	1566,5
401,349	1631,5
401,568	1481,5
401,786	1702,5
402,005	1693,5
402,224	1590,5
402,442	1622,5
402,661	1656,5
402,88	1559,5
403,098	1289,5
403,317	1586,5
403,535	1632,5
403,754	1608,5
403,972	1678,5
404,191	1503,5
404,409	1722,5
404,628	2276,5
404,846	1663,5
405,065	1746,5
405,283	1648,5
405,502	1603,5
405,72	1621,5
405,938	1570,5
406,157	1512,5
406,375	1580,5
406,594	1610,5
406,812	1583,5
407,03	1608,5
407,249	1398,5
407,467	1743,5
407,685	1653,5
407,903	1443,5
408,122	1697,5
408,34	1651,5
408,558	1503,5
408,776	1506,5
408,995	1549,5
409,213	1631,5
409,431	1723,5
409,649	1624,5
409,867	1519,5
410,085	1652,5
410,303	1630,5
410,522	1513,5
410,74	1467,5
410,958	1527,5
411,176	1595,5
411,394	1484,5
411,612	1523,5
411,83	1737,5
412,048	1559,5
412,266	1648,5
412,484	1549,5
412,702	2016,5
412,92	1482,5
413,138	1710,5
413,356	1604,5
413,573	1709,5
413,791	1887,5
414,009	1628,5
414,227	1844,5
414,445	1660,5
414,663	1584,5
414,881	1602,5
415,098	1666,5
415,316	1700,5
415,534	1948,5
415,752	1568,5
415,969	1727,5
416,187	1503,5
416,405	1646,5
416,623	1733,5
416,84	1476,5
417,058	1644,5
417,276	1759,5
417,493	1657,5
417,711	1593,5
417,928	1641,5
418,146	1591,5
418,364	1644,5
418,581	1553,5
418,799	1541,5
419,016	1431,5
419,234	1527,5
419,451	2142,5
419,669	1606,5
419,886	1637,5
420,104	1522,5
420,321	1580,5
420,539	1538,5
420,756	1750,5
420,974	1482,5
421,191	1741,5
421,408	1699,5
421,626	1642,5
421,843	1507,5
422,06	1619,5
422,278	1574,5
422,495	1592,5
422,712	1368,5
422,93	1616,5
423,147	1622,5
423,364	1565,5
423,581	1669,5
423,799	1527,5
424,016	1575,5
424,233	1584,5
424,45	1601,5
424,667	1609,5
424,884	1496,5
425,102	1721,5
425,319	1499,5
425,536	1516,5
425,753	1623,5
425,97	1596,5
426,187	1606,5
426,404	1536,5
426,621	1800,5
426,838	1700,5
427,055	1635,5
427,272	1676,5
427,489	1619,5
427,706	1570,5
427,923	1561,5
428,14	1642,5
428,357	1797,5
428,574	1598,5
428,791	1615,5
429,008	1601,5
429,224	1531,5
429,441	1346,5
429,658	1583,5
429,875	1821,5
430,092	1611,5
430,308	1510,5
430,525	1655,5
430,742	1704,5
430,959	1592,5
431,175	1663,5
431,392	1591,5
431,609	1717,5
431,826	1926,5
432,042	1602,5
432,259	1590,5
432,476	1858,5
432,692	1590,5
432,909	1631,5
433,125	1619,5
433,342	1562,5
433,559	1659,5
433,775	1574,5
433,992	1465,5
434,208	1458,5
434,425	1645,5
434,641	1852,5
434,858	1685,5
435,074	1663,5
435,291	1601,5
435,507	1562,5
435,723	1670,5
435,94	1530,5
436,156	1647,5
436,373	1775,5
436,589	1542,5
436,805	1628,5
437,022	1562,5
437,238	1608,5
437,454	1583,5
437,671	1562,5
437,887	1600,5
438,103	1587,5
438,319	1589,5
438,536	1710,5
438,752	1622,5
438,968	1610,5
439,184	1548,5
439,4	1620,5
439,616	1452,5
439,833	1528,5
440,049	1551,5
440,265	1734,5
440,481	1605,5
440,697	1425,5
440,913	1772,5
441,129	1482,5
441,345	1680,5
441,561	1672,5
441,777	1483,5
441,993	1770,5
442,209	1537,5
442,425	1618,5
442,641	1560,5
442,857	1557,5
443,073	1614,5
443,289	1660,5
443,505	1621,5
443,721	1763,5
443,937	1627,5
444,152	1505,5
444,368	1598,5
444,584	1594,5
444,8	1660,5
445,016	1583,5
445,231	1582,5
445,447	1748,5
445,663	1715,5
445,879	1577,5
446,094	1746,5
446,31	1763,5
446,526	1662,5
446,742	1691,5
446,957	1618,5
447,173	1661,5
447,388	1694,5
447,604	1780,5
447,82	1590,5
448,035	1631,5
448,251	1865,5
448,466	1640,5
448,682	1456,5
448,897	1596,5
449,113	1596,5
449,328	1704,5
449,544	1518,5
449,759	2088,5
449,975	1384,5
450,19	1651,5
450,406	1598,5
450,621	1542,5
450,836	1517,5
451,052	1577,5
451,267	1477,5
451,483	1557,5
451,698	1448,5
451,913	1654,5
452,129	1642,5
452,344	1559,5
452,559	1722,5
452,774	1608,5
452,99	1549,5
453,205	1527,5
453,42	1709,5
453,635	1648,5
453,85	1585,5
454,066	1715,5
454,281	1670,5
454,496	1656,5
454,711	1607,5
454,926	1638,5
455,141	1464,5
455,356	1576,5
455,571	1543,5
455,786	1660,5
456,001	1610,5
456,217	1485,5
456,432	1671,5
456,647	1640,5
456,861	1664,5
457,076	1572,5
457,291	1456,5
457,506	1523,5
457,721	1651,5
457,936	1611,5
458,151	1562,5
458,366	1778,5
458,581	1639,5
458,796	2053,5
459,01	1610,5
459,225	1648,5
459,44	1459,5
459,655	1748,5
459,87	1432,5
460,084	1543,5
460,299	1636,5
460,514	1656,5
460,729	2026,5
460,943	1498,5
461,158	1479,5
461,373	1726,5
461,587	1657,5
461,802	1554,5
462,016	1789,5
462,231	1604,5
462,446	1733,5
462,66	1682,5
462,875	1638,5
463,089	1584,5
463,304	1637,5
463,518	1589,5
463,733	1615,5
463,947	1615,5
464,162	1567,5
464,376	1528,5
464,591	1735,5
464,805	1567,5
465,02	1656,5
465,234	1717,5
465,448	1762,5
465,663	1692,5
465,877	1648,5
466,091	1543,5
466,306	1900,5
466,52	1989,5
466,734	1696,5
466,949	1592,5
467,163	1717,5
467,377	1563,5
467,591	1674,5
467,806	1176,5
468,02	1578,5
468,234	1464,5
468,448	1652,5
468,662	1765,5
468,876	1827,5
469,091	1546,5
469,305	1634,5
469,519	1547,5
469,733	1521,5
469,947	1624,5
470,161	1826,5
470,375	1378,5
470,589	1765,5
470,803	1618,5
471,017	1624,5
471,231	1593,5
471,445	1492,5
471,659	1612,5
471,873	1599,5
472,087	1535,5
472,301	1708,5
472,515	1495,5
472,728	1542,5
472,942	1455,5
473,156	1621,5
473,37	1586,5
473,584	1550,5
473,798	1602,5
474,011	1612,5
474,225	1604,5
474,439	1672,5
474,653	1671,5
474,866	1615,5
475,08	1809,5
475,294	1612,5
475,507	1676,5
475,721	1556,5
475,935	1677,5
476,148	1588,5
476,362	1506,5
476,576	1507,5
476,789	1842,5
477,003	1652,5
477,216	1655,5
477,43	1643,5
477,643	1527,5
477,857	1708,5
478,07	1587,5
478,284	1736,5
478,497	1491,5
478,711	1541,5
478,924	1554,5
479,138	1599,5
479,351	1571,5
479,564	1510,5
479,778	1552,5
479,991	1479,5
480,204	1612,5
480,418	1710,5
480,631	1533,5
480,844	1680,5
481,058	1564,5
481,271	1577,5
481,484	1638,5
481,697	1566,5
481,911	1587,5
482,124	1606,5
482,337	1625,5
482,55	1529,5
482,763	1546,5
482,976	1634,5
483,19	1514,5
483,403	1589,5
483,616	1697,5
483,829	1701,5
484,042	1471,5
484,255	1652,5
484,468	1344,5
484,681	1565,5
484,894	1590,5
485,107	1800,5
485,32	1510,5
485,533	1670,5
485,746	1761,5
485,959	1578,5
486,172	1651,5
486,385	1368,5
486,598	1582,5
486,81	1546,5
487,023	1553,5
487,236	1799,5
487,449	1651,5
487,662	1607,5
487,875	1663,5
488,087	1655,5
488,3	1639,5
488,513	1458,5
488,726	1458,5
488,938	1708,5
489,151	1646,5
489,364	1556,5
489,576	1591,5
489,789	1634,5
490,002	1670,5
490,214	1629,5
490,427	1410,5
490,64	1613,5
490,852	1631,5
491,065	1558,5
491,277	1667,5
491,49	1648,5
491,702	1510,5
491,915	1699,5
492,127	1638,5
492,34	1647,5
492,552	1652,5
492,765	1692,5
492,977	1915,5
493,19	1574,5
493,402	1727,5
493,614	1597,5
493,827	1605,5
494,039	1573,5
494,251	1621,5
494,464	1881,5
494,676	1477,5
494,888	1672,5
495,101	1588,5
495,313	1650,5
495,525	1605,5
495,737	1791,5
495,95	1570,5
496,162	1639,5
496,374	1621,5
496,586	1570,5
496,798	1601,5
497,01	1581,5
497,222	1506,5
497,435	1738,5
497,647	1572,5
497,859	1548,5
498,071	1527,5
498,283	1528,5
498,495	1616,5
498,707	1840,5
498,919	1493,5
499,131	1687,5
499,343	1458,5
499,555	1617,5
499,767	1782,5
499,979	1537,5
500,191	1743,5
500,402	1527,5
500,614	1688,5
500,826	1663,5
501,038	1491,5
501,25	1619,5
501,462	1557,5
501,673	1549,5
501,885	1586,5
502,097	1906,5
502,309	1678,5
502,521	1704,5
502,732	1506,5
502,944	1580,5
503,156	1588,5
503,367	1486,5
503,579	1519,5
503,791	1572,5
504,002	1638,5
504,214	1788,5
504,425	1907,5
504,637	1775,5
504,849	1562,5
505,06	1598,5
505,272	1748,5
505,483	1703,5
505,695	1675,5
505,906	1474,5
506,118	1607,5
506,329	1574,5
506,541	1598,5
506,752	1762,5
506,963	1676,5
507,175	1446,5
507,386	1749,5
507,598	1720,5
507,809	1559,5
508,02	1817,5
508,232	1680,5
508,443	1519,5
508,654	1838,5
508,865	1699,5
509,077	1565,5
509,288	1567,5
509,499	1864,5
509,71	1515,5
509,922	1868,5
510,133	1542,5
510,344	1816,5
510,555	1631,5
510,766	1682,5
510,977	1335,5
511,188	1629,5
511,4	1661,5
511,611	1559,5
511,822	1627,5
512,033	1647,5
512,244	1443,5
512,455	1620,5
512,666	1611,5
512,877	1664,5
513,088	1663,5
513,299	1634,5
513,51	1667,5
513,721	1618,5
513,931	1657,5
514,142	1722,5
514,353	1678,5
514,564	1555,5
514,775	1577,5
514,986	1618,5
515,196	1659,5
515,407	1613,5
515,618	1518,5
515,829	1599,5
516,04	1611,5
516,25	1564,5
516,461	1520,5
516,672	1642,5
516,882	1545,5
517,093	1726,5
517,304	1487,5
517,514	1458,5
517,725	1685,5
517,936	1510,5
518,146	1583,5
518,357	1682,5
518,567	1494,5
518,778	1920,5
518,988	1502,5
519,199	1800,5
519,409	1488,5
519,62	1490,5
519,83	1721,5
520,041	1605,5
520,251	1596,5
520,462	1706,5
520,672	1581,5
520,882	1637,5
521,093	1811,5
521,303	1802,5
521,513	1606,5
521,724	2752,5
521,934	1447,5
522,144	1620,5
522,355	1601,5
522,565	1617,5
522,775	1572,5
522,985	1578,5
523,196	1673,5
523,406	1517,5
523,616	1714,5
523,826	1630,5
524,036	2381,5
524,246	1606,5
524,457	1625,5
524,667	1484,5
524,877	1743,5
525,087	1623,5
525,297	1656,5
525,507	1701,5
525,717	1501,5
525,927	1688,5
526,137	1469,5
526,347	1578,5
526,557	1530,5
526,767	1605,5
526,977	1885,5
527,187	1612,5
527,397	1365,5
527,607	1462,5
527,816	1569,5
528,026	1617,5
528,236	1607,5
528,446	1684,5
528,656	1670,5
528,865	1799,5
529,075	1613,5
529,285	1621,5
529,495	1686,5
529,704	1578,5
529,914	1633,5
530,124	1650,5
530,334	1497,5
530,543	1593,5
530,753	1964,5
530,963	2044,5
531,172	1562,5
531,382	1522,5
531,591	1924,5
531,801	1536,5
532,01	1608,5
532,22	1638,5
532,43	1825,5
532,639	1792,5
532,849	1650,5
533,058	1540,5
533,267	1744,5
533,477	1569,5
533,686	1555,5
533,896	1596,5
534,105	1672,5
534,315	1720,5
534,524	1601,5
534,733	1609,5
534,943	1745,5
535,152	1741,5
535,361	1516,5
535,57	1538,5
535,78	1602,5
535,989	1454,5
536,198	1721,5
536,407	1560,5
536,617	1588,5
536,826	1707,5
537,035	1728,5
537,244	1685,5
537,453	1497,5
537,662	1579,5
537,872	1688,5
538,081	1601,5
538,29	1633,5
538,499	1734,5
538,708	1558,5
538,917	1583,5
539,126	1734,5
539,335	1706,5
539,544	2159,5
539,753	1507,5
539,962	1618,5
540,171	1571,5
540,38	1764,5
540,589	1658,5
540,797	1759,5
541,006	1540,5
541,215	1505,5
541,424	1816,5
541,633	1600,5
541,842	1664,5
542,05	1721,5
542,259	1678,5
542,468	1621,5
542,677	1634,5
542,885	1579,5
543,094	1659,5
543,303	1520,5
543,512	1641,5
543,72	1685,5
543,929	1695,5
544,138	1618,5
544,346	1492,5
544,555	1533,5
544,763	1841,5
544,972	1523,5
545,18	1534,5
545,389	1554,5
545,598	1530,5
545,806	1669,5
546,015	1661,5
546,223	1588,5
546,431	1645,5
546,64	1493,5
546,848	1613,5
547,057	1608,5
547,265	1593,5
547,474	1578,5
547,682	1619,5
547,89	1656,5
548,099	1636,5
548,307	1635,5
548,515	1766,5
548,723	1736,5
548,932	1645,5
549,14	1691,5
549,348	1718,5
549,556	1572,5
549,765	1596,5
549,973	1566,5
550,181	1661,5
550,389	1811,5
550,597	1700,5
550,805	1634,5
551,014	1745,5
551,222	4967,5
551,43	1460,5
551,638	1586,5
551,846	1693,5
552,054	1694,5
552,262	1788,5
552,47	1548,5
552,678	1505,5
552,886	1590,5
553,094	1459,5
553,302	1618,5
553,51	1484,5
553,717	1687,5
553,925	1458,5
554,133	1909,5
554,341	1568,5
554,549	1654,5
554,757	1484,5
554,965	1602,5
555,172	1632,5
555,38	1885,5
555,588	1500,5
555,796	1638,5
556,003	1543,5
556,211	1548,5
556,419	1659,5
556,626	1692,5
556,834	1535,5
557,042	1597,5
557,249	1653,5
557,457	1653,5
557,664	1445,5
557,872	1474,5
558,08	1530,5
558,287	1750,5
558,495	1882,5
558,702	1625,5
558,91	1732,5
559,117	1592,5
559,325	1690,5
559,532	1628,5
559,74	1788,5
559,947	1590,5
560,154	1689,5
560,362	1558,5
560,569	1551,5
560,776	1566,5
560,984	1660,5
561,191	1690,5
561,398	1622,5
561,606	2029,5
561,813	1697,5
562,02	1473,5
562,227	1545,5
562,435	1697,5
562,642	1738,5
562,849	1643,5
563,056	1658,5
563,263	1749,5
563,471	1772,5
563,678	1663,5
563,885	1556,5
564,092	1692,5
564,299	1694,5
564,506	1686,5
564,713	1747,5
564,92	1752,5
565,127	1771,5
565,334	1623,5
565,541	1924,5
565,748	1697,5
565,955	1568,5
566,162	1654,5
566,369	1714,5
566,576	1765,5
566,783	1704,5
566,99	1578,5
567,196	1742,5
567,403	1551,5
567,61	1884,5
567,817	1495,5
568,024	1624,5
568,23	1655,5
568,437	1601,5
568,644	1519,5
568,851	1587,5
569,057	1892,5
569,264	1763,5
569,471	1530,5
569,677	1563,5
569,884	1669,5
570,091	1753,5
570,297	2645,5
570,504	1768,5
570,71	1595,5
570,917	1640,5
571,123	1573,5
571,33	1643,5
571,536	1596,5
571,743	1932,5
571,949	1528,5
572,156	1629,5
572,362	1901,5
572,569	1616,5
572,775	1623,5
572,982	1788,5
573,188	1550,5
573,394	1558,5
573,601	1573,5
573,807	1476,5
574,013	1847,5
574,22	1713,5
574,426	1494,5
574,632	1705,5
574,838	1636,5
575,045	1584,5
575,251	1596,5
575,457	1640,5
575,663	1980,5
575,869	1532,5
576,076	1646,5
576,282	1548,5
576,488	1553,5
576,694	1637,5
576,9	1379,5
577,106	1547,5
577,312	1557,5
577,518	1636,5
577,724	1646,5
577,93	1656,5
578,136	1600,5
578,342	1612,5
578,548	1616,5
578,754	1588,5
578,96	1549,5
579,166	1569,5
579,372	1946,5
579,578	1760,5
579,784	1668,5
579,989	1565,5
580,195	1565,5
580,401	1523,5
580,607	1691,5
580,813	1652,5
581,018	1683,5
581,224	1618,5
581,43	1558,5
581,636	1606,5
581,841	1878,5
582,047	1570,5
582,253	1733,5
582,458	1672,5
582,664	1571,5
582,869	1681,5
583,075	1554,5
583,281	1929,5
583,486	1680,5
583,692	1548,5
583,897	1680,5
584,103	1672,5
584,308	1680,5
584,514	1596,5
584,719	1721,5
584,925	1663,5
585,13	1604,5
585,335	1659,5
585,541	1618,5
585,746	1633,5
585,952	1525,5
586,157	1606,5
586,362	1589,5
586,568	1638,5
586,773	1755,5
586,978	1570,5
587,183	1645,5
587,389	1689,5
587,594	1566,5
587,799	1707,5
588,004	1596,5
588,21	1676,5
588,415	1471,5
588,62	1636,5
588,825	1746,5
589,03	1742,5
589,235	2111,5
589,44	1830,5
589,645	1567,5
589,85	1727,5
590,055	1862,5
590,26	1592,5
590,465	1701,5
590,67	1713,5
590,875	1814,5
591,08	1740,5
591,285	1644,5
591,49	1700,5
591,695	1634,5
591,9	1609,5
592,105	1581,5
592,31	1527,5
592,515	1843,5
592,719	1782,5
592,924	1564,5
593,129	1831,5
593,334	1563,5
593,539	1595,5
593,743	1777,5
593,948	1570,5
594,153	1605,5
594,357	1857,5
594,562	1631,5
594,767	2077,5
594,971	1505,5
595,176	1613,5
595,381	1741,5
595,585	1653,5
595,79	1766,5
595,994	1535,5
596,199	2054,5
596,403	1373,5
596,608	1677,5
596,812	1614,5
597,017	1765,5
597,221	1802,5
597,426	2028,5
597,63	1537,5
597,835	1571,5
598,039	1562,5
598,243	1577,5
598,448	1902,5
598,652	1698,5
598,856	1554,5
599,061	1480,5
599,265	1614,5
599,469	1510,5
599,673	1714,5
599,878	1692,5
600,082	1541,5
600,286	1656,5
600,49	1668,5
600,695	1492,5
600,899	1565,5
601,103	1732,5
601,307	1724,5
601,511	1689,5
601,715	1385,5
601,919	1542,5
602,123	1678,5
602,327	1628,5
602,531	1610,5
602,735	1777,5
602,939	1783,5
603,143	1466,5
603,347	1751,5
603,551	1588,5
603,755	1640,5
603,959	1634,5
604,163	1698,5
604,367	1613,5
604,571	1586,5
604,775	1678,5
604,978	1750,5
605,182	1520,5
605,386	1659,5
605,59	1629,5
605,793	1610,5
605,997	1585,5
606,201	1678,5
606,405	1596,5
606,608	1706,5
606,812	1628,5
607,016	1743,5
607,219	1558,5
607,423	1556,5
607,627	1893,5
607,83	1657,5
608,034	1580,5
608,237	1703,5
608,441	1572,5
608,644	1707,5
608,848	1745,5
609,051	1660,5
609,255	1543,5
609,458	1746,5
609,662	1860,5
609,865	1677,5
610,069	1551,5
610,272	1478,5
610,475	1582,5
610,679	1622,5
610,882	1543,5
611,085	1626,5
611,289	1676,5
611,492	1641,5
611,695	1613,5
611,898	1613,5
612,102	1682,5
612,305	1695,5
612,508	1643,5
612,711	1856,5
612,914	1513,5
613,118	1690,5
613,321	1696,5
613,524	1424,5
613,727	1557,5
613,93	1543,5
614,133	1629,5
614,336	1653,5
614,539	1671,5
614,742	1570,5
614,945	1599,5
615,148	1702,5
615,351	1667,5
615,554	1730,5
615,757	1546,5
615,96	1556,5
616,163	1648,5
616,366	1748,5
616,569	1564,5
616,772	1818,5
616,974	1642,5
617,177	1845,5
617,38	1653,5
617,583	1652,5
617,786	1511,5
617,988	1582,5
618,191	1760,5
618,394	1574,5
618,596	1376,5
618,799	1710,5
619,002	1659,5
619,204	1668,5
619,407	1646,5
619,61	1526,5
619,812	1570,5
620,015	1603,5
620,217	1787,5
620,42	1569,5
620,623	1617,5
620,825	1655,5
621,028	1784,5
621,23	1735,5
621,432	1668,5
621,635	1773,5
621,837	1672,5
622,04	1632,5
622,242	1604,5
622,445	1618,5
622,647	1688,5
622,849	1926,5
623,052	1405,5
623,254	1777,5
623,456	1495,5
623,658	1810,5
623,861	1771,5
624,063	1570,5
624,265	1577,5
624,467	1820,5
624,67	1478,5
624,872	1752,5
625,074	1831,5
625,276	1755,5
625,478	1799,5
625,68	1448,5
625,882	1550,5
626,084	1639,5
626,287	1816,5
626,489	1995,5
626,691	1688,5
626,893	1674,5
627,095	1880,5
627,297	1689,5
627,499	1578,5
627,7	1494,5
627,902	1480,5
628,104	1473,5
628,306	1592,5
628,508	1514,5
628,71	1614,5
628,912	1632,5
629,114	1897,5
629,315	1638,5
629,517	1598,5
629,719	1474,5
629,921	1631,5
630,122	1661,5
630,324	1620,5
630,526	1691,5
630,728	1666,5
630,929	1648,5
631,131	1539,5
631,332	1518,5
631,534	1739,5
631,736	1611,5
631,937	1484,5
632,139	1636,5
632,34	1634,5
632,542	1776,5
632,743	1698,5
632,945	1635,5
633,146	1664,5
633,348	1738,5
633,549	1646,5
633,751	1539,5
633,952	1598,5
634,154	1513,5
634,355	1469,5
634,556	1621,5
634,758	1630,5
634,959	1662,5
635,16	1740,5
635,362	1554,5
635,563	1829,5
635,764	1587,5
635,965	1655,5
636,167	1624,5
636,368	1644,5
636,569	1632,5
636,77	1853,5
636,971	1580,5
637,172	1662,5
637,374	1571,5
637,575	1832,5
637,776	1486,5
637,977	1492,5
638,178	1676,5
638,379	1637,5
638,58	1711,5
638,781	1497,5
638,982	1604,5
639,183	1608,5
639,384	1593,5
639,585	1550,5
639,786	1546,5
639,987	1547,5
640,187	1676,5
640,388	1765,5
640,589	1500,5
640,79	1569,5
640,991	1592,5
641,192	1826,5
641,392	1459,5
641,593	1468,5
641,794	1468,5
641,995	1579,5
642,195	1364,5
642,396	1511,5
642,597	1492,5
642,797	1570,5
642,998	1681,5
643,199	1773,5
643,399	1692,5
643,6	1474,5
643,8	1607,5
644,001	1455,5
644,202	1703,5
644,402	1572,5
644,603	1723,5
644,803	1474,5
645,004	1616,5
645,204	1438,5
645,404	1648,5
645,605	1944,5
645,805	1502,5
646,006	1470,5
646,206	2084,5
646,406	1603,5
646,607	1398,5
646,807	1350,5
647,007	-36,5
647,208	37,5
647,408	-29,5
647,608	31,5
