200,697	991,33
200,927	51,33
201,158	-29,67
201,388	-6,67
201,618	1581,33
201,849	1421,33
202,079	1755,33
202,309	1613,33
202,539	1680,33
202,77	1635,33
203	1725,33
203,23	1670,33
203,46	1641,33
203,691	1695,33
203,921	1638,33
204,151	1723,33
204,381	1628,33
204,611	1737,33
204,841	1644,33
205,071	1630,33
205,302	1776,33
205,532	1744,33
205,762	3834,33
205,992	1601,33
206,222	1649,33
206,452	1722,33
206,682	1640,33
206,912	1747,33
207,142	1764,33
207,372	1703,33
207,602	1614,33
207,832	1679,33
208,062	1724,33
208,292	1893,33
208,522	1466,33
208,752	1666,33
208,982	1604,33
209,212	1973,33
209,442	1834,33
209,672	1707,33
209,902	1595,33
210,131	1753,33
210,361	1639,33
210,591	1684,33
210,821	1660,33
211,051	1837,33
211,281	1722,33
211,51	1742,33
211,74	1750,33
211,97	1675,33
212,2	1704,33
212,429	2002,33
212,659	1698,33
212,889	1749,33
213,119	1616,33
213,348	1761,33
213,578	1845,33
213,808	1808,33
214,037	1850,33
214,267	1783,33
214,497	1745,33
214,726	1645,33
214,956	1651,33
215,186	1668,33
215,415	1766,33
215,645	1742,33
215,874	1770,33
216,104	1663,33
216,333	1693,33
216,563	1827,33
216,792	1867,33
217,022	1805,33
217,251	1720,33
217,481	1667,33
217,71	1910,33
217,94	1699,33
218,169	1825,33
218,399	1749,33
218,628	1759,33
218,858	1611,33
219,087	1609,33
219,316	1755,33
219,546	1712,33
219,775	1752,33
220,004	1860,33
220,234	1654,33
220,463	1733,33
220,692	1767,33
220,922	1736,33
221,151	1845,33
221,38	1726,33
221,61	2109,33
221,839	1942,33
222,068	1738,33
222,297	1813,33
222,526	1731,33
222,756	1964,33
222,985	1847,33
223,214	1735,33
223,443	1751,33
223,672	2179,33
223,902	1648,33
224,131	1806,33
224,36	1835,33
224,589	1670,33
224,818	1796,33
225,047	1836,33
225,276	1734,33
225,505	2038,33
225,734	1798,33
225,963	1668,33
226,192	1755,33
226,421	1743,33
226,65	1803,33
226,879	1846,33
227,108	1903,33
227,337	1811,33
227,566	1971,33
227,795	1840,33
228,024	1585,33
228,253	1686,33
228,482	1721,33
228,711	1568,33
228,94	1633,33
229,168	1704,33
229,397	1751,33
229,626	1812,33
229,855	1704,33
230,084	1757,33
230,313	1639,33
230,541	1922,33
230,77	1763,33
230,999	1567,33
231,228	1995,33
231,456	1942,33
231,685	1735,33
231,914	1916,33
232,143	1831,33
232,371	1956,33
232,6	1845,33
232,829	1840,33
233,057	1920,33
233,286	1801,33
233,515	1780,33
233,743	1870,33
233,972	1787,33
234,2	1888,33
234,429	1786,33
234,658	1889,33
234,886	1721,33
235,115	1858,33
235,343	1891,33
235,572	1774,33
235,8	1855,33
236,029	2145,33
236,257	1753,33
236,486	1916,33
236,714	1917,33
236,943	1919,33
237,171	1742,33
237,399	1806,33
237,628	1975,33
237,856	1931,33
238,085	1859,33
238,313	1768,33
238,541	1911,33
238,77	2237,33
238,998	1758,33
239,226	1884,33
239,455	1883,33
239,683	1886,33
239,911	1807,33
240,14	1949,33
240,368	2026,33
240,596	1930,33
240,824	1951,33
241,053	1862,33
241,281	1840,33
241,509	1859,33
241,737	1793,33
241,965	1723,33
242,193	1773,33
242,422	1805,33
242,65	1843,33
242,878	1870,33
243,106	1917,33
243,334	1910,33
243,562	1936,33
243,79	1992,33
244,018	2050,33
244,246	1907,33
244,474	1905,33
244,702	1885,33
244,93	1935,33
245,158	2054,33
245,386	1849,33
245,614	1929,33
245,842	2057,33
246,07	1923,33
246,298	2082,33
246,526	2491,33
246,754	1785,33
246,982	1840,33
247,21	1998,33
247,438	2001,33
247,666	1924,33
247,893	2089,33
248,121	1905,33
248,349	1848,33
248,577	2058,33
248,805	2109,33
249,033	1998,33
249,26	2035,33
249,488	2037,33
249,716	2029,33
249,944	1998,33
250,171	1996,33
250,399	1964,33
250,627	2133,33
250,854	2063,33
251,082	1919,33
251,31	2230,33
251,537	1980,33
251,765	2242,33
251,993	1932,33
252,22	2395,33
252,448	2059,33
252,676	2074,33
252,903	2061,33
253,131	2428,33
253,358	2005,33
253,586	1968,33
253,813	1913,33
254,041	2101,33
254,268	2115,33
254,496	1923,33
254,723	2048,33
254,951	2121,33
255,178	2103,33
255,406	2046,33
255,633	2080,33
255,86	2271,33
256,088	2184,33
256,315	1994,33
256,543	2275,33
256,77	2128,33
256,997	1861,33
257,225	2208,33
257,452	1973,33
257,679	2101,33
257,907	2294,33
258,134	2055,33
258,361	2229,33
258,588	2154,33
258,816	2071,33
259,043	2091,33
259,27	2092,33
259,497	2186,33
259,725	2175,33
259,952	2174,33
260,179	2012,33
260,406	2175,33
260,633	2051,33
260,86	2168,33
261,088	2107,33
261,315	2342,33
261,542	2138,33
261,769	2137,33
261,996	2503,33
262,223	2393,33
262,45	2423,33
262,677	2015,33
262,904	2170,33
263,131	2304,33
263,358	2231,33
263,585	2320,33
263,812	2569,33
264,039	2356,33
264,266	2231,33
264,493	2238,33
264,72	2172,33
264,947	2212,33
265,174	2457,33
265,401	2263,33
265,627	2428,33
265,854	2192,33
266,081	2310,33
266,308	2233,33
266,535	2227,33
266,762	2402,33
266,988	2317,33
267,215	2276,33
267,442	2276,33
267,669	2413,33
267,896	2312,33
268,122	2496,33
268,349	2249,33
268,576	2089,33
268,802	2215,33
269,029	2242,33
269,256	2331,33
269,482	2283,33
269,709	2196,33
269,936	2250,33
270,162	2633,33
270,389	2259,33
270,616	2336,33
270,842	2479,33
271,069	2361,33
271,295	2351,33
271,522	2228,33
271,748	2299,33
271,975	2439,33
272,201	2506,33
272,428	2336,33
272,654	2242,33
272,881	2612,33
273,107	2268,33
273,334	2325,33
273,56	2503,33
273,787	2223,33
274,013	2378,33
274,239	2638,33
274,466	2368,33
274,692	2395,33
274,918	2423,33
275,145	2261,33
275,371	2466,33
275,597	2434,33
275,824	2549,33
276,05	2413,33
276,276	2543,33
276,503	2395,33
276,729	2420,33
276,955	2337,33
277,181	2393,33
277,407	2425,33
277,634	2569,33
277,86	2417,33
278,086	2527,33
278,312	2399,33
278,538	2329,33
278,764	2470,33
278,991	2528,33
279,217	2310,33
279,443	2305,33
279,669	2398,33
279,895	2401,33
280,121	2345,33
280,347	2344,33
280,573	2363,33
280,799	2320,33
281,025	2582,33
281,251	2322,33
281,477	2542,33
281,703	2375,33
281,929	2343,33
282,155	2364,33
282,381	2555,33
282,607	2538,33
282,833	2491,33
283,059	2582,33
283,285	2504,33
283,51	2472,33
283,736	2356,33
283,962	2517,33
284,188	2548,33
284,414	2581,33
284,64	2663,33
284,865	2547,33
285,091	2515,33
285,317	2646,33
285,543	2657,33
285,768	2345,33
285,994	2577,33
286,22	2777,33
286,446	2622,33
286,671	2547,33
286,897	2575,33
287,123	2581,33
287,348	2591,33
287,574	3133,33
287,799	2704,33
288,025	2551,33
288,251	2817,33
288,476	2623,33
288,702	2696,33
288,927	2642,33
289,153	2551,33
289,378	2813,33
289,604	2742,33
289,829	2704,33
290,055	2663,33
290,28	2676,33
290,506	2791,33
290,731	2571,33
290,957	2767,33
291,182	2855,33
291,408	2910,33
291,633	2860,33
291,858	2772,33
292,084	2900,33
292,309	2764,33
292,535	2860,33
292,76	2936,33
292,985	2895,33
293,211	2903,33
293,436	2675,33
293,661	2724,33
293,886	2968,33
294,112	3099,33
294,337	3069,33
294,562	2842,33
294,787	3001,33
295,013	3152,33
295,238	2871,33
295,463	3143,33
295,688	3221,33
295,913	3103,33
296,138	3222,33
296,364	3001,33
296,589	3085,33
296,814	3001,33
297,039	3011,33
297,264	3199,33
297,489	3169,33
297,714	3119,33
297,939	2958,33
298,164	3001,33
298,389	3299,33
298,614	3089,33
298,839	3248,33
299,064	3270,33
299,289	3295,33
299,514	3305,33
299,739	3321,33
299,964	3200,33
300,189	3221,33
300,414	3357,33
300,639	3401,33
300,863	3247,33
301,088	3738,33
301,313	3319,33
301,538	3272,33
301,763	3285,33
301,988	3390,33
302,212	3432,33
302,437	3791,33
302,662	3248,33
302,887	3392,33
303,111	3410,33
303,336	3569,33
303,561	3405,33
303,786	3294,33
304,01	3444,33
304,235	3501,33
304,46	3213,33
304,684	3480,33
304,909	3343,33
305,134	3189,33
305,358	3369,33
305,583	3341,33
305,807	3611,33
306,032	3104,33
306,256	3362,33
306,481	3320,33
306,706	3222,33
306,93	3303,33
307,155	3532,33
307,379	3362,33
307,604	3374,33
307,828	3264,33
308,052	3549,33
308,277	3479,33
308,501	3412,33
308,726	3482,33
308,95	3450,33
309,175	3254,33
309,399	3574,33
309,623	3468,33
309,848	3258,33
310,072	3269,33
310,296	3697,33
310,521	3474,33
310,745	3315,33
310,969	3653,33
311,193	3542,33
311,418	3435,33
311,642	3303,33
311,866	3518,33
312,09	3412,33
312,315	3405,33
312,539	3535,33
312,763	3479,33
312,987	3522,33
313,211	3351,33
313,435	3588,33
313,659	3421,33
313,884	3670,33
314,108	3551,33
314,332	3581,33
314,556	3427,33
314,78	3693,33
315,004	3522,33
315,228	3574,33
315,452	3480,33
315,676	3454,33
315,9	3444,33
316,124	3245,33
316,348	3396,33
316,572	3405,33
316,796	3502,33
317,02	3381,33
317,244	3412,33
317,468	3303,33
317,691	3808,33
317,915	3417,33
318,139	3312,33
318,363	3797,33
318,587	3444,33
318,811	3357,33
319,034	3251,33
319,258	3436,33
319,482	3592,33
319,706	3501,33
319,93	3374,33
320,153	3357,33
320,377	3401,33
320,601	3317,33
320,824	3209,33
321,048	3560,33
321,272	3460,33
321,495	3253,33
321,719	3571,33
321,943	3605,33
322,166	3317,33
322,39	3452,33
322,614	3538,33
322,837	3751,33
323,061	3293,33
323,284	3464,33
323,508	3454,33
323,731	3346,33
323,955	3374,33
324,178	3431,33
324,402	3432,33
324,625	3438,33
324,849	3242,33
325,072	3510,33
325,296	3569,33
325,519	3459,33
325,743	3312,33
325,966	3615,33
326,189	3567,33
326,413	3342,33
326,636	3756,33
326,859	3378,33
327,083	3684,33
327,306	3242,33
327,529	3291,33
327,753	3237,33
327,976	3449,33
328,199	3510,33
328,422	3356,33
328,646	3333,33
328,869	3279,33
329,092	3497,33
329,315	3538,33
329,538	3398,33
329,762	3463,33
329,985	3382,33
330,208	3366,33
330,431	3477,33
330,654	3525,33
330,877	3653,33
331,1	3508,33
331,323	3204,33
331,546	3503,33
331,769	3519,33
331,993	3339,33
332,216	3268,33
332,439	3461,33
332,662	3410,33
332,885	3355,33
333,107	3249,33
333,33	3306,33
333,553	3598,33
333,776	3370,33
333,999	3494,33
334,222	3337,33
334,445	3361,33
334,668	3419,33
334,891	3405,33
335,114	3305,33
335,336	3471,33
335,559	3475,33
335,782	3678,33
336,005	3401,33
336,228	3392,33
336,45	3314,33
336,673	3337,33
336,896	3453,33
337,119	3453,33
337,341	3335,33
337,564	3323,33
337,787	3445,33
338,009	3313,33
338,232	3416,33
338,455	3542,33
338,677	3372,33
338,9	3361,33
339,122	3450,33
339,345	3257,33
339,568	3238,33
339,79	3292,33
340,013	3453,33
340,235	3157,33
340,458	3219,33
340,68	3417,33
340,903	3308,33
341,125	3260,33
341,348	3310,33
341,57	3329,33
341,793	3712,33
342,015	3124,33
342,238	3343,33
342,46	3359,33
342,682	3330,33
342,905	3317,33
343,127	3357,33
343,349	3310,33
343,572	3299,33
343,794	3149,33
344,016	3193,33
344,239	3334,33
344,461	3165,33
344,683	3149,33
344,905	3234,33
345,128	3209,33
345,35	3409,33
345,572	3431,33
345,794	3468,33
346,017	3354,33
346,239	3327,33
346,461	3241,33
346,683	3275,33
346,905	3374,33
347,127	3339,33
347,349	3319,33
347,571	3342,33
347,793	3475,33
348,016	3296,33
348,238	3293,33
348,46	3327,33
348,682	3271,33
348,904	3375,33
349,126	3355,33
349,348	3329,33
349,57	3399,33
349,792	3237,33
350,014	3364,33
350,235	3292,33
350,457	4070,33
350,679	3340,33
350,901	3107,33
351,123	3167,33
351,345	3263,33
351,567	3365,33
351,789	3275,33
352,01	3361,33
352,232	3250,33
352,454	3196,33
352,676	3256,33
352,897	3185,33
353,119	3141,33
353,341	3100,33
353,563	3056,33
353,784	3187,33
354,006	3133,33
354,228	3137,33
354,449	3187,33
354,671	3304,33
354,893	3299,33
355,114	3263,33
355,336	3249,33
355,558	3233,33
355,779	3217,33
356,001	3257,33
356,222	3350,33
356,444	3144,33
356,665	3718,33
356,887	3185,33
357,108	3172,33
357,33	3233,33
357,551	3404,33
357,773	3457,33
357,994	3187,33
358,216	3100,33
358,437	3428,33
358,659	3430,33
358,88	3149,33
359,101	3200,33
359,323	3269,33
359,544	3159,33
359,765	3131,33
359,987	3351,33
360,208	3219,33
360,429	3297,33
360,651	3153,33
360,872	3430,33
361,093	3256,33
361,314	3318,33
361,536	3198,33
361,757	3229,33
361,978	3161,33
362,199	3094,33
362,42	3031,33
362,642	3167,33
362,863	3220,33
363,084	3111,33
363,305	3025,33
363,526	3209,33
363,747	2968,33
363,968	3250,33
364,189	3386,33
364,41	3109,33
364,631	3029,33
364,852	3275,33
365,073	3150,33
365,294	3205,33
365,515	2972,33
365,736	3307,33
365,957	3185,33
366,178	3110,33
366,399	3226,33
366,62	3326,33
366,841	3281,33
367,062	3284,33
367,283	2963,33
367,504	3256,33
367,724	3104,33
367,945	3057,33
368,166	3383,33
368,387	3242,33
368,608	3177,33
368,828	3430,33
369,049	3133,33
369,27	3077,33
369,491	3157,33
369,711	3247,33
369,932	3404,33
370,153	3223,33
370,373	3246,33
370,594	3383,33
370,815	3228,33
371,035	3417,33
371,256	3049,33
371,477	3091,33
371,697	3264,33
371,918	3041,33
372,138	3268,33
372,359	3366,33
372,579	3168,33
372,8	3196,33
373,02	3319,33
373,241	3117,33
373,461	3241,33
373,682	3207,33
373,902	3227,33
374,123	3114,33
374,343	3309,33
374,564	3158,33
374,784	3191,33
375,004	3254,33
375,225	3109,33
375,445	3148,33
375,666	3343,33
375,886	3047,33
376,106	3118,33
376,326	3121,33
376,547	3503,33
376,767	3340,33
376,987	3162,33
377,208	3262,33
377,428	3064,33
377,648	3317,33
377,868	3362,33
378,088	3467,33
378,309	3430,33
378,529	3367,33
378,749	3421,33
378,969	3270,33
379,189	3341,33
379,409	3304,33
379,629	3264,33
379,849	3480,33
380,069	3258,33
380,29	3205,33
380,51	3295,33
380,73	3385,33
380,95	3484,33
381,17	3324,33
381,39	3314,33
381,61	3116,33
381,829	3174,33
382,049	3218,33
382,269	3154,33
382,489	3317,33
382,709	3229,33
382,929	3311,33
383,149	3260,33
383,369	3545,33
383,589	3257,33
383,808	3350,33
384,028	3245,33
384,248	3325,33
384,468	3181,33
384,688	3257,33
384,907	3225,33
385,127	3235,33
385,347	3333,33
385,567	3358,33
385,786	3353,33
386,006	3327,33
386,226	3440,33
386,445	3253,33
386,665	3368,33
386,885	3532,33
387,104	3309,33
387,324	3381,33
387,543	3272,33
387,763	3490,33
387,982	3484,33
388,202	3405,33
388,422	3407,33
388,641	3328,33
388,861	3380,33
389,08	3488,33
389,3	3287,33
389,519	3538,33
389,738	3376,33
389,958	3411,33
390,177	3357,33
390,397	3420,33
390,616	3343,33
390,836	3475,33
391,055	3325,33
391,274	3535,33
391,494	3444,33
391,713	3422,33
391,932	3615,33
392,151	3562,33
392,371	3535,33
392,59	3631,33
392,809	3628,33
393,029	3638,33
393,248	3575,33
393,467	3175,33
393,686	3276,33
393,905	4486,33
394,124	3264,33
394,344	3392,33
394,563	3397,33
394,782	3378,33
395,001	3504,33
395,22	3271,33
395,439	3434,33
395,658	3298,33
395,877	3447,33
396,096	3323,33
396,315	3597,33
396,534	3401,33
396,753	3604,33
396,972	3374,33
397,191	3536,33
397,41	3559,33
397,629	3567,33
397,848	3538,33
398,067	3725,33
398,286	3546,33
398,505	3599,33
398,724	3638,33
398,943	4153,33
399,161	3302,33
399,38	3549,33
399,599	3477,33
399,818	3450,33
400,037	3268,33
400,255	3428,33
400,474	3237,33
400,693	3451,33
400,912	3529,33
401,13	3364,33
401,349	3347,33
401,568	3151,33
401,786	3424,33
402,005	3396,33
402,224	3234,33
402,442	3324,33
402,661	3421,33
402,88	3307,33
403,098	3209,33
403,317	3311,33
403,535	3348,33
403,754	3183,33
403,972	3228,33
404,191	3280,33
404,409	3346,33
404,628	4029,33
404,846	3463,33
405,065	3423,33
405,283	3389,33
405,502	3312,33
405,72	3339,33
405,938	3343,33
406,157	3130,33
406,375	3221,33
406,594	3300,33
406,812	3244,33
407,03	3256,33
407,249	3042,33
407,467	3292,33
407,685	3357,33
407,903	3084,33
408,122	3434,33
408,34	3271,33
408,558	3177,33
408,776	3124,33
408,995	3115,33
409,213	3287,33
409,431	3367,33
409,649	3460,33
409,867	3170,33
410,085	3237,33
410,303	3212,33
410,522	3071,33
410,74	3024,33
410,958	3118,33
411,176	3173,33
411,394	3108,33
411,612	3105,33
411,83	3338,33
412,048	3157,33
412,266	3128,33
412,484	3164,33
412,702	3415,33
412,92	2988,33
413,138	3291,33
413,356	3039,33
413,573	3209,33
413,791	3515,33
414,009	3112,33
414,227	3366,33
414,445	3067,33
414,663	3063,33
414,881	3135,33
415,098	2941,33
415,316	3035,33
415,534	3442,33
415,752	3067,33
415,969	3232,33
416,187	2919,33
416,405	3058,33
416,623	3128,33
416,84	2912,33
417,058	3083,33
417,276	3197,33
417,493	3082,33
417,711	2991,33
417,928	3177,33
418,146	2972,33
418,364	3272,33
418,581	3057,33
418,799	2974,33
419,016	2857,33
419,234	2912,33
419,451	3577,33
419,669	3087,33
419,886	3106,33
420,104	3008,33
420,321	3149,33
420,539	3024,33
420,756	3325,33
420,974	3164,33
421,191	3156,33
421,408	3324,33
421,626	3326,33
421,843	3155,33
422,06	3282,33
422,278	3059,33
422,495	3197,33
422,712	3200,33
422,93	2894,33
423,147	3169,33
423,364	3085,33
423,581	3208,33
423,799	2939,33
424,016	3102,33
424,233	3066,33
424,45	3054,33
424,667	3096,33
424,884	2914,33
425,102	3097,33
425,319	2855,33
425,536	2886,33
425,753	3078,33
425,97	2955,33
426,187	3027,33
426,404	2815,33
426,621	3208,33
426,838	3167,33
427,055	3208,33
427,272	3157,33
427,489	2916,33
427,706	2960,33
427,923	2895,33
428,14	3085,33
428,357	3263,33
428,574	3042,33
428,791	3118,33
429,008	3172,33
429,224	3033,33
429,441	3063,33
429,658	3210,33
429,875	3398,33
430,092	3325,33
430,308	3250,33
430,525	3206,33
430,742	3125,33
430,959	3083,33
431,175	2845,33
431,392	2788,33
431,609	2973,33
431,826	2810,33
432,042	2897,33
432,259	2764,33
432,476	3165,33
432,692	2783,33
432,909	2904,33
433,125	2999,33
433,342	3063,33
433,559	3130,33
433,775	3053,33
433,992	2836,33
434,208	2744,33
434,425	2870,33
434,641	3032,33
434,858	3107,33
435,074	2924,33
435,291	2819,33
435,507	2838,33
435,723	2890,33
435,94	2899,33
436,156	2843,33
436,373	3054,33
436,589	2973,33
436,805	2830,33
437,022	2879,33
437,238	2825,33
437,454	2927,33
437,671	2889,33
437,887	2925,33
438,103	2826,33
438,319	2830,33
438,536	2983,33
438,752	2991,33
438,968	2872,33
439,184	2887,33
439,4	2817,33
439,616	2656,33
439,833	2905,33
440,049	2791,33
440,265	3134,33
440,481	2945,33
440,697	3020,33
440,913	3259,33
441,129	3130,33
441,345	3191,33
441,561	3086,33
441,777	2937,33
441,993	2967,33
442,209	2920,33
442,425	2884,33
442,641	2919,33
442,857	2998,33
443,073	2977,33
443,289	2941,33
443,505	2970,33
443,721	3085,33
443,937	2977,33
444,152	2855,33
444,368	2977,33
444,584	2942,33
444,8	3018,33
445,016	2834,33
445,231	2832,33
445,447	2914,33
445,663	2916,33
445,879	2872,33
446,094	3001,33
446,31	3008,33
446,526	2949,33
446,742	2956,33
446,957	2839,33
447,173	2875,33
447,388	2977,33
447,604	2927,33
447,82	2784,33
448,035	2888,33
448,251	2803,33
448,466	2897,33
448,682	2791,33
448,897	2750,33
449,113	2903,33
449,328	2915,33
449,544	2693,33
449,759	3159,33
449,975	2580,33
450,19	2798,33
450,406	2757,33
450,621	2716,33
450,836	2711,33
451,052	2731,33
451,267	2776,33
451,483	2746,33
451,698	2583,33
451,913	2756,33
452,129	2752,33
452,344	2556,33
452,559	2859,33
452,774	2729,33
452,99	2613,33
453,205	2706,33
453,42	2787,33
453,635	2813,33
453,85	2653,33
454,066	2674,33
454,281	2717,33
454,496	2997,33
454,711	2778,33
454,926	2765,33
455,141	2641,33
455,356	2626,33
455,571	2696,33
455,786	2735,33
456,001	2673,33
456,217	2548,33
456,432	2741,33
456,647	2772,33
456,861	2706,33
457,076	2650,33
457,291	2850,33
457,506	2678,33
457,721	2745,33
457,936	2771,33
458,151	2671,33
458,366	2957,33
458,581	2665,33
458,796	2965,33
459,01	2795,33
459,225	2726,33
459,44	2618,33
459,655	2817,33
459,87	2550,33
460,084	2603,33
460,299	2503,33
460,514	2656,33
460,729	3161,33
460,943	2543,33
461,158	2502,33
461,373	2666,33
461,587	2468,33
461,802	2451,33
462,016	2716,33
462,231	2555,33
462,446	2639,33
462,66	2612,33
462,875	2656,33
463,089	2653,33
463,304	2727,33
463,518	2466,33
463,733	2680,33
463,947	2744,33
464,162	2706,33
464,376	2723,33
464,591	2912,33
464,805	2693,33
465,02	2844,33
465,234	2798,33
465,448	2792,33
465,663	2859,33
465,877	2674,33
466,091	2525,33
466,306	2753,33
466,52	2908,33
466,734	2601,33
466,949	2585,33
467,163	2720,33
467,377	2563,33
467,591	2643,33
467,806	2585,33
468,02	2506,33
468,234	2365,33
468,448	2650,33
468,662	2518,33
468,876	2683,33
469,091	2431,33
469,305	2546,33
469,519	2423,33
469,733	2363,33
469,947	2433,33
470,161	2615,33
470,375	2338,33
470,589	2569,33
470,803	2457,33
471,017	2443,33
471,231	2439,33
471,445	2398,33
471,659	2642,33
471,873	2347,33
472,087	2387,33
472,301	2704,33
472,515	2402,33
472,728	2407,33
472,942	2436,33
473,156	2517,33
473,37	2553,33
473,584	2453,33
473,798	2537,33
474,011	2519,33
474,225	2511,33
474,439	2712,33
474,653	2651,33
474,866	2660,33
475,08	2634,33
475,294	2640,33
475,507	2457,33
475,721	2576,33
475,935	2568,33
476,148	2450,33
476,362	2326,33
476,576	2459,33
476,789	2641,33
477,003	2604,33
477,216	2618,33
477,43	2602,33
477,643	2653,33
477,857	2661,33
478,07	2523,33
478,284	2732,33
478,497	2425,33
478,711	2494,33
478,924	2519,33
479,138	2582,33
479,351	2570,33
479,564	2511,33
479,778	2587,33
479,991	2562,33
480,204	2662,33
480,418	2685,33
480,631	2572,33
480,844	2662,33
481,058	2700,33
481,271	2587,33
481,484	2748,33
481,697	2607,33
481,911	2593,33
482,124	2588,33
482,337	2587,33
482,55	2530,33
482,763	2530,33
482,976	2709,33
483,19	2569,33
483,403	2637,33
483,616	2752,33
483,829	2774,33
484,042	2781,33
484,255	2792,33
484,468	2759,33
484,681	2744,33
484,894	3137,33
485,107	4597,33
485,32	5565,33
485,533	5632,33
485,746	5065,33
485,959	4325,33
486,172	3673,33
486,385	3030,33
486,598	3039,33
486,81	2739,33
487,023	2855,33
487,236	2825,33
487,449	2729,33
487,662	2570,33
487,875	2585,33
488,087	2671,33
488,3	2599,33
488,513	2460,33
488,726	2508,33
488,938	2713,33
489,151	2651,33
489,364	2673,33
489,576	2473,33
489,789	2688,33
490,002	2643,33
490,214	2550,33
490,427	2454,33
490,64	2581,33
490,852	2597,33
491,065	2525,33
491,277	2637,33
491,49	2579,33
491,702	2345,33
491,915	2603,33
492,127	2678,33
492,34	2605,33
492,552	2581,33
492,765	2715,33
492,977	2803,33
493,19	2539,33
493,402	2631,33
493,614	2597,33
493,827	2561,33
494,039	2613,33
494,251	2593,33
494,464	2411,33
494,676	2340,33
494,888	2480,33
495,101	2461,33
495,313	2516,33
495,525	2617,33
495,737	2775,33
495,95	2792,33
496,162	2706,33
496,374	2580,33
496,586	2500,33
496,798	2487,33
497,01	2483,33
497,222	2319,33
497,435	2571,33
497,647	2455,33
497,859	2455,33
498,071	2526,33
498,283	2343,33
498,495	2411,33
498,707	2801,33
498,919	2447,33
499,131	2876,33
499,343	2464,33
499,555	2588,33
499,767	2663,33
499,979	2469,33
500,191	2609,33
500,402	2403,33
500,614	2617,33
500,826	2648,33
501,038	2443,33
501,25	2585,33
501,462	2487,33
501,673	2550,33
501,885	2412,33
502,097	2664,33
502,309	2590,33
502,521	2692,33
502,732	2489,33
502,944	2494,33
503,156	2407,33
503,367	2517,33
503,579	2349,33
503,791	2449,33
504,002	2461,33
504,214	2553,33
504,425	2776,33
504,637	2703,33
504,849	2247,33
505,06	2418,33
505,272	2524,33
505,483	2481,33
505,695	2500,33
505,906	2377,33
506,118	2465,33
506,329	2364,33
506,541	2286,33
506,752	2503,33
506,963	2380,33
507,175	2119,33
507,386	2545,33
507,598	2550,33
507,809	2364,33
508,02	2407,33
508,232	2489,33
508,443	2218,33
508,654	2630,33
508,865	2416,33
509,077	2212,33
509,288	2320,33
509,499	2572,33
509,71	2258,33
509,922	2493,33
510,133	2305,33
510,344	2497,33
510,555	2325,33
510,766	2435,33
510,977	2333,33
511,188	2297,33
511,4	2308,33
511,611	2267,33
511,822	2350,33
512,033	2475,33
512,244	2327,33
512,455	2316,33
512,666	2277,33
512,877	2372,33
513,088	2255,33
513,299	2330,33
513,51	2337,33
513,721	2306,33
513,931	2319,33
514,142	2411,33
514,353	2432,33
514,564	2049,33
514,775	2204,33
514,986	2298,33
515,196	2365,33
515,407	2190,33
515,618	2257,33
515,829	1987,33
516,04	2294,33
516,25	2183,33
516,461	2231,33
516,672	2247,33
516,882	2034,33
517,093	2284,33
517,304	2085,33
517,514	2072,33
517,725	2257,33
517,936	2109,33
518,146	2151,33
518,357	2331,33
518,567	2171,33
518,778	2429,33
518,988	2156,33
519,199	2316,33
519,409	2101,33
519,62	2223,33
519,83	2172,33
520,041	2151,33
520,251	2241,33
520,462	2273,33
520,672	2094,33
520,882	2026,33
521,093	2177,33
521,303	2286,33
521,513	2122,33
521,724	3264,33
521,934	2067,33
522,144	2195,33
522,355	2040,33
522,565	2207,33
522,775	2088,33
522,985	2157,33
523,196	2187,33
523,406	2020,33
523,616	2323,33
523,826	2138,33
524,036	2953,33
524,246	2071,33
524,457	2043,33
524,667	2028,33
524,877	2203,33
525,087	2069,33
525,297	2056,33
525,507	2146,33
525,717	2032,33
525,927	2232,33
526,137	2070,33
526,347	2092,33
526,557	2018,33
526,767	2142,33
526,977	2411,33
527,187	2134,33
527,397	1959,33
527,607	2067,33
527,816	2127,33
528,026	2166,33
528,236	2172,33
528,446	2175,33
528,656	2192,33
528,865	2418,33
529,075	2101,33
529,285	2104,33
529,495	2112,33
529,704	2222,33
529,914	2101,33
530,124	2072,33
530,334	1985,33
530,543	2075,33
530,753	2455,33
530,963	2541,33
531,172	2184,33
531,382	1937,33
531,591	2379,33
531,801	2003,33
532,01	2157,33
532,22	2152,33
532,43	2181,33
532,639	2531,33
532,849	2169,33
533,058	2075,33
533,267	2287,33
533,477	2126,33
533,686	2050,33
533,896	2071,33
534,105	2035,33
534,315	2088,33
534,524	2158,33
534,733	2093,33
534,943	2251,33
535,152	2242,33
535,361	1961,33
535,57	2066,33
535,78	2083,33
535,989	1998,33
536,198	2050,33
536,407	2023,33
536,617	2128,33
536,826	2159,33
537,035	2177,33
537,244	2074,33
537,453	1961,33
537,662	2145,33
537,872	2329,33
538,081	2041,33
538,29	2094,33
538,499	2035,33
538,708	2086,33
538,917	2074,33
539,126	2207,33
539,335	2225,33
539,544	2590,33
539,753	1972,33
539,962	2277,33
540,171	2076,33
540,38	2332,33
540,589	2093,33
540,797	2207,33
541,006	2096,33
541,215	2011,33
541,424	2244,33
541,633	2135,33
541,842	2047,33
542,05	2410,33
542,259	2192,33
542,468	2092,33
542,677	2044,33
542,885	2108,33
543,094	2286,33
543,303	2017,33
543,512	2239,33
543,72	2174,33
543,929	2209,33
544,138	2127,33
544,346	2045,33
544,555	2023,33
544,763	2156,33
544,972	2094,33
545,18	2008,33
545,389	2040,33
545,598	1975,33
545,806	2203,33
546,015	2123,33
546,223	2086,33
546,431	2140,33
546,64	2063,33
546,848	2065,33
547,057	2047,33
547,265	2062,33
547,474	2110,33
547,682	2226,33
547,89	2189,33
548,099	2208,33
548,307	2082,33
548,515	2227,33
548,723	2023,33
548,932	2017,33
549,14	2156,33
549,348	2229,33
549,556	2037,33
549,765	2069,33
549,973	2035,33
550,181	2144,33
550,389	2177,33
550,597	2211,33
550,805	1973,33
551,014	2320,33
551,222	6061,33
551,43	2106,33
551,638	2140,33
551,846	2431,33
552,054	2278,33
552,262	2249,33
552,47	2065,33
552,678	2066,33
552,886	2099,33
553,094	1989,33
553,302	2137,33
553,51	2122,33
553,717	2199,33
553,925	1995,33
554,133	2415,33
554,341	2009,33
554,549	2157,33
554,757	2060,33
554,965	2072,33
555,172	2119,33
555,38	2468,33
555,588	2006,33
555,796	2221,33
556,003	2287,33
556,211	2072,33
556,419	2179,33
556,626	2215,33
556,834	2093,33
557,042	2126,33
557,249	2153,33
557,457	1949,33
557,664	1954,33
557,872	2099,33
558,08	2015,33
558,287	2113,33
558,495	2245,33
558,702	1988,33
558,91	2163,33
559,117	2085,33
559,325	1982,33
559,532	2149,33
559,74	2373,33
559,947	2077,33
560,154	2347,33
560,362	2133,33
560,569	1994,33
560,776	2146,33
560,984	2241,33
561,191	2146,33
561,398	2136,33
561,606	2596,33
561,813	2190,33
562,02	1982,33
562,227	2026,33
562,435	2148,33
562,642	2227,33
562,849	2237,33
563,056	2211,33
563,263	2128,33
563,471	2352,33
563,678	2304,33
563,885	2116,33
564,092	2272,33
564,299	2350,33
564,506	2293,33
564,713	2209,33
564,92	2317,33
565,127	2393,33
565,334	2257,33
565,541	2571,33
565,748	2357,33
565,955	2160,33
566,162	2377,33
566,369	2377,33
566,576	2342,33
566,783	2405,33
566,99	2305,33
567,196	2402,33
567,403	2323,33
567,61	2503,33
567,817	2316,33
568,024	2556,33
568,23	2418,33
568,437	2406,33
568,644	2560,33
568,851	2482,33
569,057	2917,33
569,264	2635,33
569,471	2534,33
569,677	2616,33
569,884	2676,33
570,091	2798,33
570,297	3817,33
570,504	2870,33
570,71	2660,33
570,917	2745,33
571,123	2607,33
571,33	2740,33
571,536	2751,33
571,743	2906,33
571,949	2558,33
572,156	2555,33
572,362	2789,33
572,569	2622,33
572,775	2826,33
572,982	2907,33
573,188	2757,33
573,394	2733,33
573,601	2731,33
573,807	2691,33
574,013	3109,33
574,22	2910,33
574,426	2711,33
574,632	2818,33
574,838	2828,33
575,045	2652,33
575,251	2683,33
575,457	2709,33
575,663	2958,33
575,869	2769,33
576,076	2810,33
576,282	2919,33
576,488	2820,33
576,694	2945,33
576,9	2760,33
577,106	2968,33
577,312	2956,33
577,518	3141,33
577,724	2963,33
577,93	2954,33
578,136	2850,33
578,342	2828,33
578,548	2769,33
578,754	2744,33
578,96	2788,33
579,166	2881,33
579,372	3159,33
579,578	2883,33
579,784	3007,33
579,989	2943,33
580,195	2784,33
580,401	2886,33
580,607	3100,33
580,813	3426,33
581,018	3473,33
581,224	3279,33
581,43	3177,33
581,636	3213,33
581,841	3200,33
582,047	3012,33
582,253	2994,33
582,458	2909,33
582,664	2815,33
582,869	2802,33
583,075	2635,33
583,281	3265,33
583,486	2825,33
583,692	2841,33
583,897	3087,33
584,103	2959,33
584,308	3013,33
584,514	3010,33
584,719	3158,33
584,925	3070,33
585,13	2978,33
585,335	2954,33
585,541	2935,33
585,746	2977,33
585,952	2831,33
586,157	2827,33
586,362	2708,33
586,568	2876,33
586,773	2989,33
586,978	2833,33
587,183	2923,33
587,389	2911,33
587,594	2732,33
587,799	2789,33
588,004	2889,33
588,21	2832,33
588,415	2618,33
588,62	2702,33
588,825	2773,33
589,03	2684,33
589,235	3183,33
589,44	2762,33
589,645	2557,33
589,85	2816,33
590,055	2971,33
590,26	2589,33
590,465	2641,33
590,67	2704,33
590,875	2733,33
591,08	2733,33
591,285	2635,33
591,49	2691,33
591,695	2618,33
591,9	2391,33
592,105	2612,33
592,31	2644,33
592,515	2954,33
592,719	2742,33
592,924	2587,33
593,129	2614,33
593,334	2645,33
593,539	2498,33
593,743	2633,33
593,948	2450,33
594,153	2476,33
594,357	2725,33
594,562	2565,33
594,767	3016,33
594,971	2526,33
595,176	2548,33
595,381	2640,33
595,585	2433,33
595,79	2665,33
595,994	2316,33
596,199	2916,33
596,403	2143,33
596,608	2297,33
596,812	2398,33
597,017	2644,33
597,221	2685,33
597,426	2591,33
597,63	2431,33
597,835	2334,33
598,039	2371,33
598,243	2385,33
598,448	2677,33
598,652	2326,33
598,856	2442,33
599,061	2513,33
599,265	2306,33
599,469	2404,33
599,673	2453,33
599,878	2477,33
600,082	2305,33
600,286	2326,33
600,49	2490,33
600,695	2140,33
600,899	2279,33
601,103	2483,33
601,307	2360,33
601,511	2372,33
601,715	2192,33
601,919	2168,33
602,123	2441,33
602,327	2379,33
602,531	2224,33
602,735	2414,33
602,939	2497,33
603,143	2214,33
603,347	2342,33
603,551	2486,33
603,755	2284,33
603,959	2288,33
604,163	2337,33
604,367	2184,33
604,571	2173,33
604,775	2335,33
604,978	2198,33
605,182	2095,33
605,386	2241,33
605,59	2227,33
605,793	2222,33
605,997	2367,33
606,201	2301,33
606,405	2206,33
606,608	2305,33
606,812	2169,33
607,016	2262,33
607,219	2152,33
607,423	2102,33
607,627	2324,33
607,83	2156,33
608,034	2105,33
608,237	2259,33
608,441	2058,33
608,644	2310,33
608,848	2293,33
609,051	2139,33
609,255	2054,33
609,458	2310,33
609,662	2106,33
609,865	2155,33
610,069	2078,33
610,272	1993,33
610,475	2023,33
610,679	2233,33
610,882	2115,33
611,085	2183,33
611,289	2175,33
611,492	2063,33
611,695	1980,33
611,898	2075,33
612,102	2135,33
612,305	2071,33
612,508	2144,33
612,711	2234,33
612,914	1976,33
613,118	2137,33
613,321	2184,33
613,524	1994,33
613,727	1988,33
613,93	1983,33
614,133	2106,33
614,336	2107,33
614,539	2039,33
614,742	1942,33
614,945	2033,33
615,148	2150,33
615,351	2003,33
615,554	2201,33
615,757	2025,33
615,96	2048,33
616,163	1921,33
616,366	2121,33
616,569	2007,33
616,772	2214,33
616,974	2025,33
617,177	2239,33
617,38	2015,33
617,583	2070,33
617,786	1988,33
617,988	1875,33
618,191	2108,33
618,394	1898,33
618,596	1846,33
618,799	1922,33
619,002	2048,33
619,204	1930,33
619,407	2013,33
619,61	1825,33
619,812	1924,33
620,015	1950,33
620,217	2054,33
620,42	1989,33
620,623	1824,33
620,825	1938,33
621,028	2141,33
621,23	2039,33
621,432	1996,33
621,635	2136,33
621,837	2149,33
622,04	1885,33
622,242	1911,33
622,445	1985,33
622,647	2016,33
622,849	2037,33
623,052	1803,33
623,254	2018,33
623,456	1835,33
623,658	2023,33
623,861	2057,33
624,063	1755,33
624,265	2057,33
624,467	1994,33
624,67	1866,33
624,872	1977,33
625,074	2114,33
625,276	2063,33
625,478	2111,33
625,68	1775,33
625,882	1849,33
626,084	1880,33
626,287	2114,33
626,489	2015,33
626,691	1937,33
626,893	1963,33
627,095	2027,33
627,297	1975,33
627,499	1772,33
627,7	1773,33
627,902	1766,33
628,104	1641,33
628,306	1839,33
628,508	1812,33
628,71	1969,33
628,912	1994,33
629,114	2140,33
629,315	1918,33
629,517	1796,33
629,719	1761,33
629,921	1863,33
630,122	1803,33
630,324	1740,33
630,526	1999,33
630,728	1898,33
630,929	1813,33
631,131	1816,33
631,332	2114,33
631,534	1961,33
631,736	1911,33
631,937	1715,33
632,139	1848,33
632,34	1778,33
632,542	2020,33
632,743	1942,33
632,945	1735,33
633,146	1817,33
633,348	1902,33
633,549	1857,33
633,751	1831,33
633,952	1908,33
634,154	1589,33
634,355	1586,33
634,556	1856,33
634,758	1821,33
634,959	1879,33
635,16	1977,33
635,362	1815,33
635,563	1854,33
635,764	1880,33
635,965	2015,33
636,167	1829,33
636,368	1792,33
636,569	1784,33
636,77	1877,33
636,971	1743,33
637,172	1883,33
637,374	1559,33
637,575	1997,33
637,776	1635,33
637,977	1595,33
638,178	1859,33
638,379	1903,33
638,58	1854,33
638,781	1603,33
638,982	1821,33
639,183	1783,33
639,384	1706,33
639,585	1714,33
639,786	1672,33
639,987	1700,33
640,187	1910,33
640,388	1905,33
640,589	1469,33
640,79	1783,33
640,991	1707,33
641,192	1849,33
641,392	1621,33
641,593	1650,33
641,794	1603,33
641,995	1665,33
642,195	1539,33
642,396	1686,33
642,597	1619,33
642,797	1744,33
642,998	1821,33
643,199	1705,33
643,399	1821,33
643,6	1643,33
643,8	1597,33
644,001	1725,33
644,202	1751,33
644,402	1570,33
644,603	1788,33
644,803	1476,33
645,004	1775,33
645,204	1600,33
645,404	1744,33
645,605	2059,33
645,805	1509,33
646,006	1597,33
646,206	2138,33
646,406	1608,33
646,607	1613,33
646,807	1539,33
647,007	-22,67
647,208	-9,67
647,408	71,33
647,608	-2,67
