200,697	1001,5
200,927	-12,5
201,158	-14,5
201,388	16,5
201,618	1356,5
201,849	1151,5
202,079	1377,5
202,309	1331,5
202,539	1441,5
202,77	1320,5
203	1411,5
203,23	1347,5
203,46	1384,5
203,691	1463,5
203,921	1487,5
204,151	1361,5
204,381	1373,5
204,611	1471,5
204,841	1323,5
205,071	1325,5
205,302	1514,5
205,532	1475,5
205,762	3409,5
205,992	1332,5
206,222	1365,5
206,452	1431,5
206,682	1379,5
206,912	1481,5
207,142	1478,5
207,372	1444,5
207,602	1311,5
207,832	1311,5
208,062	1626,5
208,292	1386,5
208,522	1249,5
208,752	1404,5
208,982	1381,5
209,212	1651,5
209,442	1339,5
209,672	1287,5
209,902	1168,5
210,131	1537,5
210,361	1312,5
210,591	1434,5
210,821	1422,5
211,051	1597,5
211,281	1445,5
211,51	1437,5
211,74	1489,5
211,97	1353,5
212,2	1418,5
212,429	1669,5
212,659	1384,5
212,889	1388,5
213,119	1306,5
213,348	1322,5
213,578	1541,5
213,808	1471,5
214,037	1569,5
214,267	1467,5
214,497	1433,5
214,726	1367,5
214,956	1319,5
215,186	1395,5
215,415	1434,5
215,645	1422,5
215,874	1487,5
216,104	1332,5
216,333	1442,5
216,563	1443,5
216,792	1496,5
217,022	1513,5
217,251	1449,5
217,481	1538,5
217,71	1364,5
217,94	1473,5
218,169	1517,5
218,399	1471,5
218,628	1283,5
218,858	1611,5
219,087	1421,5
219,316	1575,5
219,546	1360,5
219,775	1501,5
220,004	1655,5
220,234	1384,5
220,463	1413,5
220,692	1418,5
220,922	1481,5
221,151	1520,5
221,38	1504,5
221,61	1811,5
221,839	1679,5
222,068	1418,5
222,297	1573,5
222,526	1532,5
222,756	1497,5
222,985	1622,5
223,214	1466,5
223,443	1424,5
223,672	1931,5
223,902	1382,5
224,131	1501,5
224,36	1589,5
224,589	1347,5
224,818	1455,5
225,047	1531,5
225,276	1383,5
225,505	1677,5
225,734	1478,5
225,963	1409,5
226,192	1423,5
226,421	1414,5
226,65	1484,5
226,879	1537,5
227,108	1463,5
227,337	1789,5
227,566	1684,5
227,795	1462,5
228,024	1512,5
228,253	1561,5
228,482	1329,5
228,711	1533,5
228,94	1194,5
229,168	1503,5
229,397	1386,5
229,626	1468,5
229,855	1405,5
230,084	1395,5
230,313	1327,5
230,541	1548,5
230,77	1405,5
230,999	1301,5
231,228	1684,5
231,456	1547,5
231,685	1431,5
231,914	1486,5
232,143	1466,5
232,371	1543,5
232,6	1410,5
232,829	1479,5
233,057	1505,5
233,286	1465,5
233,515	1440,5
233,743	1511,5
233,972	1372,5
234,2	1498,5
234,429	1436,5
234,658	1560,5
234,886	1362,5
235,115	1471,5
235,343	1471,5
235,572	1393,5
235,8	1505,5
236,029	1698,5
236,257	1407,5
236,486	1517,5
236,714	1609,5
236,943	1464,5
237,171	1427,5
237,399	1440,5
237,628	1544,5
237,856	1666,5
238,085	1509,5
238,313	1375,5
238,541	1399,5
238,77	1713,5
238,998	1351,5
239,226	1519,5
239,455	1459,5
239,683	1490,5
239,911	1401,5
240,14	1591,5
240,368	1559,5
240,596	1476,5
240,824	1472,5
241,053	1424,5
241,281	1412,5
241,509	1437,5
241,737	1453,5
241,965	1335,5
242,193	1387,5
242,422	1359,5
242,65	1425,5
242,878	1409,5
243,106	1474,5
243,334	1473,5
243,562	1522,5
243,79	1502,5
244,018	1513,5
244,246	1459,5
244,474	1496,5
244,702	1386,5
244,93	1513,5
245,158	1460,5
245,386	1362,5
245,614	1463,5
245,842	1610,5
246,07	1323,5
246,298	1374,5
246,526	1910,5
246,754	1421,5
246,982	1523,5
247,21	1452,5
247,438	1194,5
247,666	1437,5
247,893	1406,5
248,121	1578,5
248,349	1430,5
248,577	1483,5
248,805	1583,5
249,033	1440,5
249,26	1455,5
249,488	1420,5
249,716	1463,5
249,944	1413,5
250,171	1369,5
250,399	1448,5
250,627	1659,5
250,854	1436,5
251,082	1397,5
251,31	1563,5
251,537	1457,5
251,765	1690,5
251,993	1356,5
252,22	1786,5
252,448	1422,5
252,676	1533,5
252,903	1438,5
253,131	1788,5
253,358	1415,5
253,586	1327,5
253,813	1378,5
254,041	1523,5
254,268	1471,5
254,496	1341,5
254,723	1405,5
254,951	1432,5
255,178	1433,5
255,406	1424,5
255,633	1534,5
255,86	1794,5
256,088	1461,5
256,315	1359,5
256,543	1535,5
256,77	1527,5
256,997	1345,5
257,225	1476,5
257,452	1412,5
257,679	1279,5
257,907	1546,5
258,134	1405,5
258,361	1532,5
258,588	1417,5
258,816	1520,5
259,043	1359,5
259,27	1463,5
259,497	1577,5
259,725	1431,5
259,952	1487,5
260,179	1325,5
260,406	1469,5
260,633	1439,5
260,86	1272,5
261,088	1407,5
261,315	1624,5
261,542	1342,5
261,769	1416,5
261,996	1725,5
262,223	1612,5
262,45	1691,5
262,677	1337,5
262,904	1424,5
263,131	1508,5
263,358	1435,5
263,585	1555,5
263,812	1747,5
264,039	1578,5
264,266	1422,5
264,493	1473,5
264,72	1381,5
264,947	1639,5
265,174	1683,5
265,401	1584,5
265,627	1665,5
265,854	1532,5
266,081	1548,5
266,308	1425,5
266,535	1597,5
266,762	1495,5
266,988	1605,5
267,215	1419,5
267,442	1535,5
267,669	1639,5
267,896	1472,5
268,122	1665,5
268,349	1571,5
268,576	1314,5
268,802	1489,5
269,029	1489,5
269,256	1518,5
269,482	1496,5
269,709	1435,5
269,936	1464,5
270,162	1586,5
270,389	1484,5
270,616	1527,5
270,842	1593,5
271,069	1530,5
271,295	1479,5
271,522	1420,5
271,748	1481,5
271,975	1545,5
272,201	1619,5
272,428	1478,5
272,654	1465,5
272,881	1721,5
273,107	1419,5
273,334	1494,5
273,56	1567,5
273,787	1402,5
274,013	1502,5
274,239	1737,5
274,466	1225,5
274,692	1357,5
274,918	1506,5
275,145	1463,5
275,371	1383,5
275,597	1618,5
275,824	1479,5
276,05	1503,5
276,276	1526,5
276,503	1295,5
276,729	1554,5
276,955	1402,5
277,181	1494,5
277,407	1394,5
277,634	1553,5
277,86	1514,5
278,086	1606,5
278,312	1445,5
278,538	1357,5
278,764	1477,5
278,991	1586,5
279,217	1387,5
279,443	1413,5
279,669	1361,5
279,895	1516,5
280,121	1444,5
280,347	1520,5
280,573	1415,5
280,799	1359,5
281,025	1610,5
281,251	1388,5
281,477	1515,5
281,703	1369,5
281,929	1472,5
282,155	1455,5
282,381	1522,5
282,607	1475,5
282,833	1533,5
283,059	1502,5
283,285	1410,5
283,51	1429,5
283,736	1266,5
283,962	1610,5
284,188	1476,5
284,414	1388,5
284,64	1503,5
284,865	1461,5
285,091	1423,5
285,317	1654,5
285,543	1515,5
285,768	1510,5
285,994	1454,5
286,22	1681,5
286,446	1484,5
286,671	1389,5
286,897	1471,5
287,123	1388,5
287,348	1387,5
287,574	1964,5
287,799	1529,5
288,025	1419,5
288,251	1668,5
288,476	1449,5
288,702	1513,5
288,927	1409,5
289,153	1525,5
289,378	1694,5
289,604	1504,5
289,829	1500,5
290,055	1395,5
290,28	1436,5
290,506	1529,5
290,731	1426,5
290,957	1538,5
291,182	1558,5
291,408	1651,5
291,633	1570,5
291,858	1466,5
292,084	1485,5
292,309	1397,5
292,535	1469,5
292,76	1540,5
292,985	1442,5
293,211	1683,5
293,436	1310,5
293,661	1279,5
293,886	1486,5
294,112	1486,5
294,337	1432,5
294,562	1269,5
294,787	1735,5
295,013	1496,5
295,238	1436,5
295,463	1603,5
295,688	1661,5
295,913	1500,5
296,138	1558,5
296,364	1471,5
296,589	1527,5
296,814	1413,5
297,039	1465,5
297,264	1553,5
297,489	1516,5
297,714	1453,5
297,939	1418,5
298,164	1413,5
298,389	1538,5
298,614	1380,5
298,839	1449,5
299,064	1600,5
299,289	1475,5
299,514	1531,5
299,739	1443,5
299,964	1375,5
300,189	1446,5
300,414	1591,5
300,639	1581,5
300,863	1442,5
301,088	1849,5
301,313	1532,5
301,538	1394,5
301,763	1410,5
301,988	1508,5
302,212	1600,5
302,437	1865,5
302,662	1068,5
302,887	1385,5
303,111	1443,5
303,336	1528,5
303,561	1516,5
303,786	1426,5
304,01	1521,5
304,235	1385,5
304,46	1359,5
304,684	1445,5
304,909	1611,5
305,134	1375,5
305,358	1557,5
305,583	1509,5
305,807	1759,5
306,032	1321,5
306,256	1518,5
306,481	1519,5
306,706	1479,5
306,93	1415,5
307,155	1645,5
307,379	1463,5
307,604	1482,5
307,828	1459,5
308,052	1611,5
308,277	1539,5
308,501	1517,5
308,726	1549,5
308,95	1480,5
309,175	1413,5
309,399	1549,5
309,623	1419,5
309,848	1374,5
310,072	1334,5
310,296	1718,5
310,521	1432,5
310,745	1416,5
310,969	1694,5
311,193	1550,5
311,418	1495,5
311,642	1415,5
311,866	1467,5
312,09	1611,5
312,315	1472,5
312,539	1493,5
312,763	1383,5
312,987	1520,5
313,211	1401,5
313,435	1547,5
313,659	1225,5
313,884	1705,5
314,108	1537,5
314,332	1393,5
314,556	1383,5
314,78	1622,5
315,004	1493,5
315,228	1608,5
315,452	1655,5
315,676	1521,5
315,9	1475,5
316,124	1187,5
316,348	1363,5
316,572	1512,5
316,796	1546,5
317,02	1500,5
317,244	1549,5
317,468	1378,5
317,691	1702,5
317,915	1536,5
318,139	1460,5
318,363	1826,5
318,587	1505,5
318,811	1433,5
319,034	1383,5
319,258	1641,5
319,482	1592,5
319,706	1566,5
319,93	1449,5
320,153	1463,5
320,377	1563,5
320,601	1396,5
320,824	1329,5
321,048	1666,5
321,272	1710,5
321,495	1385,5
321,719	1512,5
321,943	1529,5
322,166	1415,5
322,39	1458,5
322,614	1596,5
322,837	1624,5
323,061	1477,5
323,284	1549,5
323,508	1636,5
323,731	1348,5
323,955	1438,5
324,178	1503,5
324,402	1557,5
324,625	1472,5
324,849	1328,5
325,072	1525,5
325,296	1549,5
325,519	1441,5
325,743	1389,5
325,966	1562,5
326,189	1594,5
326,413	1429,5
326,636	1756,5
326,859	1509,5
327,083	1691,5
327,306	1342,5
327,529	1397,5
327,753	1361,5
327,976	1552,5
328,199	1678,5
328,422	1512,5
328,646	1449,5
328,869	1365,5
329,092	1548,5
329,315	1541,5
329,538	1417,5
329,762	1507,5
329,985	1431,5
330,208	1432,5
330,431	1423,5
330,654	1383,5
330,877	1472,5
331,1	1473,5
331,323	1469,5
331,546	1597,5
331,769	1511,5
331,993	1391,5
332,216	1433,5
332,439	1540,5
332,662	1443,5
332,885	1217,5
333,107	1430,5
333,33	1303,5
333,553	1615,5
333,776	1493,5
333,999	1427,5
334,222	1375,5
334,445	1431,5
334,668	1410,5
334,891	1417,5
335,114	1275,5
335,336	1536,5
335,559	1599,5
335,782	1684,5
336,005	1487,5
336,228	1455,5
336,45	1331,5
336,673	1436,5
336,896	1474,5
337,119	1541,5
337,341	1377,5
337,564	1413,5
337,787	1529,5
338,009	1374,5
338,232	1458,5
338,455	1568,5
338,677	1461,5
338,9	1476,5
339,122	1536,5
339,345	1328,5
339,568	1321,5
339,79	1431,5
340,013	1665,5
340,235	1547,5
340,458	1353,5
340,68	1509,5
340,903	1387,5
341,125	1392,5
341,348	1469,5
341,57	1439,5
341,793	1620,5
342,015	1224,5
342,238	1669,5
342,46	1525,5
342,682	1347,5
342,905	1397,5
343,127	1601,5
343,349	1472,5
343,572	1503,5
343,794	1350,5
344,016	1375,5
344,239	1534,5
344,461	1407,5
344,683	1343,5
344,905	1393,5
345,128	1356,5
345,35	1405,5
345,572	1557,5
345,794	1594,5
346,017	1457,5
346,239	1443,5
346,461	1390,5
346,683	1399,5
346,905	1481,5
347,127	1478,5
347,349	1433,5
347,571	1447,5
347,793	1549,5
348,016	1477,5
348,238	1442,5
348,46	1443,5
348,682	1385,5
348,904	1535,5
349,126	1503,5
349,348	1415,5
349,57	1396,5
349,792	1460,5
350,014	1488,5
350,235	1520,5
350,457	1773,5
350,679	1436,5
350,901	1376,5
351,123	1444,5
351,345	1387,5
351,567	1445,5
351,789	1547,5
352,01	1479,5
352,232	1399,5
352,454	1511,5
352,676	1552,5
352,897	1443,5
353,119	1367,5
353,341	1450,5
353,563	1371,5
353,784	1392,5
354,006	1600,5
354,228	1415,5
354,449	1410,5
354,671	1551,5
354,893	1527,5
355,114	1516,5
355,336	1445,5
355,558	1428,5
355,779	1474,5
356,001	1600,5
356,222	1376,5
356,444	1366,5
356,665	1875,5
356,887	1337,5
357,108	1381,5
357,33	1465,5
357,551	1551,5
357,773	1497,5
357,994	1396,5
358,216	1295,5
358,437	1560,5
358,659	1495,5
358,88	1325,5
359,101	1502,5
359,323	1466,5
359,544	1409,5
359,765	1372,5
359,987	1409,5
360,208	1410,5
360,429	1517,5
360,651	1360,5
360,872	1664,5
361,093	1503,5
361,314	1394,5
361,536	1417,5
361,757	1425,5
361,978	1388,5
362,199	1316,5
362,42	1297,5
362,642	1342,5
362,863	1593,5
363,084	1431,5
363,305	1427,5
363,526	1429,5
363,747	1372,5
363,968	1343,5
364,189	1541,5
364,41	1414,5
364,631	1351,5
364,852	1533,5
365,073	1437,5
365,294	1433,5
365,515	1343,5
365,736	1518,5
365,957	1467,5
366,178	1403,5
366,399	1456,5
366,62	1519,5
366,841	1506,5
367,062	1491,5
367,283	1421,5
367,504	1492,5
367,724	1292,5
367,945	1396,5
368,166	1546,5
368,387	1446,5
368,608	1389,5
368,828	1569,5
369,049	1356,5
369,27	1167,5
369,491	1306,5
369,711	1424,5
369,932	1567,5
370,153	1618,5
370,373	1373,5
370,594	1617,5
370,815	1586,5
371,035	1575,5
371,256	1311,5
371,477	1298,5
371,697	1376,5
371,918	1256,5
372,138	1520,5
372,359	1700,5
372,579	1233,5
372,8	1352,5
373,02	1476,5
373,241	1424,5
373,461	1459,5
373,682	1420,5
373,902	1406,5
374,123	1351,5
374,343	1627,5
374,564	1401,5
374,784	1394,5
375,004	1442,5
375,225	1309,5
375,445	1383,5
375,666	1650,5
375,886	1337,5
376,106	1412,5
376,326	1317,5
376,547	1538,5
376,767	1465,5
376,987	1476,5
377,208	1339,5
377,428	1333,5
377,648	1549,5
377,868	1471,5
378,088	1549,5
378,309	1440,5
378,529	1452,5
378,749	1456,5
378,969	1163,5
379,189	1521,5
379,409	1433,5
379,629	1327,5
379,849	1474,5
380,069	1397,5
380,29	1289,5
380,51	1410,5
380,73	1505,5
380,95	1665,5
381,17	1503,5
381,39	1257,5
381,61	1469,5
381,829	1305,5
382,049	1389,5
382,269	1411,5
382,489	1487,5
382,709	1410,5
382,929	1458,5
383,149	1437,5
383,369	1743,5
383,589	1344,5
383,808	1444,5
384,028	1480,5
384,248	1442,5
384,468	1397,5
384,688	1498,5
384,907	1403,5
385,127	1391,5
385,347	1407,5
385,567	1388,5
385,786	1538,5
386,006	1361,5
386,226	1367,5
386,445	1384,5
386,665	1375,5
386,885	1537,5
387,104	1389,5
387,324	1374,5
387,543	1350,5
387,763	1414,5
387,982	1479,5
388,202	1412,5
388,422	1359,5
388,641	1362,5
388,861	1464,5
389,08	1518,5
389,3	1392,5
389,519	1540,5
389,738	1404,5
389,958	1408,5
390,177	1484,5
390,397	1559,5
390,616	1370,5
390,836	1668,5
391,055	1491,5
391,274	1423,5
391,494	1391,5
391,713	1368,5
391,932	1464,5
392,151	1403,5
392,371	1407,5
392,59	1481,5
392,809	1526,5
393,029	1497,5
393,248	1594,5
393,467	1333,5
393,686	1419,5
393,905	2441,5
394,124	1359,5
394,344	1436,5
394,563	1634,5
394,782	1359,5
395,001	1424,5
395,22	1472,5
395,439	1488,5
395,658	1356,5
395,877	1474,5
396,096	1365,5
396,315	1527,5
396,534	1312,5
396,753	1465,5
396,972	1272,5
397,191	1498,5
397,41	1475,5
397,629	1362,5
397,848	1346,5
398,067	1423,5
398,286	1287,5
398,505	1386,5
398,724	1562,5
398,943	2008,5
399,161	1342,5
399,38	1440,5
399,599	1439,5
399,818	1509,5
400,037	1274,5
400,255	1448,5
400,474	1355,5
400,693	1446,5
400,912	1579,5
401,13	1438,5
401,349	1442,5
401,568	1305,5
401,786	1554,5
402,005	1459,5
402,224	1388,5
402,442	1456,5
402,661	1520,5
402,88	1381,5
403,098	1319,5
403,317	1453,5
403,535	1619,5
403,754	1233,5
403,972	1446,5
404,191	1452,5
404,409	1365,5
404,628	2024,5
404,846	1487,5
405,065	1521,5
405,283	1422,5
405,502	1353,5
405,72	1436,5
405,938	1402,5
406,157	1319,5
406,375	1347,5
406,594	1462,5
406,812	1442,5
407,03	1382,5
407,249	1275,5
407,467	1421,5
407,685	1444,5
407,903	1319,5
408,122	1555,5
408,34	1435,5
408,558	1359,5
408,776	1332,5
408,995	1306,5
409,213	1440,5
409,431	1509,5
409,649	1488,5
409,867	1350,5
410,085	1389,5
410,303	1457,5
410,522	1315,5
410,74	1242,5
410,958	1305,5
411,176	1411,5
411,394	1343,5
411,612	1411,5
411,83	1670,5
412,048	1489,5
412,266	1354,5
412,484	1351,5
412,702	1615,5
412,92	1283,5
413,138	1425,5
413,356	1487,5
413,573	1575,5
413,791	1597,5
414,009	1490,5
414,227	1657,5
414,445	1447,5
414,663	1446,5
414,881	1485,5
415,098	1447,5
415,316	1400,5
415,534	1754,5
415,752	1364,5
415,969	1531,5
416,187	1308,5
416,405	1401,5
416,623	1456,5
416,84	1268,5
417,058	1431,5
417,276	1539,5
417,493	1435,5
417,711	1363,5
417,928	1237,5
418,146	1691,5
418,364	1378,5
418,581	1403,5
418,799	1409,5
419,016	1291,5
419,234	1368,5
419,451	1823,5
419,669	1404,5
419,886	1415,5
420,104	1390,5
420,321	1399,5
420,539	1441,5
420,756	1611,5
420,974	1382,5
421,191	1309,5
421,408	1502,5
421,626	1503,5
421,843	1333,5
422,06	1481,5
422,278	1377,5
422,495	1422,5
422,712	1449,5
422,93	1482,5
423,147	1475,5
423,364	1397,5
423,581	1485,5
423,799	1336,5
424,016	1427,5
424,233	1478,5
424,45	1508,5
424,667	1395,5
424,884	1311,5
425,102	1487,5
425,319	1215,5
425,536	1341,5
425,753	1535,5
425,97	1347,5
426,187	1467,5
426,404	1361,5
426,621	1647,5
426,838	1338,5
427,055	1419,5
427,272	1320,5
427,489	1376,5
427,706	1325,5
427,923	1372,5
428,14	1407,5
428,357	1657,5
428,574	1422,5
428,791	1447,5
429,008	1398,5
429,224	1298,5
429,441	1283,5
429,658	1424,5
429,875	1575,5
430,092	1488,5
430,308	1523,5
430,525	1406,5
430,742	1383,5
430,959	1557,5
431,175	1471,5
431,392	1471,5
431,609	1553,5
431,826	1425,5
432,042	1331,5
432,259	1298,5
432,476	1692,5
432,692	1401,5
432,909	1333,5
433,125	1375,5
433,342	1360,5
433,559	1523,5
433,775	1362,5
433,992	1316,5
434,208	1291,5
434,425	1442,5
434,641	1530,5
434,858	1612,5
435,074	1443,5
435,291	1398,5
435,507	1427,5
435,723	1407,5
435,94	1195,5
436,156	1529,5
436,373	1369,5
436,589	1411,5
436,805	1488,5
437,022	1365,5
437,238	1378,5
437,454	1391,5
437,671	1369,5
437,887	1343,5
438,103	1439,5
438,319	1367,5
438,536	1519,5
438,752	1479,5
438,968	1496,5
439,184	1387,5
439,4	1361,5
439,616	1282,5
439,833	1670,5
440,049	1372,5
440,265	1519,5
440,481	1394,5
440,697	1414,5
440,913	1471,5
441,129	1393,5
441,345	1483,5
441,561	1443,5
441,777	1389,5
441,993	1453,5
442,209	1343,5
442,425	1513,5
442,641	1403,5
442,857	1431,5
443,073	1381,5
443,289	1441,5
443,505	1495,5
443,721	1520,5
443,937	1407,5
444,152	1421,5
444,368	1435,5
444,584	1325,5
444,8	1339,5
445,016	1304,5
445,231	1189,5
445,447	1593,5
445,663	1500,5
445,879	1400,5
446,094	1491,5
446,31	1561,5
446,526	1477,5
446,742	1477,5
446,957	1405,5
447,173	1427,5
447,388	1491,5
447,604	1544,5
447,82	1432,5
448,035	1476,5
448,251	1463,5
448,466	1424,5
448,682	1353,5
448,897	1109,5
449,113	1441,5
449,328	1592,5
449,544	1299,5
449,759	1755,5
449,975	1307,5
450,19	1393,5
450,406	1417,5
450,621	1375,5
450,836	1402,5
451,052	1432,5
451,267	1308,5
451,483	1345,5
451,698	1228,5
451,913	1464,5
452,129	1405,5
452,344	1333,5
452,559	1603,5
452,774	1469,5
452,99	1364,5
453,205	1496,5
453,42	1520,5
453,635	1521,5
453,85	1165,5
454,066	1552,5
454,281	1591,5
454,496	1422,5
454,711	1519,5
454,926	1504,5
455,141	1319,5
455,356	1367,5
455,571	1368,5
455,786	1459,5
456,001	1402,5
456,217	1331,5
456,432	1487,5
456,647	1481,5
456,861	1482,5
457,076	1419,5
457,291	1510,5
457,506	1305,5
457,721	1401,5
457,936	1617,5
458,151	1295,5
458,366	1541,5
458,581	1386,5
458,796	1591,5
459,01	1388,5
459,225	1374,5
459,44	1305,5
459,655	1430,5
459,87	1343,5
460,084	1381,5
460,299	1445,5
460,514	1463,5
460,729	1810,5
460,943	1353,5
461,158	1293,5
461,373	1507,5
461,587	1440,5
461,802	1348,5
462,016	1517,5
462,231	1369,5
462,446	1507,5
462,66	1239,5
462,875	1292,5
463,089	1266,5
463,304	1395,5
463,518	1412,5
463,733	1363,5
463,947	1466,5
464,162	1344,5
464,376	1351,5
464,591	1496,5
464,805	1417,5
465,02	1592,5
465,234	1426,5
465,448	1497,5
465,663	1499,5
465,877	1433,5
466,091	1414,5
466,306	1563,5
466,52	1695,5
466,734	1493,5
466,949	1359,5
467,163	1569,5
467,377	1331,5
467,591	1492,5
467,806	1419,5
468,02	1354,5
468,234	1292,5
468,448	1511,5
468,662	1419,5
468,876	1679,5
469,091	1381,5
469,305	1449,5
469,519	1371,5
469,733	1311,5
469,947	1395,5
470,161	1515,5
470,375	1326,5
470,589	1527,5
470,803	1474,5
471,017	1473,5
471,231	1389,5
471,445	1297,5
471,659	1288,5
471,873	1508,5
472,087	1437,5
472,301	1290,5
472,515	1392,5
472,728	1310,5
472,942	1294,5
473,156	1403,5
473,37	1359,5
473,584	1389,5
473,798	1431,5
474,011	1390,5
474,225	1388,5
474,439	1500,5
474,653	1478,5
474,866	1418,5
475,08	1457,5
475,294	1506,5
475,507	1371,5
475,721	1349,5
475,935	1396,5
476,148	1349,5
476,362	1282,5
476,576	1365,5
476,789	1363,5
477,003	1476,5
477,216	1461,5
477,43	1397,5
477,643	1458,5
477,857	1519,5
478,07	1311,5
478,284	1388,5
478,497	1372,5
478,711	1383,5
478,924	1417,5
479,138	1469,5
479,351	1456,5
479,564	1266,5
479,778	1414,5
479,991	1305,5
480,204	1355,5
480,418	1270,5
480,631	1353,5
480,844	1383,5
481,058	1244,5
481,271	1485,5
481,484	1407,5
481,697	1406,5
481,911	1378,5
482,124	1397,5
482,337	1456,5
482,55	1329,5
482,763	1376,5
482,976	1487,5
483,19	1407,5
483,403	1416,5
483,616	1493,5
483,829	1499,5
484,042	1457,5
484,255	1346,5
484,468	1396,5
484,681	1477,5
484,894	1295,5
485,107	1527,5
485,32	1356,5
485,533	1339,5
485,746	1521,5
485,959	1423,5
486,172	1463,5
486,385	1240,5
486,598	1443,5
486,81	1293,5
487,023	1452,5
487,236	1555,5
487,449	1452,5
487,662	1391,5
487,875	1432,5
488,087	1462,5
488,3	1437,5
488,513	1260,5
488,726	1290,5
488,938	1521,5
489,151	1468,5
489,364	1335,5
489,576	1458,5
489,789	1559,5
490,002	1520,5
490,214	1502,5
490,427	1242,5
490,64	1418,5
490,852	1456,5
491,065	1290,5
491,277	1515,5
491,49	1436,5
491,702	1223,5
491,915	1461,5
492,127	1456,5
492,34	1464,5
492,552	1391,5
492,765	1526,5
492,977	1589,5
493,19	1426,5
493,402	1544,5
493,614	1493,5
493,827	1433,5
494,039	1376,5
494,251	1487,5
494,464	1507,5
494,676	1305,5
494,888	1397,5
495,101	1393,5
495,313	1373,5
495,525	1390,5
495,737	1581,5
495,95	1413,5
496,162	1446,5
496,374	1355,5
496,586	1367,5
496,798	1428,5
497,01	1407,5
497,222	1303,5
497,435	1530,5
497,647	1424,5
497,859	1373,5
498,071	1218,5
498,283	1640,5
498,495	1383,5
498,707	1424,5
498,919	1451,5
499,131	1495,5
499,343	1290,5
499,555	1391,5
499,767	1503,5
499,979	1398,5
500,191	1583,5
500,402	1332,5
500,614	1490,5
500,826	1497,5
501,038	1343,5
501,25	1394,5
501,462	1327,5
501,673	1421,5
501,885	1348,5
502,097	1531,5
502,309	1407,5
502,521	1467,5
502,732	1380,5
502,944	1313,5
503,156	1202,5
503,367	1402,5
503,579	1323,5
503,791	1427,5
504,002	1420,5
504,214	1601,5
504,425	1672,5
504,637	1527,5
504,849	1413,5
505,06	1517,5
505,272	1508,5
505,483	1463,5
505,695	1407,5
505,906	1312,5
506,118	1411,5
506,329	1378,5
506,541	1353,5
506,752	1503,5
506,963	1465,5
507,175	1199,5
507,386	1607,5
507,598	1401,5
507,809	1176,5
508,02	1367,5
508,232	1399,5
508,443	1315,5
508,654	1651,5
508,865	1505,5
509,077	1301,5
509,288	1357,5
509,499	1654,5
509,71	1302,5
509,922	1485,5
510,133	1443,5
510,344	1565,5
510,555	1386,5
510,766	1471,5
510,977	1415,5
511,188	1474,5
511,4	1387,5
511,611	1382,5
511,822	1502,5
512,033	1471,5
512,244	1533,5
512,455	1458,5
512,666	1418,5
512,877	1502,5
513,088	1444,5
513,299	1444,5
513,51	1489,5
513,721	1425,5
513,931	1468,5
514,142	1538,5
514,353	1555,5
514,564	1335,5
514,775	1437,5
514,986	1491,5
515,196	1539,5
515,407	1363,5
515,618	1341,5
515,829	1664,5
516,04	1343,5
516,25	1399,5
516,461	1593,5
516,672	1547,5
516,882	1396,5
517,093	1572,5
517,304	1212,5
517,514	1278,5
517,725	1453,5
517,936	1275,5
518,146	1349,5
518,357	1462,5
518,567	1364,5
518,778	1620,5
518,988	1370,5
519,199	1577,5
519,409	1324,5
519,62	1466,5
519,83	1336,5
520,041	1429,5
520,251	1421,5
520,462	1522,5
520,672	1453,5
520,882	1439,5
521,093	1479,5
521,303	1531,5
521,513	1382,5
521,724	2289,5
521,934	1357,5
522,144	1443,5
522,355	1388,5
522,565	1420,5
522,775	1407,5
522,985	1491,5
523,196	1419,5
523,406	1379,5
523,616	1526,5
523,826	1415,5
524,036	2156,5
524,246	1412,5
524,457	1543,5
524,667	1023,5
524,877	1437,5
525,087	1407,5
525,297	1367,5
525,507	1511,5
525,717	1248,5
525,927	1474,5
526,137	1394,5
526,347	1462,5
526,557	1331,5
526,767	1359,5
526,977	1681,5
527,187	1435,5
527,397	1332,5
527,607	1349,5
527,816	1459,5
528,026	1420,5
528,236	1385,5
528,446	1451,5
528,656	1347,5
528,865	1589,5
529,075	1327,5
529,285	1296,5
529,495	1519,5
529,704	1512,5
529,914	1379,5
530,124	1427,5
530,334	1352,5
530,543	1448,5
530,753	1672,5
530,963	1865,5
531,172	1487,5
531,382	1350,5
531,591	1652,5
531,801	1341,5
532,01	1435,5
532,22	1416,5
532,43	1453,5
532,639	1662,5
532,849	1450,5
533,058	1406,5
533,267	1525,5
533,477	1501,5
533,686	1303,5
533,896	1467,5
534,105	1462,5
534,315	1525,5
534,524	1485,5
534,733	1443,5
534,943	1595,5
535,152	1535,5
535,361	1360,5
535,57	1402,5
535,78	1419,5
535,989	1331,5
536,198	1451,5
536,407	1357,5
536,617	1467,5
536,826	1465,5
537,035	1578,5
537,244	1270,5
537,453	1299,5
537,662	1456,5
537,872	1563,5
538,081	1434,5
538,29	1427,5
538,499	1393,5
538,708	1348,5
538,917	1456,5
539,126	1463,5
539,335	1450,5
539,544	1893,5
539,753	1344,5
539,962	1473,5
540,171	1333,5
540,38	1547,5
540,589	1383,5
540,797	1590,5
541,006	1468,5
541,215	1349,5
541,424	1567,5
541,633	1426,5
541,842	1503,5
542,05	1547,5
542,259	1427,5
542,468	1365,5
542,677	1332,5
542,885	1509,5
543,094	1395,5
543,303	1336,5
543,512	1423,5
543,72	1510,5
543,929	1433,5
544,138	1400,5
544,346	1307,5
544,555	1323,5
544,763	1442,5
544,972	1424,5
545,18	1407,5
545,389	1461,5
545,598	1363,5
545,806	1529,5
546,015	1415,5
546,223	1393,5
546,431	1451,5
546,64	1375,5
546,848	1384,5
547,057	1433,5
547,265	1368,5
547,474	1371,5
547,682	1425,5
547,89	1469,5
548,099	1439,5
548,307	1351,5
548,515	1551,5
548,723	1503,5
548,932	1512,5
549,14	1455,5
549,348	1565,5
549,556	1415,5
549,765	1431,5
549,973	1232,5
550,181	1394,5
550,389	1498,5
550,597	1335,5
550,805	1515,5
551,014	1554,5
551,222	3719,5
551,43	1054,5
551,638	1195,5
551,846	1591,5
552,054	1505,5
552,262	1532,5
552,47	1330,5
552,678	1381,5
552,886	1381,5
553,094	1283,5
553,302	1434,5
553,51	1450,5
553,717	1445,5
553,925	1300,5
554,133	1656,5
554,341	1345,5
554,549	1534,5
554,757	1394,5
554,965	1393,5
555,172	1397,5
555,38	1658,5
555,588	1393,5
555,796	1437,5
556,003	1559,5
556,211	1359,5
556,419	1499,5
556,626	1490,5
556,834	1471,5
557,042	1521,5
557,249	1420,5
557,457	1380,5
557,664	1269,5
557,872	1331,5
558,08	1333,5
558,287	1522,5
558,495	1490,5
558,702	1343,5
558,91	1486,5
559,117	1240,5
559,325	1567,5
559,532	1433,5
559,74	1623,5
559,947	1447,5
560,154	1672,5
560,362	1412,5
560,569	1422,5
560,776	1423,5
560,984	1443,5
561,191	1460,5
561,398	1460,5
561,606	1762,5
561,813	1411,5
562,02	1324,5
562,227	1314,5
562,435	1412,5
562,642	1493,5
562,849	1457,5
563,056	1474,5
563,263	1396,5
563,471	1641,5
563,678	1555,5
563,885	1367,5
564,092	1555,5
564,299	1538,5
564,506	1555,5
564,713	1351,5
564,92	1450,5
565,127	1536,5
565,334	1511,5
565,541	1767,5
565,748	1503,5
565,955	1383,5
566,162	1460,5
566,369	1469,5
566,576	1519,5
566,783	1520,5
566,99	1316,5
567,196	1547,5
567,403	1436,5
567,61	1605,5
567,817	1455,5
568,024	1391,5
568,23	1450,5
568,437	1292,5
568,644	1381,5
568,851	1528,5
569,057	1668,5
569,264	1497,5
569,471	1408,5
569,677	1436,5
569,884	1507,5
570,091	1563,5
570,297	2371,5
570,504	1617,5
570,71	1457,5
570,917	1501,5
571,123	1420,5
571,33	1456,5
571,536	1425,5
571,743	1719,5
571,949	1344,5
572,156	1418,5
572,362	1655,5
572,569	1404,5
572,775	1414,5
572,982	1547,5
573,188	1461,5
573,394	1362,5
573,601	1383,5
573,807	1304,5
574,013	1643,5
574,22	1492,5
574,426	1370,5
574,632	1497,5
574,838	1389,5
575,045	1382,5
575,251	1453,5
575,457	1491,5
575,663	1567,5
575,869	1379,5
576,076	1295,5
576,282	1406,5
576,488	1474,5
576,694	1405,5
576,9	1280,5
577,106	1392,5
577,312	1456,5
577,518	1512,5
577,724	1480,5
577,93	1445,5
578,136	1406,5
578,342	1424,5
578,548	1426,5
578,754	1377,5
578,96	1351,5
579,166	1375,5
579,372	1674,5
579,578	1449,5
579,784	1503,5
579,989	1386,5
580,195	1330,5
580,401	1431,5
580,607	1511,5
580,813	1476,5
581,018	1483,5
581,224	1388,5
581,43	1444,5
581,636	1418,5
581,841	1526,5
582,047	1469,5
582,253	1463,5
582,458	1471,5
582,664	1354,5
582,869	1349,5
583,075	1330,5
583,281	1725,5
583,486	1466,5
583,692	1321,5
583,897	1535,5
584,103	1486,5
584,308	1483,5
584,514	1423,5
584,719	1514,5
584,925	1592,5
585,13	1183,5
585,335	1484,5
585,541	1487,5
585,746	1428,5
585,952	1452,5
586,157	1295,5
586,362	1410,5
586,568	1406,5
586,773	1565,5
586,978	1403,5
587,183	1400,5
587,389	1502,5
587,594	1412,5
587,799	1491,5
588,004	1599,5
588,21	1487,5
588,415	1375,5
588,62	1481,5
588,825	1530,5
589,03	1450,5
589,235	1864,5
589,44	1551,5
589,645	1413,5
589,85	1577,5
590,055	1637,5
590,26	1370,5
590,465	1449,5
590,67	1518,5
590,875	1595,5
591,08	1532,5
591,285	1454,5
591,49	1464,5
591,695	1425,5
591,9	1458,5
592,105	1420,5
592,31	1385,5
592,515	1732,5
592,719	1382,5
592,924	1355,5
593,129	1434,5
593,334	1468,5
593,539	1168,5
593,743	1671,5
593,948	1438,5
594,153	1429,5
594,357	1655,5
594,562	1245,5
594,767	1941,5
594,971	1374,5
595,176	1396,5
595,381	1602,5
595,585	1527,5
595,79	1602,5
595,994	1322,5
596,199	1911,5
596,403	1252,5
596,608	1415,5
596,812	1353,5
597,017	1520,5
597,221	1612,5
597,426	1635,5
597,63	1447,5
597,835	1407,5
598,039	1420,5
598,243	1363,5
598,448	1671,5
598,652	1486,5
598,856	1434,5
599,061	1507,5
599,265	1414,5
599,469	1375,5
599,673	1502,5
599,878	1548,5
600,082	1408,5
600,286	1456,5
600,49	1453,5
600,695	1258,5
600,899	1375,5
601,103	1478,5
601,307	1578,5
601,511	1423,5
601,715	1324,5
601,919	1089,5
602,123	1678,5
602,327	1435,5
602,531	1399,5
602,735	1544,5
602,939	1571,5
603,143	1233,5
603,347	1507,5
603,551	1405,5
603,755	1448,5
603,959	1404,5
604,163	1443,5
604,367	1427,5
604,571	1404,5
604,775	1546,5
604,978	1418,5
605,182	1309,5
605,386	1469,5
605,59	1461,5
605,793	1375,5
605,997	1526,5
606,201	1465,5
606,405	1479,5
606,608	1485,5
606,812	1544,5
607,016	1570,5
607,219	1404,5
607,423	1405,5
607,627	1622,5
607,83	1431,5
608,034	1341,5
608,237	1439,5
608,441	1375,5
608,644	1513,5
608,848	1536,5
609,051	1453,5
609,255	1417,5
609,458	1613,5
609,662	1422,5
609,865	1505,5
610,069	1361,5
610,272	1328,5
610,475	1583,5
610,679	1507,5
610,882	1439,5
611,085	1439,5
611,289	1530,5
611,492	1395,5
611,695	1817,5
611,898	1355,5
612,102	1566,5
612,305	1452,5
612,508	1445,5
612,711	1625,5
612,914	1385,5
613,118	1451,5
613,321	1566,5
613,524	1387,5
613,727	1365,5
613,93	1404,5
614,133	1551,5
614,336	1512,5
614,539	1428,5
614,742	1351,5
614,945	1388,5
615,148	1623,5
615,351	1357,5
615,554	1506,5
615,757	1353,5
615,96	1542,5
616,163	1392,5
616,366	1537,5
616,569	1423,5
616,772	1599,5
616,974	1432,5
617,177	1588,5
617,38	1456,5
617,583	1433,5
617,786	1402,5
617,988	1309,5
618,191	1568,5
618,394	1409,5
618,596	1306,5
618,799	1419,5
619,002	1570,5
619,204	1485,5
619,407	1489,5
619,61	1383,5
619,812	1386,5
620,015	1410,5
620,217	1670,5
620,42	1427,5
620,623	1427,5
620,825	1489,5
621,028	1603,5
621,23	1552,5
621,432	1498,5
621,635	1543,5
621,837	1471,5
622,04	1350,5
622,242	1382,5
622,445	1451,5
622,647	1419,5
622,849	1538,5
623,052	1281,5
623,254	1515,5
623,456	1269,5
623,658	1447,5
623,861	1561,5
624,063	1416,5
624,265	1476,5
624,467	1518,5
624,67	1364,5
624,872	1465,5
625,074	1629,5
625,276	1595,5
625,478	1517,5
625,68	1357,5
625,882	1335,5
626,084	1422,5
626,287	1608,5
626,489	1500,5
626,691	1430,5
626,893	1492,5
627,095	1591,5
627,297	1373,5
627,499	1256,5
627,7	1284,5
627,902	1290,5
628,104	1279,5
628,306	1371,5
628,508	1403,5
628,71	1051,5
628,912	1500,5
629,114	1727,5
629,315	1441,5
629,517	1397,5
629,719	1344,5
629,921	1448,5
630,122	1450,5
630,324	1369,5
630,526	1506,5
630,728	1474,5
630,929	1493,5
631,131	1369,5
631,332	1640,5
631,534	1597,5
631,736	1521,5
631,937	1279,5
632,139	1591,5
632,34	1429,5
632,542	1583,5
632,743	1482,5
632,945	1371,5
633,146	1465,5
633,348	1432,5
633,549	1447,5
633,751	1407,5
633,952	1432,5
634,154	1304,5
634,355	1336,5
634,556	1480,5
634,758	1401,5
634,959	1378,5
635,16	1529,5
635,362	1396,5
635,563	1447,5
635,764	1520,5
635,965	1535,5
636,167	1448,5
636,368	1464,5
636,569	1399,5
636,77	1563,5
636,971	1459,5
637,172	1558,5
637,374	1347,5
637,575	1625,5
637,776	1317,5
637,977	1318,5
638,178	1489,5
638,379	1445,5
638,58	1485,5
638,781	1305,5
638,982	1447,5
639,183	1373,5
639,384	1423,5
639,585	1365,5
639,786	1283,5
639,987	1363,5
640,187	1522,5
640,388	1516,5
640,589	1306,5
640,79	1390,5
640,991	1435,5
641,192	1548,5
641,392	1357,5
641,593	1376,5
641,794	1310,5
641,995	1329,5
642,195	1247,5
642,396	1370,5
642,597	1276,5
642,797	1406,5
642,998	1479,5
643,199	1414,5
643,399	1448,5
643,6	1343,5
643,8	1340,5
644,001	1495,5
644,202	1261,5
644,402	1390,5
644,603	1472,5
644,803	1295,5
645,004	1448,5
645,204	1253,5
645,404	1235,5
645,605	1799,5
645,805	1286,5
646,006	1271,5
646,206	1780,5
646,406	1402,5
646,607	1291,5
646,807	1231,5
647,007	-34,5
647,208	-34,5
647,408	45,5
647,608	21,5
