200,697	974,83
200,927	38,83
201,158	24,83
201,388	5,83
201,618	1373,83
201,849	1180,83
202,079	1423,83
202,309	1297,83
202,539	1497,83
202,77	1298,83
203	1431,83
203,23	1313,83
203,46	1198,83
203,691	1415,83
203,921	1465,83
204,151	1398,83
204,381	1343,83
204,611	1446,83
204,841	1354,83
205,071	1405,83
205,302	1474,83
205,532	1484,83
205,762	3395,83
205,992	1343,83
206,222	1388,83
206,452	1451,83
206,682	1393,83
206,912	1469,83
207,142	1479,83
207,372	1429,83
207,602	1304,83
207,832	1401,83
208,062	1469,83
208,292	1451,83
208,522	1426,83
208,752	1378,83
208,982	1413,83
209,212	1552,83
209,442	1404,83
209,672	1345,83
209,902	1359,83
210,131	1470,83
210,361	1343,83
210,591	1299,83
210,821	1354,83
211,051	1565,83
211,281	1401,83
211,51	1361,83
211,74	1454,83
211,97	1362,83
212,2	1386,83
212,429	1636,83
212,659	1449,83
212,889	1483,83
213,119	1331,83
213,348	1310,83
213,578	1634,83
213,808	1444,83
214,037	1519,83
214,267	1520,83
214,497	1493,83
214,726	1370,83
214,956	1347,83
215,186	1286,83
215,415	1451,83
215,645	1391,83
215,874	1439,83
216,104	1349,83
216,333	1473,83
216,563	1484,83
216,792	1456,83
217,022	1518,83
217,251	1239,83
217,481	1387,83
217,71	1412,83
217,94	1348,83
218,169	1521,83
218,399	1472,83
218,628	1343,83
218,858	1569,83
219,087	1489,83
219,316	1494,83
219,546	1427,83
219,775	1459,83
220,004	1551,83
220,234	1388,83
220,463	1425,83
220,692	1468,83
220,922	1483,83
221,151	1528,83
221,38	1402,83
221,61	1842,83
221,839	1749,83
222,068	1468,83
222,297	1654,83
222,526	1555,83
222,756	1508,83
222,985	1617,83
223,214	1469,83
223,443	1509,83
223,672	1939,83
223,902	1419,83
224,131	1476,83
224,36	1555,83
224,589	1321,83
224,818	1693,83
225,047	1574,83
225,276	1475,83
225,505	1776,83
225,734	1548,83
225,963	1471,83
226,192	1515,83
226,421	1449,83
226,65	1491,83
226,879	1656,83
227,108	1571,83
227,337	1627,83
227,566	1910,83
227,795	1534,83
228,024	1573,83
228,253	1587,83
228,482	1422,83
228,711	1623,83
228,94	1448,83
229,168	1525,83
229,397	1481,83
229,626	1557,83
229,855	1479,83
230,084	1531,83
230,313	1522,83
230,541	1614,83
230,77	1540,83
230,999	1461,83
231,228	1815,83
231,456	1747,83
231,685	1534,83
231,914	1732,83
232,143	1593,83
232,371	1675,83
232,6	1653,83
232,829	1640,83
233,057	1694,83
233,286	1659,83
233,515	1681,83
233,743	1687,83
233,972	1568,83
234,2	1682,83
234,429	1301,83
234,658	1691,83
234,886	1586,83
235,115	1678,83
235,343	1724,83
235,572	1659,83
235,8	1808,83
236,029	1996,83
236,257	1448,83
236,486	1815,83
236,714	1818,83
236,943	1876,83
237,171	1580,83
237,399	1827,83
237,628	1807,83
237,856	1863,83
238,085	1841,83
238,313	1733,83
238,541	1870,83
238,77	2154,83
238,998	1804,83
239,226	1889,83
239,455	1806,83
239,683	1872,83
239,911	1854,83
240,14	1986,83
240,368	1982,83
240,596	1947,83
240,824	1897,83
241,053	1828,83
241,281	1793,83
241,509	1863,83
241,737	1872,83
241,965	1749,83
242,193	1889,83
242,422	1861,83
242,65	1881,83
242,878	1907,83
243,106	1973,83
243,334	1909,83
243,562	2023,83
243,79	1941,83
244,018	2114,83
244,246	1984,83
244,474	1939,83
244,702	2014,83
244,93	2021,83
245,158	2021,83
245,386	1989,83
245,614	1976,83
245,842	2278,83
246,07	1975,83
246,298	2142,83
246,526	2504,83
246,754	1877,83
246,982	2078,83
247,21	2184,83
247,438	2066,83
247,666	2065,83
247,893	2072,83
248,121	2064,83
248,349	1935,83
248,577	2183,83
248,805	2175,83
249,033	2126,83
249,26	2142,83
249,488	2090,83
249,716	2161,83
249,944	2122,83
250,171	2122,83
250,399	2174,83
250,627	2292,83
250,854	2188,83
251,082	2120,83
251,31	2254,83
251,537	2187,83
251,765	2337,83
251,993	2083,83
252,22	2469,83
252,448	2174,83
252,676	2279,83
252,903	2294,83
253,131	2570,83
253,358	2012,83
253,586	2150,83
253,813	2132,83
254,041	2319,83
254,268	2283,83
254,496	2133,83
254,723	2286,83
254,951	2342,83
255,178	2330,83
255,406	2303,83
255,633	2281,83
255,86	2467,83
256,088	2300,83
256,315	2369,83
256,543	2423,83
256,77	2365,83
256,997	2292,83
257,225	2375,83
257,452	2307,83
257,679	2297,83
257,907	2464,83
258,134	2326,83
258,361	2411,83
258,588	2409,83
258,816	2364,83
259,043	2295,83
259,27	2341,83
259,497	2412,83
259,725	2307,83
259,952	2345,83
260,179	2255,83
260,406	2397,83
260,633	2402,83
260,86	2500,83
261,088	2391,83
261,315	2565,83
261,542	2327,83
261,769	2358,83
261,996	2714,83
262,223	2613,83
262,45	2649,83
262,677	2380,83
262,904	2452,83
263,131	2576,83
263,358	2422,83
263,585	2471,83
263,812	2695,83
264,039	2586,83
264,266	2448,83
264,493	2422,83
264,72	2498,83
264,947	2445,83
265,174	2678,83
265,401	2543,83
265,627	2547,83
265,854	2542,83
266,081	2446,83
266,308	2431,83
266,535	2405,83
266,762	2416,83
266,988	2525,83
267,215	2342,83
267,442	2465,83
267,669	2590,83
267,896	2457,83
268,122	2580,83
268,349	2440,83
268,576	2285,83
268,802	2369,83
269,029	2358,83
269,256	2582,83
269,482	2447,83
269,709	2425,83
269,936	2485,83
270,162	2642,83
270,389	2463,83
270,616	2516,83
270,842	2651,83
271,069	2572,83
271,295	2515,83
271,522	2411,83
271,748	2455,83
271,975	2571,83
272,201	2749,83
272,428	2533,83
272,654	2490,83
272,881	2816,83
273,107	2475,83
273,334	2530,83
273,56	2676,83
273,787	2479,83
274,013	2752,83
274,239	2891,83
274,466	2595,83
274,692	2567,83
274,918	2565,83
275,145	2843,83
275,371	2570,83
275,597	2750,83
275,824	2635,83
276,05	2604,83
276,276	2621,83
276,503	2577,83
276,729	2660,83
276,955	2542,83
277,181	2724,83
277,407	2583,83
277,634	2683,83
277,86	2669,83
278,086	2771,83
278,312	2677,83
278,538	2555,83
278,764	2640,83
278,991	2752,83
279,217	2583,83
279,443	2532,83
279,669	2594,83
279,895	2624,83
280,121	2603,83
280,347	2617,83
280,573	2593,83
280,799	2616,83
281,025	2838,83
281,251	2617,83
281,477	2947,83
281,703	2520,83
281,929	2824,83
282,155	2711,83
282,381	2785,83
282,607	2741,83
282,833	2798,83
283,059	2851,83
283,285	2729,83
283,51	2539,83
283,736	2651,83
283,962	2811,83
284,188	2817,83
284,414	2812,83
284,64	2887,83
284,865	2859,83
285,091	2765,83
285,317	2837,83
285,543	2877,83
285,768	2867,83
285,994	2773,83
286,22	3083,83
286,446	2962,83
286,671	2744,83
286,897	2879,83
287,123	2787,83
287,348	2877,83
287,574	3331,83
287,799	2936,83
288,025	2805,83
288,251	3034,83
288,476	2927,83
288,702	2935,83
288,927	2877,83
289,153	2807,83
289,378	3172,83
289,604	2984,83
289,829	2941,83
290,055	2890,83
290,28	2946,83
290,506	3043,83
290,731	2949,83
290,957	3202,83
291,182	3230,83
291,408	3180,83
291,633	3058,83
291,858	3034,83
292,084	3008,83
292,309	2904,83
292,535	2955,83
292,76	3008,83
292,985	3033,83
293,211	3025,83
293,436	2886,83
293,661	2872,83
293,886	3127,83
294,112	2758,83
294,337	2974,83
294,562	2866,83
294,787	3075,83
295,013	3022,83
295,238	3003,83
295,463	3012,83
295,688	3191,83
295,913	3117,83
296,138	3076,83
296,364	2973,83
296,589	3064,83
296,814	2943,83
297,039	2943,83
297,264	3050,83
297,489	3025,83
297,714	3033,83
297,939	2841,83
298,164	2959,83
298,389	3134,83
298,614	2960,83
298,839	3060,83
299,064	3117,83
299,289	3071,83
299,514	3133,83
299,739	3084,83
299,964	3083,83
300,189	3200,83
300,414	3161,83
300,639	3086,83
300,863	3069,83
301,088	3491,83
301,313	3237,83
301,538	3163,83
301,763	3055,83
301,988	3230,83
302,212	3269,83
302,437	3529,83
302,662	3032,83
302,887	3123,83
303,111	3099,83
303,336	3208,83
303,561	3329,83
303,786	3151,83
304,01	3233,83
304,235	3237,83
304,46	3007,83
304,684	3055,83
304,909	3160,83
305,134	3034,83
305,358	3189,83
305,583	3073,83
305,807	3280,83
306,032	2882,83
306,256	3072,83
306,481	3071,83
306,706	2993,83
306,93	3073,83
307,155	3317,83
307,379	3109,83
307,604	3077,83
307,828	3021,83
308,052	3328,83
308,277	3191,83
308,501	3215,83
308,726	3302,83
308,95	3175,83
309,175	3128,83
309,399	3314,83
309,623	3222,83
309,848	3097,83
310,072	3121,83
310,296	3415,83
310,521	3144,83
310,745	3085,83
310,969	3399,83
311,193	3231,83
311,418	3131,83
311,642	3192,83
311,866	3214,83
312,09	3205,83
312,315	3190,83
312,539	3199,83
312,763	3093,83
312,987	3455,83
313,211	3112,83
313,435	3241,83
313,659	3116,83
313,884	3357,83
314,108	3191,83
314,332	3199,83
314,556	3112,83
314,78	3342,83
315,004	3193,83
315,228	3237,83
315,452	3205,83
315,676	3173,83
315,9	3132,83
316,124	3001,83
316,348	3157,83
316,572	3278,83
316,796	3204,83
317,02	3116,83
317,244	3165,83
317,468	3027,83
317,691	3263,83
317,915	3130,83
318,139	3051,83
318,363	3477,83
318,587	3097,83
318,811	3094,83
319,034	2966,83
319,258	3157,83
319,482	3250,83
319,706	3109,83
319,93	3083,83
320,153	3029,83
320,377	3138,83
320,601	2991,83
320,824	2998,83
321,048	3147,83
321,272	3213,83
321,495	3068,83
321,719	3072,83
321,943	3060,83
322,166	3053,83
322,39	3044,83
322,614	3107,83
322,837	3289,83
323,061	3022,83
323,284	3086,83
323,508	3238,83
323,731	2997,83
323,955	3067,83
324,178	3039,83
324,402	3139,83
324,625	3109,83
324,849	2947,83
325,072	3173,83
325,296	3154,83
325,519	3107,83
325,743	3007,83
325,966	3127,83
326,189	3227,83
326,413	3045,83
326,636	3416,83
326,859	3107,83
327,083	3285,83
327,306	2973,83
327,529	2984,83
327,753	2929,83
327,976	3063,83
328,199	3140,83
328,422	3039,83
328,646	3265,83
328,869	2996,83
329,092	3221,83
329,315	3231,83
329,538	3041,83
329,762	3069,83
329,985	2995,83
330,208	2814,83
330,431	3019,83
330,654	3148,83
330,877	3154,83
331,1	3144,83
331,323	3035,83
331,546	3395,83
331,769	3204,83
331,993	3050,83
332,216	3137,83
332,439	3145,83
332,662	3095,83
332,885	3077,83
333,107	2951,83
333,33	3103,83
333,553	3207,83
333,776	3059,83
333,999	3000,83
334,222	3019,83
334,445	3055,83
334,668	3127,83
334,891	3083,83
335,114	2951,83
335,336	3106,83
335,559	3161,83
335,782	3303,83
336,005	3095,83
336,228	3103,83
336,45	3031,83
336,673	3028,83
336,896	3125,83
337,119	3132,83
337,341	3110,83
337,564	3016,83
337,787	3115,83
338,009	2884,83
338,232	3073,83
338,455	3119,83
338,677	3036,83
338,9	3079,83
339,122	3084,83
339,345	2926,83
339,568	3010,83
339,79	3102,83
340,013	3124,83
340,235	3085,83
340,458	2954,83
340,68	3154,83
340,903	3073,83
341,125	3071,83
341,348	3011,83
341,57	2971,83
341,793	3224,83
342,015	2885,83
342,238	2989,83
342,46	2999,83
342,682	3106,83
342,905	2965,83
343,127	3043,83
343,349	3031,83
343,572	3056,83
343,794	2904,83
344,016	2915,83
344,239	3065,83
344,461	2932,83
344,683	2883,83
344,905	2957,83
345,128	2935,83
345,35	3047,83
345,572	3166,83
345,794	3235,83
346,017	3115,83
346,239	3021,83
346,461	3006,83
346,683	3151,83
346,905	3175,83
347,127	3067,83
347,349	3103,83
347,571	3109,83
347,793	3185,83
348,016	3145,83
348,238	3082,83
348,46	3065,83
348,682	3158,83
348,904	3160,83
349,126	3126,83
349,348	3207,83
349,57	3021,83
349,792	3072,83
350,014	3174,83
350,235	2805,83
350,457	3411,83
350,679	3088,83
350,901	2937,83
351,123	3038,83
351,345	3060,83
351,567	3128,83
351,789	2966,83
352,01	3121,83
352,232	3117,83
352,454	2951,83
352,676	3109,83
352,897	3012,83
353,119	2966,83
353,341	2980,83
353,563	2930,83
353,784	2926,83
354,006	3017,83
354,228	2979,83
354,449	2994,83
354,671	3197,83
354,893	3227,83
355,114	3143,83
355,336	3094,83
355,558	3170,83
355,779	3309,83
356,001	3190,83
356,222	3172,83
356,444	2995,83
356,665	3667,83
356,887	3091,83
357,108	3124,83
357,33	3100,83
357,551	3216,83
357,773	3164,83
357,994	2931,83
358,216	2930,83
358,437	3205,83
358,659	3263,83
358,88	3084,83
359,101	3173,83
359,323	3261,83
359,544	3161,83
359,765	3063,83
359,987	3155,83
360,208	3227,83
360,429	3182,83
360,651	3103,83
360,872	3352,83
361,093	3177,83
361,314	3245,83
361,536	3152,83
361,757	3117,83
361,978	3152,83
362,199	3074,83
362,42	3017,83
362,642	3190,83
362,863	3326,83
363,084	3161,83
363,305	3217,83
363,526	3221,83
363,747	3159,83
363,968	3205,83
364,189	3327,83
364,41	3087,83
364,631	3006,83
364,852	3218,83
365,073	3092,83
365,294	3233,83
365,515	3103,83
365,736	3438,83
365,957	3292,83
366,178	3254,83
366,399	3269,83
366,62	3339,83
366,841	3350,83
367,062	3305,83
367,283	3401,83
367,504	3341,83
367,724	3229,83
367,945	3175,83
368,166	3435,83
368,387	3372,83
368,608	3244,83
368,828	3598,83
369,049	3291,83
369,27	3307,83
369,491	3372,83
369,711	3384,83
369,932	3482,83
370,153	3436,83
370,373	3497,83
370,594	3571,83
370,815	3480,83
371,035	3483,83
371,256	3255,83
371,477	3311,83
371,697	3447,83
371,918	3322,83
372,138	3491,83
372,359	3652,83
372,579	3358,83
372,8	3345,83
373,02	3527,83
373,241	3478,83
373,461	3550,83
373,682	3472,83
373,902	3535,83
374,123	3524,83
374,343	3722,83
374,564	3503,83
374,784	3489,83
375,004	3556,83
375,225	3503,83
375,445	3479,83
375,666	3663,83
375,886	3376,83
376,106	3439,83
376,326	3724,83
376,547	3691,83
376,767	3746,83
376,987	3679,83
377,208	3716,83
377,428	3699,83
377,648	3859,83
377,868	3839,83
378,088	4042,83
378,309	4053,83
378,529	4036,83
378,749	4109,83
378,969	3929,83
379,189	3920,83
379,409	3896,83
379,629	3873,83
379,849	4019,83
380,069	3926,83
380,29	3894,83
380,51	3888,83
380,73	3925,83
380,95	4112,83
381,17	3977,83
381,39	3979,83
381,61	3875,83
381,829	4022,83
382,049	4009,83
382,269	4057,83
382,489	4193,83
382,709	4011,83
382,929	4022,83
383,149	4104,83
383,369	4193,83
383,589	4033,83
383,808	4220,83
384,028	4110,83
384,248	4092,83
384,468	4218,83
384,688	4258,83
384,907	4263,83
385,127	4390,83
385,347	4485,83
385,567	4302,83
385,786	4672,83
386,006	4449,83
386,226	4543,83
386,445	4594,83
386,665	4727,83
386,885	4819,83
387,104	4936,83
387,324	4878,83
387,543	4861,83
387,763	5035,83
387,982	5114,83
388,202	5134,83
388,422	5119,83
388,641	5075,83
388,861	5131,83
389,08	5195,83
389,3	5075,83
389,519	5368,83
389,738	5221,83
389,958	5224,83
390,177	5325,83
390,397	5463,83
390,616	5525,83
390,836	5652,83
391,055	5525,83
391,274	5702,83
391,494	5786,83
391,713	5921,83
391,932	6119,83
392,151	6168,83
392,371	6165,83
392,59	6477,83
392,809	6453,83
393,029	6278,83
393,248	6137,83
393,467	5965,83
393,686	6040,83
393,905	7069,83
394,124	6155,83
394,344	6326,83
394,563	6340,83
394,782	6456,83
395,001	6567,83
395,22	6455,83
395,439	6681,83
395,658	6714,83
395,877	6847,83
396,096	6899,83
396,315	7395,83
396,534	7220,83
396,753	7345,83
396,972	7454,83
397,191	7724,83
397,41	7947,83
397,629	7987,83
397,848	8056,83
398,067	8469,83
398,286	8321,83
398,505	8225,83
398,724	8150,83
398,943	8601,83
399,161	7907,83
399,38	8053,83
399,599	7948,83
399,818	7903,83
400,037	8278,83
400,255	8066,83
400,474	8251,83
400,693	8238,83
400,912	8413,83
401,13	8345,83
401,349	8285,83
401,568	8197,83
401,786	8478,83
402,005	8438,83
402,224	8399,83
402,442	8478,83
402,661	8508,83
402,88	8596,83
403,098	8483,83
403,317	8700,83
403,535	8736,83
403,754	8761,83
403,972	8936,83
404,191	9072,83
404,409	9120,83
404,628	10075,83
404,846	9561,83
405,065	9793,83
405,283	9734,83
405,502	9296,83
405,72	9588,83
405,938	9316,83
406,157	9178,83
406,375	9367,83
406,594	9339,83
406,812	9296,83
407,03	9279,83
407,249	9262,83
407,467	9505,83
407,685	9676,83
407,903	9827,83
408,122	10107,83
408,34	10125,83
408,558	9965,83
408,776	10044,83
408,995	9995,83
409,213	10057,83
409,431	10218,83
409,649	10197,83
409,867	9992,83
410,085	9832,83
410,303	9832,83
410,522	9692,83
410,74	10029,83
410,958	9927,83
411,176	10016,83
411,394	9958,83
411,612	10222,83
411,83	10398,83
412,048	10506,83
412,266	10388,83
412,484	10450,83
412,702	10652,83
412,92	10386,83
413,138	10464,83
413,356	10132,83
413,573	10312,83
413,791	10184,83
414,009	9964,83
414,227	10011,83
414,445	9722,83
414,663	9987,83
414,881	9875,83
415,098	9950,83
415,316	9989,83
415,534	10287,83
415,752	10161,83
415,969	10325,83
416,187	9986,83
416,405	10054,83
416,623	10136,83
416,84	9820,83
417,058	10083,83
417,276	10156,83
417,493	9977,83
417,711	10122,83
417,928	10157,83
418,146	10084,83
418,364	10243,83
418,581	10291,83
418,799	10150,83
419,016	10148,83
419,234	10244,83
419,451	10725,83
419,669	10699,83
419,886	10561,83
420,104	10651,83
420,321	10853,83
420,539	11113,83
420,756	11131,83
420,974	11542,83
421,191	11483,83
421,408	11792,83
421,626	11603,83
421,843	11267,83
422,06	10838,83
422,278	10824,83
422,495	10952,83
422,712	11041,83
422,93	10987,83
423,147	10942,83
423,364	10707,83
423,581	10629,83
423,799	10580,83
424,016	10570,83
424,233	10600,83
424,45	10626,83
424,667	10759,83
424,884	10590,83
425,102	10563,83
425,319	10230,83
425,536	10025,83
425,753	10207,83
425,97	10128,83
426,187	10033,83
426,404	10181,83
426,621	10714,83
426,838	10804,83
427,055	11009,83
427,272	10878,83
427,489	10789,83
427,706	10297,83
427,923	10261,83
428,14	10463,83
428,357	10785,83
428,574	10689,83
428,791	10975,83
429,008	11553,83
429,224	11918,83
429,441	12146,83
429,658	12353,83
429,875	12341,83
430,092	12089,83
430,308	11958,83
430,525	11489,83
430,742	11240,83
430,959	10862,83
431,175	10418,83
431,392	10030,83
431,609	10020,83
431,826	9768,83
432,042	9675,83
432,259	9600,83
432,476	9892,83
432,692	9753,83
432,909	10310,83
433,125	11075,83
433,342	11199,83
433,559	11309,83
433,775	10942,83
433,992	10369,83
434,208	9735,83
434,425	9879,83
434,641	10128,83
434,858	10394,83
435,074	10249,83
435,291	9996,83
435,507	10090,83
435,723	10292,83
435,94	10471,83
436,156	10527,83
436,373	10634,83
436,589	10181,83
436,805	10080,83
437,022	9873,83
437,238	9793,83
437,454	10060,83
437,671	10029,83
437,887	10329,83
438,103	10291,83
438,319	10197,83
438,536	10425,83
438,752	10098,83
438,968	10149,83
439,184	10082,83
439,4	9765,83
439,616	9693,83
439,833	9855,83
440,049	9905,83
440,265	10243,83
440,481	10673,83
440,697	11213,83
440,913	11647,83
441,129	11791,83
441,345	11653,83
441,561	11315,83
441,777	10767,83
441,993	10695,83
442,209	10569,83
442,425	10652,83
442,641	10703,83
442,857	10790,83
443,073	10977,83
443,289	11011,83
443,505	10903,83
443,721	10860,83
443,937	10690,83
444,152	10506,83
444,368	10468,83
444,584	10453,83
444,8	10566,83
445,016	10268,83
445,231	10068,83
445,447	10394,83
445,663	10372,83
445,879	10376,83
446,094	10486,83
446,31	10539,83
446,526	10418,83
446,742	10125,83
446,957	10027,83
447,173	10141,83
447,388	10044,83
447,604	9911,83
447,82	9777,83
448,035	9797,83
448,251	9986,83
448,466	10129,83
448,682	9867,83
448,897	9975,83
449,113	9923,83
449,328	9972,83
449,544	9713,83
449,759	10174,83
449,975	9559,83
450,19	9468,83
450,406	9554,83
450,621	9479,83
450,836	9240,83
451,052	9425,83
451,267	9329,83
451,483	9416,83
451,698	9106,83
451,913	9454,83
452,129	9249,83
452,344	9037,83
452,559	9180,83
452,774	8961,83
452,99	8911,83
453,205	8868,83
453,42	8908,83
453,635	9076,83
453,85	8555,83
454,066	8831,83
454,281	8685,83
454,496	8855,83
454,711	9134,83
454,926	9188,83
455,141	8941,83
455,356	8861,83
455,571	8577,83
455,786	8652,83
456,001	8580,83
456,217	8421,83
456,432	8614,83
456,647	8673,83
456,861	8908,83
457,076	8926,83
457,291	9200,83
457,506	9066,83
457,721	9096,83
457,936	9161,83
458,151	9138,83
458,366	9266,83
458,581	9123,83
458,796	9392,83
459,01	9246,83
459,225	9259,83
459,44	8824,83
459,655	9008,83
459,87	8680,83
460,084	8614,83
460,299	8767,83
460,514	8831,83
460,729	9396,83
460,943	8621,83
461,158	8420,83
461,373	8198,83
461,587	7908,83
461,802	7747,83
462,016	7915,83
462,231	7656,83
462,446	7987,83
462,66	7974,83
462,875	8364,83
463,089	8329,83
463,304	8473,83
463,518	8607,83
463,733	8608,83
463,947	8543,83
464,162	8858,83
464,376	9070,83
464,591	9219,83
464,805	8842,83
465,02	9303,83
465,234	9413,83
465,448	9387,83
465,663	9017,83
465,877	8592,83
466,091	8401,83
466,306	7853,83
466,52	8121,83
466,734	7753,83
466,949	7589,83
467,163	7782,83
467,377	7852,83
467,591	7899,83
467,806	7768,83
468,02	7622,83
468,234	7384,83
468,448	7515,83
468,662	7288,83
468,876	7433,83
469,091	7110,83
469,305	6953,83
469,519	6828,83
469,733	6696,83
469,947	6745,83
470,161	6888,83
470,375	6670,83
470,589	6842,83
470,803	6766,83
471,017	6762,83
471,231	6752,83
471,445	6613,83
471,659	6937,83
471,873	6764,83
472,087	6808,83
472,301	7255,83
472,515	7105,83
472,728	7271,83
472,942	7300,83
473,156	7321,83
473,37	7223,83
473,584	6965,83
473,798	6979,83
474,011	6953,83
474,225	7130,83
474,439	7507,83
474,653	7510,83
474,866	7523,83
475,08	7476,83
475,294	7373,83
475,507	7019,83
475,721	7089,83
475,935	7115,83
476,148	7073,83
476,362	6811,83
476,576	6796,83
476,789	6727,83
477,003	6892,83
477,216	6999,83
477,43	7183,83
477,643	7347,83
477,857	7353,83
478,07	7177,83
478,284	7138,83
478,497	7028,83
478,711	6987,83
478,924	6974,83
479,138	7036,83
479,351	7331,83
479,564	7487,83
479,778	7574,83
479,991	7467,83
480,204	7326,83
480,418	7298,83
480,631	7291,83
480,844	7427,83
481,058	7333,83
481,271	7612,83
481,484	7596,83
481,697	7483,83
481,911	7277,83
482,124	7068,83
482,337	6954,83
482,55	6975,83
482,763	7067,83
482,976	7283,83
483,19	7050,83
483,403	7238,83
483,616	7543,83
483,829	7827,83
484,042	7934,83
484,255	7995,83
484,468	8037,83
484,681	8004,83
484,894	10242,83
485,107	18249,83
485,32	25219,83
485,533	24299,83
485,746	21051,83
485,959	17320,83
486,172	13189,83
486,385	10129,83
486,598	8862,83
486,81	8231,83
487,023	7848,83
487,236	7687,83
487,449	7186,83
487,662	6755,83
487,875	6624,83
488,087	6693,83
488,3	6606,83
488,513	6443,83
488,726	6563,83
488,938	6815,83
489,151	6545,83
489,364	6847,83
489,576	6496,83
489,789	6463,83
490,002	6503,83
490,214	6358,83
490,427	6436,83
490,64	6479,83
490,852	6421,83
491,065	6188,83
491,277	6479,83
491,49	6368,83
491,702	6061,83
491,915	6268,83
492,127	6474,83
492,34	6177,83
492,552	6218,83
492,765	6501,83
492,977	6480,83
493,19	6339,83
493,402	6284,83
493,614	6344,83
493,827	6263,83
494,039	6334,83
494,251	6192,83
494,464	6074,83
494,676	5775,83
494,888	5797,83
495,101	5758,83
495,313	5947,83
495,525	6328,83
495,737	6770,83
495,95	6806,83
496,162	6588,83
496,374	6416,83
496,586	6044,83
496,798	5865,83
497,01	5637,83
497,222	5428,83
497,435	5606,83
497,647	5637,83
497,859	5741,83
498,071	5821,83
498,283	5750,83
498,495	5911,83
498,707	6140,83
498,919	5995,83
499,131	6213,83
499,343	6051,83
499,555	5920,83
499,767	5853,83
499,979	5564,83
500,191	5555,83
500,402	5692,83
500,614	6019,83
500,826	6198,83
501,038	6025,83
501,25	5975,83
501,462	6069,83
501,673	6021,83
501,885	6012,83
502,097	6146,83
502,309	6007,83
502,521	6020,83
502,732	5899,83
502,944	6014,83
503,156	5863,83
503,367	5672,83
503,579	5503,83
503,791	5640,83
504,002	5476,83
504,214	5499,83
504,425	5742,83
504,637	5743,83
504,849	5657,83
505,06	5689,83
505,272	5477,83
505,483	5487,83
505,695	5671,83
505,906	5674,83
506,118	5694,83
506,329	5384,83
506,541	5109,83
506,752	4914,83
506,963	5114,83
507,175	5123,83
507,386	5443,83
507,598	5399,83
507,809	5141,83
508,02	5376,83
508,232	5281,83
508,443	4983,83
508,654	5222,83
508,865	4969,83
509,077	4801,83
509,288	4931,83
509,499	5145,83
509,71	4824,83
509,922	5078,83
510,133	4933,83
510,344	5127,83
510,555	4901,83
510,766	5003,83
510,977	4877,83
511,188	4791,83
511,4	4731,83
511,611	4602,83
511,822	4590,83
512,033	4557,83
512,244	4755,83
512,455	4683,83
512,666	4657,83
512,877	4744,83
513,088	4602,83
513,299	4578,83
513,51	4638,83
513,721	4509,83
513,931	4624,83
514,142	4571,83
514,353	4570,83
514,564	4280,83
514,775	4253,83
514,986	4414,83
515,196	4550,83
515,407	4440,83
515,618	4356,83
515,829	4284,83
516,04	4495,83
516,25	4413,83
516,461	4484,83
516,672	4476,83
516,882	4304,83
517,093	4470,83
517,304	4220,83
517,514	4192,83
517,725	4365,83
517,936	4256,83
518,146	4205,83
518,357	4478,83
518,567	4433,83
518,778	4707,83
518,988	4488,83
519,199	4451,83
519,409	4442,83
519,62	4338,83
519,83	4165,83
520,041	4181,83
520,251	4104,83
520,462	4209,83
520,672	4221,83
520,882	4255,83
521,093	4187,83
521,303	4224,83
521,513	4008,83
521,724	4851,83
521,934	3908,83
522,144	4104,83
522,355	4033,83
522,565	4199,83
522,775	4028,83
522,985	4037,83
523,196	4117,83
523,406	4228,83
523,616	4223,83
523,826	4075,83
524,036	4815,83
524,246	3850,83
524,457	3913,83
524,667	4001,83
524,877	3941,83
525,087	3959,83
525,297	4117,83
525,507	4188,83
525,717	3894,83
525,927	4052,83
526,137	3935,83
526,347	4107,83
526,557	3947,83
526,767	4001,83
526,977	4172,83
527,187	3963,83
527,397	3783,83
527,607	3781,83
527,816	3920,83
528,026	4148,83
528,236	4166,83
528,446	4274,83
528,656	4253,83
528,865	4345,83
529,075	3967,83
529,285	3918,83
529,495	4045,83
529,704	4056,83
529,914	3916,83
530,124	3837,83
530,334	3838,83
530,543	3757,83
530,753	4063,83
530,963	4144,83
531,172	3870,83
531,382	3815,83
531,591	4006,83
531,801	3598,83
532,01	3721,83
532,22	3833,83
532,43	3986,83
532,639	4263,83
532,849	4145,83
533,058	3959,83
533,267	4132,83
533,477	3879,83
533,686	3931,83
533,896	3859,83
534,105	3950,83
534,315	3989,83
534,524	3945,83
534,733	3902,83
534,943	4045,83
535,152	3894,83
535,361	3675,83
535,57	3587,83
535,78	3580,83
535,989	3393,83
536,198	3424,83
536,407	3286,83
536,617	3327,83
536,826	3518,83
537,035	3717,83
537,244	3508,83
537,453	3516,83
537,662	3737,83
537,872	3904,83
538,081	3624,83
538,29	3547,83
538,499	3672,83
538,708	3669,83
538,917	3812,83
539,126	3835,83
539,335	3671,83
539,544	4036,83
539,753	3486,83
539,962	3619,83
540,171	3621,83
540,38	3840,83
540,589	3762,83
540,797	3884,83
541,006	3740,83
541,215	3685,83
541,424	3891,83
541,633	3512,83
541,842	3854,83
542,05	3977,83
542,259	3719,83
542,468	3677,83
542,677	3869,83
542,885	3749,83
543,094	3893,83
543,303	3799,83
543,512	3939,83
543,72	3907,83
543,929	3993,83
544,138	3738,83
544,346	3705,83
544,555	3844,83
544,763	3822,83
544,972	3555,83
545,18	3419,83
545,389	3721,83
545,598	3515,83
545,806	3576,83
546,015	3502,83
546,223	3444,83
546,431	3574,83
546,64	3496,83
546,848	3743,83
547,057	3801,83
547,265	3872,83
547,474	4025,83
547,682	4055,83
547,89	3909,83
548,099	3756,83
548,307	3661,83
548,515	3673,83
548,723	3276,83
548,932	3225,83
549,14	3435,83
549,348	3543,83
549,556	3372,83
549,765	3308,83
549,973	3240,83
550,181	3308,83
550,389	3322,83
550,597	3194,83
550,805	2831,83
551,014	3375,83
551,222	5662,83
551,43	3462,83
551,638	3738,83
551,846	3882,83
552,054	3685,83
552,262	3637,83
552,47	3441,83
552,678	3452,83
552,886	3467,83
553,094	3360,83
553,302	3503,83
553,51	3367,83
553,717	3328,83
553,925	3131,83
554,133	3403,83
554,341	2862,83
554,549	3324,83
554,757	3413,83
554,965	3384,83
555,172	3447,83
555,38	3718,83
555,588	3380,83
555,796	3396,83
556,003	3361,83
556,211	3035,83
556,419	3086,83
556,626	3192,83
556,834	3074,83
557,042	3169,83
557,249	3158,83
557,457	3125,83
557,664	2924,83
557,872	2939,83
558,08	2764,83
558,287	2922,83
558,495	2969,83
558,702	2771,83
558,91	2768,83
559,117	2902,83
559,325	2897,83
559,532	3030,83
559,74	3359,83
559,947	3124,83
560,154	3264,83
560,362	3163,83
560,569	3095,83
560,776	3014,83
560,984	3101,83
561,191	3118,83
561,398	2948,83
561,606	3261,83
561,813	2848,83
562,02	2639,83
562,227	2708,83
562,435	2865,83
562,642	2859,83
562,849	2660,83
563,056	2964,83
563,263	2847,83
563,471	3009,83
563,678	3046,83
563,885	2864,83
564,092	2899,83
564,299	2902,83
564,506	2943,83
564,713	2919,83
564,92	2806,83
565,127	2830,83
565,334	2842,83
565,541	3169,83
565,748	2947,83
565,955	2656,83
566,162	2851,83
566,369	3031,83
566,576	3178,83
566,783	3350,83
566,99	3284,83
567,196	3330,83
567,403	3149,83
567,61	3335,83
567,817	3238,83
568,024	3405,83
568,23	3763,83
568,437	3608,83
568,644	3617,83
568,851	3901,83
569,057	4556,83
569,264	4603,83
569,471	4502,83
569,677	4288,83
569,884	4027,83
570,091	4188,83
570,297	5320,83
570,504	4818,83
570,71	4653,83
570,917	4429,83
571,123	4452,83
571,33	4824,83
571,536	4880,83
571,743	4427,83
571,949	3771,83
572,156	3473,83
572,362	3716,83
572,569	4086,83
572,775	4646,83
572,982	4771,83
573,188	4675,83
573,394	4483,83
573,601	4705,83
573,807	4824,83
574,013	4898,83
574,22	4563,83
574,426	4323,83
574,632	4757,83
574,838	4222,83
575,045	3820,83
575,251	3748,83
575,457	3713,83
575,663	4094,83
575,869	4242,83
576,076	4086,83
576,282	4550,83
576,488	4394,83
576,694	4299,83
576,9	4265,83
577,106	5225,83
577,312	5668,83
577,518	5700,83
577,724	5018,83
577,93	4415,83
578,136	4060,83
578,342	3795,83
578,548	3605,83
578,754	3556,83
578,96	3899,83
579,166	4174,83
579,372	4292,83
579,578	4161,83
579,784	4394,83
579,989	4145,83
580,195	3945,83
580,401	3829,83
580,607	4539,83
580,813	5960,83
581,018	6657,83
581,224	5924,83
581,43	5457,83
581,636	5316,83
581,841	5061,83
582,047	4422,83
582,253	3910,83
582,458	3595,83
582,664	3343,83
582,869	3144,83
583,075	2855,83
583,281	3238,83
583,486	3312,83
583,692	3447,83
583,897	3659,83
584,103	3534,83
584,308	4005,83
584,514	4315,83
584,719	4406,83
584,925	4028,83
585,13	3959,83
585,335	3851,83
585,541	3453,83
585,746	3139,83
585,952	2953,83
586,157	2932,83
586,362	3120,83
586,568	3445,83
586,773	3596,83
586,978	3609,83
587,183	3409,83
587,389	3358,83
587,594	2941,83
587,799	2970,83
588,004	3169,83
588,21	3048,83
588,415	2572,83
588,62	2649,83
588,825	2572,83
589,03	2521,83
589,235	3015,83
589,44	2729,83
589,645	2420,83
589,85	2511,83
590,055	2637,83
590,26	2386,83
590,465	2288,83
590,67	2264,83
590,875	2416,83
591,08	2469,83
591,285	2349,83
591,49	2147,83
591,695	2157,83
591,9	2279,83
592,105	2657,83
592,31	2918,83
592,515	3036,83
592,719	2529,83
592,924	2423,83
593,129	2335,83
593,334	2461,83
593,539	2145,83
593,743	2300,83
593,948	1841,83
594,153	2112,83
594,357	2475,83
594,562	2249,83
594,767	2690,83
594,971	2095,83
595,176	2109,83
595,381	2186,83
595,585	1798,83
595,79	2153,83
595,994	1810,83
596,199	2264,83
596,403	1756,83
596,608	1937,83
596,812	1996,83
597,017	2092,83
597,221	2191,83
597,426	2076,83
597,63	1942,83
597,835	1825,83
598,039	1895,83
598,243	2110,83
598,448	2536,83
598,652	2216,83
598,856	2003,83
599,061	2074,83
599,265	2000,83
599,469	2009,83
599,673	2130,83
599,878	2140,83
600,082	2086,83
600,286	2039,83
600,49	2069,83
600,695	1835,83
600,899	1934,83
601,103	1939,83
601,307	2047,83
601,511	1965,83
601,715	2048,83
601,919	1781,83
602,123	2065,83
602,327	2025,83
602,531	2131,83
602,735	2174,83
602,939	2247,83
603,143	1937,83
603,347	2035,83
603,551	1907,83
603,755	1863,83
603,959	1846,83
604,163	1979,83
604,367	1806,83
604,571	1844,83
604,775	2047,83
604,978	1967,83
605,182	1862,83
605,386	2050,83
605,59	1982,83
605,793	1719,83
605,997	1900,83
606,201	1881,83
606,405	1901,83
606,608	2015,83
606,812	1948,83
607,016	1971,83
607,219	1833,83
607,423	1827,83
607,627	1942,83
607,83	1818,83
608,034	1702,83
608,237	1903,83
608,441	1772,83
608,644	1772,83
608,848	1886,83
609,051	1716,83
609,255	1677,83
609,458	2023,83
609,662	1855,83
609,865	1888,83
610,069	1792,83
610,272	1570,83
610,475	1731,83
610,679	1728,83
610,882	1756,83
611,085	1822,83
611,289	1826,83
611,492	1662,83
611,695	1670,83
611,898	1674,83
612,102	1802,83
612,305	1763,83
612,508	1834,83
612,711	1870,83
612,914	1714,83
613,118	1788,83
613,321	1762,83
613,524	1641,83
613,727	1639,83
613,93	1671,83
614,133	1816,83
614,336	1648,83
614,539	1696,83
614,742	1661,83
614,945	1715,83
615,148	1869,83
615,351	1742,83
615,554	1724,83
615,757	1604,83
615,96	1695,83
616,163	1644,83
616,366	1817,83
616,569	1677,83
616,772	1853,83
616,974	1722,83
617,177	1814,83
617,38	1755,83
617,583	1765,83
617,786	1606,83
617,988	1563,83
618,191	1747,83
618,394	1603,83
618,596	1734,83
618,799	1649,83
619,002	1715,83
619,204	1717,83
619,407	1809,83
619,61	1485,83
619,812	1607,83
620,015	1608,83
620,217	1811,83
620,42	1622,83
620,623	1550,83
620,825	1607,83
621,028	1547,83
621,23	1843,83
621,432	1753,83
621,635	1864,83
621,837	1744,83
622,04	1612,83
622,242	1661,83
622,445	1755,83
622,647	1765,83
622,849	1883,83
623,052	1589,83
623,254	1743,83
623,456	1571,83
623,658	1733,83
623,861	1905,83
624,063	1704,83
624,265	1731,83
624,467	1805,83
624,67	1529,83
624,872	1668,83
625,074	1853,83
625,276	1811,83
625,478	1715,83
625,68	1539,83
625,882	1569,83
626,084	1693,83
626,287	1831,83
626,489	1733,83
626,691	1637,83
626,893	1781,83
627,095	1609,83
627,297	1665,83
627,499	1598,83
627,7	1439,83
627,902	1469,83
628,104	1550,83
628,306	1597,83
628,508	1548,83
628,71	1608,83
628,912	1650,83
629,114	1843,83
629,315	1603,83
629,517	1566,83
629,719	1500,83
629,921	1547,83
630,122	1678,83
630,324	1525,83
630,526	1709,83
630,728	1618,83
630,929	1562,83
631,131	1436,83
631,332	1841,83
631,534	1700,83
631,736	1626,83
631,937	1462,83
632,139	1504,83
632,34	1596,83
632,542	1648,83
632,743	1648,83
632,945	1485,83
633,146	1566,83
633,348	1683,83
633,549	1593,83
633,751	1463,83
633,952	1607,83
634,154	1406,83
634,355	1367,83
634,556	1573,83
634,758	1539,83
634,959	1518,83
635,16	1616,83
635,362	1309,83
635,563	1540,83
635,764	1599,83
635,965	1550,83
636,167	1513,83
636,368	1362,83
636,569	1432,83
636,77	1618,83
636,971	1447,83
637,172	1527,83
637,374	1425,83
637,575	1715,83
637,776	1542,83
637,977	1368,83
638,178	1587,83
638,379	1522,83
638,58	1554,83
638,781	1395,83
638,982	1509,83
639,183	1489,83
639,384	1478,83
639,585	1455,83
639,786	1427,83
639,987	1450,83
640,187	1571,83
640,388	1652,83
640,589	1344,83
640,79	1419,83
640,991	1550,83
641,192	1656,83
641,392	1441,83
641,593	1425,83
641,794	1316,83
641,995	1464,83
642,195	1233,83
642,396	1409,83
642,597	1391,83
642,797	1473,83
642,998	1573,83
643,199	1452,83
643,399	1543,83
643,6	1364,83
643,8	1419,83
644,001	1444,83
644,202	1473,83
644,402	1467,83
644,603	1542,83
644,803	1412,83
645,004	1527,83
645,204	1367,83
645,404	1444,83
645,605	1788,83
645,805	1364,83
646,006	1372,83
646,206	1702,83
646,406	1436,83
646,607	1279,83
646,807	1242,83
647,007	-40,17
647,208	-8,17
647,408	3,83
647,608	13,83
