200,697	862,17
200,927	-40,83
201,158	168,17
201,388	-22,83
201,618	1216,17
201,849	1129,17
202,079	1297,17
202,309	1173,17
202,539	1280,17
202,77	1260,17
203	1244,17
203,23	1263,17
203,46	1370,17
203,691	1174,17
203,921	1277,17
204,151	1196,17
204,381	1232,17
204,611	1281,17
204,841	1185,17
205,071	1413,17
205,302	1363,17
205,532	1320,17
205,762	3204,17
205,992	1176,17
206,222	1221,17
206,452	1258,17
206,682	1222,17
206,912	1309,17
207,142	1362,17
207,372	1273,17
207,602	1200,17
207,832	1254,17
208,062	1314,17
208,292	1305,17
208,522	1148,17
208,752	1250,17
208,982	1491,17
209,212	1324,17
209,442	1269,17
209,672	1254,17
209,902	1244,17
210,131	1380,17
210,361	1226,17
210,591	1363,17
210,821	1041,17
211,051	1422,17
211,281	1221,17
211,51	1320,17
211,74	1333,17
211,97	1308,17
212,2	1261,17
212,429	1498,17
212,659	1289,17
212,889	1298,17
213,119	1058,17
213,348	1186,17
213,578	1348,17
213,808	1433,17
214,037	1373,17
214,267	1326,17
214,497	1312,17
214,726	1165,17
214,956	1212,17
215,186	1227,17
215,415	1303,17
215,645	1304,17
215,874	1345,17
216,104	1164,17
216,333	1292,17
216,563	1305,17
216,792	1346,17
217,022	1355,17
217,251	1391,17
217,481	1229,17
217,71	1228,17
217,94	1316,17
218,169	1314,17
218,399	1379,17
218,628	1235,17
218,858	1396,17
219,087	1325,17
219,316	1364,17
219,546	1269,17
219,775	1316,17
220,004	1461,17
220,234	1323,17
220,463	1309,17
220,692	1382,17
220,922	1295,17
221,151	1355,17
221,38	1275,17
221,61	1654,17
221,839	1508,17
222,068	1350,17
222,297	1429,17
222,526	1395,17
222,756	1588,17
222,985	1457,17
223,214	1434,17
223,443	1454,17
223,672	1742,17
223,902	1302,17
224,131	1382,17
224,36	1240,17
224,589	1331,17
224,818	1298,17
225,047	1377,17
225,276	1311,17
225,505	1706,17
225,734	1332,17
225,963	1300,17
226,192	1297,17
226,421	1329,17
226,65	1359,17
226,879	1438,17
227,108	1428,17
227,337	1473,17
227,566	1576,17
227,795	1390,17
228,024	1269,17
228,253	1293,17
228,482	1246,17
228,711	1469,17
228,94	1264,17
229,168	1333,17
229,397	1396,17
229,626	1464,17
229,855	1166,17
230,084	1420,17
230,313	1186,17
230,541	1539,17
230,77	1483,17
230,999	1255,17
231,228	1670,17
231,456	1454,17
231,685	1338,17
231,914	1526,17
232,143	1434,17
232,371	1497,17
232,6	1437,17
232,829	1548,17
233,057	1476,17
233,286	1445,17
233,515	1410,17
233,743	1465,17
233,972	1500,17
234,2	1436,17
234,429	1447,17
234,658	1518,17
234,886	1382,17
235,115	1560,17
235,343	1525,17
235,572	1450,17
235,8	1574,17
236,029	1769,17
236,257	1451,17
236,486	1579,17
236,714	1641,17
236,943	1621,17
237,171	1464,17
237,399	1538,17
237,628	1869,17
237,856	1646,17
238,085	1620,17
238,313	1511,17
238,541	1611,17
238,77	1795,17
238,998	1503,17
239,226	1718,17
239,455	1577,17
239,683	1694,17
239,911	1647,17
240,14	1738,17
240,368	1776,17
240,596	1623,17
240,824	1693,17
241,053	1592,17
241,281	1632,17
241,509	1743,17
241,737	1528,17
241,965	1565,17
242,193	1746,17
242,422	1667,17
242,65	1658,17
242,878	1732,17
243,106	1744,17
243,334	1524,17
243,562	1859,17
243,79	1819,17
244,018	1797,17
244,246	1762,17
244,474	1609,17
244,702	1681,17
244,93	1721,17
245,158	1839,17
245,386	1784,17
245,614	1919,17
245,842	2011,17
246,07	1735,17
246,298	2006,17
246,526	2293,17
246,754	1784,17
246,982	2044,17
247,21	1963,17
247,438	1906,17
247,666	1978,17
247,893	1892,17
248,121	1900,17
248,349	1868,17
248,577	1962,17
248,805	2035,17
249,033	2085,17
249,26	2036,17
249,488	2004,17
249,716	2081,17
249,944	2025,17
250,171	1944,17
250,399	1991,17
250,627	2133,17
250,854	2057,17
251,082	1969,17
251,31	2165,17
251,537	2107,17
251,765	2382,17
251,993	1933,17
252,22	2311,17
252,448	2008,17
252,676	2149,17
252,903	2184,17
253,131	2348,17
253,358	2076,17
253,586	2075,17
253,813	2127,17
254,041	2166,17
254,268	2239,17
254,496	2099,17
254,723	2190,17
254,951	2214,17
255,178	2198,17
255,406	2243,17
255,633	2186,17
255,86	2365,17
256,088	2235,17
256,315	2187,17
256,543	2297,17
256,77	2187,17
256,997	2249,17
257,225	2322,17
257,452	2212,17
257,679	2184,17
257,907	2409,17
258,134	2196,17
258,361	2407,17
258,588	2161,17
258,816	2328,17
259,043	2333,17
259,27	2320,17
259,497	2250,17
259,725	2266,17
259,952	2291,17
260,179	2368,17
260,406	2360,17
260,633	2340,17
260,86	2306,17
261,088	2461,17
261,315	2471,17
261,542	2327,17
261,769	2249,17
261,996	2592,17
262,223	2515,17
262,45	2811,17
262,677	2313,17
262,904	2380,17
263,131	2446,17
263,358	2214,17
263,585	2334,17
263,812	2613,17
264,039	2474,17
264,266	2332,17
264,493	2375,17
264,72	2301,17
264,947	2273,17
265,174	2444,17
265,401	2468,17
265,627	2521,17
265,854	2322,17
266,081	2672,17
266,308	2441,17
266,535	2261,17
266,762	2370,17
266,988	2305,17
267,215	2324,17
267,442	2381,17
267,669	2366,17
267,896	2466,17
268,122	2476,17
268,349	2338,17
268,576	2196,17
268,802	2265,17
269,029	2284,17
269,256	2414,17
269,482	2297,17
269,709	2273,17
269,936	2322,17
270,162	2251,17
270,389	2248,17
270,616	2243,17
270,842	2476,17
271,069	2394,17
271,295	2367,17
271,522	2323,17
271,748	2374,17
271,975	2340,17
272,201	2487,17
272,428	2379,17
272,654	2252,17
272,881	2608,17
273,107	2248,17
273,334	2344,17
273,56	2548,17
273,787	2360,17
274,013	2417,17
274,239	2563,17
274,466	2396,17
274,692	2484,17
274,918	2360,17
275,145	2385,17
275,371	2505,17
275,597	2450,17
275,824	2488,17
276,05	2434,17
276,276	2465,17
276,503	2425,17
276,729	2471,17
276,955	2466,17
277,181	2474,17
277,407	2427,17
277,634	2499,17
277,86	2467,17
278,086	2478,17
278,312	2438,17
278,538	2452,17
278,764	2408,17
278,991	2526,17
279,217	2375,17
279,443	2402,17
279,669	2603,17
279,895	2610,17
280,121	2364,17
280,347	2380,17
280,573	2473,17
280,799	2419,17
281,025	2642,17
281,251	2387,17
281,477	2477,17
281,703	2525,17
281,929	2528,17
282,155	2438,17
282,381	2609,17
282,607	2580,17
282,833	2530,17
283,059	2590,17
283,285	2506,17
283,51	2540,17
283,736	2412,17
283,962	2586,17
284,188	2615,17
284,414	2550,17
284,64	2604,17
284,865	2542,17
285,091	2505,17
285,317	2694,17
285,543	2710,17
285,768	2700,17
285,994	2670,17
286,22	2813,17
286,446	2704,17
286,671	2561,17
286,897	2717,17
287,123	2715,17
287,348	2489,17
287,574	3051,17
287,799	2907,17
288,025	2651,17
288,251	2914,17
288,476	2771,17
288,702	2659,17
288,927	2796,17
289,153	2540,17
289,378	2766,17
289,604	2835,17
289,829	2752,17
290,055	2625,17
290,28	2833,17
290,506	2889,17
290,731	2706,17
290,957	2910,17
291,182	2770,17
291,408	2884,17
291,633	2888,17
291,858	2819,17
292,084	2797,17
292,309	2752,17
292,535	2808,17
292,76	2917,17
292,985	2863,17
293,211	2765,17
293,436	2782,17
293,661	2766,17
293,886	2789,17
294,112	2886,17
294,337	3221,17
294,562	2728,17
294,787	3030,17
295,013	2856,17
295,238	2795,17
295,463	2932,17
295,688	2984,17
295,913	2832,17
296,138	2817,17
296,364	2794,17
296,589	2998,17
296,814	2759,17
297,039	2777,17
297,264	2880,17
297,489	2869,17
297,714	2830,17
297,939	2755,17
298,164	2771,17
298,389	2793,17
298,614	2942,17
298,839	2868,17
299,064	3004,17
299,289	2971,17
299,514	2992,17
299,739	2968,17
299,964	2817,17
300,189	2989,17
300,414	3176,17
300,639	3046,17
300,863	2967,17
301,088	3320,17
301,313	3037,17
301,538	3110,17
301,763	2997,17
301,988	3090,17
302,212	3049,17
302,437	3413,17
302,662	3089,17
302,887	3052,17
303,111	3117,17
303,336	3229,17
303,561	3188,17
303,786	3012,17
304,01	3168,17
304,235	3189,17
304,46	3068,17
304,684	3081,17
304,909	3124,17
305,134	3064,17
305,358	3201,17
305,583	2983,17
305,807	3243,17
306,032	3010,17
306,256	3087,17
306,481	2882,17
306,706	3033,17
306,93	2940,17
307,155	3299,17
307,379	3056,17
307,604	3136,17
307,828	3255,17
308,052	3138,17
308,277	3197,17
308,501	3176,17
308,726	3273,17
308,95	3260,17
309,175	3112,17
309,399	3297,17
309,623	3175,17
309,848	3477,17
310,072	3167,17
310,296	3583,17
310,521	3281,17
310,745	3158,17
310,969	3447,17
311,193	3401,17
311,418	3351,17
311,642	3293,17
311,866	3423,17
312,09	3402,17
312,315	3418,17
312,539	3139,17
312,763	3431,17
312,987	3327,17
313,211	3371,17
313,435	3562,17
313,659	3390,17
313,884	3691,17
314,108	3604,17
314,332	3757,17
314,556	3468,17
314,78	3907,17
315,004	3651,17
315,228	3837,17
315,452	3735,17
315,676	3846,17
315,9	3820,17
316,124	3692,17
316,348	4016,17
316,572	3978,17
316,796	4137,17
317,02	4059,17
317,244	4085,17
317,468	3985,17
317,691	4297,17
317,915	4233,17
318,139	4224,17
318,363	4566,17
318,587	4392,17
318,811	4450,17
319,034	4346,17
319,258	4686,17
319,482	4804,17
319,706	4822,17
319,93	4716,17
320,153	4719,17
320,377	4883,17
320,601	4896,17
320,824	4887,17
321,048	5183,17
321,272	5260,17
321,495	5150,17
321,719	5320,17
321,943	5385,17
322,166	5467,17
322,39	5406,17
322,614	5576,17
322,837	5657,17
323,061	5586,17
323,284	5823,17
323,508	5813,17
323,731	5686,17
323,955	5904,17
324,178	5888,17
324,402	5990,17
324,625	6063,17
324,849	5929,17
325,072	6192,17
325,296	6258,17
325,519	6165,17
325,743	6343,17
325,966	6352,17
326,189	6381,17
326,413	6252,17
326,636	6621,17
326,859	6503,17
327,083	6373,17
327,306	6332,17
327,529	6393,17
327,753	6325,17
327,976	6517,17
328,199	6456,17
328,422	6564,17
328,646	6567,17
328,869	6490,17
329,092	6626,17
329,315	6938,17
329,538	6647,17
329,762	6771,17
329,985	6769,17
330,208	6752,17
330,431	6945,17
330,654	6948,17
330,877	6983,17
331,1	7140,17
331,323	6780,17
331,546	7050,17
331,769	7183,17
331,993	7015,17
332,216	7071,17
332,439	7121,17
332,662	7157,17
332,885	7079,17
333,107	7028,17
333,33	7088,17
333,553	7343,17
333,776	7065,17
333,999	7166,17
334,222	7130,17
334,445	7156,17
334,668	7148,17
334,891	7396,17
335,114	7008,17
335,336	7328,17
335,559	7360,17
335,782	7515,17
336,005	7156,17
336,228	7038,17
336,45	7332,17
336,673	7201,17
336,896	7319,17
337,119	7334,17
337,341	7196,17
337,564	7330,17
337,787	7278,17
338,009	7259,17
338,232	7356,17
338,455	7345,17
338,677	7404,17
338,9	7308,17
339,122	7315,17
339,345	7169,17
339,568	7256,17
339,79	7300,17
340,013	7427,17
340,235	7395,17
340,458	7285,17
340,68	7506,17
340,903	7345,17
341,125	7333,17
341,348	7291,17
341,57	7188,17
341,793	7593,17
342,015	7187,17
342,238	7276,17
342,46	7238,17
342,682	7328,17
342,905	7180,17
343,127	7182,17
343,349	7265,17
343,572	7314,17
343,794	7067,17
344,016	7261,17
344,239	7157,17
344,461	7275,17
344,683	7346,17
344,905	7207,17
345,128	7263,17
345,35	7457,17
345,572	7582,17
345,794	7554,17
346,017	7496,17
346,239	7585,17
346,461	7541,17
346,683	7643,17
346,905	7719,17
347,127	7745,17
347,349	7774,17
347,571	7738,17
347,793	7988,17
348,016	7892,17
348,238	7809,17
348,46	7820,17
348,682	7792,17
348,904	7935,17
349,126	7883,17
349,348	7895,17
349,57	8038,17
349,792	7548,17
350,014	8036,17
350,235	7952,17
350,457	8046,17
350,679	7914,17
350,901	7759,17
351,123	7919,17
351,345	7772,17
351,567	8078,17
351,789	7954,17
352,01	7873,17
352,232	8002,17
352,454	7793,17
352,676	7826,17
352,897	7674,17
353,119	7584,17
353,341	7672,17
353,563	7673,17
353,784	7355,17
354,006	7566,17
354,228	7596,17
354,449	7594,17
354,671	7763,17
354,893	8030,17
355,114	8011,17
355,336	8087,17
355,558	7976,17
355,779	8039,17
356,001	8200,17
356,222	8042,17
356,444	8119,17
356,665	8612,17
356,887	8166,17
357,108	8123,17
357,33	8163,17
357,551	8349,17
357,773	8213,17
357,994	8239,17
358,216	8132,17
358,437	8250,17
358,659	8352,17
358,88	8385,17
359,101	8492,17
359,323	8416,17
359,544	8243,17
359,765	8170,17
359,987	8345,17
360,208	8445,17
360,429	8410,17
360,651	8406,17
360,872	8548,17
361,093	8336,17
361,314	8415,17
361,536	8508,17
361,757	8398,17
361,978	8370,17
362,199	8297,17
362,42	8266,17
362,642	8451,17
362,863	8480,17
363,084	8396,17
363,305	8318,17
363,526	8470,17
363,747	8406,17
363,968	8311,17
364,189	8699,17
364,41	8372,17
364,631	8305,17
364,852	8582,17
365,073	8437,17
365,294	8407,17
365,515	8389,17
365,736	8602,17
365,957	8487,17
366,178	8524,17
366,399	8709,17
366,62	8731,17
366,841	8810,17
367,062	8762,17
367,283	8829,17
367,504	8838,17
367,724	8775,17
367,945	8929,17
368,166	8789,17
368,387	8897,17
368,608	8869,17
368,828	8997,17
369,049	8977,17
369,27	9004,17
369,491	8909,17
369,711	8949,17
369,932	9003,17
370,153	8883,17
370,373	8972,17
370,594	9170,17
370,815	8929,17
371,035	9074,17
371,256	8867,17
371,477	8917,17
371,697	9035,17
371,918	8755,17
372,138	8967,17
372,359	9042,17
372,579	8886,17
372,8	8898,17
373,02	9034,17
373,241	8892,17
373,461	9127,17
373,682	9029,17
373,902	9060,17
374,123	9018,17
374,343	9152,17
374,564	8940,17
374,784	8888,17
375,004	8998,17
375,225	8898,17
375,445	8851,17
375,666	8984,17
375,886	8582,17
376,106	8653,17
376,326	8682,17
376,547	8994,17
376,767	9038,17
376,987	8964,17
377,208	9280,17
377,428	9253,17
377,648	9291,17
377,868	9530,17
378,088	9662,17
378,309	9670,17
378,529	9747,17
378,749	9725,17
378,969	9597,17
379,189	9816,17
379,409	9600,17
379,629	9448,17
379,849	9421,17
380,069	9372,17
380,29	9411,17
380,51	9353,17
380,73	9381,17
380,95	9576,17
381,17	9156,17
381,39	9209,17
381,61	9063,17
381,829	9158,17
382,049	9296,17
382,269	8981,17
382,489	9340,17
382,709	9195,17
382,929	9143,17
383,149	9064,17
383,369	9388,17
383,589	9068,17
383,808	9232,17
384,028	9146,17
384,248	9134,17
384,468	9220,17
384,688	9120,17
384,907	9199,17
385,127	9202,17
385,347	9400,17
385,567	9242,17
385,786	9399,17
386,006	9401,17
386,226	9687,17
386,445	9536,17
386,665	9466,17
386,885	9781,17
387,104	9758,17
387,324	9952,17
387,543	9875,17
387,763	9955,17
387,982	10134,17
388,202	10126,17
388,422	10045,17
388,641	9937,17
388,861	10014,17
389,08	9744,17
389,3	9631,17
389,519	9855,17
389,738	9700,17
389,958	9716,17
390,177	9858,17
390,397	9940,17
390,616	9874,17
390,836	9999,17
391,055	9778,17
391,274	10096,17
391,494	9971,17
391,713	9838,17
391,932	10430,17
392,151	10394,17
392,371	10636,17
392,59	10574,17
392,809	10601,17
393,029	10551,17
393,248	10248,17
393,467	9645,17
393,686	9712,17
393,905	10536,17
394,124	9552,17
394,344	9756,17
394,563	9837,17
394,782	9786,17
395,001	9790,17
395,22	9639,17
395,439	10068,17
395,658	9817,17
395,877	9854,17
396,096	9885,17
396,315	10129,17
396,534	10072,17
396,753	10146,17
396,972	10145,17
397,191	10353,17
397,41	10627,17
397,629	10704,17
397,848	10840,17
398,067	10878,17
398,286	10809,17
398,505	10860,17
398,724	10883,17
398,943	10964,17
399,161	10176,17
399,38	10321,17
399,599	9921,17
399,818	9896,17
400,037	10097,17
400,255	9786,17
400,474	9483,17
400,693	9833,17
400,912	9974,17
401,13	9751,17
401,349	9654,17
401,568	9423,17
401,786	9599,17
402,005	9563,17
402,224	9453,17
402,442	9488,17
402,661	9499,17
402,88	9270,17
403,098	9215,17
403,317	9319,17
403,535	9343,17
403,754	9307,17
403,972	9399,17
404,191	9289,17
404,409	9709,17
404,628	10284,17
404,846	9693,17
405,065	9820,17
405,283	9891,17
405,502	9733,17
405,72	9695,17
405,938	9503,17
406,157	9232,17
406,375	9096,17
406,594	9141,17
406,812	9090,17
407,03	9072,17
407,249	8907,17
407,467	9237,17
407,685	9207,17
407,903	9167,17
408,122	9420,17
408,34	9416,17
408,558	9412,17
408,776	9482,17
408,995	9381,17
409,213	9295,17
409,431	9448,17
409,649	9464,17
409,867	9218,17
410,085	9142,17
410,303	9210,17
410,522	8899,17
410,74	8929,17
410,958	9078,17
411,176	8983,17
411,394	8919,17
411,612	9020,17
411,83	9251,17
412,048	9179,17
412,266	9167,17
412,484	9296,17
412,702	9396,17
412,92	9064,17
413,138	9195,17
413,356	9142,17
413,573	9469,17
413,791	9184,17
414,009	8875,17
414,227	8880,17
414,445	8709,17
414,663	8753,17
414,881	8802,17
415,098	8750,17
415,316	8650,17
415,534	9068,17
415,752	8742,17
415,969	8881,17
416,187	8636,17
416,405	8770,17
416,623	8749,17
416,84	8652,17
417,058	8698,17
417,276	8809,17
417,493	8669,17
417,711	8845,17
417,928	8824,17
418,146	8664,17
418,364	8824,17
418,581	8525,17
418,799	8708,17
419,016	8669,17
419,234	8775,17
419,451	9251,17
419,669	8812,17
419,886	8867,17
420,104	8833,17
420,321	9040,17
420,539	9165,17
420,756	9610,17
420,974	9455,17
421,191	9628,17
421,408	9768,17
421,626	9824,17
421,843	9720,17
422,06	9443,17
422,278	9187,17
422,495	9468,17
422,712	9181,17
422,93	9220,17
423,147	9261,17
423,364	9099,17
423,581	8925,17
423,799	8764,17
424,016	8889,17
424,233	8830,17
424,45	8866,17
424,667	8800,17
424,884	8859,17
425,102	8951,17
425,319	8770,17
425,536	8498,17
425,753	8456,17
425,97	8458,17
426,187	8304,17
426,404	8434,17
426,621	8826,17
426,838	8876,17
427,055	8887,17
427,272	8938,17
427,489	8938,17
427,706	8898,17
427,923	8597,17
428,14	8410,17
428,357	8934,17
428,574	8835,17
428,791	8925,17
429,008	9182,17
429,224	9449,17
429,441	9625,17
429,658	9995,17
429,875	10317,17
430,092	10068,17
430,308	9944,17
430,525	9627,17
430,742	9501,17
430,959	9300,17
431,175	8838,17
431,392	8533,17
431,609	8559,17
431,826	8216,17
432,042	7899,17
432,259	7748,17
432,476	8270,17
432,692	7861,17
432,909	8072,17
433,125	8647,17
433,342	8862,17
433,559	9112,17
433,775	9030,17
433,992	8902,17
434,208	8591,17
434,425	8237,17
434,641	8236,17
434,858	8462,17
435,074	8417,17
435,291	8393,17
435,507	8205,17
435,723	8336,17
435,94	8465,17
436,156	8562,17
436,373	8525,17
436,589	8513,17
436,805	8469,17
437,022	8219,17
437,238	8166,17
437,454	8274,17
437,671	8204,17
437,887	8230,17
438,103	8238,17
438,319	8281,17
438,536	8439,17
438,752	8513,17
438,968	8265,17
439,184	8147,17
439,4	8074,17
439,616	7969,17
439,833	8025,17
440,049	7920,17
440,265	8230,17
440,481	8483,17
440,697	8575,17
440,913	9047,17
441,129	9173,17
441,345	9389,17
441,561	9211,17
441,777	8961,17
441,993	8793,17
442,209	8506,17
442,425	8533,17
442,641	8476,17
442,857	8621,17
443,073	8646,17
443,289	8644,17
443,505	8672,17
443,721	8738,17
443,937	8581,17
444,152	8468,17
444,368	8361,17
444,584	8266,17
444,8	8617,17
445,016	8262,17
445,231	8127,17
445,447	8215,17
445,663	8303,17
445,879	8135,17
446,094	8280,17
446,31	8431,17
446,526	8207,17
446,742	8155,17
446,957	8025,17
447,173	8032,17
447,388	7882,17
447,604	7899,17
447,82	7848,17
448,035	7780,17
448,251	7837,17
448,466	7896,17
448,682	7822,17
448,897	7847,17
449,113	7912,17
449,328	7863,17
449,544	7538,17
449,759	8087,17
449,975	7798,17
450,19	7516,17
450,406	7659,17
450,621	7448,17
450,836	7318,17
451,052	7403,17
451,267	7372,17
451,483	7363,17
451,698	7202,17
451,913	7452,17
452,129	7354,17
452,344	7178,17
452,559	7306,17
452,774	7167,17
452,99	6944,17
453,205	6963,17
453,42	7050,17
453,635	7059,17
453,85	6713,17
454,066	6887,17
454,281	6919,17
454,496	7082,17
454,711	7079,17
454,926	7162,17
455,141	7306,17
455,356	7092,17
455,571	6800,17
455,786	7020,17
456,001	6597,17
456,217	6521,17
456,432	6747,17
456,647	6766,17
456,861	6897,17
457,076	6873,17
457,291	7155,17
457,506	7021,17
457,721	7096,17
457,936	7116,17
458,151	7122,17
458,366	7196,17
458,581	7024,17
458,796	7302,17
459,01	7200,17
459,225	7358,17
459,44	6796,17
459,655	7163,17
459,87	6953,17
460,084	6802,17
460,299	6815,17
460,514	6749,17
460,729	7312,17
460,943	6728,17
461,158	6628,17
461,373	6606,17
461,587	6285,17
461,802	6148,17
462,016	6237,17
462,231	6041,17
462,446	6094,17
462,66	6112,17
462,875	6299,17
463,089	6480,17
463,304	6393,17
463,518	6509,17
463,733	6724,17
463,947	6638,17
464,162	6379,17
464,376	6880,17
464,591	7049,17
464,805	6753,17
465,02	6982,17
465,234	7116,17
465,448	7149,17
465,663	7006,17
465,877	6898,17
466,091	6632,17
466,306	6559,17
466,52	6464,17
466,734	6044,17
466,949	5959,17
467,163	6082,17
467,377	5515,17
467,591	6091,17
467,806	5947,17
468,02	5856,17
468,234	5909,17
468,448	5946,17
468,662	5665,17
468,876	5787,17
469,091	5381,17
469,305	5471,17
469,519	5304,17
469,733	5283,17
469,947	5164,17
470,161	5366,17
470,375	5169,17
470,589	5228,17
470,803	5136,17
471,017	5182,17
471,231	5228,17
471,445	5142,17
471,659	5346,17
471,873	5320,17
472,087	5156,17
472,301	5612,17
472,515	5349,17
472,728	5530,17
472,942	5486,17
473,156	5670,17
473,37	5500,17
473,584	5441,17
473,798	5474,17
474,011	5372,17
474,225	5389,17
474,439	5599,17
474,653	5607,17
474,866	5752,17
475,08	5724,17
475,294	5779,17
475,507	5427,17
475,721	5520,17
475,935	5429,17
476,148	5348,17
476,362	5297,17
476,576	5301,17
476,789	5198,17
477,003	5200,17
477,216	5127,17
477,43	5335,17
477,643	5460,17
477,857	5671,17
478,07	5526,17
478,284	5534,17
478,497	5232,17
478,711	5364,17
478,924	5412,17
479,138	5320,17
479,351	5398,17
479,564	5531,17
479,778	5714,17
479,991	5658,17
480,204	5680,17
480,418	5722,17
480,631	5565,17
480,844	5647,17
481,058	5585,17
481,271	5422,17
481,484	5776,17
481,697	5702,17
481,911	5428,17
482,124	5474,17
482,337	5436,17
482,55	5284,17
482,763	5264,17
482,976	5458,17
483,19	5379,17
483,403	5413,17
483,616	5425,17
483,829	5674,17
484,042	5727,17
484,255	5913,17
484,468	5958,17
484,681	5813,17
484,894	6294,17
485,107	9328,17
485,32	14497,17
485,533	17009,17
485,746	15796,17
485,959	13960,17
486,172	12105,17
486,385	9636,17
486,598	7818,17
486,81	6528,17
487,023	6057,17
487,236	5840,17
487,449	5596,17
487,662	5257,17
487,875	5080,17
488,087	5122,17
488,3	5001,17
488,513	4875,17
488,726	4807,17
488,938	5036,17
489,151	5059,17
489,364	4987,17
489,576	4908,17
489,789	4880,17
490,002	4888,17
490,214	4798,17
490,427	4687,17
490,64	4862,17
490,852	4958,17
491,065	4689,17
491,277	4733,17
491,49	4797,17
491,702	4583,17
491,915	4715,17
492,127	4752,17
492,34	4750,17
492,552	4649,17
492,765	4785,17
492,977	4844,17
493,19	4678,17
493,402	4703,17
493,614	4684,17
493,827	4761,17
494,039	4766,17
494,251	4605,17
494,464	4702,17
494,676	4393,17
494,888	4387,17
495,101	4363,17
495,313	4314,17
495,525	4457,17
495,737	4815,17
495,95	4950,17
496,162	4932,17
496,374	4844,17
496,586	4614,17
496,798	4606,17
497,01	4373,17
497,222	4160,17
497,435	4319,17
497,647	4119,17
497,859	4236,17
498,071	4250,17
498,283	4332,17
498,495	4374,17
498,707	4618,17
498,919	4391,17
499,131	4634,17
499,343	4347,17
499,555	4414,17
499,767	4294,17
499,979	4254,17
500,191	4236,17
500,402	4113,17
500,614	4364,17
500,826	4513,17
501,038	4464,17
501,25	4491,17
501,462	4323,17
501,673	4422,17
501,885	4470,17
502,097	4505,17
502,309	4398,17
502,521	4489,17
502,732	4497,17
502,944	4345,17
503,156	4376,17
503,367	4289,17
503,579	4217,17
503,791	4204,17
504,002	4032,17
504,214	4197,17
504,425	4303,17
504,637	4234,17
504,849	4139,17
505,06	4118,17
505,272	4176,17
505,483	4063,17
505,695	4117,17
505,906	4133,17
506,118	4148,17
506,329	4041,17
506,541	3910,17
506,752	3991,17
506,963	3733,17
507,175	3703,17
507,386	4096,17
507,598	3945,17
507,809	3797,17
508,02	3849,17
508,232	3959,17
508,443	3799,17
508,654	4108,17
508,865	3810,17
509,077	3599,17
509,288	3726,17
509,499	3919,17
509,71	3660,17
509,922	3802,17
510,133	3669,17
510,344	3769,17
510,555	3596,17
510,766	3702,17
510,977	3564,17
511,188	3531,17
511,4	3714,17
511,611	3195,17
511,822	3467,17
512,033	3436,17
512,244	3544,17
512,455	3457,17
512,666	3693,17
512,877	3619,17
513,088	3394,17
513,299	3503,17
513,51	3439,17
513,721	3400,17
513,931	3419,17
514,142	3484,17
514,353	3442,17
514,564	3255,17
514,775	3249,17
514,986	3246,17
515,196	3363,17
515,407	3353,17
515,618	3310,17
515,829	3213,17
516,04	3377,17
516,25	3316,17
516,461	3456,17
516,672	3384,17
516,882	3228,17
517,093	3358,17
517,304	2996,17
517,514	3146,17
517,725	3304,17
517,936	3005,17
518,146	3073,17
518,357	3230,17
518,567	3205,17
518,778	3554,17
518,988	3322,17
519,199	3477,17
519,409	3231,17
519,62	3252,17
519,83	3104,17
520,041	3084,17
520,251	2979,17
520,462	3251,17
520,672	3012,17
520,882	3160,17
521,093	3237,17
521,303	3285,17
521,513	2896,17
521,724	3832,17
521,934	2848,17
522,144	3052,17
522,355	3009,17
522,565	3032,17
522,775	3024,17
522,985	2941,17
523,196	3030,17
523,406	3168,17
523,616	3167,17
523,826	3143,17
524,036	3810,17
524,246	3014,17
524,457	2925,17
524,667	2844,17
524,877	2908,17
525,087	2907,17
525,297	3231,17
525,507	3108,17
525,717	2897,17
525,927	3001,17
526,137	3090,17
526,347	2936,17
526,557	2903,17
526,767	2961,17
526,977	3201,17
527,187	2948,17
527,397	2781,17
527,607	2816,17
527,816	2885,17
528,026	2885,17
528,236	3093,17
528,446	3098,17
528,656	3175,17
528,865	3342,17
529,075	3226,17
529,285	3063,17
529,495	2974,17
529,704	2866,17
529,914	2958,17
530,124	2879,17
530,334	2685,17
530,543	2826,17
530,753	3063,17
530,963	3169,17
531,172	2816,17
531,382	2735,17
531,591	3083,17
531,801	2737,17
532,01	2809,17
532,22	2865,17
532,43	2926,17
532,639	3167,17
532,849	2985,17
533,058	2971,17
533,267	3176,17
533,477	2924,17
533,686	2897,17
533,896	3108,17
534,105	2886,17
534,315	3009,17
534,524	2825,17
534,733	2885,17
534,943	3000,17
535,152	2868,17
535,361	2663,17
535,57	2751,17
535,78	2680,17
535,989	2684,17
536,198	2534,17
536,407	2497,17
536,617	2582,17
536,826	2588,17
537,035	2662,17
537,244	2588,17
537,453	2384,17
537,662	2758,17
537,872	2907,17
538,081	2727,17
538,29	2619,17
538,499	2719,17
538,708	2656,17
538,917	2798,17
539,126	2940,17
539,335	2813,17
539,544	3120,17
539,753	2611,17
539,962	2719,17
540,171	2593,17
540,38	2856,17
540,589	2715,17
540,797	2846,17
541,006	2729,17
541,215	2650,17
541,424	2888,17
541,633	2790,17
541,842	2696,17
542,05	2919,17
542,259	2797,17
542,468	2814,17
542,677	2638,17
542,885	2716,17
543,094	2770,17
543,303	2664,17
543,512	2811,17
543,72	2896,17
543,929	2921,17
544,138	2724,17
544,346	2721,17
544,555	2806,17
544,763	2906,17
544,972	2682,17
545,18	2574,17
545,389	2650,17
545,598	2612,17
545,806	2582,17
546,015	2692,17
546,223	2521,17
546,431	2586,17
546,64	2495,17
546,848	2688,17
547,057	2771,17
547,265	2709,17
547,474	2802,17
547,682	2821,17
547,89	2947,17
548,099	2855,17
548,307	2753,17
548,515	2699,17
548,723	2680,17
548,932	2493,17
549,14	2561,17
549,348	2622,17
549,556	2417,17
549,765	2500,17
549,973	2456,17
550,181	2525,17
550,389	2535,17
550,597	2522,17
550,805	2314,17
551,014	2467,17
551,222	4593,17
551,43	2409,17
551,638	2647,17
551,846	2903,17
552,054	2762,17
552,262	2710,17
552,47	2539,17
552,678	2403,17
552,886	2415,17
553,094	2442,17
553,302	2563,17
553,51	2560,17
553,717	2651,17
553,925	2267,17
554,133	2643,17
554,341	2276,17
554,549	2393,17
554,757	2421,17
554,965	2493,17
555,172	2481,17
555,38	2774,17
555,588	2304,17
555,796	2460,17
556,003	2658,17
556,211	2308,17
556,419	2475,17
556,626	2317,17
556,834	2294,17
557,042	2356,17
557,249	2326,17
557,457	2319,17
557,664	2159,17
557,872	2220,17
558,08	2095,17
558,287	2213,17
558,495	2257,17
558,702	2058,17
558,91	2159,17
559,117	2127,17
559,325	2089,17
559,532	2188,17
559,74	2482,17
559,947	2282,17
560,154	2469,17
560,362	2259,17
560,569	2327,17
560,776	2285,17
560,984	2440,17
561,191	2151,17
561,398	2269,17
561,606	2577,17
561,813	2208,17
562,02	2014,17
562,227	1874,17
562,435	2143,17
562,642	2214,17
562,849	2202,17
563,056	2147,17
563,263	2179,17
563,471	2227,17
563,678	2264,17
563,885	2327,17
564,092	2283,17
564,299	2198,17
564,506	2313,17
564,713	2208,17
564,92	2126,17
565,127	2368,17
565,334	2228,17
565,541	2378,17
565,748	2225,17
565,955	2122,17
566,162	2114,17
566,369	2170,17
566,576	2435,17
566,783	2429,17
566,99	2290,17
567,196	2506,17
567,403	2353,17
567,61	2433,17
567,817	2317,17
568,024	2424,17
568,23	2557,17
568,437	2454,17
568,644	2596,17
568,851	2533,17
569,057	3045,17
569,264	3112,17
569,471	3004,17
569,677	3098,17
569,884	3080,17
570,091	3004,17
570,297	3823,17
570,504	3200,17
570,71	3150,17
570,917	3155,17
571,123	2985,17
571,33	3161,17
571,536	3275,17
571,743	3426,17
571,949	2936,17
572,156	2697,17
572,362	2848,17
572,569	2510,17
572,775	3032,17
572,982	3250,17
573,188	3194,17
573,394	3034,17
573,601	3057,17
573,807	2931,17
574,013	3577,17
574,22	3264,17
574,426	3007,17
574,632	3205,17
574,838	3128,17
575,045	2875,17
575,251	2811,17
575,457	2638,17
575,663	2756,17
575,869	2812,17
576,076	2885,17
576,282	3040,17
576,488	2985,17
576,694	3056,17
576,9	2827,17
577,106	3305,17
577,312	3595,17
577,518	3756,17
577,724	3672,17
577,93	3323,17
578,136	2992,17
578,342	2802,17
578,548	2713,17
578,754	2536,17
578,96	2560,17
579,166	2738,17
579,372	3053,17
579,578	2845,17
579,784	2967,17
579,989	2877,17
580,195	2861,17
580,401	2795,17
580,607	2831,17
580,813	3278,17
581,018	3807,17
581,224	4126,17
581,43	3726,17
581,636	3754,17
581,841	3585,17
582,047	3277,17
582,253	2960,17
582,458	2600,17
582,664	2444,17
582,869	2380,17
583,075	2107,17
583,281	2462,17
583,486	2299,17
583,692	2253,17
583,897	2662,17
584,103	2560,17
584,308	2653,17
584,514	2817,17
584,719	2956,17
584,925	2938,17
585,13	2708,17
585,335	2764,17
585,541	2631,17
585,746	2492,17
585,952	2272,17
586,157	2217,17
586,362	2238,17
586,568	2358,17
586,773	2505,17
586,978	2534,17
587,183	2536,17
587,389	2477,17
587,594	2251,17
587,799	2196,17
588,004	2269,17
588,21	2308,17
588,415	2016,17
588,62	2080,17
588,825	2006,17
589,03	1940,17
589,235	2360,17
589,44	2076,17
589,645	2050,17
589,85	2029,17
590,055	2085,17
590,26	1782,17
590,465	1838,17
590,67	1791,17
590,875	1934,17
591,08	1967,17
591,285	1845,17
591,49	1853,17
591,695	1772,17
591,9	1735,17
592,105	1920,17
592,31	2045,17
592,515	2419,17
592,719	2010,17
592,924	1893,17
593,129	1952,17
593,334	1832,17
593,539	1796,17
593,743	1940,17
593,948	1599,17
594,153	1746,17
594,357	1795,17
594,562	1764,17
594,767	2254,17
594,971	1639,17
595,176	1710,17
595,381	1777,17
595,585	1647,17
595,79	1821,17
595,994	1493,17
596,199	1945,17
596,403	1437,17
596,608	1525,17
596,812	1650,17
597,017	1724,17
597,221	1820,17
597,426	1696,17
597,63	1539,17
597,835	1481,17
598,039	1590,17
598,243	1496,17
598,448	2010,17
598,652	1749,17
598,856	1692,17
599,061	1695,17
599,265	1580,17
599,469	1530,17
599,673	1752,17
599,878	1686,17
600,082	1639,17
600,286	1684,17
600,49	1688,17
600,695	1726,17
600,899	1594,17
601,103	1615,17
601,307	1718,17
601,511	1617,17
601,715	1555,17
601,919	1412,17
602,123	1664,17
602,327	1670,17
602,531	1658,17
602,735	1593,17
602,939	1784,17
603,143	1588,17
603,347	1679,17
603,551	1600,17
603,755	1628,17
603,959	1695,17
604,163	1610,17
604,367	1564,17
604,571	1478,17
604,775	1660,17
604,978	1622,17
605,182	1505,17
605,386	1636,17
605,59	1635,17
605,793	1615,17
605,997	1768,17
606,201	1570,17
606,405	1555,17
606,608	1530,17
606,812	1588,17
607,016	1732,17
607,219	1678,17
607,423	1507,17
607,627	1655,17
607,83	1560,17
608,034	1543,17
608,237	1458,17
608,441	1434,17
608,644	1662,17
608,848	1612,17
609,051	1449,17
609,255	1429,17
609,458	1650,17
609,662	1551,17
609,865	1611,17
610,069	1434,17
610,272	1441,17
610,475	1434,17
610,679	1495,17
610,882	1468,17
611,085	1508,17
611,289	1642,17
611,492	1439,17
611,695	1480,17
611,898	1371,17
612,102	1560,17
612,305	1541,17
612,508	1452,17
612,711	1614,17
612,914	1403,17
613,118	1519,17
613,321	1485,17
613,524	1423,17
613,727	1500,17
613,93	1430,17
614,133	1582,17
614,336	1495,17
614,539	1493,17
614,742	1415,17
614,945	1454,17
615,148	1722,17
615,351	1514,17
615,554	1574,17
615,757	1416,17
615,96	1516,17
616,163	1459,17
616,366	1549,17
616,569	1487,17
616,772	1713,17
616,974	1495,17
617,177	1642,17
617,38	1446,17
617,583	1437,17
617,786	1411,17
617,988	1354,17
618,191	1606,17
618,394	1428,17
618,596	1310,17
618,799	1375,17
619,002	1555,17
619,204	1440,17
619,407	1433,17
619,61	1479,17
619,812	1366,17
620,015	1467,17
620,217	1572,17
620,42	1427,17
620,623	1425,17
620,825	1370,17
621,028	1652,17
621,23	1583,17
621,432	1536,17
621,635	1607,17
621,837	1501,17
622,04	1484,17
622,242	1413,17
622,445	1487,17
622,647	1505,17
622,849	1571,17
623,052	1352,17
623,254	1514,17
623,456	1317,17
623,658	1519,17
623,861	1626,17
624,063	1580,17
624,265	1532,17
624,467	1614,17
624,67	1352,17
624,872	1472,17
625,074	1633,17
625,276	1592,17
625,478	1591,17
625,68	1300,17
625,882	1328,17
626,084	1456,17
626,287	1500,17
626,489	1551,17
626,691	1439,17
626,893	1461,17
627,095	1443,17
627,297	1496,17
627,499	1431,17
627,7	1265,17
627,902	1310,17
628,104	1199,17
628,306	1398,17
628,508	1394,17
628,71	1395,17
628,912	1437,17
629,114	1630,17
629,315	1332,17
629,517	1381,17
629,719	1305,17
629,921	1418,17
630,122	1406,17
630,324	1396,17
630,526	1484,17
630,728	1462,17
630,929	1378,17
631,131	1318,17
631,332	1498,17
631,534	1510,17
631,736	1484,17
631,937	1353,17
632,139	1489,17
632,34	1574,17
632,542	1426,17
632,743	1416,17
632,945	1328,17
633,146	1417,17
633,348	1545,17
633,549	1271,17
633,751	1366,17
633,952	1401,17
634,154	1216,17
634,355	1311,17
634,556	1368,17
634,758	1326,17
634,959	1361,17
635,16	1473,17
635,362	1345,17
635,563	1441,17
635,764	1447,17
635,965	1473,17
636,167	1378,17
636,368	1375,17
636,569	1302,17
636,77	1456,17
636,971	1339,17
637,172	1424,17
637,374	1252,17
637,575	1589,17
637,776	1349,17
637,977	1204,17
638,178	1482,17
638,379	1415,17
638,58	1424,17
638,781	1327,17
638,982	1373,17
639,183	1358,17
639,384	1309,17
639,585	1296,17
639,786	1231,17
639,987	1297,17
640,187	1448,17
640,388	1350,17
640,589	1249,17
640,79	1229,17
640,991	1367,17
641,192	1460,17
641,392	1264,17
641,593	1292,17
641,794	1309,17
641,995	1328,17
642,195	1158,17
642,396	1334,17
642,597	1255,17
642,797	1312,17
642,998	1398,17
643,199	1273,17
643,399	1356,17
643,6	1227,17
643,8	1319,17
644,001	1343,17
644,202	1307,17
644,402	1286,17
644,603	1464,17
644,803	1144,17
645,004	1335,17
645,204	1229,17
645,404	1304,17
645,605	1573,17
645,805	1234,17
646,006	1230,17
646,206	1732,17
646,406	1274,17
646,607	1119,17
646,807	1136,17
647,007	-45,83
647,208	-41,83
647,408	-32,83
647,608	-24,83
