200,697	915,33
200,927	-91,67
201,158	-14,67
201,388	-1,67
201,618	1465,33
201,849	1316,33
202,079	1628,33
202,309	1338,33
202,539	1603,33
202,77	1495,33
203	1604,33
203,23	1566,33
203,46	1550,33
203,691	1610,33
203,921	1632,33
204,151	1553,33
204,381	1464,33
204,611	1625,33
204,841	1499,33
205,071	1624,33
205,302	1632,33
205,532	1723,33
205,762	3991,33
205,992	1446,33
206,222	1536,33
206,452	1631,33
206,682	1500,33
206,912	1806,33
207,142	1627,33
207,372	1651,33
207,602	1491,33
207,832	1563,33
208,062	1663,33
208,292	1626,33
208,522	1442,33
208,752	1580,33
208,982	1479,33
209,212	1681,33
209,442	1604,33
209,672	1508,33
209,902	1756,33
210,131	1678,33
210,361	1522,33
210,591	1610,33
210,821	1518,33
211,051	1715,33
211,281	1615,33
211,51	1675,33
211,74	1700,33
211,97	1478,33
212,2	1683,33
212,429	1876,33
212,659	1588,33
212,889	1734,33
213,119	1506,33
213,348	1510,33
213,578	1702,33
213,808	1665,33
214,037	1745,33
214,267	1650,33
214,497	1642,33
214,726	1473,33
214,956	1543,33
215,186	1574,33
215,415	1596,33
215,645	1630,33
215,874	1663,33
216,104	1518,33
216,333	1576,33
216,563	1759,33
216,792	1638,33
217,022	1663,33
217,251	1671,33
217,481	1510,33
217,71	1627,33
217,94	1587,33
218,169	1624,33
218,399	1656,33
218,628	1603,33
218,858	1781,33
219,087	1644,33
219,316	1747,33
219,546	1524,33
219,775	1641,33
220,004	1753,33
220,234	1628,33
220,463	1620,33
220,692	1598,33
220,922	1610,33
221,151	1682,33
221,38	1427,33
221,61	2094,33
221,839	1837,33
222,068	1613,33
222,297	1737,33
222,526	1723,33
222,756	1708,33
222,985	1695,33
223,214	1688,33
223,443	1684,33
223,672	2152,33
223,902	1550,33
224,131	1720,33
224,36	1711,33
224,589	1510,33
224,818	1692,33
225,047	1716,33
225,276	1616,33
225,505	1852,33
225,734	1572,33
225,963	1646,33
226,192	1498,33
226,421	1559,33
226,65	1666,33
226,879	1748,33
227,108	1700,33
227,337	1735,33
227,566	1856,33
227,795	1666,33
228,024	1664,33
228,253	1585,33
228,482	1503,33
228,711	1711,33
228,94	1374,33
229,168	1604,33
229,397	1595,33
229,626	1687,33
229,855	1595,33
230,084	1616,33
230,313	1464,33
230,541	1840,33
230,77	1571,33
230,999	1332,33
231,228	1810,33
231,456	1728,33
231,685	1591,33
231,914	1717,33
232,143	1626,33
232,371	1656,33
232,6	1680,33
232,829	1573,33
233,057	1617,33
233,286	1724,33
233,515	1669,33
233,743	1548,33
233,972	1578,33
234,2	1702,33
234,429	1426,33
234,658	1673,33
234,886	1582,33
235,115	1654,33
235,343	1688,33
235,572	1674,33
235,8	1666,33
236,029	1958,33
236,257	1581,33
236,486	1706,33
236,714	1772,33
236,943	1743,33
237,171	1606,33
237,399	1583,33
237,628	1720,33
237,856	1735,33
238,085	1680,33
238,313	1578,33
238,541	1928,33
238,77	1991,33
238,998	1579,33
239,226	1652,33
239,455	1613,33
239,683	1744,33
239,911	1603,33
240,14	1736,33
240,368	1710,33
240,596	1725,33
240,824	1693,33
241,053	1574,33
241,281	1678,33
241,509	1784,33
241,737	1564,33
241,965	1518,33
242,193	1567,33
242,422	1567,33
242,65	1566,33
242,878	1604,33
243,106	1676,33
243,334	1679,33
243,562	1712,33
243,79	1473,33
244,018	1688,33
244,246	1607,33
244,474	1658,33
244,702	1513,33
244,93	1685,33
245,158	1547,33
245,386	1655,33
245,614	1675,33
245,842	1697,33
246,07	1560,33
246,298	1726,33
246,526	2101,33
246,754	1563,33
246,982	1676,33
247,21	1851,33
247,438	1583,33
247,666	1631,33
247,893	1703,33
248,121	1524,33
248,349	1535,33
248,577	1786,33
248,805	1811,33
249,033	1596,33
249,26	1710,33
249,488	1601,33
249,716	1656,33
249,944	1586,33
250,171	1606,33
250,399	1674,33
250,627	1705,33
250,854	1715,33
251,082	1548,33
251,31	1690,33
251,537	1606,33
251,765	1948,33
251,993	1512,33
252,22	1958,33
252,448	1540,33
252,676	1596,33
252,903	1706,33
253,131	1950,33
253,358	1855,33
253,586	1579,33
253,813	1543,33
254,041	1697,33
254,268	1674,33
254,496	1563,33
254,723	1408,33
254,951	1648,33
255,178	1627,33
255,406	1585,33
255,633	1637,33
255,86	1825,33
256,088	1628,33
256,315	1537,33
256,543	1672,33
256,77	1671,33
256,997	1609,33
257,225	1714,33
257,452	1412,33
257,679	1616,33
257,907	1761,33
258,134	1569,33
258,361	1696,33
258,588	1611,33
258,816	1764,33
259,043	1633,33
259,27	1669,33
259,497	1654,33
259,725	1579,33
259,952	1681,33
260,179	1527,33
260,406	1526,33
260,633	1635,33
260,86	1583,33
261,088	1612,33
261,315	1786,33
261,542	1535,33
261,769	1617,33
261,996	1944,33
262,223	1827,33
262,45	1826,33
262,677	1549,33
262,904	1446,33
263,131	1751,33
263,358	1649,33
263,585	1717,33
263,812	1935,33
264,039	1786,33
264,266	1747,33
264,493	1669,33
264,72	1616,33
264,947	1612,33
265,174	1868,33
265,401	1776,33
265,627	1789,33
265,854	1682,33
266,081	1689,33
266,308	1681,33
266,535	1650,33
266,762	1598,33
266,988	1871,33
267,215	1758,33
267,442	1670,33
267,669	1759,33
267,896	1707,33
268,122	1846,33
268,349	1710,33
268,576	1422,33
268,802	1657,33
269,029	1623,33
269,256	1646,33
269,482	1686,33
269,709	1604,33
269,936	1602,33
270,162	1859,33
270,389	1674,33
270,616	1703,33
270,842	1837,33
271,069	1721,33
271,295	1687,33
271,522	1471,33
271,748	1667,33
271,975	1687,33
272,201	1593,33
272,428	1696,33
272,654	1626,33
272,881	1838,33
273,107	1550,33
273,334	1707,33
273,56	1786,33
273,787	1758,33
274,013	1719,33
274,239	1929,33
274,466	1642,33
274,692	1625,33
274,918	1656,33
275,145	1662,33
275,371	1738,33
275,597	1860,33
275,824	1665,33
276,05	1676,33
276,276	1722,33
276,503	1549,33
276,729	1680,33
276,955	1617,33
277,181	1688,33
277,407	1639,33
277,634	1756,33
277,86	1633,33
278,086	1766,33
278,312	1606,33
278,538	1600,33
278,764	1668,33
278,991	1821,33
279,217	1624,33
279,443	1627,33
279,669	1644,33
279,895	1755,33
280,121	1613,33
280,347	1663,33
280,573	1632,33
280,799	1598,33
281,025	1860,33
281,251	1530,33
281,477	1742,33
281,703	1748,33
281,929	1588,33
282,155	1644,33
282,381	1743,33
282,607	1751,33
282,833	1708,33
283,059	1685,33
283,285	1545,33
283,51	1608,33
283,736	1472,33
283,962	1694,33
284,188	1660,33
284,414	1595,33
284,64	1632,33
284,865	1675,33
285,091	1570,33
285,317	1708,33
285,543	1713,33
285,768	1590,33
285,994	1749,33
286,22	1861,33
286,446	1761,33
286,671	1526,33
286,897	1724,33
287,123	1536,33
287,348	1545,33
287,574	2140,33
287,799	1740,33
288,025	1496,33
288,251	1891,33
288,476	1668,33
288,702	1690,33
288,927	1655,33
289,153	1603,33
289,378	1841,33
289,604	1722,33
289,829	1729,33
290,055	1638,33
290,28	1646,33
290,506	1924,33
290,731	1778,33
290,957	1837,33
291,182	1768,33
291,408	1825,33
291,633	1725,33
291,858	1651,33
292,084	1719,33
292,309	1559,33
292,535	1697,33
292,76	1658,33
292,985	1680,33
293,211	1612,33
293,436	1492,33
293,661	1476,33
293,886	1672,33
294,112	1622,33
294,337	1640,33
294,562	1502,33
294,787	1750,33
295,013	1712,33
295,238	1603,33
295,463	1746,33
295,688	1836,33
295,913	1707,33
296,138	1776,33
296,364	1647,33
296,589	1632,33
296,814	1532,33
297,039	1647,33
297,264	1748,33
297,489	1686,33
297,714	1640,33
297,939	1574,33
298,164	1642,33
298,389	1761,33
298,614	1541,33
298,839	1676,33
299,064	1774,33
299,289	1689,33
299,514	1748,33
299,739	1692,33
299,964	1178,33
300,189	1606,33
300,414	1545,33
300,639	1754,33
300,863	1549,33
301,088	1912,33
301,313	1667,33
301,538	1662,33
301,763	1637,33
301,988	1748,33
302,212	1721,33
302,437	2124,33
302,662	1604,33
302,887	1655,33
303,111	1637,33
303,336	1807,33
303,561	1758,33
303,786	1524,33
304,01	1700,33
304,235	1676,33
304,46	1571,33
304,684	1628,33
304,909	1674,33
305,134	1545,33
305,358	1738,33
305,583	1731,33
305,807	1908,33
306,032	1508,33
306,256	1734,33
306,481	1668,33
306,706	1642,33
306,93	1594,33
307,155	1935,33
307,379	1636,33
307,604	1677,33
307,828	1601,33
308,052	1849,33
308,277	1665,33
308,501	1690,33
308,726	1726,33
308,95	1701,33
309,175	1528,33
309,399	1922,33
309,623	1638,33
309,848	1735,33
310,072	1514,33
310,296	1982,33
310,521	1696,33
310,745	1569,33
310,969	1846,33
311,193	1702,33
311,418	1511,33
311,642	1673,33
311,866	1671,33
312,09	1674,33
312,315	1688,33
312,539	1719,33
312,763	1633,33
312,987	1735,33
313,211	1603,33
313,435	1769,33
313,659	1586,33
313,884	1945,33
314,108	1780,33
314,332	1804,33
314,556	1591,33
314,78	1870,33
315,004	1735,33
315,228	1826,33
315,452	1742,33
315,676	1681,33
315,9	1708,33
316,124	1450,33
316,348	1671,33
316,572	1751,33
316,796	1736,33
317,02	1628,33
317,244	1722,33
317,468	1547,33
317,691	1899,33
317,915	1759,33
318,139	1618,33
318,363	2007,33
318,587	1425,33
318,811	1612,33
319,034	1589,33
319,258	1645,33
319,482	1814,33
319,706	1804,33
319,93	1690,33
320,153	1575,33
320,377	1662,33
320,601	1607,33
320,824	1389,33
321,048	1786,33
321,272	1756,33
321,495	1639,33
321,719	1661,33
321,943	1633,33
322,166	1684,33
322,39	1700,33
322,614	1713,33
322,837	1751,33
323,061	1579,33
323,284	1670,33
323,508	1747,33
323,731	1604,33
323,955	1601,33
324,178	1618,33
324,402	1714,33
324,625	1643,33
324,849	1529,33
325,072	1729,33
325,296	1726,33
325,519	1585,33
325,743	1594,33
325,966	1710,33
326,189	1808,33
326,413	1632,33
326,636	1902,33
326,859	1847,33
327,083	2036,33
327,306	1561,33
327,529	1598,33
327,753	1463,33
327,976	1847,33
328,199	1763,33
328,422	1607,33
328,646	1734,33
328,869	1565,33
329,092	1666,33
329,315	1812,33
329,538	1617,33
329,762	1724,33
329,985	1554,33
330,208	1714,33
330,431	1669,33
330,654	1838,33
330,877	1675,33
331,1	1661,33
331,323	1597,33
331,546	1721,33
331,769	1672,33
331,993	1577,33
332,216	1606,33
332,439	1626,33
332,662	1593,33
332,885	1598,33
333,107	1478,33
333,33	1560,33
333,553	1823,33
333,776	1624,33
333,999	1607,33
334,222	1538,33
334,445	1591,33
334,668	1653,33
334,891	1675,33
335,114	1542,33
335,336	1630,33
335,559	1678,33
335,782	1915,33
336,005	1619,33
336,228	1638,33
336,45	1600,33
336,673	1609,33
336,896	1693,33
337,119	1393,33
337,341	1334,33
337,564	1565,33
337,787	1790,33
338,009	1590,33
338,232	1729,33
338,455	1746,33
338,677	1603,33
338,9	1618,33
339,122	1710,33
339,345	1560,33
339,568	1257,33
339,79	1627,33
340,013	1731,33
340,235	1665,33
340,458	1656,33
340,68	1720,33
340,903	1595,33
341,125	1623,33
341,348	1596,33
341,57	1542,33
341,793	1874,33
342,015	1495,33
342,238	1637,33
342,46	1662,33
342,682	1704,33
342,905	1582,33
343,127	1737,33
343,349	1607,33
343,572	1701,33
343,794	1525,33
344,016	1578,33
344,239	1688,33
344,461	1567,33
344,683	1557,33
344,905	1565,33
345,128	1528,33
345,35	1643,33
345,572	1715,33
345,794	1829,33
346,017	1633,33
346,239	1599,33
346,461	1559,33
346,683	1641,33
346,905	1726,33
347,127	1583,33
347,349	1540,33
347,571	1606,33
347,793	1811,33
348,016	1662,33
348,238	1599,33
348,46	1622,33
348,682	1394,33
348,904	1703,33
349,126	1738,33
349,348	1644,33
349,57	1532,33
349,792	1618,33
350,014	1712,33
350,235	1609,33
350,457	2020,33
350,679	1556,33
350,901	1459,33
351,123	1626,33
351,345	1576,33
351,567	1743,33
351,789	1674,33
352,01	1673,33
352,232	1707,33
352,454	1576,33
352,676	1733,33
352,897	1637,33
353,119	1590,33
353,341	1646,33
353,563	1607,33
353,784	1545,33
354,006	1652,33
354,228	1584,33
354,449	1610,33
354,671	1707,33
354,893	1717,33
355,114	1707,33
355,336	1663,33
355,558	1386,33
355,779	1536,33
356,001	1700,33
356,222	1703,33
356,444	1562,33
356,665	2280,33
356,887	1599,33
357,108	1531,33
357,33	1593,33
357,551	1777,33
357,773	1666,33
357,994	1602,33
358,216	1517,33
358,437	1875,33
358,659	1753,33
358,88	1491,33
359,101	1621,33
359,323	1715,33
359,544	1544,33
359,765	1612,33
359,987	1647,33
360,208	1654,33
360,429	1714,33
360,651	1544,33
360,872	1768,33
361,093	1621,33
361,314	1606,33
361,536	1571,33
361,757	1615,33
361,978	1576,33
362,199	1546,33
362,42	1465,33
362,642	1584,33
362,863	1750,33
363,084	1538,33
363,305	1650,33
363,526	1626,33
363,747	1494,33
363,968	1600,33
364,189	1732,33
364,41	1577,33
364,631	1536,33
364,852	1665,33
365,073	1704,33
365,294	1681,33
365,515	1309,33
365,736	1718,33
365,957	1619,33
366,178	1573,33
366,399	1666,33
366,62	1640,33
366,841	1679,33
367,062	1667,33
367,283	1655,33
367,504	1640,33
367,724	1418,33
367,945	1451,33
368,166	1773,33
368,387	1648,33
368,608	1618,33
368,828	1677,33
369,049	1527,33
369,27	1568,33
369,491	1522,33
369,711	1682,33
369,932	1720,33
370,153	1661,33
370,373	1662,33
370,594	1793,33
370,815	1605,33
371,035	1775,33
371,256	1467,33
371,477	1506,33
371,697	1602,33
371,918	1462,33
372,138	1672,33
372,359	1804,33
372,579	1504,33
372,8	1579,33
373,02	1641,33
373,241	1615,33
373,461	1642,33
373,682	1593,33
373,902	1318,33
374,123	1527,33
374,343	1580,33
374,564	1514,33
374,784	1728,33
375,004	1682,33
375,225	1572,33
375,445	1619,33
375,666	1860,33
375,886	1528,33
376,106	1594,33
376,326	1610,33
376,547	1801,33
376,767	1764,33
376,987	1543,33
377,208	1594,33
377,428	1482,33
377,648	1686,33
377,868	1695,33
378,088	1881,33
378,309	1727,33
378,529	1751,33
378,749	1622,33
378,969	1459,33
379,189	1667,33
379,409	1540,33
379,629	1532,33
379,849	1691,33
380,069	1530,33
380,29	1538,33
380,51	1592,33
380,73	1661,33
380,95	1860,33
381,17	1692,33
381,39	1637,33
381,61	1477,33
381,829	1584,33
382,049	1580,33
382,269	1543,33
382,489	1638,33
382,709	1577,33
382,929	1650,33
383,149	1393,33
383,369	2076,33
383,589	1701,33
383,808	1703,33
384,028	1629,33
384,248	1656,33
384,468	1572,33
384,688	1620,33
384,907	1564,33
385,127	1564,33
385,347	1696,33
385,567	1558,33
385,786	1761,33
386,006	1571,33
386,226	1648,33
386,445	1547,33
386,665	1594,33
386,885	1716,33
387,104	1400,33
387,324	1590,33
387,543	1559,33
387,763	1576,33
387,982	1651,33
388,202	1696,33
388,422	1564,33
388,641	1785,33
388,861	1680,33
389,08	1740,33
389,3	1493,33
389,519	1747,33
389,738	1589,33
389,958	1633,33
390,177	1566,33
390,397	1672,33
390,616	1575,33
390,836	1742,33
391,055	1584,33
391,274	1634,33
391,494	1553,33
391,713	1510,33
391,932	1630,33
392,151	1361,33
392,371	1414,33
392,59	1460,33
392,809	1754,33
393,029	1697,33
393,248	1709,33
393,467	1445,33
393,686	1547,33
393,905	2604,33
394,124	1508,33
394,344	1658,33
394,563	1616,33
394,782	1506,33
395,001	1656,33
395,22	1596,33
395,439	1682,33
395,658	1503,33
395,877	1630,33
396,096	1463,33
396,315	1702,33
396,534	1532,33
396,753	1605,33
396,972	1468,33
397,191	1562,33
397,41	1548,33
397,629	1708,33
397,848	1476,33
398,067	1618,33
398,286	1551,33
398,505	1570,33
398,724	1739,33
398,943	2170,33
399,161	1456,33
399,38	1588,33
399,599	1705,33
399,818	1569,33
400,037	1777,33
400,255	1570,33
400,474	1498,33
400,693	1625,33
400,912	1738,33
401,13	1506,33
401,349	1637,33
401,568	1600,33
401,786	1817,33
402,005	1632,33
402,224	1586,33
402,442	1699,33
402,661	1632,33
402,88	1668,33
403,098	1590,33
403,317	1637,33
403,535	1630,33
403,754	1522,33
403,972	1616,33
404,191	1478,33
404,409	1562,33
404,628	2240,33
404,846	1642,33
405,065	1694,33
405,283	1551,33
405,502	1576,33
405,72	1658,33
405,938	1536,33
406,157	1513,33
406,375	1574,33
406,594	1655,33
406,812	1745,33
407,03	1656,33
407,249	1364,33
407,467	1685,33
407,685	1706,33
407,903	1466,33
408,122	1706,33
408,34	1711,33
408,558	1585,33
408,776	1496,33
408,995	1541,33
409,213	1591,33
409,431	1679,33
409,649	1677,33
409,867	1602,33
410,085	1569,33
410,303	1618,33
410,522	1500,33
410,74	1353,33
410,958	1476,33
411,176	1575,33
411,394	1527,33
411,612	1553,33
411,83	1765,33
412,048	1602,33
412,266	1578,33
412,484	1598,33
412,702	1796,33
412,92	1431,33
413,138	1660,33
413,356	1562,33
413,573	1738,33
413,791	1909,33
414,009	1676,33
414,227	1791,33
414,445	1539,33
414,663	1585,33
414,881	1654,33
415,098	1678,33
415,316	1694,33
415,534	1999,33
415,752	1578,33
415,969	1535,33
416,187	1442,33
416,405	1479,33
416,623	1594,33
416,84	1420,33
417,058	1598,33
417,276	1703,33
417,493	1555,33
417,711	1543,33
417,928	1641,33
418,146	1575,33
418,364	1608,33
418,581	1553,33
418,799	1548,33
419,016	1402,33
419,234	1501,33
419,451	2300,33
419,669	1526,33
419,886	1651,33
420,104	1561,33
420,321	1541,33
420,539	1579,33
420,756	1714,33
420,974	1673,33
421,191	1502,33
421,408	1648,33
421,626	1686,33
421,843	1563,33
422,06	1668,33
422,278	1562,33
422,495	1638,33
422,712	1538,33
422,93	1645,33
423,147	1681,33
423,364	1523,33
423,581	1650,33
423,799	1572,33
424,016	1590,33
424,233	1592,33
424,45	1616,33
424,667	1582,33
424,884	1623,33
425,102	1837,33
425,319	1479,33
425,536	1550,33
425,753	1653,33
425,97	1541,33
426,187	1570,33
426,404	1535,33
426,621	1813,33
426,838	1665,33
427,055	1632,33
427,272	1634,33
427,489	1594,33
427,706	1500,33
427,923	1502,33
428,14	1575,33
428,357	2026,33
428,574	1504,33
428,791	1642,33
429,008	1471,33
429,224	1582,33
429,441	1420,33
429,658	1556,33
429,875	1751,33
430,092	1709,33
430,308	1694,33
430,525	1663,33
430,742	1644,33
430,959	1660,33
431,175	1597,33
431,392	1528,33
431,609	1706,33
431,826	1630,33
432,042	1495,33
432,259	1564,33
432,476	1846,33
432,692	1500,33
432,909	1527,33
433,125	1649,33
433,342	1462,33
433,559	1611,33
433,775	1602,33
433,992	1382,33
434,208	1448,33
434,425	1507,33
434,641	1755,33
434,858	1822,33
435,074	1615,33
435,291	1561,33
435,507	1530,33
435,723	1451,33
435,94	1520,33
436,156	1654,33
436,373	1776,33
436,589	1596,33
436,805	1757,33
437,022	1608,33
437,238	1565,33
437,454	1627,33
437,671	1604,33
437,887	1626,33
438,103	1696,33
438,319	1448,33
438,536	1732,33
438,752	1654,33
438,968	1669,33
439,184	1616,33
439,4	1575,33
439,616	1430,33
439,833	1687,33
440,049	1534,33
440,265	1758,33
440,481	1583,33
440,697	1592,33
440,913	1638,33
441,129	1577,33
441,345	1738,33
441,561	1628,33
441,777	1571,33
441,993	1653,33
442,209	1537,33
442,425	1660,33
442,641	1463,33
442,857	1764,33
443,073	1752,33
443,289	1536,33
443,505	1585,33
443,721	1761,33
443,937	1605,33
444,152	1578,33
444,368	1585,33
444,584	1540,33
444,8	1676,33
445,016	1540,33
445,231	1627,33
445,447	1763,33
445,663	1654,33
445,879	1521,33
446,094	1720,33
446,31	1782,33
446,526	1599,33
446,742	1691,33
446,957	1576,33
447,173	1601,33
447,388	1751,33
447,604	1700,33
447,82	1610,33
448,035	1681,33
448,251	1602,33
448,466	1688,33
448,682	1484,33
448,897	1480,33
449,113	1707,33
449,328	1647,33
449,544	1480,33
449,759	1896,33
449,975	1512,33
450,19	1506,33
450,406	1535,33
450,621	1510,33
450,836	1571,33
451,052	1525,33
451,267	1499,33
451,483	1540,33
451,698	1311,33
451,913	1572,33
452,129	1305,33
452,344	1467,33
452,559	1671,33
452,774	1580,33
452,99	1512,33
453,205	1636,33
453,42	1740,33
453,635	1704,33
453,85	1532,33
454,066	1704,33
454,281	1651,33
454,496	1590,33
454,711	1703,33
454,926	1689,33
455,141	1556,33
455,356	1372,33
455,571	1544,33
455,786	1574,33
456,001	1670,33
456,217	1250,33
456,432	1580,33
456,647	1614,33
456,861	1621,33
457,076	1492,33
457,291	1651,33
457,506	1581,33
457,721	1584,33
457,936	1596,33
458,151	1509,33
458,366	1739,33
458,581	1590,33
458,796	1826,33
459,01	1617,33
459,225	1671,33
459,44	1441,33
459,655	1617,33
459,87	1527,33
460,084	1586,33
460,299	1608,33
460,514	1550,33
460,729	2084,33
460,943	1478,33
461,158	1348,33
461,373	1704,33
461,587	1703,33
461,802	1459,33
462,016	1696,33
462,231	1577,33
462,446	1703,33
462,66	1574,33
462,875	1570,33
463,089	1577,33
463,304	1619,33
463,518	1623,33
463,733	1604,33
463,947	1610,33
464,162	1450,33
464,376	1646,33
464,591	1705,33
464,805	1665,33
465,02	1736,33
465,234	1699,33
465,448	1647,33
465,663	1679,33
465,877	1653,33
466,091	1551,33
466,306	1779,33
466,52	1906,33
466,734	1614,33
466,949	1593,33
467,163	1681,33
467,377	1543,33
467,591	1630,33
467,806	1570,33
468,02	1361,33
468,234	1468,33
468,448	1681,33
468,662	1615,33
468,876	1798,33
469,091	1492,33
469,305	1559,33
469,519	1371,33
469,733	1521,33
469,947	1483,33
470,161	1866,33
470,375	1504,33
470,589	1694,33
470,803	1599,33
471,017	1608,33
471,231	1598,33
471,445	1480,33
471,659	1593,33
471,873	1587,33
472,087	1418,33
472,301	1699,33
472,515	1504,33
472,728	1514,33
472,942	1479,33
473,156	1571,33
473,37	1537,33
473,584	1526,33
473,798	1538,33
474,011	1632,33
474,225	1512,33
474,439	1682,33
474,653	1668,33
474,866	1602,33
475,08	1651,33
475,294	1622,33
475,507	1475,33
475,721	1652,33
475,935	1625,33
476,148	1488,33
476,362	1444,33
476,576	1600,33
476,789	1588,33
477,003	1628,33
477,216	1639,33
477,43	1588,33
477,643	1612,33
477,857	1762,33
478,07	1587,33
478,284	1610,33
478,497	1645,33
478,711	1532,33
478,924	1595,33
479,138	1482,33
479,351	1618,33
479,564	1480,33
479,778	1587,33
479,991	1473,33
480,204	1510,33
480,418	1656,33
480,631	1530,33
480,844	1657,33
481,058	1572,33
481,271	1610,33
481,484	1647,33
481,697	1594,33
481,911	1586,33
482,124	1619,33
482,337	1607,33
482,55	1504,33
482,763	1554,33
482,976	1624,33
483,19	1531,33
483,403	1605,33
483,616	1671,33
483,829	1591,33
484,042	1591,33
484,255	1591,33
484,468	1604,33
484,681	1542,33
484,894	1570,33
485,107	1735,33
485,32	1543,33
485,533	1582,33
485,746	1636,33
485,959	1545,33
486,172	1611,33
486,385	1442,33
486,598	1624,33
486,81	1494,33
487,023	1544,33
487,236	1610,33
487,449	1618,33
487,662	1531,33
487,875	1713,33
488,087	1730,33
488,3	1621,33
488,513	1391,33
488,726	1439,33
488,938	1693,33
489,151	1667,33
489,364	1678,33
489,576	1591,33
489,789	1598,33
490,002	1632,33
490,214	1588,33
490,427	1414,33
490,64	1573,33
490,852	1790,33
491,065	1559,33
491,277	1694,33
491,49	1737,33
491,702	1441,33
491,915	1424,33
492,127	1701,33
492,34	1618,33
492,552	1640,33
492,765	1706,33
492,977	1766,33
493,19	1568,33
493,402	1668,33
493,614	1639,33
493,827	1569,33
494,039	1623,33
494,251	1573,33
494,464	1676,33
494,676	1333,33
494,888	1638,33
495,101	1542,33
495,313	1576,33
495,525	1473,33
495,737	1712,33
495,95	1496,33
496,162	1745,33
496,374	1555,33
496,586	1512,33
496,798	1360,33
497,01	1570,33
497,222	1493,33
497,435	1716,33
497,647	1504,33
497,859	1530,33
498,071	1531,33
498,283	1560,33
498,495	1526,33
498,707	1819,33
498,919	1471,33
499,131	1717,33
499,343	1441,33
499,555	1570,33
499,767	1645,33
499,979	1582,33
500,191	1733,33
500,402	1458,33
500,614	1653,33
500,826	1825,33
501,038	1516,33
501,25	1577,33
501,462	1524,33
501,673	1571,33
501,885	1534,33
502,097	1752,33
502,309	1683,33
502,521	1632,33
502,732	1519,33
502,944	1590,33
503,156	1500,33
503,367	1604,33
503,579	1459,33
503,791	1611,33
504,002	1589,33
504,214	1741,33
504,425	1978,33
504,637	1782,33
504,849	1470,33
505,06	1697,33
505,272	1653,33
505,483	1617,33
505,695	1673,33
505,906	1513,33
506,118	1660,33
506,329	1505,33
506,541	1506,33
506,752	1704,33
506,963	1592,33
507,175	1430,33
507,386	1766,33
507,598	1693,33
507,809	1519,33
508,02	1569,33
508,232	1655,33
508,443	1513,33
508,654	1785,33
508,865	1732,33
509,077	1506,33
509,288	1529,33
509,499	1767,33
509,71	1580,33
509,922	1672,33
510,133	1551,33
510,344	1761,33
510,555	1599,33
510,766	1638,33
510,977	1609,33
511,188	1557,33
511,4	1570,33
511,611	1563,33
511,822	1686,33
512,033	1601,33
512,244	1626,33
512,455	1586,33
512,666	1586,33
512,877	1703,33
513,088	1612,33
513,299	1604,33
513,51	1634,33
513,721	1790,33
513,931	1618,33
514,142	1688,33
514,353	1704,33
514,564	1636,33
514,775	1578,33
514,986	1654,33
515,196	1730,33
515,407	1567,33
515,618	1629,33
515,829	1610,33
516,04	1575,33
516,25	1483,33
516,461	1502,33
516,672	1559,33
516,882	1501,33
517,093	1713,33
517,304	1202,33
517,514	1498,33
517,725	1677,33
517,936	1537,33
518,146	1521,33
518,357	1771,33
518,567	1480,33
518,778	1873,33
518,988	1552,33
519,199	1812,33
519,409	1499,33
519,62	1634,33
519,83	1567,33
520,041	1669,33
520,251	1609,33
520,462	1702,33
520,672	1546,33
520,882	1692,33
521,093	1643,33
521,303	1817,33
521,513	1560,33
521,724	2695,33
521,934	1448,33
522,144	1579,33
522,355	1679,33
522,565	1612,33
522,775	1570,33
522,985	1573,33
523,196	1735,33
523,406	1498,33
523,616	1730,33
523,826	1586,33
524,036	2402,33
524,246	1546,33
524,457	1550,33
524,667	1422,33
524,877	1658,33
525,087	1576,33
525,297	1703,33
525,507	1686,33
525,717	1429,33
525,927	1583,33
526,137	1604,33
526,347	1585,33
526,557	1506,33
526,767	1503,33
526,977	1912,33
527,187	1471,33
527,397	1464,33
527,607	1462,33
527,816	1554,33
528,026	1511,33
528,236	1617,33
528,446	1588,33
528,656	1614,33
528,865	1756,33
529,075	1588,33
529,285	1540,33
529,495	1600,33
529,704	1616,33
529,914	1500,33
530,124	1633,33
530,334	1543,33
530,543	1622,33
530,753	1991,33
530,963	2011,33
531,172	1658,33
531,382	1563,33
531,591	1885,33
531,801	1474,33
532,01	1789,33
532,22	1653,33
532,43	1684,33
532,639	1880,33
532,849	1631,33
533,058	1544,33
533,267	1774,33
533,477	1553,33
533,686	1552,33
533,896	1588,33
534,105	1596,33
534,315	1693,33
534,524	1604,33
534,733	1620,33
534,943	1729,33
535,152	1795,33
535,361	1450,33
535,57	1598,33
535,78	1654,33
535,989	1622,33
536,198	1624,33
536,407	1587,33
536,617	1584,33
536,826	1678,33
537,035	1716,33
537,244	1550,33
537,453	1457,33
537,662	1583,33
537,872	1792,33
538,081	1593,33
538,29	1607,33
538,499	1528,33
538,708	1511,33
538,917	1683,33
539,126	1660,33
539,335	1640,33
539,544	2123,33
539,753	1730,33
539,962	1628,33
540,171	1618,33
540,38	1770,33
540,589	1625,33
540,797	1437,33
541,006	1514,33
541,215	1568,33
541,424	1788,33
541,633	1516,33
541,842	1542,33
542,05	1708,33
542,259	1614,33
542,468	1606,33
542,677	1663,33
542,885	1694,33
543,094	1604,33
543,303	1440,33
543,512	1802,33
543,72	1682,33
543,929	1681,33
544,138	1612,33
544,346	1486,33
544,555	1508,33
544,763	1696,33
544,972	1566,33
545,18	1514,33
545,389	1614,33
545,598	1551,33
545,806	1698,33
546,015	1613,33
546,223	1573,33
546,431	1594,33
546,64	1474,33
546,848	1504,33
547,057	1680,33
547,265	1515,33
547,474	1511,33
547,682	1649,33
547,89	1603,33
548,099	1688,33
548,307	1568,33
548,515	1516,33
548,723	1614,33
548,932	1580,33
549,14	1673,33
549,348	1677,33
549,556	1479,33
549,765	1535,33
549,973	1534,33
550,181	1627,33
550,389	1657,33
550,597	1718,33
550,805	1544,33
551,014	1760,33
551,222	5575,33
551,43	1455,33
551,638	1563,33
551,846	1678,33
552,054	1900,33
552,262	1670,33
552,47	1578,33
552,678	1532,33
552,886	1529,33
553,094	1490,33
553,302	1721,33
553,51	1542,33
553,717	1717,33
553,925	1509,33
554,133	1874,33
554,341	1467,33
554,549	1697,33
554,757	1547,33
554,965	1583,33
555,172	1583,33
555,38	1947,33
555,588	1494,33
555,796	1561,33
556,003	1765,33
556,211	1595,33
556,419	1636,33
556,626	1754,33
556,834	1472,33
557,042	1532,33
557,249	1670,33
557,457	1585,33
557,664	1436,33
557,872	1542,33
558,08	1496,33
558,287	1831,33
558,495	1676,33
558,702	1521,33
558,91	1681,33
559,117	1561,33
559,325	1635,33
559,532	1590,33
559,74	1776,33
559,947	1554,33
560,154	1685,33
560,362	1545,33
560,569	1577,33
560,776	1283,33
560,984	1673,33
561,191	1704,33
561,398	1639,33
561,606	2020,33
561,813	1686,33
562,02	1488,33
562,227	1498,33
562,435	1518,33
562,642	1690,33
562,849	1684,33
563,056	1628,33
563,263	1565,33
563,471	1727,33
563,678	1692,33
563,885	1555,33
564,092	1641,33
564,299	1711,33
564,506	1694,33
564,713	1585,33
564,92	1634,33
565,127	1718,33
565,334	1558,33
565,541	1960,33
565,748	1652,33
565,955	1545,33
566,162	1569,33
566,369	1654,33
566,576	1707,33
566,783	1666,33
566,99	1448,33
567,196	1720,33
567,403	1578,33
567,61	1810,33
567,817	1596,33
568,024	1601,33
568,23	1684,33
568,437	1552,33
568,644	1546,33
568,851	1467,33
569,057	1779,33
569,264	1645,33
569,471	1592,33
569,677	1550,33
569,884	1683,33
570,091	1725,33
570,297	2633,33
570,504	1797,33
570,71	1390,33
570,917	1623,33
571,123	1549,33
571,33	1655,33
571,536	1588,33
571,743	1876,33
571,949	1562,33
572,156	1580,33
572,362	1870,33
572,569	1583,33
572,775	1566,33
572,982	1736,33
573,188	1568,33
573,394	1574,33
573,601	1541,33
573,807	1513,33
574,013	1799,33
574,22	1698,33
574,426	1619,33
574,632	1717,33
574,838	1620,33
575,045	1540,33
575,251	1648,33
575,457	1791,33
575,663	1710,33
575,869	1651,33
576,076	1544,33
576,282	1641,33
576,488	1579,33
576,694	1602,33
576,9	1429,33
577,106	1530,33
577,312	1518,33
577,518	1614,33
577,724	1654,33
577,93	1698,33
578,136	1567,33
578,342	1615,33
578,548	1552,33
578,754	1571,33
578,96	1540,33
579,166	1550,33
579,372	1981,33
579,578	1665,33
579,784	1718,33
579,989	1550,33
580,195	1532,33
580,401	1593,33
580,607	1583,33
580,813	1703,33
581,018	1587,33
581,224	1614,33
581,43	1569,33
581,636	1606,33
581,841	1745,33
582,047	1654,33
582,253	1685,33
582,458	1582,33
582,664	1526,33
582,869	1728,33
583,075	1426,33
583,281	2003,33
583,486	1676,33
583,692	1562,33
583,897	1764,33
584,103	1684,33
584,308	1703,33
584,514	1599,33
584,719	1707,33
584,925	1679,33
585,13	1607,33
585,335	1627,33
585,541	1651,33
585,746	1588,33
585,952	1600,33
586,157	1586,33
586,362	1596,33
586,568	1797,33
586,773	1732,33
586,978	1535,33
587,183	1623,33
587,389	1604,33
587,594	1539,33
587,799	1603,33
588,004	1763,33
588,21	1660,33
588,415	1554,33
588,62	1668,33
588,825	1766,33
589,03	1647,33
589,235	2066,33
589,44	1788,33
589,645	1493,33
589,85	1733,33
590,055	1857,33
590,26	1618,33
590,465	1619,33
590,67	1660,33
590,875	1785,33
591,08	1795,33
591,285	1660,33
591,49	1412,33
591,695	1619,33
591,9	1626,33
592,105	1552,33
592,31	1555,33
592,515	1948,33
592,719	1364,33
592,924	1518,33
593,129	1565,33
593,334	1775,33
593,539	1545,33
593,743	1795,33
593,948	1668,33
594,153	1586,33
594,357	1797,33
594,562	1505,33
594,767	2076,33
594,971	1667,33
595,176	1491,33
595,381	1744,33
595,585	1632,33
595,79	1793,33
595,994	1566,33
596,199	2028,33
596,403	1581,33
596,608	1507,33
596,812	1614,33
597,017	1707,33
597,221	1819,33
597,426	1839,33
597,63	1621,33
597,835	1466,33
598,039	1581,33
598,243	1576,33
598,448	1878,33
598,652	1615,33
598,856	1620,33
599,061	1710,33
599,265	1618,33
599,469	1618,33
599,673	1666,33
599,878	1677,33
600,082	1674,33
600,286	1668,33
600,49	1642,33
600,695	1463,33
600,899	1550,33
601,103	1614,33
601,307	1636,33
601,511	1668,33
601,715	1557,33
601,919	1489,33
602,123	1756,33
602,327	1680,33
602,531	1638,33
602,735	1748,33
602,939	1823,33
603,143	1490,33
603,347	1683,33
603,551	1381,33
603,755	1599,33
603,959	1620,33
604,163	1737,33
604,367	1587,33
604,571	1540,33
604,775	1703,33
604,978	1687,33
605,182	1495,33
605,386	1610,33
605,59	1647,33
605,793	1637,33
605,997	1644,33
606,201	1701,33
606,405	1639,33
606,608	1708,33
606,812	1646,33
607,016	1731,33
607,219	1575,33
607,423	1524,33
607,627	1710,33
607,83	1645,33
608,034	1476,33
608,237	1690,33
608,441	1691,33
608,644	1700,33
608,848	1756,33
609,051	1645,33
609,255	1558,33
609,458	1728,33
609,662	1592,33
609,865	1814,33
610,069	1567,33
610,272	1485,33
610,475	1526,33
610,679	1610,33
610,882	1590,33
611,085	1629,33
611,289	1677,33
611,492	1608,33
611,695	1543,33
611,898	1568,33
612,102	1735,33
612,305	1590,33
612,508	1513,33
612,711	1731,33
612,914	1538,33
613,118	1674,33
613,321	1706,33
613,524	1352,33
613,727	1672,33
613,93	1580,33
614,133	1704,33
614,336	1705,33
614,539	1616,33
614,742	1561,33
614,945	1566,33
615,148	1770,33
615,351	1608,33
615,554	1754,33
615,757	1547,33
615,96	1669,33
616,163	1584,33
616,366	1753,33
616,569	1590,33
616,772	1865,33
616,974	1438,33
617,177	1738,33
617,38	1677,33
617,583	1693,33
617,786	1512,33
617,988	1558,33
618,191	1682,33
618,394	1627,33
618,596	1479,33
618,799	1476,33
619,002	1657,33
619,204	1740,33
619,407	1589,33
619,61	1554,33
619,812	1510,33
620,015	1608,33
620,217	1833,33
620,42	1762,33
620,623	1633,33
620,825	1637,33
621,028	1817,33
621,23	1727,33
621,432	1635,33
621,635	1828,33
621,837	1695,33
622,04	1722,33
622,242	1592,33
622,445	1657,33
622,647	1633,33
622,849	1738,33
623,052	1475,33
623,254	1678,33
623,456	1489,33
623,658	1774,33
623,861	1722,33
624,063	1565,33
624,265	1656,33
624,467	1758,33
624,67	1462,33
624,872	1558,33
625,074	1959,33
625,276	1586,33
625,478	1778,33
625,68	1446,33
625,882	1527,33
626,084	1616,33
626,287	1752,33
626,489	1763,33
626,691	1796,33
626,893	1573,33
627,095	1699,33
627,297	1746,33
627,499	1579,33
627,7	1474,33
627,902	1501,33
628,104	1572,33
628,306	1533,33
628,508	1512,33
628,71	1632,33
628,912	1409,33
629,114	1874,33
629,315	1675,33
629,517	1577,33
629,719	1531,33
629,921	1636,33
630,122	1686,33
630,324	1418,33
630,526	1774,33
630,728	1634,33
630,929	1511,33
631,131	1571,33
631,332	1862,33
631,534	1751,33
631,736	1682,33
631,937	1508,33
632,139	1654,33
632,34	1663,33
632,542	1678,33
632,743	1628,33
632,945	1551,33
633,146	1712,33
633,348	1812,33
633,549	1609,33
633,751	1725,33
633,952	1659,33
634,154	1513,33
634,355	1484,33
634,556	1608,33
634,758	1573,33
634,959	1575,33
635,16	1903,33
635,362	1600,33
635,563	1655,33
635,764	1641,33
635,965	1684,33
636,167	1635,33
636,368	1576,33
636,569	1603,33
636,77	1724,33
636,971	1521,33
637,172	1618,33
637,374	1602,33
637,575	1743,33
637,776	1534,33
637,977	1484,33
638,178	1670,33
638,379	1694,33
638,58	1673,33
638,781	1638,33
638,982	1583,33
639,183	1634,33
639,384	1578,33
639,585	1562,33
639,786	1486,33
639,987	1600,33
640,187	1714,33
640,388	1695,33
640,589	1508,33
640,79	1549,33
640,991	1593,33
641,192	1753,33
641,392	1486,33
641,593	1487,33
641,794	1472,33
641,995	1511,33
642,195	1217,33
642,396	1451,33
642,597	1465,33
642,797	1607,33
642,998	1695,33
643,199	1536,33
643,399	1650,33
643,6	1350,33
643,8	1395,33
644,001	1542,33
644,202	1619,33
644,402	1518,33
644,603	1651,33
644,803	1412,33
645,004	1672,33
645,204	1523,33
645,404	1608,33
645,605	1976,33
645,805	1537,33
646,006	1539,33
646,206	1993,33
646,406	1548,33
646,607	1465,33
646,807	1348,33
647,007	-28,67
647,208	42,33
647,408	13,33
647,608	-10,67
