200,697	854
200,927	-117
201,158	-32
201,388	-29
201,618	1425
201,849	1300
202,079	1393
202,309	1462
202,539	1536
202,77	1433
203	1523
203,23	1524
203,46	1690
203,691	1581
203,921	1583
204,151	1588
204,381	1484
204,611	1597
204,841	1488
205,071	1485
205,302	1656
205,532	1631
205,762	3736
205,992	1453
206,222	1453
206,452	1483
206,682	1533
206,912	1637
207,142	1610
207,372	1523
207,602	1465
207,832	1585
208,062	1633
208,292	1527
208,522	1213
208,752	1572
208,982	1549
209,212	1707
209,442	1514
209,672	1524
209,902	1488
210,131	1649
210,361	1463
210,591	1539
210,821	1505
211,051	1693
211,281	1577
211,51	1489
211,74	1539
211,97	1389
212,2	1606
212,429	1868
212,659	1610
212,889	1625
213,119	1459
213,348	1536
213,578	1682
213,808	1628
214,037	1679
214,267	1608
214,497	1645
214,726	1464
214,956	1500
215,186	1565
215,415	1579
215,645	1522
215,874	1654
216,104	1511
216,333	1605
216,563	1625
216,792	1624
217,022	1672
217,251	1629
217,481	1514
217,71	1623
217,94	1671
218,169	1555
218,399	1658
218,628	1278
218,858	1673
219,087	1581
219,316	1645
219,546	1591
219,775	1613
220,004	1734
220,234	1555
220,463	1735
220,692	1658
220,922	1609
221,151	1499
221,38	1582
221,61	2291
221,839	1869
222,068	1582
222,297	1767
222,526	1665
222,756	1743
222,985	1700
223,214	1602
223,443	1602
223,672	2116
223,902	1558
224,131	1618
224,36	1727
224,589	1506
224,818	1639
225,047	1745
225,276	1581
225,505	1781
225,734	1679
225,963	1594
226,192	1624
226,421	1675
226,65	1670
226,879	1728
227,108	1776
227,337	1689
227,566	1636
227,795	1708
228,024	1735
228,253	1775
228,482	1582
228,711	1729
228,94	1622
229,168	1649
229,397	1613
229,626	1792
229,855	1739
230,084	1654
230,313	1551
230,541	1747
230,77	1644
230,999	1615
231,228	1830
231,456	1926
231,685	1695
231,914	1844
232,143	1883
232,371	1799
232,6	1806
232,829	1788
233,057	1878
233,286	1798
233,515	1787
233,743	1848
233,972	1758
234,2	1864
234,429	1839
234,658	1855
234,886	1745
235,115	1917
235,343	1875
235,572	1849
235,8	1922
236,029	2139
236,257	1875
236,486	1916
236,714	1954
236,943	2208
237,171	1814
237,399	1918
237,628	1948
237,856	2061
238,085	1978
238,313	1853
238,541	2001
238,77	2297
238,998	1862
239,226	2038
239,455	1973
239,683	2054
239,911	1950
240,14	1997
240,368	2102
240,596	2012
240,824	2101
241,053	2095
241,281	2002
241,509	2125
241,737	2023
241,965	1889
242,193	1975
242,422	2038
242,65	2059
242,878	2025
243,106	2065
243,334	2146
243,562	2274
243,79	2185
244,018	2217
244,246	2217
244,474	2071
244,702	2161
244,93	2251
245,158	2206
245,386	2211
245,614	2321
245,842	2390
246,07	2191
246,298	2347
246,526	2521
246,754	2229
246,982	2297
247,21	2523
247,438	2217
247,666	2401
247,893	2325
248,121	2285
248,349	2327
248,577	2415
248,805	2554
249,033	2440
249,26	2422
249,488	2157
249,716	2455
249,944	2432
250,171	2297
250,399	2237
250,627	2597
250,854	2553
251,082	2381
251,31	2543
251,537	2458
251,765	2646
251,993	2425
252,22	2813
252,448	2438
252,676	2576
252,903	2616
253,131	2838
253,358	2467
253,586	2454
253,813	2500
254,041	2720
254,268	2591
254,496	2486
254,723	2613
254,951	2654
255,178	2573
255,406	2563
255,633	2605
255,86	2896
256,088	2689
256,315	2627
256,543	2855
256,77	2787
256,997	2755
257,225	2807
257,452	2671
257,679	2596
257,907	2877
258,134	2723
258,361	2801
258,588	2742
258,816	2772
259,043	2688
259,27	2769
259,497	2798
259,725	3026
259,952	2859
260,179	2797
260,406	2835
260,633	2819
260,86	2779
261,088	2816
261,315	3024
261,542	2739
261,769	2848
261,996	3133
262,223	3019
262,45	3158
262,677	2757
262,904	2751
263,131	2931
263,358	2907
263,585	2970
263,812	3275
264,039	3048
264,266	2891
264,493	3043
264,72	2866
264,947	2941
265,174	3212
265,401	2830
265,627	2994
265,854	2972
266,081	3040
266,308	2762
266,535	2885
266,762	2925
266,988	3028
267,215	3020
267,442	3005
267,669	3098
267,896	3047
268,122	3161
268,349	2858
268,576	2904
268,802	2966
269,029	2960
269,256	2968
269,482	3040
269,709	2966
269,936	3064
270,162	3193
270,389	2964
270,616	3101
270,842	3274
271,069	3178
271,295	3111
271,522	3117
271,748	3164
271,975	3254
272,201	3296
272,428	3224
272,654	3275
272,881	3574
273,107	3201
273,334	3241
273,56	3318
273,787	3138
274,013	3299
274,239	3523
274,466	3398
274,692	3282
274,918	3330
275,145	3371
275,371	3357
275,597	3512
275,824	3567
276,05	3463
276,276	3461
276,503	3389
276,729	3415
276,955	3391
277,181	3503
277,407	3351
277,634	3480
277,86	3622
278,086	3590
278,312	3414
278,538	3356
278,764	3552
278,991	3680
279,217	3321
279,443	3347
279,669	3520
279,895	3582
280,121	3462
280,347	3431
280,573	3482
280,799	3513
281,025	3768
281,251	3446
281,477	3743
281,703	3571
281,929	3575
282,155	3765
282,381	3829
282,607	3765
282,833	3780
283,059	3887
283,285	3738
283,51	3789
283,736	3671
283,962	3825
284,188	3811
284,414	3966
284,64	4008
284,865	3964
285,091	3789
285,317	4164
285,543	4013
285,768	3996
285,994	4096
286,22	4291
286,446	4108
286,671	3940
286,897	4111
287,123	4004
287,348	4086
287,574	4611
287,799	4089
288,025	3991
288,251	4264
288,476	4135
288,702	4209
288,927	4215
289,153	4124
289,378	4484
289,604	4352
289,829	4200
290,055	4172
290,28	4343
290,506	4389
290,731	4236
290,957	4485
291,182	4525
291,408	4737
291,633	4553
291,858	4487
292,084	4552
292,309	4540
292,535	4629
292,76	4758
292,985	4685
293,211	4640
293,436	4555
293,661	4663
293,886	4734
294,112	4789
294,337	4785
294,562	4677
294,787	4817
295,013	4822
295,238	4833
295,463	4941
295,688	5030
295,913	4932
296,138	4967
296,364	4791
296,589	5042
296,814	4697
297,039	4805
297,264	4849
297,489	5110
297,714	4848
297,939	4803
298,164	4814
298,389	4994
298,614	4915
298,839	5153
299,064	5177
299,289	5096
299,514	5305
299,739	5159
299,964	5183
300,189	5160
300,414	5391
300,639	5528
300,863	5317
301,088	5675
301,313	5466
301,538	5443
301,763	5372
301,988	5570
302,212	5552
302,437	5974
302,662	5529
302,887	5671
303,111	5587
303,336	5732
303,561	5721
303,786	5610
304,01	5928
304,235	5810
304,46	5514
304,684	5602
304,909	5634
305,134	5491
305,358	5616
305,583	5468
305,807	5735
306,032	5330
306,256	5671
306,481	5681
306,706	5482
306,93	5513
307,155	5873
307,379	5682
307,604	5737
307,828	5680
308,052	5986
308,277	5864
308,501	5906
308,726	6035
308,95	5964
309,175	5840
309,399	5998
309,623	5870
309,848	5744
310,072	5642
310,296	6285
310,521	5861
310,745	5819
310,969	6127
311,193	6060
311,418	5894
311,642	5975
311,866	5937
312,09	5985
312,315	5864
312,539	5955
312,763	5842
312,987	5992
313,211	5873
313,435	6037
313,659	5924
313,884	6152
314,108	6022
314,332	6093
314,556	5806
314,78	6098
315,004	5939
315,228	6160
315,452	5925
315,676	6054
315,9	5931
316,124	5771
316,348	5829
316,572	5832
316,796	5931
317,02	5825
317,244	5853
317,468	5809
317,691	5976
317,915	5852
318,139	5751
318,363	6106
318,587	5782
318,811	5693
319,034	5651
319,258	5983
319,482	5927
319,706	5787
319,93	5739
320,153	5679
320,377	5761
320,601	5608
320,824	5581
321,048	5940
321,272	5801
321,495	5574
321,719	5774
321,943	5765
322,166	5760
322,39	5805
322,614	5930
322,837	5812
323,061	5708
323,284	5879
323,508	5934
323,731	5712
323,955	5791
324,178	5821
324,402	5948
324,625	5697
324,849	5585
325,072	5945
325,296	5926
325,519	5653
325,743	5813
325,966	5806
326,189	5896
326,413	5741
326,636	6069
326,859	5894
327,083	6012
327,306	5563
327,529	5576
327,753	5547
327,976	5621
328,199	5744
328,422	5703
328,646	5597
328,869	5553
329,092	5651
329,315	5893
329,538	5638
329,762	5808
329,985	5639
330,208	5777
330,431	5769
330,654	5897
330,877	5779
331,1	5859
331,323	5754
331,546	5863
331,769	5877
331,993	5612
332,216	5902
332,439	5816
332,662	5862
332,885	5811
333,107	5597
333,33	5697
333,553	5879
333,776	5462
333,999	5864
334,222	5626
334,445	5710
334,668	5763
334,891	5771
335,114	5602
335,336	5782
335,559	5861
335,782	5999
336,005	5707
336,228	5746
336,45	5582
336,673	5677
336,896	5711
337,119	5880
337,341	5677
337,564	5585
337,787	5847
338,009	5597
338,232	5646
338,455	5827
338,677	5686
338,9	5757
339,122	5657
339,345	5425
339,568	5559
339,79	5629
340,013	5669
340,235	5745
340,458	5551
340,68	5552
340,903	5467
341,125	5601
341,348	5409
341,57	5665
341,793	5816
342,015	5231
342,238	5433
342,46	5497
342,682	5495
342,905	5382
343,127	5718
343,349	5321
343,572	5390
343,794	5183
344,016	5274
344,239	5598
344,461	5244
344,683	5255
344,905	5281
345,128	5273
345,35	5425
345,572	5576
345,794	5743
346,017	5457
346,239	5439
346,461	5419
346,683	5431
346,905	5586
347,127	5604
347,349	5540
347,571	5431
347,793	5628
348,016	5489
348,238	5468
348,46	5483
348,682	5407
348,904	5570
349,126	5478
349,348	5625
349,57	5337
349,792	5504
350,014	5540
350,235	5444
350,457	5849
350,679	5499
350,901	5183
351,123	5409
351,345	5371
351,567	5542
351,789	5383
352,01	5414
352,232	5512
352,454	5165
352,676	5397
352,897	5244
353,119	5109
353,341	5121
353,563	4873
353,784	4931
354,006	5209
354,228	5168
354,449	5198
354,671	5327
354,893	5450
355,114	5283
355,336	5354
355,558	5313
355,779	5227
356,001	5503
356,222	5273
356,444	5374
356,665	6100
356,887	5293
357,108	5283
357,33	5366
357,551	5406
357,773	5344
357,994	5380
358,216	5167
358,437	5457
358,659	5257
358,88	5228
359,101	5339
359,323	5310
359,544	5234
359,765	5129
359,987	5486
360,208	5278
360,429	5381
360,651	5209
360,872	5568
361,093	5327
361,314	5301
361,536	5248
361,757	5222
361,978	5284
362,199	5192
362,42	5083
362,642	5274
362,863	5429
363,084	5193
363,305	5251
363,526	5233
363,747	5155
363,968	5135
364,189	5307
364,41	5141
364,631	5024
364,852	5231
365,073	5085
365,294	5177
365,515	5044
365,736	5278
365,957	5182
366,178	5208
366,399	5240
366,62	5153
366,841	5381
367,062	5391
367,283	5287
367,504	5312
367,724	5146
367,945	5239
368,166	5397
368,387	5283
368,608	5249
368,828	5457
369,049	5273
369,27	5411
369,491	5264
369,711	5391
369,932	5425
370,153	5238
370,373	5352
370,594	5428
370,815	5199
371,035	5387
371,256	5170
371,477	5248
371,697	5324
371,918	5042
372,138	5402
372,359	5599
372,579	5206
372,8	5265
373,02	5401
373,241	5343
373,461	5450
373,682	5367
373,902	5356
374,123	5327
374,343	5483
374,564	5372
374,784	5325
375,004	5375
375,225	5212
375,445	5245
375,666	5455
375,886	5139
376,106	5169
376,326	5315
376,547	5477
376,767	5494
376,987	5529
377,208	5487
377,428	5571
377,648	5630
377,868	5713
378,088	5870
378,309	5912
378,529	5685
378,749	5852
378,969	5703
379,189	5839
379,409	5735
379,629	5617
379,849	5597
380,069	5760
380,29	5620
380,51	5669
380,73	5669
380,95	5908
381,17	5725
381,39	5702
381,61	5563
381,829	5707
382,049	5627
382,269	5596
382,489	5702
382,709	5621
382,929	5651
383,149	5634
383,369	5952
383,589	5567
383,808	5697
384,028	5680
384,248	5751
384,468	5683
384,688	5683
384,907	5681
385,127	5697
385,347	5913
385,567	5774
385,786	6010
386,006	5937
386,226	5899
386,445	5923
386,665	6038
386,885	6198
387,104	6095
387,324	6317
387,543	6171
387,763	6072
387,982	6318
388,202	6311
388,422	6367
388,641	6235
388,861	6238
389,08	6529
389,3	6232
389,519	6369
389,738	6189
389,958	6198
390,177	6289
390,397	6600
390,616	6301
390,836	6527
391,055	6437
391,274	6505
391,494	6465
391,713	6599
391,932	6769
392,151	6833
392,371	6797
392,59	6743
392,809	6936
393,029	6695
393,248	6478
393,467	6189
393,686	6285
393,905	7285
394,124	6331
394,344	6387
394,563	6427
394,782	6354
395,001	6477
395,22	6301
395,439	6567
395,658	6445
395,877	6628
396,096	6467
396,315	6750
396,534	6626
396,753	6730
396,972	6684
397,191	7065
397,41	6991
397,629	7025
397,848	7148
398,067	7155
398,286	6985
398,505	6979
398,724	7045
398,943	7376
399,161	6692
399,38	6733
399,599	6529
399,818	6463
400,037	6570
400,255	6471
400,474	6413
400,693	6555
400,912	6594
401,13	6365
401,349	6214
401,568	6189
401,786	6381
402,005	6223
402,224	6193
402,442	6155
402,661	6172
402,88	6155
403,098	6205
403,317	6184
403,535	6183
403,754	6050
403,972	6151
404,191	6147
404,409	6198
404,628	6893
404,846	6371
405,065	6531
405,283	6391
405,502	6294
405,72	6163
405,938	5973
406,157	6068
406,375	5877
406,594	5983
406,812	5958
407,03	5806
407,249	5440
407,467	5915
407,685	6014
407,903	5867
408,122	6186
408,34	6096
408,558	6221
408,776	5976
408,995	5994
409,213	5889
409,431	6099
409,649	6009
409,867	5869
410,085	5767
410,303	5816
410,522	5644
410,74	5609
410,958	5633
411,176	5740
411,394	5589
411,612	5675
411,83	5912
412,048	5708
412,266	5783
412,484	5815
412,702	6013
412,92	5671
413,138	5713
413,356	5637
413,573	5721
413,791	5774
414,009	5447
414,227	5631
414,445	5490
414,663	5444
414,881	5455
415,098	5528
415,316	5447
415,534	5925
415,752	5469
415,969	5635
416,187	5361
416,405	5595
416,623	5472
416,84	5344
417,058	5402
417,276	5563
417,493	5432
417,711	5106
417,928	5436
418,146	5310
418,364	5413
418,581	5333
418,799	5337
419,016	5225
419,234	5309
419,451	5934
419,669	5445
419,886	5381
420,104	5404
420,321	5465
420,539	5578
420,756	5854
420,974	5711
421,191	5904
421,408	5879
421,626	5923
421,843	5697
422,06	5669
422,278	5381
422,495	5570
422,712	5461
422,93	5500
423,147	5578
423,364	5473
423,581	5398
423,799	5260
424,016	5248
424,233	5547
424,45	5292
424,667	5533
424,884	5251
425,102	5455
425,319	5299
425,536	4994
425,753	5171
425,97	4981
426,187	5007
426,404	5001
426,621	5550
426,838	5464
427,055	5377
427,272	5442
427,489	5221
427,706	5108
427,923	5090
428,14	5111
428,357	5422
428,574	5287
428,791	5389
429,008	5481
429,224	5473
429,441	5685
429,658	5846
429,875	5917
430,092	5834
430,308	5704
430,525	5593
430,742	5344
430,959	5275
431,175	5023
431,392	4847
431,609	4833
431,826	4843
432,042	4653
432,259	4707
432,476	5059
432,692	4755
432,909	4961
433,125	5252
433,342	5452
433,559	5385
433,775	5195
433,992	4900
434,208	4587
434,425	4555
434,641	4970
434,858	5060
435,074	4886
435,291	4679
435,507	4746
435,723	4891
435,94	5076
436,156	4961
436,373	5113
436,589	4908
436,805	4861
437,022	4727
437,238	4675
437,454	4854
437,671	4761
437,887	4917
438,103	4857
438,319	4735
438,536	4945
438,752	4854
438,968	4856
439,184	4830
439,4	4708
439,616	4543
439,833	4784
440,049	4616
440,265	4903
440,481	5020
440,697	5421
440,913	5383
441,129	5372
441,345	5389
441,561	5211
441,777	5016
441,993	5003
442,209	4943
442,425	5111
442,641	5055
442,857	5089
443,073	5152
443,289	5103
443,505	5231
443,721	5045
443,937	5039
444,152	4915
444,368	5008
444,584	4887
444,8	5045
445,016	4759
445,231	4819
445,447	4972
445,663	4880
445,879	4917
446,094	5033
446,31	5021
446,526	4854
446,742	4861
446,957	4813
447,173	4769
447,388	4808
447,604	4853
447,82	4701
448,035	4797
448,251	4583
448,466	4931
448,682	4667
448,897	4751
449,113	4801
449,328	4828
449,544	4679
449,759	4779
449,975	4574
450,19	4697
450,406	4661
450,621	4487
450,836	4548
451,052	4617
451,267	4660
451,483	4406
451,698	4515
451,913	4593
452,129	4537
452,344	4624
452,559	4544
452,774	4496
452,99	4393
453,205	4481
453,42	4458
453,635	4487
453,85	4428
454,066	4456
454,281	4416
454,496	4561
454,711	4546
454,926	4671
455,141	4473
455,356	4454
455,571	4327
455,786	4491
456,001	4331
456,217	4203
456,432	4517
456,647	4414
456,861	4475
457,076	4526
457,291	4831
457,506	4479
457,721	4560
457,936	4717
458,151	4535
458,366	4815
458,581	4621
458,796	5009
459,01	4659
459,225	4681
459,44	4505
459,655	4642
459,87	4398
460,084	4448
460,299	4503
460,514	4577
460,729	4968
460,943	4436
461,158	4250
461,373	4289
461,587	4227
461,802	4050
462,016	4401
462,231	4246
462,446	4301
462,66	4301
462,875	4171
463,089	4571
463,304	4494
463,518	4529
463,733	4563
463,947	4598
464,162	4672
464,376	4711
464,591	4852
464,805	4729
465,02	4873
465,234	4971
465,448	4970
465,663	4897
465,877	4719
466,091	4423
466,306	4593
466,52	4671
466,734	4467
466,949	4361
467,163	4458
467,377	4319
467,591	4568
467,806	4321
468,02	4321
468,234	4228
468,448	4359
468,662	4270
468,876	4406
469,091	4026
469,305	4325
469,519	4050
469,733	3966
469,947	4123
470,161	4181
470,375	4113
470,589	4247
470,803	4138
471,017	4325
471,231	4202
471,445	4125
471,659	4347
471,873	4236
472,087	4217
472,301	4417
472,515	4366
472,728	4483
472,942	4565
473,156	4607
473,37	4563
473,584	4506
473,798	4676
474,011	4602
474,225	4647
474,439	4816
474,653	4872
474,866	4835
475,08	5030
475,294	4943
475,507	4751
475,721	4777
475,935	4907
476,148	4887
476,362	4729
476,576	4702
476,789	4836
477,003	4895
477,216	4953
477,43	5174
477,643	5222
477,857	5229
478,07	5132
478,284	5188
478,497	5065
478,711	5171
478,924	5190
479,138	5297
479,351	5355
479,564	5461
479,778	5718
479,991	5527
480,204	5614
480,418	5719
480,631	5536
480,844	6055
481,058	5883
481,271	5997
481,484	5995
481,697	5933
481,911	5841
482,124	5826
482,337	5801
482,55	5901
482,763	5860
482,976	5991
483,19	6070
483,403	6017
483,616	6346
483,829	6643
484,042	6565
484,255	6781
484,468	6864
484,681	6880
484,894	7816
485,107	12320
485,32	16421
485,533	16316
485,746	14532
485,959	12270
486,172	10264
486,385	8441
486,598	7763
486,81	7315
487,023	7217
487,236	7253
487,449	6988
487,662	6723
487,875	6731
488,087	6819
488,3	6840
488,513	6754
488,726	6785
488,938	6997
489,151	7004
489,364	7029
489,576	6983
489,789	7219
490,002	7071
490,214	6911
490,427	6987
490,64	7180
490,852	7139
491,065	6997
491,277	7175
491,49	7153
491,702	6999
491,915	7252
492,127	7398
492,34	7249
492,552	7256
492,765	7424
492,977	7604
493,19	7333
493,402	7324
493,614	7391
493,827	7321
494,039	7433
494,251	7421
494,464	7345
494,676	7114
494,888	7161
495,101	7143
495,313	7270
495,525	7589
495,737	7896
495,95	7799
496,162	7781
496,374	7703
496,586	7535
496,798	7282
497,01	7091
497,222	7114
497,435	7306
497,647	7052
497,859	7281
498,071	7503
498,283	7487
498,495	7571
498,707	7493
498,919	7586
499,131	7734
499,343	7463
499,555	7446
499,767	7470
499,979	7214
500,191	7383
500,402	7171
500,614	7563
500,826	7715
501,038	7513
501,25	7489
501,462	7509
501,673	7567
501,885	7534
502,097	7629
502,309	7480
502,521	7521
502,732	7401
502,944	7501
503,156	7361
503,367	7239
503,579	7212
503,791	7129
504,002	7177
504,214	7202
504,425	7491
504,637	7282
504,849	7151
505,06	7140
505,272	7209
505,483	6982
505,695	7084
505,906	7125
506,118	7077
506,329	6949
506,541	6790
506,752	6729
506,963	6669
507,175	6646
507,386	7084
507,598	7103
507,809	6645
508,02	6917
508,232	6820
508,443	6483
508,654	6828
508,865	6645
509,077	6413
509,288	6607
509,499	6753
509,71	6471
509,922	6555
510,133	6557
510,344	6594
510,555	6348
510,766	6392
510,977	6433
511,188	6261
511,4	6075
511,611	6145
511,822	6145
512,033	6175
512,244	6153
512,455	6222
512,666	6179
512,877	6320
513,088	6089
513,299	6111
513,51	6105
513,721	6061
513,931	6127
514,142	6114
514,353	6127
514,564	5848
514,775	5843
514,986	5931
515,196	6009
515,407	5882
515,618	5943
515,829	5837
516,04	5909
516,25	5622
516,461	5968
516,672	5894
516,882	5591
517,093	5797
517,304	5677
517,514	5614
517,725	5804
517,936	5581
518,146	5607
518,357	5767
518,567	5711
518,778	6096
518,988	5899
519,199	5911
519,409	5573
519,62	5637
519,83	5465
520,041	5408
520,251	5635
520,462	5510
520,672	5507
520,882	5573
521,093	5504
521,303	5560
521,513	5291
521,724	6455
521,934	5261
522,144	5329
522,355	5288
522,565	5328
522,775	5389
522,985	5328
523,196	5305
523,406	5186
523,616	5519
523,826	5247
524,036	6139
524,246	5296
524,457	5099
524,667	5064
524,877	5129
525,087	5260
525,297	5156
525,507	5262
525,717	5063
525,927	5157
526,137	5184
526,347	5200
526,557	5038
526,767	5138
526,977	5382
527,187	5149
527,397	4899
527,607	4951
527,816	4803
528,026	5075
528,236	5270
528,446	5257
528,656	5192
528,865	5445
529,075	4955
529,285	4991
529,495	5065
529,704	5005
529,914	4865
530,124	4887
530,334	4781
530,543	4730
530,753	5055
530,963	5213
531,172	4805
531,382	4736
531,591	5007
531,801	4667
532,01	4597
532,22	4839
532,43	4785
532,639	5108
532,849	5041
533,058	4856
533,267	5074
533,477	4808
533,686	4691
533,896	4779
534,105	4834
534,315	4897
534,524	4742
534,733	4740
534,943	4699
535,152	4710
535,361	4563
535,57	4536
535,78	4470
535,989	4299
536,198	4302
536,407	4301
536,617	4338
536,826	4523
537,035	4487
537,244	4336
537,453	4311
537,662	4418
537,872	4636
538,081	4457
538,29	4342
538,499	4371
538,708	4322
538,917	4497
539,126	4502
539,335	4478
539,544	4869
539,753	4188
539,962	4342
540,171	4317
540,38	4472
540,589	4490
540,797	4699
541,006	4471
541,215	4232
541,424	4581
541,633	4409
541,842	4223
542,05	4503
542,259	4413
542,468	4225
542,677	4141
542,885	4295
543,094	4454
543,303	4288
543,512	4391
543,72	4494
543,929	4477
544,138	4269
544,346	4225
544,555	4259
544,763	4309
544,972	4160
545,18	3779
545,389	4027
545,598	3977
545,806	4077
546,015	4039
546,223	4079
546,431	3945
546,64	4050
546,848	4115
547,057	4216
547,265	4161
547,474	4292
547,682	4393
547,89	4272
548,099	4181
548,307	4029
548,515	4036
548,723	4009
548,932	3806
549,14	3842
549,348	4001
549,556	3609
549,765	3601
549,973	3623
550,181	3899
550,389	3823
550,597	3759
550,805	3489
551,014	3665
551,222	7073
551,43	3989
551,638	4025
551,846	4082
552,054	4041
552,262	4022
552,47	3635
552,678	3650
552,886	3686
553,094	3656
553,302	3794
553,51	3694
553,717	3703
553,925	3439
554,133	3780
554,341	3412
554,549	3669
554,757	3689
554,965	3532
555,172	3660
555,38	4008
555,588	3587
555,796	3661
556,003	3662
556,211	3348
556,419	3433
556,626	3581
556,834	3393
557,042	3390
557,249	3509
557,457	3443
557,664	3192
557,872	3249
558,08	2983
558,287	3359
558,495	3239
558,702	3126
558,91	3214
559,117	3079
559,325	3241
559,532	3357
559,74	3473
559,947	3159
560,154	3427
560,362	3287
560,569	3287
560,776	3351
560,984	3329
561,191	3283
561,398	3189
561,606	3498
561,813	3133
562,02	2962
562,227	2982
562,435	3014
562,642	3110
562,849	3128
563,056	3129
563,263	3098
563,471	3279
563,678	3404
563,885	3086
564,092	3181
564,299	3123
564,506	3205
564,713	3097
564,92	3066
565,127	3119
565,334	3042
565,541	3377
565,748	3073
565,955	3025
566,162	3043
566,369	3296
566,576	3326
566,783	3545
566,99	3357
567,196	3447
567,403	3305
567,61	3401
567,817	3329
568,024	3461
568,23	3535
568,437	3401
568,644	3786
568,851	3723
569,057	4272
569,264	4383
569,471	3894
569,677	3937
569,884	3962
570,091	4052
570,297	5045
570,504	4470
570,71	4204
570,917	3999
571,123	4198
571,33	4345
571,536	4292
571,743	4198
571,949	3688
572,156	3445
572,362	3448
572,569	3741
572,775	4144
572,982	4329
573,188	4183
573,394	4021
573,601	4189
573,807	4283
574,013	4516
574,22	4153
574,426	4051
574,632	4259
574,838	3921
575,045	3573
575,251	3551
575,457	3478
575,663	3784
575,869	3868
576,076	3888
576,282	4108
576,488	3903
576,694	3971
576,9	3752
577,106	4563
577,312	4617
577,518	4777
577,724	4492
577,93	4018
578,136	3703
578,342	3579
578,548	3416
578,754	3337
578,96	3571
579,166	3761
579,372	3988
579,578	3675
579,784	3932
579,989	3818
580,195	3531
580,401	3499
580,607	4010
580,813	4985
581,018	5624
581,224	5163
581,43	4767
581,636	4658
581,841	4403
582,047	3899
582,253	3650
582,458	3470
582,664	3188
582,869	3043
583,075	2770
583,281	3278
583,486	3098
583,692	3236
583,897	3370
584,103	3439
584,308	3588
584,514	3805
584,719	3970
584,925	3770
585,13	3636
585,335	3523
585,541	3209
585,746	3123
585,952	3041
586,157	2752
586,362	2982
586,568	3272
586,773	3411
586,978	3184
587,183	3225
587,389	3041
587,594	2920
587,799	3017
588,004	3010
588,21	2997
588,415	2647
588,62	2622
588,825	2573
589,03	2534
589,235	3062
589,44	2790
589,645	2455
589,85	2572
590,055	2666
590,26	2411
590,465	2392
590,67	2401
590,875	2551
591,08	2495
591,285	2356
591,49	2299
591,695	2267
591,9	2339
592,105	2570
592,31	2733
592,515	3021
592,719	2508
592,924	2498
593,129	2429
593,334	2449
593,539	2267
593,743	2462
593,948	1935
594,153	2183
594,357	2478
594,562	2363
594,767	2952
594,971	2184
595,176	2195
595,381	2350
595,585	2159
595,79	2328
595,994	1997
596,199	2489
596,403	1850
596,608	2167
596,812	2142
597,017	2283
597,221	2353
597,426	2307
597,63	2152
597,835	1943
598,039	1994
598,243	2163
598,448	2502
598,652	2292
598,856	2218
599,061	2241
599,265	2123
599,469	2133
599,673	2227
599,878	2249
600,082	2094
600,286	2097
600,49	2139
600,695	2013
600,899	2168
601,103	1952
601,307	2135
601,511	2115
601,715	1936
601,919	1964
602,123	2235
602,327	2118
602,531	2068
602,735	2308
602,939	2433
603,143	1993
603,347	2193
603,551	2021
603,755	2068
603,959	2091
604,163	2145
604,367	1972
604,571	1987
604,775	2170
604,978	2015
605,182	1977
605,386	2150
605,59	2047
605,793	2028
605,997	2086
606,201	2063
606,405	2087
606,608	2273
606,812	2029
607,016	2207
607,219	1967
607,423	1934
607,627	2113
607,83	2034
608,034	1849
608,237	1977
608,441	1881
608,644	2083
608,848	1987
609,051	1944
609,255	1863
609,458	2245
609,662	1938
609,865	2065
610,069	1863
610,272	1748
610,475	1915
610,679	2004
610,882	1724
611,085	1903
611,289	2011
611,492	1830
611,695	1903
611,898	1836
612,102	1992
612,305	1927
612,508	1904
612,711	1995
612,914	1808
613,118	1998
613,321	1961
613,524	1741
613,727	1985
613,93	1562
614,133	1977
614,336	1997
614,539	1788
614,742	1745
614,945	1863
615,148	1923
615,351	1876
615,554	1973
615,757	1787
615,96	1895
616,163	1787
616,366	1911
616,569	1842
616,772	1924
616,974	1905
617,177	1983
617,38	1864
617,583	1874
617,786	1907
617,988	1639
618,191	1893
618,394	1805
618,596	1710
618,799	1727
619,002	1859
619,204	1669
619,407	1809
619,61	1812
619,812	1743
620,015	1684
620,217	1909
620,42	1678
620,623	1739
620,825	1834
621,028	1908
621,23	1917
621,432	1875
621,635	2009
621,837	1935
622,04	1784
622,242	1467
622,445	1823
622,647	1894
622,849	1989
623,052	1617
623,254	1787
623,456	1632
623,658	1953
623,861	2006
624,063	1850
624,265	1921
624,467	1881
624,67	1665
624,872	1857
625,074	2035
625,276	1907
625,478	1895
625,68	1581
625,882	1652
626,084	1911
626,287	1966
626,489	1894
626,691	1809
626,893	1829
627,095	1896
627,297	1885
627,499	1741
627,7	1516
627,902	1607
628,104	1572
628,306	1726
628,508	1762
628,71	1729
628,912	1850
629,114	2039
629,315	1847
629,517	1665
629,719	1671
629,921	1754
630,122	1781
630,324	1640
630,526	1893
630,728	1915
630,929	1656
631,131	1669
631,332	1905
631,534	1833
631,736	1815
631,937	1633
632,139	1743
632,34	1759
632,542	1754
632,743	1787
632,945	1718
633,146	1705
633,348	1746
633,549	1763
633,751	1618
633,952	1684
634,154	1526
634,355	1573
634,556	1777
634,758	1640
634,959	1640
635,16	1810
635,362	1630
635,563	1791
635,764	1791
635,965	1561
636,167	1769
636,368	1657
636,569	1585
636,77	1755
636,971	1785
637,172	1747
637,374	1510
637,575	1901
637,776	1553
637,977	1553
638,178	1749
638,379	1702
638,58	1621
638,781	1518
638,982	1468
639,183	1681
639,384	1591
639,585	1600
639,786	1504
639,987	1573
640,187	1817
640,388	1766
640,589	1536
640,79	1566
640,991	1629
641,192	1763
641,392	1497
641,593	1544
641,794	1464
641,995	1596
642,195	1441
642,396	1509
642,597	1535
642,797	1566
642,998	1689
643,199	1494
643,399	1691
643,6	1452
643,8	1496
644,001	1628
644,202	1621
644,402	1804
644,603	1777
644,803	1458
645,004	1638
645,204	1473
645,404	1476
645,605	1894
645,805	1501
646,006	1459
646,206	2044
646,406	1541
646,607	1401
646,807	1289
647,007	-71
647,208	73
647,408	34
647,608	25
