200,697	942,33
200,927	46,33
201,158	-130,67
201,388	24,33
201,618	1458,33
201,849	1446,33
202,079	1711,33
202,309	1488,33
202,539	1673,33
202,77	1800,33
203	1753,33
203,23	1624,33
203,46	1595,33
203,691	1678,33
203,921	1623,33
204,151	1634,33
204,381	1533,33
204,611	1666,33
204,841	1530,33
205,071	1555,33
205,302	1762,33
205,532	1667,33
205,762	3817,33
205,992	1543,33
206,222	1599,33
206,452	1666,33
206,682	1632,33
206,912	1741,33
207,142	1688,33
207,372	1637,33
207,602	1797,33
207,832	1604,33
208,062	1750,33
208,292	1738,33
208,522	1488,33
208,752	1620,33
208,982	1515,33
209,212	1833,33
209,442	1575,33
209,672	1569,33
209,902	1619,33
210,131	1725,33
210,361	1532,33
210,591	1529,33
210,821	1650,33
211,051	1749,33
211,281	1616,33
211,51	1618,33
211,74	1693,33
211,97	1613,33
212,2	1640,33
212,429	1901,33
212,659	1620,33
212,889	1623,33
213,119	1569,33
213,348	1554,33
213,578	1722,33
213,808	1694,33
214,037	1763,33
214,267	1734,33
214,497	1660,33
214,726	1591,33
214,956	1624,33
215,186	1643,33
215,415	1515,33
215,645	1703,33
215,874	1701,33
216,104	1541,33
216,333	1544,33
216,563	1682,33
216,792	1672,33
217,022	1724,33
217,251	1664,33
217,481	1590,33
217,71	1691,33
217,94	1637,33
218,169	1687,33
218,399	1697,33
218,628	1575,33
218,858	1750,33
219,087	1714,33
219,316	1742,33
219,546	1662,33
219,775	1651,33
220,004	1810,33
220,234	1511,33
220,463	1638,33
220,692	1692,33
220,922	1655,33
221,151	1766,33
221,38	1647,33
221,61	2052,33
221,839	1903,33
222,068	1558,33
222,297	1849,33
222,526	1749,33
222,756	1775,33
222,985	1778,33
223,214	1773,33
223,443	1745,33
223,672	2104,33
223,902	1581,33
224,131	1698,33
224,36	1845,33
224,589	1437,33
224,818	1615,33
225,047	1902,33
225,276	1568,33
225,505	1931,33
225,734	1710,33
225,963	1614,33
226,192	1665,33
226,421	1664,33
226,65	1782,33
226,879	1659,33
227,108	1766,33
227,337	1795,33
227,566	1888,33
227,795	1712,33
228,024	1773,33
228,253	1636,33
228,482	1584,33
228,711	1787,33
228,94	1539,33
229,168	1561,33
229,397	1628,33
229,626	1648,33
229,855	1788,33
230,084	1629,33
230,313	1604,33
230,541	1996,33
230,77	1586,33
230,999	1548,33
231,228	1948,33
231,456	1807,33
231,685	1702,33
231,914	1766,33
232,143	1641,33
232,371	1720,33
232,6	1639,33
232,829	1681,33
233,057	1739,33
233,286	1738,33
233,515	1699,33
233,743	1748,33
233,972	1745,33
234,2	1748,33
234,429	1643,33
234,658	1771,33
234,886	1622,33
235,115	1703,33
235,343	1737,33
235,572	1592,33
235,8	1839,33
236,029	2053,33
236,257	1654,33
236,486	1699,33
236,714	1791,33
236,943	1806,33
237,171	1683,33
237,399	1636,33
237,628	1832,33
237,856	1816,33
238,085	1715,33
238,313	1611,33
238,541	1746,33
238,77	2049,33
238,998	1583,33
239,226	1813,33
239,455	1618,33
239,683	1788,33
239,911	1616,33
240,14	1876,33
240,368	1759,33
240,596	1659,33
240,824	1765,33
241,053	1863,33
241,281	1724,33
241,509	1743,33
241,737	1617,33
241,965	1398,33
242,193	1577,33
242,422	1647,33
242,65	1599,33
242,878	1617,33
243,106	1727,33
243,334	1727,33
243,562	1716,33
243,79	1741,33
244,018	1650,33
244,246	1646,33
244,474	1678,33
244,702	1535,33
244,93	1734,33
245,158	1700,33
245,386	1723,33
245,614	1748,33
245,842	1653,33
246,07	1715,33
246,298	1775,33
246,526	2143,33
246,754	1614,33
246,982	1684,33
247,21	1792,33
247,438	1692,33
247,666	1725,33
247,893	1666,33
248,121	1635,33
248,349	1630,33
248,577	1745,33
248,805	1698,33
249,033	1665,33
249,26	1717,33
249,488	1622,33
249,716	1787,33
249,944	1620,33
250,171	1607,33
250,399	1713,33
250,627	1765,33
250,854	1660,33
251,082	1786,33
251,31	1746,33
251,537	1734,33
251,765	1864,33
251,993	1525,33
252,22	2031,33
252,448	1629,33
252,676	1801,33
252,903	1750,33
253,131	2058,33
253,358	1712,33
253,586	1562,33
253,813	1550,33
254,041	1781,33
254,268	1721,33
254,496	1559,33
254,723	1646,33
254,951	1721,33
255,178	1747,33
255,406	1501,33
255,633	1646,33
255,86	1919,33
256,088	1655,33
256,315	1671,33
256,543	1829,33
256,77	1735,33
256,997	1747,33
257,225	1717,33
257,452	1617,33
257,679	1668,33
257,907	1836,33
258,134	1628,33
258,361	2007,33
258,588	1690,33
258,816	1772,33
259,043	1605,33
259,27	1685,33
259,497	1772,33
259,725	1681,33
259,952	1703,33
260,179	1632,33
260,406	1485,33
260,633	1635,33
260,86	1791,33
261,088	1677,33
261,315	1861,33
261,542	1628,33
261,769	1606,33
261,996	2001,33
262,223	1875,33
262,45	1870,33
262,677	1518,33
262,904	1655,33
263,131	1770,33
263,358	1715,33
263,585	1748,33
263,812	1974,33
264,039	1864,33
264,266	1694,33
264,493	1706,33
264,72	1580,33
264,947	1824,33
265,174	1897,33
265,401	1861,33
265,627	1896,33
265,854	1688,33
266,081	1817,33
266,308	1760,33
266,535	1734,33
266,762	1692,33
266,988	1745,33
267,215	1739,33
267,442	1682,33
267,669	1896,33
267,896	1678,33
268,122	1838,33
268,349	1758,33
268,576	1529,33
268,802	1663,33
269,029	1659,33
269,256	1743,33
269,482	1905,33
269,709	1629,33
269,936	1699,33
270,162	1931,33
270,389	1717,33
270,616	1755,33
270,842	1889,33
271,069	1729,33
271,295	1755,33
271,522	1711,33
271,748	1717,33
271,975	1828,33
272,201	1856,33
272,428	1975,33
272,654	1837,33
272,881	1993,33
273,107	1627,33
273,334	1739,33
273,56	1837,33
273,787	1645,33
274,013	1751,33
274,239	2026,33
274,466	1642,33
274,692	1698,33
274,918	1722,33
275,145	1743,33
275,371	1766,33
275,597	1865,33
275,824	1726,33
276,05	1736,33
276,276	1838,33
276,503	1649,33
276,729	1887,33
276,955	1621,33
277,181	1777,33
277,407	1663,33
277,634	1813,33
277,86	1778,33
278,086	1798,33
278,312	1649,33
278,538	1633,33
278,764	1731,33
278,991	1894,33
279,217	1666,33
279,443	1639,33
279,669	1679,33
279,895	1860,33
280,121	1622,33
280,347	1659,33
280,573	1659,33
280,799	1653,33
281,025	1925,33
281,251	1632,33
281,477	1819,33
281,703	1708,33
281,929	1723,33
282,155	1696,33
282,381	1836,33
282,607	1756,33
282,833	1727,33
283,059	1780,33
283,285	1672,33
283,51	1631,33
283,736	1432,33
283,962	1737,33
284,188	1763,33
284,414	1681,33
284,64	1758,33
284,865	1732,33
285,091	1674,33
285,317	1750,33
285,543	1767,33
285,768	1756,33
285,994	1690,33
286,22	1897,33
286,446	1805,33
286,671	1567,33
286,897	1749,33
287,123	1636,33
287,348	1620,33
287,574	2247,33
287,799	1718,33
288,025	1607,33
288,251	1874,33
288,476	1727,33
288,702	1699,33
288,927	1685,33
289,153	1623,33
289,378	1902,33
289,604	1775,33
289,829	1700,33
290,055	1592,33
290,28	1677,33
290,506	1825,33
290,731	1621,33
290,957	1786,33
291,182	1690,33
291,408	1815,33
291,633	1801,33
291,858	1559,33
292,084	1774,33
292,309	1662,33
292,535	1699,33
292,76	1799,33
292,985	1674,33
293,211	1653,33
293,436	1553,33
293,661	1569,33
293,886	1638,33
294,112	1639,33
294,337	1756,33
294,562	1541,33
294,787	1800,33
295,013	1715,33
295,238	1714,33
295,463	1672,33
295,688	1893,33
295,913	1762,33
296,138	1774,33
296,364	1684,33
296,589	1770,33
296,814	1618,33
297,039	1693,33
297,264	1837,33
297,489	1735,33
297,714	1775,33
297,939	1623,33
298,164	1658,33
298,389	1788,33
298,614	1608,33
298,839	1742,33
299,064	1779,33
299,289	1763,33
299,514	1804,33
299,739	1683,33
299,964	1617,33
300,189	1607,33
300,414	1795,33
300,639	2043,33
300,863	1705,33
301,088	2101,33
301,313	1759,33
301,538	1743,33
301,763	1675,33
301,988	1724,33
302,212	1744,33
302,437	2124,33
302,662	1626,33
302,887	1678,33
303,111	1704,33
303,336	1855,33
303,561	1802,33
303,786	1681,33
304,01	1797,33
304,235	1833,33
304,46	1560,33
304,684	1527,33
304,909	1709,33
305,134	1668,33
305,358	1799,33
305,583	1697,33
305,807	2013,33
306,032	1580,33
306,256	1733,33
306,481	1708,33
306,706	1690,33
306,93	1657,33
307,155	1988,33
307,379	1686,33
307,604	1677,33
307,828	1653,33
308,052	1930,33
308,277	1715,33
308,501	1735,33
308,726	1822,33
308,95	1760,33
309,175	1597,33
309,399	1806,33
309,623	1712,33
309,848	1645,33
310,072	1153,33
310,296	2150,33
310,521	1706,33
310,745	1602,33
310,969	1907,33
311,193	1798,33
311,418	1747,33
311,642	1665,33
311,866	1782,33
312,09	1751,33
312,315	1710,33
312,539	1766,33
312,763	1676,33
312,987	1830,33
313,211	1667,33
313,435	1862,33
313,659	1708,33
313,884	1983,33
314,108	1916,33
314,332	1878,33
314,556	1683,33
314,78	1874,33
315,004	1773,33
315,228	1858,33
315,452	1749,33
315,676	1785,33
315,9	1759,33
316,124	1542,33
316,348	1663,33
316,572	1766,33
316,796	1786,33
317,02	1672,33
317,244	1763,33
317,468	1671,33
317,691	1896,33
317,915	1769,33
318,139	1682,33
318,363	2129,33
318,587	1764,33
318,811	1634,33
319,034	1604,33
319,258	1660,33
319,482	2095,33
319,706	1719,33
319,93	1742,33
320,153	1663,33
320,377	1817,33
320,601	1637,33
320,824	1603,33
321,048	1879,33
321,272	1733,33
321,495	1705,33
321,719	1716,33
321,943	1653,33
322,166	1673,33
322,39	1663,33
322,614	1753,33
322,837	1869,33
323,061	1616,33
323,284	1730,33
323,508	1791,33
323,731	1656,33
323,955	1754,33
324,178	1703,33
324,402	1746,33
324,625	1673,33
324,849	1585,33
325,072	1751,33
325,296	1757,33
325,519	1707,33
325,743	1682,33
325,966	1774,33
326,189	1827,33
326,413	1686,33
326,636	2057,33
326,859	1796,33
327,083	1935,33
327,306	1646,33
327,529	1613,33
327,753	1602,33
327,976	1791,33
328,199	1717,33
328,422	1730,33
328,646	1529,33
328,869	1619,33
329,092	1789,33
329,315	1873,33
329,538	1650,33
329,762	1730,33
329,985	1649,33
330,208	1616,33
330,431	1712,33
330,654	1787,33
330,877	1673,33
331,1	1811,33
331,323	1702,33
331,546	1859,33
331,769	1780,33
331,993	1609,33
332,216	1770,33
332,439	1688,33
332,662	1831,33
332,885	1585,33
333,107	1584,33
333,33	1154,33
333,553	1849,33
333,776	1635,33
333,999	1649,33
334,222	1572,33
334,445	1649,33
334,668	1636,33
334,891	1764,33
335,114	1600,33
335,336	1712,33
335,559	1803,33
335,782	1975,33
336,005	1650,33
336,228	1668,33
336,45	1669,33
336,673	1665,33
336,896	1744,33
337,119	1733,33
337,341	1606,33
337,564	1834,33
337,787	1825,33
338,009	1543,33
338,232	1636,33
338,455	1762,33
338,677	1717,33
338,9	1706,33
339,122	1780,33
339,345	1533,33
339,568	1504,33
339,79	1656,33
340,013	1813,33
340,235	1771,33
340,458	1579,33
340,68	1792,33
340,903	1666,33
341,125	1667,33
341,348	1641,33
341,57	1622,33
341,793	1895,33
342,015	1383,33
342,238	1716,33
342,46	1725,33
342,682	1785,33
342,905	1674,33
343,127	1744,33
343,349	1675,33
343,572	1792,33
343,794	1624,33
344,016	1669,33
344,239	1724,33
344,461	1601,33
344,683	1574,33
344,905	1686,33
345,128	1582,33
345,35	1644,33
345,572	1775,33
345,794	1826,33
346,017	1675,33
346,239	1714,33
346,461	1640,33
346,683	1591,33
346,905	1716,33
347,127	1694,33
347,349	1611,33
347,571	1805,33
347,793	1801,33
348,016	1714,33
348,238	1704,33
348,46	1695,33
348,682	1661,33
348,904	1719,33
349,126	1786,33
349,348	1717,33
349,57	1579,33
349,792	1637,33
350,014	1793,33
350,235	1629,33
350,457	2515,33
350,679	1752,33
350,901	1602,33
351,123	1629,33
351,345	1751,33
351,567	1764,33
351,789	1930,33
352,01	1758,33
352,232	1753,33
352,454	1631,33
352,676	1786,33
352,897	1684,33
353,119	1659,33
353,341	1748,33
353,563	1647,33
353,784	1583,33
354,006	1705,33
354,228	1711,33
354,449	1631,33
354,671	1811,33
354,893	1754,33
355,114	1753,33
355,336	1721,33
355,558	1687,33
355,779	1627,33
356,001	1838,33
356,222	1818,33
356,444	1527,33
356,665	2020,33
356,887	1627,33
357,108	1666,33
357,33	1629,33
357,551	1817,33
357,773	1701,33
357,994	1700,33
358,216	1524,33
358,437	1763,33
358,659	1791,33
358,88	1618,33
359,101	1708,33
359,323	1787,33
359,544	1586,33
359,765	1625,33
359,987	1578,33
360,208	1647,33
360,429	1750,33
360,651	1517,33
360,872	1925,33
361,093	1531,33
361,314	1708,33
361,536	1621,33
361,757	1619,33
361,978	1603,33
362,199	1608,33
362,42	1517,33
362,642	1663,33
362,863	1729,33
363,084	1603,33
363,305	1711,33
363,526	1642,33
363,747	1570,33
363,968	1675,33
364,189	1847,33
364,41	1583,33
364,631	1524,33
364,852	1759,33
365,073	1607,33
365,294	1701,33
365,515	1561,33
365,736	1777,33
365,957	1834,33
366,178	1657,33
366,399	1629,33
366,62	1743,33
366,841	1745,33
367,062	1695,33
367,283	1679,33
367,504	1813,33
367,724	1590,33
367,945	1513,33
368,166	1775,33
368,387	1692,33
368,608	1655,33
368,828	1747,33
369,049	1492,33
369,27	1595,33
369,491	1633,33
369,711	1774,33
369,932	1776,33
370,153	1786,33
370,373	1930,33
370,594	1804,33
370,815	1626,33
371,035	1812,33
371,256	1533,33
371,477	1598,33
371,697	1613,33
371,918	1516,33
372,138	1759,33
372,359	1857,33
372,579	1576,33
372,8	1649,33
373,02	1722,33
373,241	1634,33
373,461	1725,33
373,682	1683,33
373,902	1645,33
374,123	1454,33
374,343	1889,33
374,564	1850,33
374,784	1529,33
375,004	1753,33
375,225	1343,33
375,445	1659,33
375,666	1905,33
375,886	1561,33
376,106	1597,33
376,326	1624,33
376,547	1870,33
376,767	1779,33
376,987	1628,33
377,208	1646,33
377,428	1607,33
377,648	1658,33
377,868	1726,33
378,088	1795,33
378,309	1743,33
378,529	1745,33
378,749	1668,33
378,969	1521,33
379,189	1741,33
379,409	1708,33
379,629	1548,33
379,849	1708,33
380,069	1641,33
380,29	1536,33
380,51	1637,33
380,73	1724,33
380,95	1910,33
381,17	1622,33
381,39	1711,33
381,61	1536,33
381,829	1604,33
382,049	1638,33
382,269	1602,33
382,489	1773,33
382,709	1704,33
382,929	1748,33
383,149	1702,33
383,369	2009,33
383,589	1617,33
383,808	1761,33
384,028	1658,33
384,248	1784,33
384,468	1738,33
384,688	1579,33
384,907	1606,33
385,127	1595,33
385,347	1726,33
385,567	1629,33
385,786	1762,33
386,006	1572,33
386,226	1684,33
386,445	1585,33
386,665	1607,33
386,885	1738,33
387,104	1636,33
387,324	1582,33
387,543	1550,33
387,763	1660,33
387,982	1749,33
388,202	1654,33
388,422	1705,33
388,641	1602,33
388,861	1684,33
389,08	1712,33
389,3	1574,33
389,519	1867,33
389,738	1625,33
389,958	1725,33
390,177	1605,33
390,397	1699,33
390,616	1717,33
390,836	1753,33
391,055	1601,33
391,274	1726,33
391,494	1666,33
391,713	1549,33
391,932	1701,33
392,151	1602,33
392,371	1575,33
392,59	1809,33
392,809	1971,33
393,029	1705,33
393,248	1800,33
393,467	1446,33
393,686	1658,33
393,905	2758,33
394,124	1596,33
394,344	1681,33
394,563	1699,33
394,782	1743,33
395,001	1757,33
395,22	1610,33
395,439	1667,33
395,658	1572,33
395,877	1736,33
396,096	1510,33
396,315	1677,33
396,534	1611,33
396,753	1734,33
396,972	1578,33
397,191	1721,33
397,41	1527,33
397,629	1637,33
397,848	1302,33
398,067	1648,33
398,286	1663,33
398,505	1550,33
398,724	1734,33
398,943	2225,33
399,161	1535,33
399,38	1704,33
399,599	1741,33
399,818	1650,33
400,037	1793,33
400,255	1620,33
400,474	1575,33
400,693	1678,33
400,912	1797,33
401,13	1588,33
401,349	1674,33
401,568	1455,33
401,786	1870,33
402,005	1730,33
402,224	1559,33
402,442	1694,33
402,661	1828,33
402,88	1624,33
403,098	1551,33
403,317	1627,33
403,535	1671,33
403,754	1543,33
403,972	1697,33
404,191	1553,33
404,409	1628,33
404,628	2315,33
404,846	1639,33
405,065	1681,33
405,283	1719,33
405,502	1623,33
405,72	1641,33
405,938	1623,33
406,157	1584,33
406,375	1454,33
406,594	1781,33
406,812	1583,33
407,03	1613,33
407,249	1424,33
407,467	1691,33
407,685	1734,33
407,903	1511,33
408,122	1780,33
408,34	1591,33
408,558	1571,33
408,776	1699,33
408,995	1623,33
409,213	1617,33
409,431	1768,33
409,649	1741,33
409,867	1693,33
410,085	1631,33
410,303	1651,33
410,522	1500,33
410,74	1722,33
410,958	1717,33
411,176	1564,33
411,394	1661,33
411,612	1633,33
411,83	1858,33
412,048	1667,33
412,266	1631,33
412,484	1622,33
412,702	1839,33
412,92	1509,33
413,138	1731,33
413,356	1569,33
413,573	1799,33
413,791	1927,33
414,009	1737,33
414,227	1901,33
414,445	1596,33
414,663	1734,33
414,881	1696,33
415,098	1692,33
415,316	1571,33
415,534	1993,33
415,752	1682,33
415,969	1949,33
416,187	1432,33
416,405	1628,33
416,623	1783,33
416,84	1589,33
417,058	1691,33
417,276	1771,33
417,493	1585,33
417,711	1642,33
417,928	1699,33
418,146	1572,33
418,364	1761,33
418,581	1661,33
418,799	1541,33
419,016	1497,33
419,234	1585,33
419,451	2139,33
419,669	1595,33
419,886	1621,33
420,104	1487,33
420,321	1636,33
420,539	1657,33
420,756	1740,33
420,974	1386,33
421,191	1530,33
421,408	1717,33
421,626	1726,33
421,843	1645,33
422,06	1695,33
422,278	1479,33
422,495	1687,33
422,712	1648,33
422,93	1704,33
423,147	1727,33
423,364	1537,33
423,581	1711,33
423,799	1653,33
424,016	1708,33
424,233	1637,33
424,45	1580,33
424,667	1632,33
424,884	1483,33
425,102	1675,33
425,319	1530,33
425,536	1564,33
425,753	1734,33
425,97	1603,33
426,187	1648,33
426,404	1618,33
426,621	1939,33
426,838	1746,33
427,055	1701,33
427,272	1674,33
427,489	1663,33
427,706	1573,33
427,923	1561,33
428,14	1677,33
428,357	1926,33
428,574	1683,33
428,791	1858,33
429,008	1684,33
429,224	1351,33
429,441	1471,33
429,658	1669,33
429,875	1799,33
430,092	1709,33
430,308	1707,33
430,525	1714,33
430,742	1660,33
430,959	1705,33
431,175	1641,33
431,392	1583,33
431,609	1764,33
431,826	1685,33
432,042	1523,33
432,259	1637,33
432,476	1990,33
432,692	1589,33
432,909	1619,33
433,125	1646,33
433,342	1571,33
433,559	1627,33
433,775	1612,33
433,992	1485,33
434,208	1588,33
434,425	1655,33
434,641	1805,33
434,858	1834,33
435,074	1705,33
435,291	1655,33
435,507	1562,33
435,723	1682,33
435,94	1629,33
436,156	1650,33
436,373	1822,33
436,589	1612,33
436,805	1720,33
437,022	1599,33
437,238	1563,33
437,454	1639,33
437,671	1476,33
437,887	1701,33
438,103	1323,33
438,319	1536,33
438,536	1681,33
438,752	1618,33
438,968	1514,33
439,184	1785,33
439,4	1610,33
439,616	1508,33
439,833	1706,33
440,049	1607,33
440,265	1822,33
440,481	1609,33
440,697	1638,33
440,913	1703,33
441,129	1669,33
441,345	1736,33
441,561	1694,33
441,777	1571,33
441,993	1684,33
442,209	1501,33
442,425	1637,33
442,641	1801,33
442,857	1658,33
443,073	1556,33
443,289	1687,33
443,505	1715,33
443,721	1808,33
443,937	1613,33
444,152	1535,33
444,368	1595,33
444,584	1566,33
444,8	1794,33
445,016	1615,33
445,231	1611,33
445,447	1821,33
445,663	1654,33
445,879	1593,33
446,094	1771,33
446,31	1829,33
446,526	1727,33
446,742	1633,33
446,957	1550,33
447,173	1840,33
447,388	1751,33
447,604	1797,33
447,82	1654,33
448,035	1746,33
448,251	1592,33
448,466	1740,33
448,682	1613,33
448,897	1589,33
449,113	1617,33
449,328	1713,33
449,544	1629,33
449,759	1969,33
449,975	1497,33
450,19	1574,33
450,406	1674,33
450,621	1639,33
450,836	1655,33
451,052	1630,33
451,267	1493,33
451,483	1687,33
451,698	1510,33
451,913	1677,33
452,129	1889,33
452,344	1487,33
452,559	1774,33
452,774	1652,33
452,99	1582,33
453,205	1691,33
453,42	1793,33
453,635	1702,33
453,85	1659,33
454,066	1763,33
454,281	1663,33
454,496	1703,33
454,711	1738,33
454,926	1744,33
455,141	1592,33
455,356	1591,33
455,571	1551,33
455,786	1769,33
456,001	1675,33
456,217	1495,33
456,432	1655,33
456,647	1672,33
456,861	1705,33
457,076	1710,33
457,291	1795,33
457,506	1651,33
457,721	1685,33
457,936	1659,33
458,151	1564,33
458,366	1850,33
458,581	1637,33
458,796	1873,33
459,01	1658,33
459,225	1661,33
459,44	1501,33
459,655	1658,33
459,87	1533,33
460,084	1587,33
460,299	1681,33
460,514	1790,33
460,729	2076,33
460,943	1574,33
461,158	1494,33
461,373	1639,33
461,587	1634,33
461,802	1598,33
462,016	1780,33
462,231	1649,33
462,446	1814,33
462,66	1722,33
462,875	1585,33
463,089	1594,33
463,304	1667,33
463,518	1635,33
463,733	1565,33
463,947	1675,33
464,162	1631,33
464,376	1690,33
464,591	1740,33
464,805	1673,33
465,02	1846,33
465,234	1706,33
465,448	1711,33
465,663	1755,33
465,877	1741,33
466,091	1572,33
466,306	1765,33
466,52	1909,33
466,734	1697,33
466,949	1642,33
467,163	1773,33
467,377	1587,33
467,591	1688,33
467,806	1619,33
468,02	1603,33
468,234	1457,33
468,448	1726,33
468,662	1677,33
468,876	1837,33
469,091	1601,33
469,305	1981,33
469,519	1626,33
469,733	1551,33
469,947	1671,33
470,161	1781,33
470,375	1584,33
470,589	1737,33
470,803	1632,33
471,017	1625,33
471,231	1647,33
471,445	1597,33
471,659	1670,33
471,873	1613,33
472,087	1501,33
472,301	1724,33
472,515	1523,33
472,728	1601,33
472,942	1603,33
473,156	1641,33
473,37	1585,33
473,584	1534,33
473,798	1740,33
474,011	1617,33
474,225	1651,33
474,439	1774,33
474,653	1743,33
474,866	1680,33
475,08	1430,33
475,294	1748,33
475,507	1569,33
475,721	1646,33
475,935	1686,33
476,148	1561,33
476,362	1516,33
476,576	1581,33
476,789	1617,33
477,003	1712,33
477,216	1701,33
477,43	1615,33
477,643	1585,33
477,857	1732,33
478,07	1660,33
478,284	1594,33
478,497	1582,33
478,711	1656,33
478,924	1477,33
479,138	1591,33
479,351	1580,33
479,564	1503,33
479,778	1650,33
479,991	1567,33
480,204	1630,33
480,418	1746,33
480,631	1574,33
480,844	1716,33
481,058	1577,33
481,271	1647,33
481,484	1673,33
481,697	1604,33
481,911	1655,33
482,124	1639,33
482,337	1607,33
482,55	1543,33
482,763	1387,33
482,976	1663,33
483,19	1554,33
483,403	1689,33
483,616	1721,33
483,829	1690,33
484,042	1769,33
484,255	1670,33
484,468	1674,33
484,681	1583,33
484,894	1586,33
485,107	1815,33
485,32	1569,33
485,533	1654,33
485,746	1768,33
485,959	1519,33
486,172	1637,33
486,385	1510,33
486,598	1688,33
486,81	1595,33
487,023	1655,33
487,236	1749,33
487,449	1684,33
487,662	1621,33
487,875	1708,33
488,087	1710,33
488,3	1703,33
488,513	1484,33
488,726	1513,33
488,938	1764,33
489,151	1749,33
489,364	1627,33
489,576	1591,33
489,789	1734,33
490,002	1723,33
490,214	1682,33
490,427	1433,33
490,64	1663,33
490,852	1721,33
491,065	1710,33
491,277	1718,33
491,49	1661,33
491,702	1665,33
491,915	1760,33
492,127	1647,33
492,34	1695,33
492,552	1725,33
492,765	1685,33
492,977	1947,33
493,19	1675,33
493,402	1679,33
493,614	1687,33
493,827	1653,33
494,039	1614,33
494,251	1709,33
494,464	1756,33
494,676	1494,33
494,888	1631,33
495,101	1608,33
495,313	1619,33
495,525	1638,33
495,737	1813,33
495,95	1451,33
496,162	1616,33
496,374	1609,33
496,586	1595,33
496,798	1709,33
497,01	1679,33
497,222	1533,33
497,435	1757,33
497,647	1625,33
497,859	1667,33
498,071	1600,33
498,283	1629,33
498,495	1617,33
498,707	1828,33
498,919	1579,33
499,131	1839,33
499,343	1559,33
499,555	1580,33
499,767	1689,33
499,979	1610,33
500,191	1778,33
500,402	1795,33
500,614	1683,33
500,826	1684,33
501,038	1531,33
501,25	1704,33
501,462	1597,33
501,673	1701,33
501,885	1455,33
502,097	1755,33
502,309	1740,33
502,521	1780,33
502,732	1631,33
502,944	1635,33
503,156	1538,33
503,367	1604,33
503,579	1537,33
503,791	1631,33
504,002	1637,33
504,214	1660,33
504,425	1922,33
504,637	1799,33
504,849	1733,33
505,06	1656,33
505,272	1719,33
505,483	1626,33
505,695	1334,33
505,906	1601,33
506,118	1691,33
506,329	1616,33
506,541	1555,33
506,752	1796,33
506,963	1687,33
507,175	1455,33
507,386	1842,33
507,598	1724,33
507,809	1501,33
508,02	1615,33
508,232	1775,33
508,443	1525,33
508,654	1953,33
508,865	1717,33
509,077	1511,33
509,288	1346,33
509,499	1785,33
509,71	1577,33
509,922	1720,33
510,133	1620,33
510,344	1769,33
510,555	1804,33
510,766	1627,33
510,977	1659,33
511,188	1638,33
511,4	1682,33
511,611	1595,33
511,822	1725,33
512,033	1673,33
512,244	1757,33
512,455	1633,33
512,666	1705,33
512,877	1748,33
513,088	1639,33
513,299	1725,33
513,51	1748,33
513,721	1681,33
513,931	1677,33
514,142	1760,33
514,353	1776,33
514,564	1757,33
514,775	1712,33
514,986	1755,33
515,196	1760,33
515,407	1584,33
515,618	1657,33
515,829	1634,33
516,04	1673,33
516,25	1601,33
516,461	1571,33
516,672	1691,33
516,882	1521,33
517,093	1764,33
517,304	1458,33
517,514	1522,33
517,725	1700,33
517,936	1543,33
518,146	1702,33
518,357	1721,33
518,567	1567,33
518,778	1931,33
518,988	1587,33
519,199	1777,33
519,409	1646,33
519,62	1727,33
519,83	1639,33
520,041	1687,33
520,251	1668,33
520,462	1710,33
520,672	1619,33
520,882	1670,33
521,093	1681,33
521,303	1775,33
521,513	1637,33
521,724	2745,33
521,934	1538,33
522,144	1629,33
522,355	1762,33
522,565	1715,33
522,775	1621,33
522,985	1589,33
523,196	1513,33
523,406	1661,33
523,616	1753,33
523,826	1597,33
524,036	2503,33
524,246	1638,33
524,457	1551,33
524,667	1493,33
524,877	1672,33
525,087	1599,33
525,297	1737,33
525,507	1778,33
525,717	1502,33
525,927	1693,33
526,137	1546,33
526,347	1690,33
526,557	1583,33
526,767	1812,33
526,977	1871,33
527,187	1652,33
527,397	1556,33
527,607	1539,33
527,816	1631,33
528,026	1618,33
528,236	1415,33
528,446	1643,33
528,656	1673,33
528,865	1812,33
529,075	1584,33
529,285	1613,33
529,495	1681,33
529,704	1745,33
529,914	1685,33
530,124	1677,33
530,334	1589,33
530,543	1646,33
530,753	2007,33
530,963	2178,33
531,172	1589,33
531,382	1587,33
531,591	1933,33
531,801	1541,33
532,01	1895,33
532,22	1623,33
532,43	1715,33
532,639	1963,33
532,849	1668,33
533,058	1610,33
533,267	1867,33
533,477	1592,33
533,686	1597,33
533,896	1671,33
534,105	1692,33
534,315	1781,33
534,524	1627,33
534,733	1732,33
534,943	1812,33
535,152	1835,33
535,361	1567,33
535,57	1300,33
535,78	1740,33
535,989	1592,33
536,198	1649,33
536,407	1612,33
536,617	1754,33
536,826	1768,33
537,035	1604,33
537,244	1607,33
537,453	1509,33
537,662	1638,33
537,872	1902,33
538,081	1653,33
538,29	1540,33
538,499	1531,33
538,708	1609,33
538,917	1720,33
539,126	1678,33
539,335	1746,33
539,544	2150,33
539,753	1404,33
539,962	1691,33
540,171	1607,33
540,38	1740,33
540,589	1667,33
540,797	1792,33
541,006	1612,33
541,215	1546,33
541,424	1857,33
541,633	1628,33
541,842	1624,33
542,05	1745,33
542,259	1654,33
542,468	1681,33
542,677	1760,33
542,885	1615,33
543,094	1644,33
543,303	1542,33
543,512	1667,33
543,72	1687,33
543,929	1811,33
544,138	1625,33
544,346	1685,33
544,555	1513,33
544,763	1674,33
544,972	1573,33
545,18	1453,33
545,389	1697,33
545,598	1564,33
545,806	1874,33
546,015	1704,33
546,223	1636,33
546,431	1637,33
546,64	1590,33
546,848	1648,33
547,057	1625,33
547,265	1607,33
547,474	1626,33
547,682	1646,33
547,89	1713,33
548,099	1630,33
548,307	1532,33
548,515	1915,33
548,723	1697,33
548,932	1599,33
549,14	1724,33
549,348	1827,33
549,556	1268,33
549,765	1655,33
549,973	1607,33
550,181	1661,33
550,389	1709,33
550,597	1698,33
550,805	1634,33
551,014	1805,33
551,222	4140,33
551,43	1551,33
551,638	1591,33
551,846	1760,33
552,054	1856,33
552,262	1830,33
552,47	1573,33
552,678	1589,33
552,886	1816,33
553,094	1407,33
553,302	1716,33
553,51	1696,33
553,717	1743,33
553,925	1523,33
554,133	1939,33
554,341	1539,33
554,549	1849,33
554,757	1531,33
554,965	1638,33
555,172	1647,33
555,38	1911,33
555,588	1648,33
555,796	1662,33
556,003	1901,33
556,211	1525,33
556,419	1698,33
556,626	1790,33
556,834	1577,33
557,042	1791,33
557,249	1745,33
557,457	1609,33
557,664	1433,33
557,872	1561,33
558,08	1600,33
558,287	1907,33
558,495	1796,33
558,702	1531,33
558,91	1727,33
559,117	1702,33
559,325	1681,33
559,532	1673,33
559,74	1835,33
559,947	1596,33
560,154	1754,33
560,362	1592,33
560,569	1532,33
560,776	1621,33
560,984	1717,33
561,191	1657,33
561,398	1607,33
561,606	1941,33
561,813	1719,33
562,02	1471,33
562,227	1552,33
562,435	1731,33
562,642	1789,33
562,849	1642,33
563,056	1646,33
563,263	1533,33
563,471	1751,33
563,678	1738,33
563,885	1610,33
564,092	1584,33
564,299	1763,33
564,506	1830,33
564,713	1669,33
564,92	1671,33
565,127	1806,33
565,334	1703,33
565,541	1982,33
565,748	1723,33
565,955	1670,33
566,162	1630,33
566,369	1713,33
566,576	1758,33
566,783	1637,33
566,99	1621,33
567,196	1758,33
567,403	1603,33
567,61	1883,33
567,817	1649,33
568,024	1640,33
568,23	1704,33
568,437	1661,33
568,644	1603,33
568,851	1571,33
569,057	2021,33
569,264	1802,33
569,471	1527,33
569,677	1630,33
569,884	1741,33
570,091	1803,33
570,297	2739,33
570,504	1906,33
570,71	1705,33
570,917	1631,33
571,123	1615,33
571,33	1727,33
571,536	1565,33
571,743	2081,33
571,949	1647,33
572,156	1661,33
572,362	1925,33
572,569	1661,33
572,775	1615,33
572,982	1769,33
573,188	1701,33
573,394	1607,33
573,601	1601,33
573,807	1537,33
574,013	1828,33
574,22	1788,33
574,426	1587,33
574,632	1687,33
574,838	1639,33
575,045	1660,33
575,251	1636,33
575,457	1874,33
575,663	1772,33
575,869	1661,33
576,076	1605,33
576,282	1699,33
576,488	1625,33
576,694	1650,33
576,9	1541,33
577,106	1569,33
577,312	1512,33
577,518	1693,33
577,724	1751,33
577,93	1693,33
578,136	1637,33
578,342	1607,33
578,548	1651,33
578,754	1584,33
578,96	1699,33
579,166	1575,33
579,372	1908,33
579,578	1707,33
579,784	1722,33
579,989	1603,33
580,195	1558,33
580,401	1424,33
580,607	1765,33
580,813	1792,33
581,018	1682,33
581,224	1699,33
581,43	1687,33
581,636	1691,33
581,841	1678,33
582,047	1696,33
582,253	1782,33
582,458	1683,33
582,664	1532,33
582,869	1607,33
583,075	1595,33
583,281	1975,33
583,486	1724,33
583,692	1615,33
583,897	1740,33
584,103	1670,33
584,308	1748,33
584,514	1627,33
584,719	1776,33
584,925	1777,33
585,13	1642,33
585,335	1708,33
585,541	1697,33
585,746	1713,33
585,952	1562,33
586,157	1627,33
586,362	1614,33
586,568	1652,33
586,773	1814,33
586,978	1552,33
587,183	1624,33
587,389	1799,33
587,594	1619,33
587,799	1663,33
588,004	1859,33
588,21	1810,33
588,415	1490,33
588,62	1673,33
588,825	1818,33
589,03	1864,33
589,235	2196,33
589,44	1789,33
589,645	1665,33
589,85	1688,33
590,055	1888,33
590,26	1681,33
590,465	1669,33
590,67	1740,33
590,875	1867,33
591,08	1772,33
591,285	1695,33
591,49	1871,33
591,695	1715,33
591,9	1653,33
592,105	1647,33
592,31	1630,33
592,515	1960,33
592,719	1259,33
592,924	1623,33
593,129	1649,33
593,334	1708,33
593,539	1548,33
593,743	1812,33
593,948	1633,33
594,153	1665,33
594,357	1889,33
594,562	1739,33
594,767	2214,33
594,971	1493,33
595,176	1677,33
595,381	1798,33
595,585	1656,33
595,79	1906,33
595,994	1421,33
596,199	1998,33
596,403	1463,33
596,608	1671,33
596,812	1686,33
597,017	1767,33
597,221	1900,33
597,426	1888,33
597,63	1665,33
597,835	1582,33
598,039	1571,33
598,243	1618,33
598,448	1939,33
598,652	1718,33
598,856	1657,33
599,061	1745,33
599,265	1621,33
599,469	1625,33
599,673	1781,33
599,878	1911,33
600,082	1551,33
600,286	1743,33
600,49	1743,33
600,695	1480,33
600,899	1587,33
601,103	1779,33
601,307	2001,33
601,511	1611,33
601,715	1535,33
601,919	1558,33
602,123	1837,33
602,327	1629,33
602,531	1703,33
602,735	1821,33
602,939	1788,33
603,143	1597,33
603,347	1685,33
603,551	1676,33
603,755	1655,33
603,959	1671,33
604,163	1692,33
604,367	1674,33
604,571	1705,33
604,775	1771,33
604,978	1657,33
605,182	1558,33
605,386	1696,33
605,59	1656,33
605,793	1634,33
605,997	1697,33
606,201	1834,33
606,405	1695,33
606,608	1771,33
606,812	1725,33
607,016	1767,33
607,219	1557,33
607,423	1599,33
607,627	1854,33
607,83	1690,33
608,034	1525,33
608,237	1718,33
608,441	1425,33
608,644	1694,33
608,848	1723,33
609,051	1767,33
609,255	1629,33
609,458	1777,33
609,662	1601,33
609,865	1756,33
610,069	1542,33
610,272	1551,33
610,475	1570,33
610,679	1641,33
610,882	1703,33
611,085	1679,33
611,289	1768,33
611,492	1646,33
611,695	1659,33
611,898	1590,33
612,102	1777,33
612,305	1617,33
612,508	1665,33
612,711	1911,33
612,914	1709,33
613,118	1628,33
613,321	1781,33
613,524	1633,33
613,727	1559,33
613,93	1641,33
614,133	1719,33
614,336	1762,33
614,539	1624,33
614,742	1606,33
614,945	1627,33
615,148	1732,33
615,351	1764,33
615,554	1821,33
615,757	1532,33
615,96	1710,33
616,163	1650,33
616,366	1805,33
616,569	1649,33
616,772	1830,33
616,974	1768,33
617,177	1871,33
617,38	1680,33
617,583	1708,33
617,786	1597,33
617,988	1566,33
618,191	1920,33
618,394	1527,33
618,596	1616,33
618,799	1572,33
619,002	1879,33
619,204	1769,33
619,407	1709,33
619,61	1575,33
619,812	1677,33
620,015	1661,33
620,217	1815,33
620,42	1653,33
620,623	1549,33
620,825	1755,33
621,028	1846,33
621,23	1766,33
621,432	1727,33
621,635	1860,33
621,837	1696,33
622,04	1627,33
622,242	1615,33
622,445	1724,33
622,647	1668,33
622,849	1750,33
623,052	1555,33
623,254	1727,33
623,456	1529,33
623,658	1826,33
623,861	1793,33
624,063	1672,33
624,265	1674,33
624,467	1789,33
624,67	1576,33
624,872	1711,33
625,074	1888,33
625,276	1839,33
625,478	1748,33
625,68	1814,33
625,882	1466,33
626,084	1692,33
626,287	1918,33
626,489	1755,33
626,691	1721,33
626,893	1749,33
627,095	1722,33
627,297	1745,33
627,499	1605,33
627,7	1474,33
627,902	1522,33
628,104	1513,33
628,306	1612,33
628,508	1567,33
628,71	1642,33
628,912	1712,33
629,114	1913,33
629,315	1673,33
629,517	1601,33
629,719	1514,33
629,921	1665,33
630,122	1663,33
630,324	1565,33
630,526	1782,33
630,728	1748,33
630,929	1619,33
631,131	1592,33
631,332	1947,33
631,534	1843,33
631,736	1663,33
631,937	1556,33
632,139	1703,33
632,34	1675,33
632,542	1766,33
632,743	1811,33
632,945	1609,33
633,146	1665,33
633,348	1712,33
633,549	1741,33
633,751	1409,33
633,952	1669,33
634,154	1489,33
634,355	1508,33
634,556	1701,33
634,758	1622,33
634,959	1614,33
635,16	1476,33
635,362	1660,33
635,563	1733,33
635,764	1652,33
635,965	1747,33
636,167	1665,33
636,368	1662,33
636,569	1607,33
636,77	1814,33
636,971	1652,33
637,172	1704,33
637,374	1575,33
637,575	2050,33
637,776	1647,33
637,977	1585,33
638,178	1794,33
638,379	1692,33
638,58	1693,33
638,781	1473,33
638,982	1629,33
639,183	1734,33
639,384	1685,33
639,585	1649,33
639,786	1555,33
639,987	1645,33
640,187	1761,33
640,388	1797,33
640,589	1516,33
640,79	1581,33
640,991	1683,33
641,192	1813,33
641,392	1542,33
641,593	1595,33
641,794	1539,33
641,995	1545,33
642,195	1557,33
642,396	1372,33
642,597	1637,33
642,797	1562,33
642,998	1697,33
643,199	1592,33
643,399	1736,33
643,6	1693,33
643,8	1537,33
644,001	1647,33
644,202	1709,33
644,402	1587,33
644,603	1724,33
644,803	1535,33
645,004	1626,33
645,204	1462,33
645,404	1643,33
645,605	1975,33
645,805	1587,33
646,006	1237,33
646,206	2025,33
646,406	1567,33
646,607	1471,33
646,807	1310,33
647,007	13,33
647,208	-0,67
647,408	44,33
647,608	49,33
