200,697	1035,83
200,927	90,83
201,158	-228,17
201,388	40,83
201,618	1626,83
201,849	1462,83
202,079	1704,83
202,309	1676,83
202,539	1754,83
202,77	1594,83
203	1747,83
203,23	1860,83
203,46	1703,83
203,691	1754,83
203,921	1777,83
204,151	1749,83
204,381	1722,83
204,611	1787,83
204,841	1692,83
205,071	1638,83
205,302	1784,83
205,532	1837,83
205,762	3885,83
205,992	1610,83
206,222	1612,83
206,452	1737,83
206,682	1762,83
206,912	1804,83
207,142	1811,83
207,372	1742,83
207,602	1619,83
207,832	1691,83
208,062	1823,83
208,292	1808,83
208,522	1595,83
208,752	1766,83
208,982	1669,83
209,212	1815,83
209,442	1760,83
209,672	1730,83
209,902	1682,83
210,131	1813,83
210,361	1668,83
210,591	1753,83
210,821	1825,83
211,051	1946,83
211,281	1747,83
211,51	1753,83
211,74	1799,83
211,97	1751,83
212,2	1828,83
212,429	1987,83
212,659	1779,83
212,889	1844,83
213,119	1611,83
213,348	1660,83
213,578	1784,83
213,808	1855,83
214,037	1894,83
214,267	1820,83
214,497	1728,83
214,726	1703,83
214,956	1611,83
215,186	1720,83
215,415	1740,83
215,645	1797,83
215,874	1879,83
216,104	1684,83
216,333	1818,83
216,563	1756,83
216,792	1775,83
217,022	1851,83
217,251	1813,83
217,481	1676,83
217,71	1785,83
217,94	1743,83
218,169	1813,83
218,399	1804,83
218,628	1722,83
218,858	1863,83
219,087	1803,83
219,316	1852,83
219,546	1821,83
219,775	1734,83
220,004	1914,83
220,234	1618,83
220,463	1878,83
220,692	1791,83
220,922	1664,83
221,151	1807,83
221,38	1773,83
221,61	2146,83
221,839	2050,83
222,068	1821,83
222,297	1887,83
222,526	1686,83
222,756	1813,83
222,985	1894,83
223,214	1792,83
223,443	1793,83
223,672	2294,83
223,902	1621,83
224,131	1849,83
224,36	1942,83
224,589	1631,83
224,818	1745,83
225,047	1889,83
225,276	1723,83
225,505	2073,83
225,734	1823,83
225,963	1698,83
226,192	1759,83
226,421	1677,83
226,65	1863,83
226,879	1877,83
227,108	1894,83
227,337	1953,83
227,566	2003,83
227,795	1945,83
228,024	1896,83
228,253	1730,83
228,482	1734,83
228,711	1939,83
228,94	1683,83
229,168	1738,83
229,397	1757,83
229,626	1872,83
229,855	1892,83
230,084	1726,83
230,313	1642,83
230,541	1974,83
230,77	1889,83
230,999	1759,83
231,228	2033,83
231,456	1943,83
231,685	1768,83
231,914	1894,83
232,143	1687,83
232,371	1883,83
232,6	1834,83
232,829	1839,83
233,057	1900,83
233,286	1897,83
233,515	1722,83
233,743	1810,83
233,972	1801,83
234,2	1893,83
234,429	1813,83
234,658	1927,83
234,886	1781,83
235,115	1899,83
235,343	1970,83
235,572	1746,83
235,8	1943,83
236,029	2163,83
236,257	1756,83
236,486	1915,83
236,714	2053,83
236,943	1978,83
237,171	1790,83
237,399	1839,83
237,628	1944,83
237,856	2082,83
238,085	1931,83
238,313	1761,83
238,541	1874,83
238,77	2210,83
238,998	1809,83
239,226	1941,83
239,455	1934,83
239,683	2005,83
239,911	1839,83
240,14	2186,83
240,368	1951,83
240,596	1976,83
240,824	1911,83
241,053	1874,83
241,281	1871,83
241,509	1910,83
241,737	1999,83
241,965	1711,83
242,193	1812,83
242,422	1879,83
242,65	1862,83
242,878	1815,83
243,106	1932,83
243,334	1906,83
243,562	1933,83
243,79	2005,83
244,018	2000,83
244,246	1852,83
244,474	1897,83
244,702	1882,83
244,93	1951,83
245,158	1904,83
245,386	1932,83
245,614	1926,83
245,842	2070,83
246,07	1872,83
246,298	2073,83
246,526	2432,83
246,754	1855,83
246,982	1952,83
247,21	1974,83
247,438	1774,83
247,666	1883,83
247,893	2043,83
248,121	1822,83
248,349	1821,83
248,577	2007,83
248,805	2001,83
249,033	1702,83
249,26	1890,83
249,488	1888,83
249,716	1831,83
249,944	1871,83
250,171	1850,83
250,399	1914,83
250,627	2088,83
250,854	1912,83
251,082	1791,83
251,31	2045,83
251,537	1995,83
251,765	2207,83
251,993	1858,83
252,22	2204,83
252,448	2012,83
252,676	2052,83
252,903	2027,83
253,131	2303,83
253,358	1956,83
253,586	1871,83
253,813	1799,83
254,041	2052,83
254,268	2052,83
254,496	1833,83
254,723	1888,83
254,951	2021,83
255,178	2045,83
255,406	1936,83
255,633	1935,83
255,86	2153,83
256,088	1959,83
256,315	1925,83
256,543	2062,83
256,77	1973,83
256,997	2031,83
257,225	2055,83
257,452	1955,83
257,679	1923,83
257,907	2076,83
258,134	1875,83
258,361	2126,83
258,588	2081,83
258,816	2050,83
259,043	1867,83
259,27	2119,83
259,497	2086,83
259,725	1946,83
259,952	1960,83
260,179	1846,83
260,406	1988,83
260,633	1998,83
260,86	1940,83
261,088	2005,83
261,315	2197,83
261,542	1902,83
261,769	1853,83
261,996	2116,83
262,223	2181,83
262,45	2245,83
262,677	1853,83
262,904	1993,83
263,131	2043,83
263,358	2041,83
263,585	2066,83
263,812	2251,83
264,039	2116,83
264,266	1964,83
264,493	2035,83
264,72	1974,83
264,947	2014,83
265,174	2199,83
265,401	2148,83
265,627	2166,83
265,854	1991,83
266,081	2079,83
266,308	2221,83
266,535	1948,83
266,762	2026,83
266,988	2077,83
267,215	2025,83
267,442	1965,83
267,669	2207,83
267,896	1997,83
268,122	2193,83
268,349	2024,83
268,576	1940,83
268,802	1943,83
269,029	1963,83
269,256	2037,83
269,482	1965,83
269,709	1997,83
269,936	2039,83
270,162	2354,83
270,389	1921,83
270,616	2200,83
270,842	2240,83
271,069	2023,83
271,295	2172,83
271,522	2000,83
271,748	1972,83
271,975	2154,83
272,201	2184,83
272,428	2064,83
272,654	2056,83
272,881	2296,83
273,107	1958,83
273,334	2072,83
273,56	2206,83
273,787	1958,83
274,013	2058,83
274,239	2314,83
274,466	2087,83
274,692	2015,83
274,918	2011,83
275,145	2123,83
275,371	2032,83
275,597	2217,83
275,824	1870,83
276,05	2157,83
276,276	2157,83
276,503	2000,83
276,729	2069,83
276,955	2041,83
277,181	2102,83
277,407	2046,83
277,634	2037,83
277,86	2130,83
278,086	2013,83
278,312	2019,83
278,538	1985,83
278,764	2053,83
278,991	2261,83
279,217	1951,83
279,443	2064,83
279,669	2075,83
279,895	2160,83
280,121	2038,83
280,347	2034,83
280,573	2048,83
280,799	1981,83
281,025	2327,83
281,251	1984,83
281,477	2129,83
281,703	1965,83
281,929	2017,83
282,155	2068,83
282,381	2112,83
282,607	2096,83
282,833	2086,83
283,059	2202,83
283,285	2131,83
283,51	2083,83
283,736	1914,83
283,962	2120,83
284,188	2167,83
284,414	2115,83
284,64	2023,83
284,865	2113,83
285,091	1988,83
285,317	2223,83
285,543	2196,83
285,768	2109,83
285,994	2190,83
286,22	2396,83
286,446	2200,83
286,671	2041,83
286,897	2283,83
287,123	2151,83
287,348	2095,83
287,574	2808,83
287,799	2223,83
288,025	2116,83
288,251	2377,83
288,476	2152,83
288,702	2193,83
288,927	2140,83
289,153	1866,83
289,378	2326,83
289,604	2221,83
289,829	2111,83
290,055	2079,83
290,28	2108,83
290,506	2361,83
290,731	2151,83
290,957	2329,83
291,182	2233,83
291,408	2338,83
291,633	2319,83
291,858	2075,83
292,084	2211,83
292,309	2137,83
292,535	2190,83
292,76	2292,83
292,985	2264,83
293,211	2168,83
293,436	2076,83
293,661	2107,83
293,886	2200,83
294,112	2217,83
294,337	2262,83
294,562	2193,83
294,787	2297,83
295,013	2232,83
295,238	2215,83
295,463	2342,83
295,688	2453,83
295,913	2292,83
296,138	2285,83
296,364	1985,83
296,589	2319,83
296,814	2190,83
297,039	2111,83
297,264	2238,83
297,489	2300,83
297,714	2284,83
297,939	2138,83
298,164	2215,83
298,389	2375,83
298,614	2201,83
298,839	2382,83
299,064	2354,83
299,289	2310,83
299,514	2302,83
299,739	2187,83
299,964	2248,83
300,189	2315,83
300,414	2354,83
300,639	2497,83
300,863	2299,83
301,088	2671,83
301,313	2300,83
301,538	2275,83
301,763	2290,83
301,988	2296,83
302,212	2371,83
302,437	2785,83
302,662	2305,83
302,887	2339,83
303,111	2342,83
303,336	2431,83
303,561	2444,83
303,786	2439,83
304,01	2299,83
304,235	2452,83
304,46	2156,83
304,684	2321,83
304,909	2334,83
305,134	2208,83
305,358	2468,83
305,583	2351,83
305,807	2716,83
306,032	2207,83
306,256	2239,83
306,481	2332,83
306,706	2281,83
306,93	2247,83
307,155	2591,83
307,379	2366,83
307,604	2346,83
307,828	2286,83
308,052	2658,83
308,277	2454,83
308,501	2373,83
308,726	2388,83
308,95	2607,83
309,175	2280,83
309,399	2479,83
309,623	2370,83
309,848	2263,83
310,072	2234,83
310,296	2706,83
310,521	2347,83
310,745	2207,83
310,969	2664,83
311,193	2537,83
311,418	2410,83
311,642	2323,83
311,866	2358,83
312,09	2370,83
312,315	2387,83
312,539	2490,83
312,763	2317,83
312,987	2509,83
313,211	2216,83
313,435	2620,83
313,659	2352,83
313,884	2643,83
314,108	2581,83
314,332	2555,83
314,556	2253,83
314,78	2654,83
315,004	2412,83
315,228	2591,83
315,452	2501,83
315,676	2474,83
315,9	2501,83
316,124	2271,83
316,348	2338,83
316,572	2437,83
316,796	2490,83
317,02	2337,83
317,244	2461,83
317,468	2229,83
317,691	2596,83
317,915	2454,83
318,139	2359,83
318,363	2779,83
318,587	2384,83
318,811	2278,83
319,034	2246,83
319,258	2497,83
319,482	2467,83
319,706	2426,83
319,93	2288,83
320,153	2338,83
320,377	2442,83
320,601	2318,83
320,824	2232,83
321,048	2513,83
321,272	2402,83
321,495	2390,83
321,719	2383,83
321,943	2397,83
322,166	2319,83
322,39	2387,83
322,614	2491,83
322,837	2548,83
323,061	2236,83
323,284	2429,83
323,508	2437,83
323,731	2340,83
323,955	2374,83
324,178	2347,83
324,402	2448,83
324,625	2382,83
324,849	2249,83
325,072	2388,83
325,296	2476,83
325,519	2373,83
325,743	2299,83
325,966	2474,83
326,189	2503,83
326,413	2387,83
326,636	2468,83
326,859	2336,83
327,083	2662,83
327,306	2092,83
327,529	2430,83
327,753	2157,83
327,976	2436,83
328,199	2493,83
328,422	2342,83
328,646	2400,83
328,869	2238,83
329,092	2471,83
329,315	2469,83
329,538	2260,83
329,762	2358,83
329,985	2265,83
330,208	2272,83
330,431	2396,83
330,654	2529,83
330,877	2391,83
331,1	2396,83
331,323	2288,83
331,546	2465,83
331,769	2473,83
331,993	2147,83
332,216	2383,83
332,439	2317,83
332,662	2336,83
332,885	2316,83
333,107	2216,83
333,33	2303,83
333,553	2480,83
333,776	2466,83
333,999	2332,83
334,222	2331,83
334,445	2340,83
334,668	2311,83
334,891	2429,83
335,114	2164,83
335,336	2380,83
335,559	2371,83
335,782	2614,83
336,005	2281,83
336,228	2339,83
336,45	2260,83
336,673	2342,83
336,896	2332,83
337,119	2328,83
337,341	2262,83
337,564	2275,83
337,787	2311,83
338,009	2256,83
338,232	2365,83
338,455	2385,83
338,677	2293,83
338,9	2337,83
339,122	2319,83
339,345	2159,83
339,568	2112,83
339,79	2268,83
340,013	2285,83
340,235	2377,83
340,458	2243,83
340,68	2317,83
340,903	2236,83
341,125	2187,83
341,348	2259,83
341,57	2179,83
341,793	2447,83
342,015	2091,83
342,238	2225,83
342,46	2286,83
342,682	2365,83
342,905	2151,83
343,127	2329,83
343,349	2169,83
343,572	2210,83
343,794	2201,83
344,016	2188,83
344,239	2364,83
344,461	2169,83
344,683	2168,83
344,905	2185,83
345,128	2280,83
345,35	2222,83
345,572	2226,83
345,794	2381,83
346,017	2098,83
346,239	2217,83
346,461	2159,83
346,683	2204,83
346,905	2326,83
347,127	2134,83
347,349	2197,83
347,571	2235,83
347,793	2361,83
348,016	2258,83
348,238	2265,83
348,46	2225,83
348,682	2109,83
348,904	2229,83
349,126	2239,83
349,348	2279,83
349,57	2117,83
349,792	2148,83
350,014	2292,83
350,235	2143,83
350,457	3085,83
350,679	2203,83
350,901	2050,83
351,123	2189,83
351,345	2171,83
351,567	2223,83
351,789	2229,83
352,01	2253,83
352,232	2218,83
352,454	1860,83
352,676	2079,83
352,897	2196,83
353,119	2025,83
353,341	2125,83
353,563	2176,83
353,784	2078,83
354,006	2252,83
354,228	2059,83
354,449	2138,83
354,671	2296,83
354,893	2302,83
355,114	2345,83
355,336	2172,83
355,558	2181,83
355,779	2105,83
356,001	2262,83
356,222	2173,83
356,444	2085,83
356,665	2963,83
356,887	2061,83
357,108	2088,83
357,33	2143,83
357,551	2275,83
357,773	2179,83
357,994	2149,83
358,216	2021,83
358,437	2216,83
358,659	2220,83
358,88	2082,83
359,101	2220,83
359,323	2147,83
359,544	2192,83
359,765	1895,83
359,987	2162,83
360,208	2089,83
360,429	2169,83
360,651	2023,83
360,872	2345,83
361,093	2081,83
361,314	2231,83
361,536	2112,83
361,757	2224,83
361,978	2060,83
362,199	1997,83
362,42	1929,83
362,642	2014,83
362,863	2196,83
363,084	2043,83
363,305	2113,83
363,526	2083,83
363,747	2046,83
363,968	2105,83
364,189	2264,83
364,41	1996,83
364,631	1906,83
364,852	2184,83
365,073	2097,83
365,294	2087,83
365,515	1916,83
365,736	2188,83
365,957	2102,83
366,178	2036,83
366,399	2239,83
366,62	2165,83
366,841	2045,83
367,062	2150,83
367,283	2013,83
367,504	2110,83
367,724	2008,83
367,945	2006,83
368,166	2163,83
368,387	2031,83
368,608	2052,83
368,828	2076,83
369,049	2020,83
369,27	2009,83
369,491	2031,83
369,711	2134,83
369,932	2218,83
370,153	2109,83
370,373	2123,83
370,594	2047,83
370,815	2298,83
371,035	2168,83
371,256	1963,83
371,477	1978,83
371,697	1929,83
371,918	1969,83
372,138	2182,83
372,359	2226,83
372,579	1918,83
372,8	2013,83
373,02	2138,83
373,241	2029,83
373,461	2290,83
373,682	2036,83
373,902	2104,83
374,123	2000,83
374,343	2188,83
374,564	1997,83
374,784	1939,83
375,004	2183,83
375,225	1851,83
375,445	1988,83
375,666	2247,83
375,886	2239,83
376,106	1961,83
376,326	2056,83
376,547	2220,83
376,767	2109,83
376,987	1955,83
377,208	2011,83
377,428	1950,83
377,648	2112,83
377,868	2130,83
378,088	2270,83
378,309	2225,83
378,529	2147,83
378,749	2142,83
378,969	1926,83
379,189	2111,83
379,409	2045,83
379,629	1995,83
379,849	2151,83
380,069	1990,83
380,29	1884,83
380,51	2005,83
380,73	2006,83
380,95	2340,83
381,17	2096,83
381,39	2029,83
381,61	1852,83
381,829	2009,83
382,049	2067,83
382,269	1913,83
382,489	2157,83
382,709	2008,83
382,929	2111,83
383,149	2053,83
383,369	2384,83
383,589	1972,83
383,808	2085,83
384,028	2047,83
384,248	2123,83
384,468	1974,83
384,688	2050,83
384,907	2067,83
385,127	1954,83
385,347	2102,83
385,567	1978,83
385,786	2141,83
386,006	1949,83
386,226	2027,83
386,445	1932,83
386,665	2008,83
386,885	2119,83
387,104	1894,83
387,324	1976,83
387,543	1978,83
387,763	2046,83
387,982	2139,83
388,202	2059,83
388,422	2083,83
388,641	1938,83
388,861	2221,83
389,08	2319,83
389,3	1859,83
389,519	2237,83
389,738	2059,83
389,958	2063,83
390,177	1918,83
390,397	2046,83
390,616	1990,83
390,836	2160,83
391,055	2068,83
391,274	2074,83
391,494	1958,83
391,713	2093,83
391,932	2049,83
392,151	2001,83
392,371	2019,83
392,59	2047,83
392,809	2173,83
393,029	2136,83
393,248	2149,83
393,467	1911,83
393,686	1998,83
393,905	3081,83
394,124	2010,83
394,344	2231,83
394,563	2006,83
394,782	1962,83
395,001	2081,83
395,22	1993,83
395,439	2071,83
395,658	1866,83
395,877	2157,83
396,096	1911,83
396,315	2025,83
396,534	2027,83
396,753	2044,83
396,972	1929,83
397,191	2054,83
397,41	2067,83
397,629	2016,83
397,848	1943,83
398,067	2235,83
398,286	1990,83
398,505	2035,83
398,724	2171,83
398,943	2624,83
399,161	1892,83
399,38	2103,83
399,599	2067,83
399,818	2001,83
400,037	2172,83
400,255	2020,83
400,474	1936,83
400,693	2199,83
400,912	2111,83
401,13	2098,83
401,349	2066,83
401,568	1797,83
401,786	2176,83
402,005	2037,83
402,224	2013,83
402,442	2044,83
402,661	1989,83
402,88	1982,83
403,098	1875,83
403,317	2085,83
403,535	2045,83
403,754	1901,83
403,972	2024,83
404,191	1904,83
404,409	1959,83
404,628	2739,83
404,846	2067,83
405,065	2099,83
405,283	2064,83
405,502	2125,83
405,72	2063,83
405,938	1976,83
406,157	1963,83
406,375	1928,83
406,594	2031,83
406,812	2036,83
407,03	2057,83
407,249	1582,83
407,467	2102,83
407,685	2197,83
407,903	1855,83
408,122	2177,83
408,34	1946,83
408,558	1923,83
408,776	1924,83
408,995	1956,83
409,213	2009,83
409,431	1960,83
409,649	2039,83
409,867	1966,83
410,085	1961,83
410,303	2063,83
410,522	1892,83
410,74	1851,83
410,958	1910,83
411,176	1973,83
411,394	1864,83
411,612	1935,83
411,83	2198,83
412,048	2045,83
412,266	2101,83
412,484	2058,83
412,702	2158,83
412,92	1891,83
413,138	2079,83
413,356	1917,83
413,573	2135,83
413,791	2283,83
414,009	2021,83
414,227	2103,83
414,445	1974,83
414,663	1739,83
414,881	1914,83
415,098	2053,83
415,316	1989,83
415,534	2342,83
415,752	1873,83
415,969	2130,83
416,187	1877,83
416,405	1940,83
416,623	2091,83
416,84	1840,83
417,058	2006,83
417,276	2022,83
417,493	1961,83
417,711	1900,83
417,928	1996,83
418,146	1960,83
418,364	1989,83
418,581	1994,83
418,799	1921,83
419,016	1715,83
419,234	1839,83
419,451	2548,83
419,669	1995,83
419,886	1969,83
420,104	1920,83
420,321	1943,83
420,539	1926,83
420,756	2127,83
420,974	2001,83
421,191	1667,83
421,408	2196,83
421,626	1839,83
421,843	1944,83
422,06	2047,83
422,278	1903,83
422,495	2005,83
422,712	1931,83
422,93	2121,83
423,147	2051,83
423,364	2074,83
423,581	2131,83
423,799	1931,83
424,016	1996,83
424,233	1969,83
424,45	2013,83
424,667	2017,83
424,884	1882,83
425,102	2038,83
425,319	1875,83
425,536	1899,83
425,753	2087,83
425,97	1927,83
426,187	1965,83
426,404	1947,83
426,621	2209,83
426,838	2071,83
427,055	2021,83
427,272	2002,83
427,489	1958,83
427,706	1879,83
427,923	1914,83
428,14	2058,83
428,357	2191,83
428,574	1933,83
428,791	1971,83
429,008	1975,83
429,224	1921,83
429,441	1806,83
429,658	1996,83
429,875	2261,83
430,092	2054,83
430,308	2114,83
430,525	1910,83
430,742	2029,83
430,959	2039,83
431,175	1924,83
431,392	1893,83
431,609	2091,83
431,826	1979,83
432,042	1855,83
432,259	1902,83
432,476	2178,83
432,692	1856,83
432,909	1929,83
433,125	1970,83
433,342	1874,83
433,559	2038,83
433,775	1962,83
433,992	1780,83
434,208	1782,83
434,425	2009,83
434,641	2116,83
434,858	2151,83
435,074	2075,83
435,291	1960,83
435,507	1907,83
435,723	1933,83
435,94	1958,83
436,156	2012,83
436,373	2009,83
436,589	1951,83
436,805	2022,83
437,022	1927,83
437,238	1960,83
437,454	2018,83
437,671	2003,83
437,887	1954,83
438,103	1922,83
438,319	1880,83
438,536	2088,83
438,752	1931,83
438,968	2019,83
439,184	1801,83
439,4	1885,83
439,616	1663,83
439,833	2005,83
440,049	1912,83
440,265	2108,83
440,481	2013,83
440,697	2005,83
440,913	1994,83
441,129	1989,83
441,345	2240,83
441,561	1980,83
441,777	1939,83
441,993	2065,83
442,209	1925,83
442,425	2017,83
442,641	1921,83
442,857	2023,83
443,073	2008,83
443,289	1899,83
443,505	1961,83
443,721	2028,83
443,937	1976,83
444,152	1937,83
444,368	1954,83
444,584	1914,83
444,8	2088,83
445,016	1940,83
445,231	1965,83
445,447	2141,83
445,663	2031,83
445,879	1949,83
446,094	2200,83
446,31	2284,83
446,526	2031,83
446,742	2031,83
446,957	1949,83
447,173	1987,83
447,388	2043,83
447,604	2103,83
447,82	1983,83
448,035	2020,83
448,251	1860,83
448,466	1911,83
448,682	2071,83
448,897	1952,83
449,113	1976,83
449,328	2071,83
449,544	1876,83
449,759	2368,83
449,975	1853,83
450,19	1833,83
450,406	1993,83
450,621	1903,83
450,836	1941,83
451,052	1922,83
451,267	1813,83
451,483	1907,83
451,698	1759,83
451,913	1971,83
452,129	1908,83
452,344	1750,83
452,559	2156,83
452,774	1942,83
452,99	1874,83
453,205	2014,83
453,42	2072,83
453,635	2023,83
453,85	1889,83
454,066	1996,83
454,281	1947,83
454,496	1973,83
454,711	1938,83
454,926	2002,83
455,141	2158,83
455,356	1745,83
455,571	1790,83
455,786	2015,83
456,001	1876,83
456,217	1720,83
456,432	1942,83
456,647	2006,83
456,861	2024,83
457,076	1768,83
457,291	2031,83
457,506	1905,83
457,721	1806,83
457,936	1875,83
458,151	1854,83
458,366	2095,83
458,581	1905,83
458,796	2124,83
459,01	1907,83
459,225	2101,83
459,44	1728,83
459,655	1935,83
459,87	1826,83
460,084	1871,83
460,299	1949,83
460,514	1891,83
460,729	2393,83
460,943	1843,83
461,158	1753,83
461,373	2081,83
461,587	1834,83
461,802	1918,83
462,016	2134,83
462,231	1850,83
462,446	2015,83
462,66	1884,83
462,875	1942,83
463,089	1813,83
463,304	1916,83
463,518	1943,83
463,733	1905,83
463,947	1978,83
464,162	1664,83
464,376	1950,83
464,591	2057,83
464,805	1866,83
465,02	2110,83
465,234	1964,83
465,448	2049,83
465,663	2020,83
465,877	1989,83
466,091	1850,83
466,306	2011,83
466,52	2313,83
466,734	1825,83
466,949	1957,83
467,163	2014,83
467,377	1821,83
467,591	1947,83
467,806	1905,83
468,02	1801,83
468,234	1725,83
468,448	1963,83
468,662	2008,83
468,876	2168,83
469,091	1799,83
469,305	1925,83
469,519	1848,83
469,733	1734,83
469,947	1769,83
470,161	2063,83
470,375	1650,83
470,589	1969,83
470,803	1876,83
471,017	1898,83
471,231	1907,83
471,445	1802,83
471,659	1920,83
471,873	1947,83
472,087	1788,83
472,301	1978,83
472,515	1798,83
472,728	1815,83
472,942	2063,83
473,156	1908,83
473,37	1872,83
473,584	1867,83
473,798	1872,83
474,011	1873,83
474,225	1854,83
474,439	2005,83
474,653	1940,83
474,866	1810,83
475,08	1852,83
475,294	2005,83
475,507	1654,83
475,721	2001,83
475,935	1907,83
476,148	1748,83
476,362	1780,83
476,576	1765,83
476,789	1836,83
477,003	1974,83
477,216	1903,83
477,43	1890,83
477,643	1901,83
477,857	2028,83
478,07	1919,83
478,284	1957,83
478,497	1737,83
478,711	1823,83
478,924	1828,83
479,138	1814,83
479,351	1944,83
479,564	1737,83
479,778	1880,83
479,991	1745,83
480,204	1827,83
480,418	1986,83
480,631	1808,83
480,844	1961,83
481,058	1837,83
481,271	1901,83
481,484	2003,83
481,697	1806,83
481,911	1816,83
482,124	1846,83
482,337	1875,83
482,55	1805,83
482,763	1778,83
482,976	2032,83
483,19	1942,83
483,403	1926,83
483,616	1938,83
483,829	1943,83
484,042	1872,83
484,255	1886,83
484,468	1832,83
484,681	1839,83
484,894	1941,83
485,107	2303,83
485,32	2226,83
485,533	2180,83
485,746	2234,83
485,959	2115,83
486,172	2070,83
486,385	1793,83
486,598	1979,83
486,81	1869,83
487,023	1899,83
487,236	2050,83
487,449	1961,83
487,662	1845,83
487,875	1852,83
488,087	2005,83
488,3	1992,83
488,513	1740,83
488,726	1745,83
488,938	1931,83
489,151	1908,83
489,364	1854,83
489,576	1778,83
489,789	1997,83
490,002	1961,83
490,214	1909,83
490,427	1691,83
490,64	2135,83
490,852	2016,83
491,065	1785,83
491,277	1950,83
491,49	1969,83
491,702	1713,83
491,915	1923,83
492,127	1953,83
492,34	1880,83
492,552	1773,83
492,765	1979,83
492,977	2012,83
493,19	1862,83
493,402	2177,83
493,614	1900,83
493,827	1893,83
494,039	1885,83
494,251	1873,83
494,464	1954,83
494,676	1662,83
494,888	1811,83
495,101	1898,83
495,313	1861,83
495,525	1837,83
495,737	1989,83
495,95	1933,83
496,162	1841,83
496,374	1833,83
496,586	1804,83
496,798	1928,83
497,01	1771,83
497,222	1759,83
497,435	1996,83
497,647	1857,83
497,859	1873,83
498,071	1837,83
498,283	1849,83
498,495	1832,83
498,707	2024,83
498,919	1772,83
499,131	1936,83
499,343	1693,83
499,555	1777,83
499,767	1839,83
499,979	1849,83
500,191	1949,83
500,402	1787,83
500,614	1935,83
500,826	1969,83
501,038	1759,83
501,25	1894,83
501,462	1804,83
501,673	1829,83
501,885	1797,83
502,097	1996,83
502,309	1821,83
502,521	1919,83
502,732	1820,83
502,944	1674,83
503,156	1730,83
503,367	1737,83
503,579	1756,83
503,791	1855,83
504,002	1873,83
504,214	1943,83
504,425	2171,83
504,637	2026,83
504,849	1842,83
505,06	1930,83
505,272	1951,83
505,483	1820,83
505,695	1798,83
505,906	1792,83
506,118	1885,83
506,329	1763,83
506,541	1753,83
506,752	1984,83
506,963	1885,83
507,175	1660,83
507,386	2037,83
507,598	1946,83
507,809	1715,83
508,02	1897,83
508,232	2101,83
508,443	1733,83
508,654	2075,83
508,865	1977,83
509,077	1745,83
509,288	1860,83
509,499	2102,83
509,71	1738,83
509,922	1965,83
510,133	1690,83
510,344	2097,83
510,555	1819,83
510,766	1830,83
510,977	1919,83
511,188	1637,83
511,4	1846,83
511,611	1808,83
511,822	1899,83
512,033	1831,83
512,244	1786,83
512,455	1805,83
512,666	1892,83
512,877	2009,83
513,088	1873,83
513,299	1882,83
513,51	1884,83
513,721	1820,83
513,931	1911,83
514,142	1965,83
514,353	1935,83
514,564	1856,83
514,775	1951,83
514,986	1838,83
515,196	1950,83
515,407	1788,83
515,618	1823,83
515,829	1836,83
516,04	1925,83
516,25	1848,83
516,461	1810,83
516,672	1843,83
516,882	1784,83
517,093	1846,83
517,304	1736,83
517,514	1726,83
517,725	1907,83
517,936	1715,83
518,146	1731,83
518,357	1887,83
518,567	1725,83
518,778	2080,83
518,988	1960,83
519,199	2054,83
519,409	1770,83
519,62	1893,83
519,83	1725,83
520,041	1893,83
520,251	1889,83
520,462	1880,83
520,672	1790,83
520,882	1890,83
521,093	1850,83
521,303	2050,83
521,513	1898,83
521,724	2883,83
521,934	1753,83
522,144	1828,83
522,355	1742,83
522,565	1838,83
522,775	1902,83
522,985	1772,83
523,196	1857,83
523,406	1733,83
523,616	1912,83
523,826	1793,83
524,036	2625,83
524,246	1806,83
524,457	1744,83
524,667	1643,83
524,877	1859,83
525,087	1805,83
525,297	1896,83
525,507	1907,83
525,717	1802,83
525,927	1895,83
526,137	1879,83
526,347	1802,83
526,557	1716,83
526,767	1819,83
526,977	2080,83
527,187	1824,83
527,397	1701,83
527,607	1773,83
527,816	1677,83
528,026	1922,83
528,236	1799,83
528,446	1874,83
528,656	1648,83
528,865	2012,83
529,075	1697,83
529,285	1724,83
529,495	1849,83
529,704	1723,83
529,914	1781,83
530,124	1818,83
530,334	1667,83
530,543	1782,83
530,753	2111,83
530,963	2262,83
531,172	1805,83
531,382	1749,83
531,591	2062,83
531,801	1728,83
532,01	1809,83
532,22	1796,83
532,43	1866,83
532,639	2121,83
532,849	1818,83
533,058	1765,83
533,267	1993,83
533,477	1777,83
533,686	1744,83
533,896	1776,83
534,105	1908,83
534,315	1949,83
534,524	1683,83
534,733	1843,83
534,943	1909,83
535,152	1997,83
535,361	1715,83
535,57	1720,83
535,78	1735,83
535,989	1733,83
536,198	1773,83
536,407	1666,83
536,617	1839,83
536,826	1916,83
537,035	1982,83
537,244	1802,83
537,453	1767,83
537,662	1844,83
537,872	2021,83
538,081	1808,83
538,29	1863,83
538,499	1707,83
538,708	1744,83
538,917	1896,83
539,126	1869,83
539,335	1879,83
539,544	2350,83
539,753	1736,83
539,962	1861,83
540,171	1814,83
540,38	1992,83
540,589	1814,83
540,797	1952,83
541,006	1691,83
541,215	1743,83
541,424	1973,83
541,633	1786,83
541,842	1757,83
542,05	1968,83
542,259	1842,83
542,468	1826,83
542,677	1939,83
542,885	1792,83
543,094	1789,83
543,303	1717,83
543,512	1853,83
543,72	1822,83
543,929	1927,83
544,138	1815,83
544,346	1696,83
544,555	1748,83
544,763	1828,83
544,972	1754,83
545,18	1714,83
545,389	1839,83
545,598	1710,83
545,806	1895,83
546,015	1786,83
546,223	1969,83
546,431	1868,83
546,64	1726,83
546,848	1751,83
547,057	1895,83
547,265	1804,83
547,474	1844,83
547,682	1751,83
547,89	1952,83
548,099	1830,83
548,307	1755,83
548,515	1990,83
548,723	1939,83
548,932	1789,83
549,14	1883,83
549,348	1936,83
549,556	1734,83
549,765	1772,83
549,973	1670,83
550,181	1879,83
550,389	1833,83
550,597	1929,83
550,805	1777,83
551,014	1918,83
551,222	5902,83
551,43	1716,83
551,638	1756,83
551,846	1801,83
552,054	1886,83
552,262	1942,83
552,47	1937,83
552,678	1775,83
552,886	1760,83
553,094	1654,83
553,302	1836,83
553,51	1832,83
553,717	1804,83
553,925	1735,83
554,133	2024,83
554,341	1732,83
554,549	1882,83
554,757	1693,83
554,965	1708,83
555,172	1823,83
555,38	2156,83
555,588	1679,83
555,796	1840,83
556,003	1984,83
556,211	1712,83
556,419	1865,83
556,626	1886,83
556,834	1804,83
557,042	1837,83
557,249	1823,83
557,457	1786,83
557,664	1614,83
557,872	1749,83
558,08	1685,83
558,287	1904,83
558,495	1922,83
558,702	1657,83
558,91	1866,83
559,117	1765,83
559,325	1830,83
559,532	1756,83
559,74	1993,83
559,947	1786,83
560,154	1888,83
560,362	1488,83
560,569	1790,83
560,776	1672,83
560,984	1898,83
561,191	1801,83
561,398	1782,83
561,606	2225,83
561,813	1903,83
562,02	1631,83
562,227	1539,83
562,435	1908,83
562,642	1926,83
562,849	1897,83
563,056	1830,83
563,263	1725,83
563,471	1987,83
563,678	1736,83
563,885	1750,83
564,092	1805,83
564,299	1946,83
564,506	1875,83
564,713	1775,83
564,92	1871,83
565,127	1902,83
565,334	1918,83
565,541	2061,83
565,748	1839,83
565,955	1748,83
566,162	1811,83
566,369	1903,83
566,576	1930,83
566,783	1882,83
566,99	1717,83
567,196	1919,83
567,403	1775,83
567,61	1961,83
567,817	1815,83
568,024	1812,83
568,23	1787,83
568,437	1781,83
568,644	1686,83
568,851	1751,83
569,057	2222,83
569,264	1964,83
569,471	1714,83
569,677	1755,83
569,884	1843,83
570,091	1980,83
570,297	2911,83
570,504	2060,83
570,71	1872,83
570,917	1859,83
571,123	1638,83
571,33	1870,83
571,536	1811,83
571,743	2086,83
571,949	1837,83
572,156	1796,83
572,362	2060,83
572,569	1821,83
572,775	1741,83
572,982	2000,83
573,188	1778,83
573,394	1715,83
573,601	1787,83
573,807	1689,83
574,013	2008,83
574,22	1937,83
574,426	1808,83
574,632	1857,83
574,838	1841,83
575,045	1882,83
575,251	1759,83
575,457	1853,83
575,663	1956,83
575,869	1800,83
576,076	1728,83
576,282	1882,83
576,488	1756,83
576,694	1886,83
576,9	1667,83
577,106	1738,83
577,312	1784,83
577,518	1992,83
577,724	1866,83
577,93	1916,83
578,136	1787,83
578,342	1665,83
578,548	1803,83
578,754	1732,83
578,96	1739,83
579,166	1728,83
579,372	2065,83
579,578	1781,83
579,784	2004,83
579,989	1759,83
580,195	1772,83
580,401	1769,83
580,607	1893,83
580,813	1747,83
581,018	1930,83
581,224	1841,83
581,43	1858,83
581,636	1925,83
581,841	1916,83
582,047	1877,83
582,253	1944,83
582,458	1825,83
582,664	1803,83
582,869	1853,83
583,075	1676,83
583,281	2160,83
583,486	1833,83
583,692	1658,83
583,897	1965,83
584,103	1805,83
584,308	1957,83
584,514	1809,83
584,719	1911,83
584,925	1894,83
585,13	1780,83
585,335	1797,83
585,541	1853,83
585,746	1799,83
585,952	1747,83
586,157	1911,83
586,362	1730,83
586,568	1862,83
586,773	2033,83
586,978	1913,83
587,183	1800,83
587,389	1897,83
587,594	1727,83
587,799	1805,83
588,004	1964,83
588,21	2120,83
588,415	1724,83
588,62	1878,83
588,825	1948,83
589,03	1803,83
589,235	2316,83
589,44	1990,83
589,645	1760,83
589,85	1831,83
590,055	2065,83
590,26	1808,83
590,465	1778,83
590,67	1848,83
590,875	1968,83
591,08	1849,83
591,285	1840,83
591,49	1834,83
591,695	1828,83
591,9	1869,83
592,105	1751,83
592,31	1705,83
592,515	2061,83
592,719	1655,83
592,924	1684,83
593,129	1797,83
593,334	1873,83
593,539	1708,83
593,743	2014,83
593,948	1785,83
594,153	1675,83
594,357	1992,83
594,562	1801,83
594,767	2189,83
594,971	1705,83
595,176	1795,83
595,381	1921,83
595,585	1775,83
595,79	1943,83
595,994	1672,83
596,199	2247,83
596,403	1559,83
596,608	1703,83
596,812	1668,83
597,017	1901,83
597,221	2049,83
597,426	1982,83
597,63	1771,83
597,835	1687,83
598,039	1925,83
598,243	1848,83
598,448	2058,83
598,652	1883,83
598,856	1802,83
599,061	1908,83
599,265	1697,83
599,469	1674,83
599,673	1817,83
599,878	1913,83
600,082	1744,83
600,286	1850,83
600,49	1896,83
600,695	1631,83
600,899	1734,83
601,103	1801,83
601,307	1906,83
601,511	1764,83
601,715	1689,83
601,919	1648,83
602,123	1927,83
602,327	1809,83
602,531	1844,83
602,735	1927,83
602,939	1929,83
603,143	1589,83
603,347	1791,83
603,551	1766,83
603,755	1793,83
603,959	1868,83
604,163	1758,83
604,367	1771,83
604,571	1715,83
604,775	1843,83
604,978	1808,83
605,182	1496,83
605,386	1869,83
605,59	1807,83
605,793	1744,83
605,997	1848,83
606,201	1802,83
606,405	1806,83
606,608	1908,83
606,812	1810,83
607,016	1960,83
607,219	1728,83
607,423	1695,83
607,627	2034,83
607,83	1792,83
608,034	1750,83
608,237	1884,83
608,441	1724,83
608,644	1869,83
608,848	1888,83
609,051	1792,83
609,255	1729,83
609,458	1967,83
609,662	1772,83
609,865	1803,83
610,069	1715,83
610,272	1632,83
610,475	1709,83
610,679	1783,83
610,882	1764,83
611,085	1768,83
611,289	1889,83
611,492	1785,83
611,695	1625,83
611,898	1734,83
612,102	1975,83
612,305	1802,83
612,508	1588,83
612,711	2021,83
612,914	1653,83
613,118	1813,83
613,321	1904,83
613,524	1739,83
613,727	2004,83
613,93	1756,83
614,133	1853,83
614,336	1874,83
614,539	1779,83
614,742	1732,83
614,945	1748,83
615,148	1751,83
615,351	1745,83
615,554	1917,83
615,757	1688,83
615,96	1839,83
616,163	1648,83
616,366	1878,83
616,569	1765,83
616,772	1950,83
616,974	1810,83
617,177	1971,83
617,38	1853,83
617,583	1826,83
617,786	1729,83
617,988	1661,83
618,191	1851,83
618,394	1757,83
618,596	1686,83
618,799	1738,83
619,002	1810,83
619,204	1909,83
619,407	1761,83
619,61	1664,83
619,812	1709,83
620,015	1672,83
620,217	2050,83
620,42	1746,83
620,623	1695,83
620,825	1776,83
621,028	1918,83
621,23	1863,83
621,432	1839,83
621,635	1985,83
621,837	1826,83
622,04	1761,83
622,242	1586,83
622,445	1813,83
622,647	1829,83
622,849	1878,83
623,052	1620,83
623,254	1826,83
623,456	1707,83
623,658	1865,83
623,861	1961,83
624,063	1714,83
624,265	1858,83
624,467	1800,83
624,67	1624,83
624,872	1802,83
625,074	1970,83
625,276	1917,83
625,478	1954,83
625,68	1587,83
625,882	1631,83
626,084	1798,83
626,287	1930,83
626,489	1911,83
626,691	1778,83
626,893	1804,83
627,095	1814,83
627,297	1850,83
627,499	1723,83
627,7	1601,83
627,902	1643,83
628,104	1619,83
628,306	1721,83
628,508	1998,83
628,71	1760,83
628,912	1798,83
629,114	2080,83
629,315	1786,83
629,517	2021,83
629,719	1722,83
629,921	1741,83
630,122	1852,83
630,324	1659,83
630,526	1713,83
630,728	1990,83
630,929	1674,83
631,131	1659,83
631,332	1914,83
631,534	1874,83
631,736	1831,83
631,937	1562,83
632,139	1907,83
632,34	1800,83
632,542	1792,83
632,743	1871,83
632,945	1626,83
633,146	1842,83
633,348	1873,83
633,549	1754,83
633,751	1709,83
633,952	1785,83
634,154	1640,83
634,355	1628,83
634,556	1713,83
634,758	1755,83
634,959	1719,83
635,16	1915,83
635,362	1739,83
635,563	1871,83
635,764	1820,83
635,965	1832,83
636,167	1778,83
636,368	1783,83
636,569	1750,83
636,77	1984,83
636,971	1639,83
637,172	1923,83
637,374	1736,83
637,575	1917,83
637,776	1654,83
637,977	1498,83
638,178	1777,83
638,379	1814,83
638,58	1865,83
638,781	1662,83
638,982	2050,83
639,183	1728,83
639,384	1724,83
639,585	1769,83
639,786	1657,83
639,987	1696,83
640,187	1871,83
640,388	1715,83
640,589	1672,83
640,79	1722,83
640,991	1741,83
641,192	1895,83
641,392	1725,83
641,593	1729,83
641,794	1566,83
641,995	1674,83
642,195	1595,83
642,396	1687,83
642,597	1623,83
642,797	1730,83
642,998	1858,83
643,199	1605,83
643,399	1860,83
643,6	1675,83
643,8	1630,83
644,001	1726,83
644,202	1780,83
644,402	1565,83
644,603	1831,83
644,803	1608,83
645,004	1783,83
645,204	1601,83
645,404	1749,83
645,605	2073,83
645,805	1647,83
646,006	1657,83
646,206	2182,83
646,406	1629,83
646,607	1568,83
646,807	1477,83
647,007	50,83
647,208	113,83
647,408	-45,17
647,608	67,83
