200,697	981,67
200,927	7,67
201,158	15,67
201,388	-37,33
201,618	1699,67
201,849	1509,67
202,079	1639,67
202,309	1510,67
202,539	1717,67
202,77	1588,67
203	1808,67
203,23	1708,67
203,46	1600,67
203,691	1616,67
203,921	1717,67
204,151	1678,67
204,381	1604,67
204,611	1705,67
204,841	1626,67
205,071	1521,67
205,302	1788,67
205,532	1724,67
205,762	3897,67
205,992	1560,67
206,222	1731,67
206,452	1696,67
206,682	1674,67
206,912	1818,67
207,142	1775,67
207,372	1759,67
207,602	1553,67
207,832	1621,67
208,062	1870,67
208,292	1685,67
208,522	1509,67
208,752	1671,67
208,982	1611,67
209,212	1915,67
209,442	1613,67
209,672	1667,67
209,902	1576,67
210,131	1743,67
210,361	1618,67
210,591	1739,67
210,821	1627,67
211,051	1891,67
211,281	1604,67
211,51	1705,67
211,74	1722,67
211,97	1659,67
212,2	1678,67
212,429	1955,67
212,659	1735,67
212,889	1732,67
213,119	1548,67
213,348	1602,67
213,578	1787,67
213,808	1783,67
214,037	1763,67
214,267	1770,67
214,497	1749,67
214,726	1608,67
214,956	1596,67
215,186	1667,67
215,415	1659,67
215,645	1635,67
215,874	1576,67
216,104	1619,67
216,333	1759,67
216,563	1645,67
216,792	1732,67
217,022	1773,67
217,251	1659,67
217,481	1563,67
217,71	1944,67
217,94	1738,67
218,169	1653,67
218,399	1915,67
218,628	1752,67
218,858	1859,67
219,087	1851,67
219,316	1621,67
219,546	1716,67
219,775	1723,67
220,004	1823,67
220,234	1623,67
220,463	1736,67
220,692	1785,67
220,922	1738,67
221,151	1813,67
221,38	1704,67
221,61	2162,67
221,839	1962,67
222,068	1703,67
222,297	1851,67
222,526	1810,67
222,756	1813,67
222,985	1826,67
223,214	1834,67
223,443	1680,67
223,672	2175,67
223,902	1641,67
224,131	1805,67
224,36	1830,67
224,589	1509,67
224,818	1639,67
225,047	1887,67
225,276	1665,67
225,505	2014,67
225,734	1786,67
225,963	1636,67
226,192	1710,67
226,421	1680,67
226,65	1749,67
226,879	1777,67
227,108	1873,67
227,337	1815,67
227,566	1927,67
227,795	1894,67
228,024	1617,67
228,253	1727,67
228,482	1564,67
228,711	1790,67
228,94	1468,67
229,168	1620,67
229,397	1736,67
229,626	1776,67
229,855	1693,67
230,084	1707,67
230,313	1593,67
230,541	1930,67
230,77	1649,67
230,999	1578,67
231,228	1938,67
231,456	1852,67
231,685	1674,67
231,914	1822,67
232,143	1725,67
232,371	1782,67
232,6	1763,67
232,829	1711,67
233,057	1789,67
233,286	1793,67
233,515	1727,67
233,743	1777,67
233,972	1663,67
234,2	1771,67
234,429	1684,67
234,658	1763,67
234,886	1775,67
235,115	1745,67
235,343	1786,67
235,572	1682,67
235,8	1877,67
236,029	2069,67
236,257	1685,67
236,486	1820,67
236,714	1853,67
236,943	1656,67
237,171	1721,67
237,399	1571,67
237,628	1816,67
237,856	1880,67
238,085	1676,67
238,313	1652,67
238,541	1926,67
238,77	2143,67
238,998	1685,67
239,226	1863,67
239,455	1706,67
239,683	1864,67
239,911	1681,67
240,14	1885,67
240,368	1868,67
240,596	1791,67
240,824	1709,67
241,053	1747,67
241,281	1748,67
241,509	1802,67
241,737	1736,67
241,965	1626,67
242,193	1633,67
242,422	1690,67
242,65	1744,67
242,878	1626,67
243,106	1637,67
243,334	1753,67
243,562	1812,67
243,79	1853,67
244,018	1822,67
244,246	1767,67
244,474	1697,67
244,702	1664,67
244,93	1797,67
245,158	1757,67
245,386	1663,67
245,614	1791,67
245,842	1901,67
246,07	1708,67
246,298	1899,67
246,526	2369,67
246,754	1760,67
246,982	1905,67
247,21	1816,67
247,438	1786,67
247,666	1797,67
247,893	1730,67
248,121	1773,67
248,349	1662,67
248,577	1807,67
248,805	1849,67
249,033	1747,67
249,26	1757,67
249,488	1658,67
249,716	1847,67
249,944	1786,67
250,171	1619,67
250,399	1692,67
250,627	1867,67
250,854	1803,67
251,082	1659,67
251,31	1778,67
251,537	1801,67
251,765	2001,67
251,993	1563,67
252,22	2113,67
252,448	1678,67
252,676	1843,67
252,903	1805,67
253,131	2109,67
253,358	1684,67
253,586	1653,67
253,813	1628,67
254,041	1858,67
254,268	1787,67
254,496	1654,67
254,723	1664,67
254,951	1903,67
255,178	1738,67
255,406	1706,67
255,633	1802,67
255,86	1905,67
256,088	1893,67
256,315	1728,67
256,543	1905,67
256,77	1794,67
256,997	1688,67
257,225	1875,67
257,452	1722,67
257,679	1565,67
257,907	1824,67
258,134	1727,67
258,361	1819,67
258,588	1774,67
258,816	1763,67
259,043	1711,67
259,27	1786,67
259,497	1851,67
259,725	1664,67
259,952	1790,67
260,179	1658,67
260,406	1777,67
260,633	1682,67
260,86	1796,67
261,088	1697,67
261,315	1962,67
261,542	1645,67
261,769	1684,67
261,996	2068,67
262,223	1952,67
262,45	1963,67
262,677	1584,67
262,904	1716,67
263,131	1772,67
263,358	1742,67
263,585	1885,67
263,812	2093,67
264,039	1826,67
264,266	1763,67
264,493	1839,67
264,72	1755,67
264,947	1723,67
265,174	2001,67
265,401	1929,67
265,627	1882,67
265,854	1834,67
266,081	1811,67
266,308	1830,67
266,535	1789,67
266,762	1741,67
266,988	1846,67
267,215	1802,67
267,442	1766,67
267,669	1910,67
267,896	1881,67
268,122	1857,67
268,349	1786,67
268,576	1629,67
268,802	1780,67
269,029	1699,67
269,256	1772,67
269,482	1781,67
269,709	1699,67
269,936	1759,67
270,162	1971,67
270,389	1651,67
270,616	1872,67
270,842	1935,67
271,069	1824,67
271,295	1682,67
271,522	1677,67
271,748	1809,67
271,975	1910,67
272,201	1910,67
272,428	1763,67
272,654	1788,67
272,881	2108,67
273,107	1756,67
273,334	1788,67
273,56	1912,67
273,787	1663,67
274,013	1815,67
274,239	2045,67
274,466	1804,67
274,692	1786,67
274,918	1760,67
275,145	1784,67
275,371	1643,67
275,597	1871,67
275,824	1861,67
276,05	1810,67
276,276	1799,67
276,503	1621,67
276,729	1857,67
276,955	1686,67
277,181	1816,67
277,407	1794,67
277,634	1784,67
277,86	1844,67
278,086	1925,67
278,312	1782,67
278,538	1740,67
278,764	1711,67
278,991	1920,67
279,217	1697,67
279,443	1717,67
279,669	1758,67
279,895	1853,67
280,121	1719,67
280,347	1786,67
280,573	1706,67
280,799	1728,67
281,025	1970,67
281,251	1675,67
281,477	1869,67
281,703	1714,67
281,929	1679,67
282,155	1753,67
282,381	1691,67
282,607	1760,67
282,833	1773,67
283,059	1816,67
283,285	1749,67
283,51	1716,67
283,736	1621,67
283,962	1840,67
284,188	1923,67
284,414	1822,67
284,64	1761,67
284,865	1793,67
285,091	1547,67
285,317	1924,67
285,543	1842,67
285,768	1741,67
285,994	1597,67
286,22	1973,67
286,446	1824,67
286,671	1715,67
286,897	1761,67
287,123	1776,67
287,348	1740,67
287,574	2268,67
287,799	1823,67
288,025	1762,67
288,251	1980,67
288,476	1805,67
288,702	1823,67
288,927	1781,67
289,153	1745,67
289,378	2018,67
289,604	1788,67
289,829	1766,67
290,055	1692,67
290,28	1822,67
290,506	1873,67
290,731	1716,67
290,957	1939,67
291,182	1858,67
291,408	1943,67
291,633	1828,67
291,858	1816,67
292,084	1797,67
292,309	1619,67
292,535	1823,67
292,76	1927,67
292,985	1797,67
293,211	1702,67
293,436	1663,67
293,661	1661,67
293,886	1750,67
294,112	2015,67
294,337	1808,67
294,562	1625,67
294,787	1923,67
295,013	1761,67
295,238	1761,67
295,463	2017,67
295,688	1985,67
295,913	1803,67
296,138	1927,67
296,364	1771,67
296,589	1855,67
296,814	1675,67
297,039	1770,67
297,264	1794,67
297,489	1918,67
297,714	1773,67
297,939	1655,67
298,164	1748,67
298,389	1823,67
298,614	1760,67
298,839	1878,67
299,064	1874,67
299,289	1813,67
299,514	1877,67
299,739	1832,67
299,964	1788,67
300,189	1774,67
300,414	1853,67
300,639	1941,67
300,863	1733,67
301,088	2262,67
301,313	1754,67
301,538	1788,67
301,763	1730,67
301,988	1823,67
302,212	1841,67
302,437	2207,67
302,662	1647,67
302,887	1761,67
303,111	1857,67
303,336	1915,67
303,561	1733,67
303,786	1860,67
304,01	1759,67
304,235	1877,67
304,46	1721,67
304,684	1773,67
304,909	1955,67
305,134	1647,67
305,358	1951,67
305,583	1650,67
305,807	2067,67
306,032	1663,67
306,256	1814,67
306,481	1762,67
306,706	1693,67
306,93	1705,67
307,155	2090,67
307,379	1734,67
307,604	1753,67
307,828	1720,67
308,052	1969,67
308,277	1829,67
308,501	1841,67
308,726	1908,67
308,95	1829,67
309,175	1680,67
309,399	1897,67
309,623	1764,67
309,848	1697,67
310,072	1610,67
310,296	2118,67
310,521	1557,67
310,745	1641,67
310,969	2025,67
311,193	1927,67
311,418	1787,67
311,642	1701,67
311,866	1871,67
312,09	1761,67
312,315	1850,67
312,539	1889,67
312,763	1446,67
312,987	1913,67
313,211	1726,67
313,435	1934,67
313,659	1756,67
313,884	1970,67
314,108	1819,67
314,332	1797,67
314,556	1690,67
314,78	1976,67
315,004	1926,67
315,228	1955,67
315,452	1882,67
315,676	1893,67
315,9	1816,67
316,124	1633,67
316,348	1786,67
316,572	1822,67
316,796	1855,67
317,02	1767,67
317,244	1856,67
317,468	1457,67
317,691	1982,67
317,915	1883,67
318,139	1809,67
318,363	2201,67
318,587	1764,67
318,811	1687,67
319,034	1672,67
319,258	1910,67
319,482	2000,67
319,706	1937,67
319,93	1713,67
320,153	1749,67
320,377	1851,67
320,601	1731,67
320,824	1672,67
321,048	1954,67
321,272	1879,67
321,495	1773,67
321,719	1780,67
321,943	1741,67
322,166	1983,67
322,39	1800,67
322,614	1847,67
322,837	1955,67
323,061	1661,67
323,284	1845,67
323,508	1899,67
323,731	1582,67
323,955	1795,67
324,178	1766,67
324,402	1974,67
324,625	1645,67
324,849	1684,67
325,072	1875,67
325,296	1802,67
325,519	1717,67
325,743	1701,67
325,966	1874,67
326,189	1992,67
326,413	1774,67
326,636	2252,67
326,859	1826,67
327,083	2039,67
327,306	1724,67
327,529	1673,67
327,753	1674,67
327,976	1919,67
328,199	1832,67
328,422	1827,67
328,646	1974,67
328,869	1673,67
329,092	1854,67
329,315	1942,67
329,538	1738,67
329,762	1774,67
329,985	1686,67
330,208	1715,67
330,431	1763,67
330,654	1931,67
330,877	1765,67
331,1	1901,67
331,323	1792,67
331,546	1841,67
331,769	1896,67
331,993	1659,67
332,216	1737,67
332,439	1744,67
332,662	1769,67
332,885	1720,67
333,107	1627,67
333,33	1626,67
333,553	1899,67
333,776	1702,67
333,999	1709,67
334,222	1659,67
334,445	1673,67
334,668	1714,67
334,891	1907,67
335,114	1704,67
335,336	1778,67
335,559	1865,67
335,782	2097,67
336,005	1710,67
336,228	1765,67
336,45	1680,67
336,673	1753,67
336,896	1817,67
337,119	1749,67
337,341	1720,67
337,564	1696,67
337,787	1824,67
338,009	1699,67
338,232	1862,67
338,455	1848,67
338,677	1729,67
338,9	1782,67
339,122	1831,67
339,345	1614,67
339,568	1577,67
339,79	1759,67
340,013	1797,67
340,235	1879,67
340,458	1588,67
340,68	1715,67
340,903	1734,67
341,125	1703,67
341,348	1749,67
341,57	1635,67
341,793	1906,67
342,015	1637,67
342,238	1521,67
342,46	1785,67
342,682	1809,67
342,905	1728,67
343,127	1902,67
343,349	1750,67
343,572	1786,67
343,794	1678,67
344,016	1752,67
344,239	1771,67
344,461	1697,67
344,683	1669,67
344,905	1727,67
345,128	1655,67
345,35	1728,67
345,572	1821,67
345,794	1915,67
346,017	1711,67
346,239	1800,67
346,461	1702,67
346,683	1657,67
346,905	1810,67
347,127	1833,67
347,349	1634,67
347,571	1706,67
347,793	1940,67
348,016	1779,67
348,238	1662,67
348,46	1695,67
348,682	1607,67
348,904	1723,67
349,126	1824,67
349,348	1793,67
349,57	1629,67
349,792	1699,67
350,014	2023,67
350,235	1731,67
350,457	2561,67
350,679	1769,67
350,901	1594,67
351,123	1651,67
351,345	1710,67
351,567	1792,67
351,789	1739,67
352,01	1835,67
352,232	1965,67
352,454	1705,67
352,676	1964,67
352,897	1765,67
353,119	1778,67
353,341	1790,67
353,563	1727,67
353,784	1695,67
354,006	1730,67
354,228	1845,67
354,449	1737,67
354,671	1887,67
354,893	1876,67
355,114	1812,67
355,336	1795,67
355,558	1708,67
355,779	1584,67
356,001	1793,67
356,222	1767,67
356,444	1627,67
356,665	2247,67
356,887	1715,67
357,108	1679,67
357,33	1643,67
357,551	1816,67
357,773	1765,67
357,994	1745,67
358,216	1555,67
358,437	1845,67
358,659	1829,67
358,88	1696,67
359,101	1815,67
359,323	1690,67
359,544	1683,67
359,765	1645,67
359,987	1709,67
360,208	1741,67
360,429	1778,67
360,651	1640,67
360,872	2182,67
361,093	1789,67
361,314	1706,67
361,536	1597,67
361,757	1614,67
361,978	1600,67
362,199	1546,67
362,42	1571,67
362,642	1754,67
362,863	1848,67
363,084	1732,67
363,305	1795,67
363,526	1689,67
363,747	1635,67
363,968	1661,67
364,189	1831,67
364,41	1673,67
364,631	1569,67
364,852	1859,67
365,073	1731,67
365,294	1713,67
365,515	1709,67
365,736	1779,67
365,957	1713,67
366,178	1701,67
366,399	1724,67
366,62	1780,67
366,841	1874,67
367,062	1788,67
367,283	1679,67
367,504	1799,67
367,724	1645,67
367,945	1530,67
368,166	1845,67
368,387	1605,67
368,608	1650,67
368,828	1738,67
369,049	1638,67
369,27	1723,67
369,491	1682,67
369,711	1760,67
369,932	1810,67
370,153	1803,67
370,373	1789,67
370,594	2140,67
370,815	1895,67
371,035	1782,67
371,256	1611,67
371,477	1640,67
371,697	1701,67
371,918	1579,67
372,138	1808,67
372,359	1882,67
372,579	1610,67
372,8	1706,67
373,02	1776,67
373,241	1685,67
373,461	1786,67
373,682	1781,67
373,902	1693,67
374,123	1556,67
374,343	1852,67
374,564	1678,67
374,784	1561,67
375,004	1721,67
375,225	1610,67
375,445	1705,67
375,666	1876,67
375,886	1572,67
376,106	1601,67
376,326	1728,67
376,547	1960,67
376,767	1819,67
376,987	1625,67
377,208	1729,67
377,428	1611,67
377,648	1962,67
377,868	1752,67
378,088	1825,67
378,309	1814,67
378,529	1863,67
378,749	1742,67
378,969	1535,67
379,189	1823,67
379,409	1636,67
379,629	1469,67
379,849	1810,67
380,069	1514,67
380,29	1667,67
380,51	1663,67
380,73	1765,67
380,95	1910,67
381,17	1718,67
381,39	1776,67
381,61	1641,67
381,829	1653,67
382,049	1648,67
382,269	1660,67
382,489	1749,67
382,709	1783,67
382,929	1819,67
383,149	1718,67
383,369	2079,67
383,589	1672,67
383,808	1864,67
384,028	1706,67
384,248	1761,67
384,468	1693,67
384,688	1693,67
384,907	1653,67
385,127	1690,67
385,347	1820,67
385,567	1653,67
385,786	1833,67
386,006	1629,67
386,226	1700,67
386,445	1641,67
386,665	1740,67
386,885	1597,67
387,104	1627,67
387,324	1730,67
387,543	1585,67
387,763	1671,67
387,982	1776,67
388,202	1741,67
388,422	1515,67
388,641	1683,67
388,861	1868,67
389,08	1739,67
389,3	1584,67
389,519	1962,67
389,738	1665,67
389,958	1660,67
390,177	1643,67
390,397	1803,67
390,616	1697,67
390,836	1816,67
391,055	1653,67
391,274	1768,67
391,494	1677,67
391,713	1614,67
391,932	1720,67
392,151	1664,67
392,371	1673,67
392,59	1743,67
392,809	1779,67
393,029	1859,67
393,248	1824,67
393,467	1520,67
393,686	1610,67
393,905	2777,67
394,124	1655,67
394,344	1696,67
394,563	1773,67
394,782	1637,67
395,001	1762,67
395,22	1636,67
395,439	1746,67
395,658	1610,67
395,877	1600,67
396,096	1662,67
396,315	1785,67
396,534	1610,67
396,753	1786,67
396,972	1597,67
397,191	1743,67
397,41	1725,67
397,629	1632,67
397,848	1434,67
398,067	1754,67
398,286	1491,67
398,505	1485,67
398,724	1823,67
398,943	2245,67
399,161	1560,67
399,38	1743,67
399,599	1748,67
399,818	1713,67
400,037	1931,67
400,255	1724,67
400,474	1677,67
400,693	1698,67
400,912	1848,67
401,13	1717,67
401,349	1724,67
401,568	1608,67
401,786	1868,67
402,005	1831,67
402,224	1663,67
402,442	1786,67
402,661	1791,67
402,88	1741,67
403,098	1681,67
403,317	1700,67
403,535	1735,67
403,754	1586,67
403,972	1709,67
404,191	1635,67
404,409	1663,67
404,628	2339,67
404,846	1722,67
405,065	1869,67
405,283	1749,67
405,502	1718,67
405,72	1756,67
405,938	1616,67
406,157	1634,67
406,375	1646,67
406,594	1565,67
406,812	1725,67
407,03	1722,67
407,249	1410,67
407,467	2013,67
407,685	1819,67
407,903	1612,67
408,122	1973,67
408,34	1760,67
408,558	1629,67
408,776	1620,67
408,995	1627,67
409,213	1707,67
409,431	1720,67
409,649	1809,67
409,867	1615,67
410,085	1587,67
410,303	1722,67
410,522	1596,67
410,74	1625,67
410,958	1572,67
411,176	1706,67
411,394	1602,67
411,612	1664,67
411,83	1845,67
412,048	1743,67
412,266	1706,67
412,484	1689,67
412,702	1878,67
412,92	1504,67
413,138	1794,67
413,356	1685,67
413,573	1857,67
413,791	2007,67
414,009	1804,67
414,227	1875,67
414,445	1585,67
414,663	1725,67
414,881	1870,67
415,098	1712,67
415,316	1663,67
415,534	2079,67
415,752	1633,67
415,969	1669,67
416,187	1754,67
416,405	1696,67
416,623	1773,67
416,84	1635,67
417,058	1751,67
417,276	1764,67
417,493	1732,67
417,711	1647,67
417,928	1792,67
418,146	1654,67
418,364	1754,67
418,581	1700,67
418,799	1708,67
419,016	1444,67
419,234	1576,67
419,451	2256,67
419,669	1664,67
419,886	1668,67
420,104	1692,67
420,321	1610,67
420,539	1644,67
420,756	1770,67
420,974	1669,67
421,191	1629,67
421,408	1710,67
421,626	1765,67
421,843	1691,67
422,06	1686,67
422,278	1639,67
422,495	1653,67
422,712	1709,67
422,93	1758,67
423,147	1750,67
423,364	1554,67
423,581	1791,67
423,799	1720,67
424,016	1648,67
424,233	1735,67
424,45	1685,67
424,667	1650,67
424,884	1618,67
425,102	1722,67
425,319	1565,67
425,536	1548,67
425,753	1847,67
425,97	1633,67
426,187	1721,67
426,404	1586,67
426,621	1946,67
426,838	1759,67
427,055	1727,67
427,272	1721,67
427,489	1714,67
427,706	1646,67
427,923	1646,67
428,14	1677,67
428,357	1964,67
428,574	1646,67
428,791	1688,67
429,008	1683,67
429,224	1686,67
429,441	1587,67
429,658	1675,67
429,875	1919,67
430,092	1705,67
430,308	1829,67
430,525	1812,67
430,742	1700,67
430,959	1731,67
431,175	1750,67
431,392	1627,67
431,609	1791,67
431,826	1717,67
432,042	1642,67
432,259	1652,67
432,476	2075,67
432,692	1634,67
432,909	1645,67
433,125	1676,67
433,342	1649,67
433,559	1740,67
433,775	1647,67
433,992	1341,67
434,208	1595,67
434,425	1576,67
434,641	1834,67
434,858	1970,67
435,074	1728,67
435,291	1792,67
435,507	1678,67
435,723	1655,67
435,94	1679,67
436,156	1769,67
436,373	1877,67
436,589	1636,67
436,805	1746,67
437,022	1606,67
437,238	1679,67
437,454	1735,67
437,671	1592,67
437,887	1701,67
438,103	1589,67
438,319	1674,67
438,536	1743,67
438,752	1718,67
438,968	1711,67
439,184	1720,67
439,4	1643,67
439,616	1565,67
439,833	1808,67
440,049	1646,67
440,265	1811,67
440,481	1685,67
440,697	1878,67
440,913	1754,67
441,129	1665,67
441,345	1793,67
441,561	1733,67
441,777	1673,67
441,993	1720,67
442,209	1578,67
442,425	1684,67
442,641	1685,67
442,857	1676,67
443,073	1959,67
443,289	1664,67
443,505	1840,67
443,721	2046,67
443,937	1657,67
444,152	1631,67
444,368	1737,67
444,584	1618,67
444,8	1837,67
445,016	1690,67
445,231	1689,67
445,447	1878,67
445,663	1718,67
445,879	1460,67
446,094	1793,67
446,31	1849,67
446,526	1703,67
446,742	1794,67
446,957	1670,67
447,173	1795,67
447,388	1769,67
447,604	1856,67
447,82	1590,67
448,035	1815,67
448,251	1662,67
448,466	1773,67
448,682	1636,67
448,897	1627,67
449,113	1838,67
449,328	1789,67
449,544	1619,67
449,759	1912,67
449,975	1613,67
450,19	1645,67
450,406	1739,67
450,621	1653,67
450,836	1633,67
451,052	1737,67
451,267	1620,67
451,483	1607,67
451,698	1553,67
451,913	1579,67
452,129	1735,67
452,344	1582,67
452,559	1861,67
452,774	1678,67
452,99	1635,67
453,205	1751,67
453,42	1785,67
453,635	1825,67
453,85	1663,67
454,066	1774,67
454,281	1729,67
454,496	1778,67
454,711	1501,67
454,926	1830,67
455,141	1643,67
455,356	1611,67
455,571	1654,67
455,786	1746,67
456,001	1659,67
456,217	1566,67
456,432	1660,67
456,647	1738,67
456,861	1774,67
457,076	1695,67
457,291	1863,67
457,506	1637,67
457,721	1666,67
457,936	1737,67
458,151	1606,67
458,366	1852,67
458,581	1670,67
458,796	1950,67
459,01	1716,67
459,225	1750,67
459,44	1521,67
459,655	1768,67
459,87	1576,67
460,084	1623,67
460,299	1723,67
460,514	1687,67
460,729	2167,67
460,943	1906,67
461,158	1584,67
461,373	1803,67
461,587	1565,67
461,802	1646,67
462,016	1819,67
462,231	1598,67
462,446	1731,67
462,66	1686,67
462,875	1660,67
463,089	1709,67
463,304	1657,67
463,518	1655,67
463,733	1611,67
463,947	1677,67
464,162	1679,67
464,376	1632,67
464,591	1772,67
464,805	1730,67
465,02	1825,67
465,234	1741,67
465,448	1837,67
465,663	1794,67
465,877	1707,67
466,091	1661,67
466,306	1900,67
466,52	1982,67
466,734	1693,67
466,949	1726,67
467,163	1789,67
467,377	1626,67
467,591	1661,67
467,806	1651,67
468,02	1605,67
468,234	1555,67
468,448	1793,67
468,662	1709,67
468,876	1921,67
469,091	1583,67
469,305	1629,67
469,519	1637,67
469,733	1766,67
469,947	1654,67
470,161	1907,67
470,375	1594,67
470,589	1760,67
470,803	1725,67
471,017	1767,67
471,231	1619,67
471,445	1586,67
471,659	1712,67
471,873	1687,67
472,087	1559,67
472,301	1777,67
472,515	1357,67
472,728	1735,67
472,942	1573,67
473,156	1685,67
473,37	1618,67
473,584	1601,67
473,798	1573,67
474,011	1694,67
474,225	1703,67
474,439	1747,67
474,653	1690,67
474,866	1721,67
475,08	1716,67
475,294	1767,67
475,507	1595,67
475,721	1725,67
475,935	1712,67
476,148	1514,67
476,362	1547,67
476,576	1877,67
476,789	1689,67
477,003	1795,67
477,216	1736,67
477,43	1660,67
477,643	1767,67
477,857	1827,67
478,07	1636,67
478,284	1759,67
478,497	1624,67
478,711	1707,67
478,924	1706,67
479,138	1671,67
479,351	1711,67
479,564	1686,67
479,778	1682,67
479,991	1536,67
480,204	1675,67
480,418	1740,67
480,631	1607,67
480,844	1809,67
481,058	1615,67
481,271	1758,67
481,484	1691,67
481,697	1384,67
481,911	1656,67
482,124	1690,67
482,337	1744,67
482,55	1790,67
482,763	1572,67
482,976	1683,67
483,19	1565,67
483,403	1791,67
483,616	1759,67
483,829	1798,67
484,042	1684,67
484,255	1678,67
484,468	1781,67
484,681	1683,67
484,894	1603,67
485,107	1815,67
485,32	1667,67
485,533	1462,67
485,746	1785,67
485,959	1665,67
486,172	1693,67
486,385	1551,67
486,598	1734,67
486,81	1598,67
487,023	1659,67
487,236	1893,67
487,449	1789,67
487,662	1684,67
487,875	1695,67
488,087	1844,67
488,3	1743,67
488,513	1430,67
488,726	1530,67
488,938	1813,67
489,151	1750,67
489,364	1749,67
489,576	1691,67
489,789	1603,67
490,002	1731,67
490,214	1476,67
490,427	1498,67
490,64	1794,67
490,852	1743,67
491,065	1657,67
491,277	1796,67
491,49	1743,67
491,702	1541,67
491,915	1697,67
492,127	1748,67
492,34	1660,67
492,552	1728,67
492,765	1766,67
492,977	1863,67
493,19	1700,67
493,402	1759,67
493,614	1750,67
493,827	1698,67
494,039	1661,67
494,251	1611,67
494,464	1795,67
494,676	1537,67
494,888	1671,67
495,101	1674,67
495,313	1644,67
495,525	1642,67
495,737	1746,67
495,95	1673,67
496,162	1779,67
496,374	1594,67
496,586	1542,67
496,798	1724,67
497,01	1632,67
497,222	1560,67
497,435	1801,67
497,647	1589,67
497,859	1594,67
498,071	1707,67
498,283	1645,67
498,495	1666,67
498,707	1902,67
498,919	1705,67
499,131	1786,67
499,343	1527,67
499,555	1715,67
499,767	1745,67
499,979	1662,67
500,191	1861,67
500,402	1580,67
500,614	1725,67
500,826	1836,67
501,038	1580,67
501,25	1753,67
501,462	1656,67
501,673	1716,67
501,885	1590,67
502,097	1785,67
502,309	1694,67
502,521	1708,67
502,732	1604,67
502,944	1709,67
503,156	1727,67
503,367	1668,67
503,579	1575,67
503,791	1664,67
504,002	1692,67
504,214	1828,67
504,425	1903,67
504,637	1831,67
504,849	1615,67
505,06	1762,67
505,272	1731,67
505,483	1691,67
505,695	1735,67
505,906	1559,67
506,118	1631,67
506,329	1595,67
506,541	1587,67
506,752	1793,67
506,963	1747,67
507,175	1516,67
507,386	1861,67
507,598	1801,67
507,809	1339,67
508,02	1649,67
508,232	1910,67
508,443	1543,67
508,654	1900,67
508,865	1835,67
509,077	1619,67
509,288	1583,67
509,499	1905,67
509,71	1645,67
509,922	1845,67
510,133	1680,67
510,344	1829,67
510,555	1665,67
510,766	1765,67
510,977	1704,67
511,188	1608,67
511,4	1739,67
511,611	1631,67
511,822	1807,67
512,033	1624,67
512,244	1724,67
512,455	1707,67
512,666	1698,67
512,877	1794,67
513,088	1719,67
513,299	1721,67
513,51	1737,67
513,721	1706,67
513,931	1563,67
514,142	1879,67
514,353	1802,67
514,564	1555,67
514,775	1658,67
514,986	1991,67
515,196	1862,67
515,407	1683,67
515,618	1777,67
515,829	1694,67
516,04	1671,67
516,25	1563,67
516,461	1692,67
516,672	1653,67
516,882	1638,67
517,093	1783,67
517,304	1569,67
517,514	1614,67
517,725	1734,67
517,936	1587,67
518,146	1567,67
518,357	1765,67
518,567	1565,67
518,778	1880,67
518,988	1649,67
519,199	1838,67
519,409	1596,67
519,62	1707,67
519,83	1674,67
520,041	1726,67
520,251	1782,67
520,462	1745,67
520,672	1635,67
520,882	1741,67
521,093	1754,67
521,303	1833,67
521,513	1680,67
521,724	2798,67
521,934	1577,67
522,144	1684,67
522,355	1681,67
522,565	1697,67
522,775	1870,67
522,985	1624,67
523,196	1671,67
523,406	1648,67
523,616	1851,67
523,826	1559,67
524,036	2567,67
524,246	1708,67
524,457	1662,67
524,667	1498,67
524,877	1700,67
525,087	1606,67
525,297	1494,67
525,507	1709,67
525,717	1546,67
525,927	1433,67
526,137	1635,67
526,347	1754,67
526,557	1578,67
526,767	1651,67
526,977	1941,67
527,187	1693,67
527,397	1653,67
527,607	1601,67
527,816	1693,67
528,026	1687,67
528,236	1750,67
528,446	1687,67
528,656	1649,67
528,865	1857,67
529,075	1684,67
529,285	1621,67
529,495	1690,67
529,704	1688,67
529,914	1648,67
530,124	1718,67
530,334	1635,67
530,543	1646,67
530,753	1960,67
530,963	2119,67
531,172	1678,67
531,382	1732,67
531,591	1880,67
531,801	1644,67
532,01	1766,67
532,22	1699,67
532,43	1815,67
532,639	1921,67
532,849	1745,67
533,058	1691,67
533,267	1861,67
533,477	1620,67
533,686	1606,67
533,896	1699,67
534,105	1658,67
534,315	1767,67
534,524	1720,67
534,733	1810,67
534,943	1962,67
535,152	1721,67
535,361	1569,67
535,57	1648,67
535,78	1787,67
535,989	1750,67
536,198	1620,67
536,407	1686,67
536,617	1728,67
536,826	1736,67
537,035	1783,67
537,244	1671,67
537,453	1478,67
537,662	1690,67
537,872	1844,67
538,081	1682,67
538,29	1618,67
538,499	1652,67
538,708	1680,67
538,917	1745,67
539,126	1738,67
539,335	1731,67
539,544	2184,67
539,753	1596,67
539,962	1729,67
540,171	1573,67
540,38	1832,67
540,589	1722,67
540,797	1851,67
541,006	1670,67
541,215	1540,67
541,424	1899,67
541,633	1663,67
541,842	1591,67
542,05	1821,67
542,259	1719,67
542,468	1713,67
542,677	1523,67
542,885	1635,67
543,094	1692,67
543,303	1514,67
543,512	1833,67
543,72	1749,67
543,929	1793,67
544,138	1625,67
544,346	1604,67
544,555	1631,67
544,763	1703,67
544,972	1712,67
545,18	1595,67
545,389	1700,67
545,598	1596,67
545,806	1746,67
546,015	1701,67
546,223	1600,67
546,431	1694,67
546,64	1623,67
546,848	1606,67
547,057	1760,67
547,265	1613,67
547,474	1614,67
547,682	1664,67
547,89	1708,67
548,099	1683,67
548,307	1684,67
548,515	1823,67
548,723	1770,67
548,932	1577,67
549,14	1697,67
549,348	1806,67
549,556	1708,67
549,765	1647,67
549,973	1596,67
550,181	1770,67
550,389	1768,67
550,597	1807,67
550,805	1646,67
551,014	1831,67
551,222	5634,67
551,43	1579,67
551,638	1607,67
551,846	1719,67
552,054	1951,67
552,262	1784,67
552,47	1711,67
552,678	1633,67
552,886	1619,67
553,094	1586,67
553,302	1704,67
553,51	1707,67
553,717	1802,67
553,925	1533,67
554,133	2006,67
554,341	1665,67
554,549	1739,67
554,757	1690,67
554,965	1678,67
555,172	1695,67
555,38	1928,67
555,588	1574,67
555,796	1654,67
556,003	1923,67
556,211	1662,67
556,419	1785,67
556,626	1883,67
556,834	1678,67
557,042	1736,67
557,249	1768,67
557,457	1617,67
557,664	1534,67
557,872	1610,67
558,08	1579,67
558,287	1788,67
558,495	1730,67
558,702	1867,67
558,91	1776,67
559,117	1642,67
559,325	1751,67
559,532	1687,67
559,74	1904,67
559,947	1600,67
560,154	1827,67
560,362	1571,67
560,569	1645,67
560,776	1746,67
560,984	1688,67
561,191	1687,67
561,398	1676,67
561,606	2117,67
561,813	1761,67
562,02	1535,67
562,227	1558,67
562,435	1717,67
562,642	1812,67
562,849	1725,67
563,056	1719,67
563,263	1581,67
563,471	1802,67
563,678	1778,67
563,885	1628,67
564,092	1722,67
564,299	1775,67
564,506	1800,67
564,713	1695,67
564,92	1687,67
565,127	1861,67
565,334	1765,67
565,541	2007,67
565,748	1795,67
565,955	1630,67
566,162	1875,67
566,369	1817,67
566,576	1834,67
566,783	1798,67
566,99	1625,67
567,196	1834,67
567,403	1597,67
567,61	1842,67
567,817	1652,67
568,024	1727,67
568,23	1780,67
568,437	1613,67
568,644	1833,67
568,851	1706,67
569,057	1960,67
569,264	1769,67
569,471	1405,67
569,677	1674,67
569,884	1687,67
570,091	1879,67
570,297	2780,67
570,504	1893,67
570,71	1823,67
570,917	1735,67
571,123	1714,67
571,33	1769,67
571,536	1655,67
571,743	1905,67
571,949	1636,67
572,156	1689,67
572,362	1946,67
572,569	1668,67
572,775	1692,67
572,982	1873,67
573,188	1733,67
573,394	1605,67
573,601	1598,67
573,807	1551,67
574,013	1926,67
574,22	1775,67
574,426	1641,67
574,632	1780,67
574,838	1612,67
575,045	1625,67
575,251	1696,67
575,457	1693,67
575,663	1847,67
575,869	1777,67
576,076	1562,67
576,282	1775,67
576,488	1635,67
576,694	1722,67
576,9	1500,67
577,106	1786,67
577,312	1680,67
577,518	1811,67
577,724	1762,67
577,93	1731,67
578,136	1499,67
578,342	1711,67
578,548	1681,67
578,754	1648,67
578,96	1631,67
579,166	1621,67
579,372	1873,67
579,578	1755,67
579,784	1763,67
579,989	1629,67
580,195	1654,67
580,401	1690,67
580,607	1772,67
580,813	1763,67
581,018	1714,67
581,224	1643,67
581,43	1721,67
581,636	1680,67
581,841	1776,67
582,047	1768,67
582,253	1791,67
582,458	1756,67
582,664	1662,67
582,869	1703,67
583,075	1575,67
583,281	1877,67
583,486	1766,67
583,692	1589,67
583,897	1781,67
584,103	1712,67
584,308	1793,67
584,514	1584,67
584,719	1852,67
584,925	1773,67
585,13	1706,67
585,335	1690,67
585,541	1711,67
585,746	1663,67
585,952	1689,67
586,157	1698,67
586,362	1714,67
586,568	1720,67
586,773	1958,67
586,978	1707,67
587,183	1633,67
587,389	1740,67
587,594	1631,67
587,799	1854,67
588,004	1848,67
588,21	1711,67
588,415	1591,67
588,62	1782,67
588,825	1876,67
589,03	1648,67
589,235	2221,67
589,44	1840,67
589,645	1659,67
589,85	1781,67
590,055	1914,67
590,26	1723,67
590,465	1718,67
590,67	1733,67
590,875	1856,67
591,08	1794,67
591,285	1713,67
591,49	1774,67
591,695	1727,67
591,9	2035,67
592,105	1685,67
592,31	1678,67
592,515	1967,67
592,719	1622,67
592,924	1663,67
593,129	1642,67
593,334	1759,67
593,539	1678,67
593,743	1809,67
593,948	1647,67
594,153	1671,67
594,357	2000,67
594,562	1688,67
594,767	2163,67
594,971	1557,67
595,176	1624,67
595,381	1888,67
595,585	1648,67
595,79	1892,67
595,994	1615,67
596,199	2213,67
596,403	1369,67
596,608	1606,67
596,812	1723,67
597,017	1803,67
597,221	1921,67
597,426	1965,67
597,63	1697,67
597,835	1603,67
598,039	1637,67
598,243	1657,67
598,448	1972,67
598,652	1754,67
598,856	1688,67
599,061	1796,67
599,265	1678,67
599,469	1630,67
599,673	1768,67
599,878	1853,67
600,082	1690,67
600,286	1859,67
600,49	1619,67
600,695	1604,67
600,899	1785,67
601,103	1731,67
601,307	1792,67
601,511	1721,67
601,715	1898,67
601,919	1545,67
602,123	1826,67
602,327	1779,67
602,531	1660,67
602,735	1760,67
602,939	1829,67
603,143	1591,67
603,347	1751,67
603,551	1698,67
603,755	1887,67
603,959	1666,67
604,163	1786,67
604,367	1735,67
604,571	1668,67
604,775	1750,67
604,978	1712,67
605,182	1582,67
605,386	1741,67
605,59	1699,67
605,793	1664,67
605,997	1859,67
606,201	1744,67
606,405	1770,67
606,608	1852,67
606,812	1744,67
607,016	1729,67
607,219	1623,67
607,423	1679,67
607,627	1884,67
607,83	1669,67
608,034	1649,67
608,237	1793,67
608,441	1587,67
608,644	1794,67
608,848	1637,67
609,051	1687,67
609,255	1632,67
609,458	1817,67
609,662	1727,67
609,865	1769,67
610,069	1623,67
610,272	1508,67
610,475	1616,67
610,679	1693,67
610,882	1687,67
611,085	1701,67
611,289	1923,67
611,492	1736,67
611,695	1642,67
611,898	1706,67
612,102	1844,67
612,305	1870,67
612,508	1754,67
612,711	1896,67
612,914	1628,67
613,118	1825,67
613,321	1733,67
613,524	1543,67
613,727	1648,67
613,93	1715,67
614,133	1717,67
614,336	1707,67
614,539	1726,67
614,742	1664,67
614,945	1681,67
615,148	1831,67
615,351	1677,67
615,554	1881,67
615,757	1611,67
615,96	1702,67
616,163	1661,67
616,366	1803,67
616,569	1692,67
616,772	1919,67
616,974	1719,67
617,177	1903,67
617,38	1969,67
617,583	1734,67
617,786	1611,67
617,988	1580,67
618,191	1849,67
618,394	1640,67
618,596	1673,67
618,799	1626,67
619,002	1687,67
619,204	1786,67
619,407	1727,67
619,61	1826,67
619,812	1626,67
620,015	1680,67
620,217	1849,67
620,42	1765,67
620,623	1675,67
620,825	1492,67
621,028	1805,67
621,23	1770,67
621,432	1723,67
621,635	1850,67
621,837	1856,67
622,04	1683,67
622,242	1666,67
622,445	1733,67
622,647	1706,67
622,849	1773,67
623,052	1530,67
623,254	1725,67
623,456	1580,67
623,658	1840,67
623,861	1819,67
624,063	1643,67
624,265	1707,67
624,467	1781,67
624,67	1606,67
624,872	1718,67
625,074	1953,67
625,276	1840,67
625,478	1806,67
625,68	1608,67
625,882	1489,67
626,084	1807,67
626,287	1905,67
626,489	1787,67
626,691	1750,67
626,893	1718,67
627,095	1663,67
627,297	1753,67
627,499	1708,67
627,7	1504,67
627,902	1621,67
628,104	1280,67
628,306	1604,67
628,508	1622,67
628,71	1691,67
628,912	1768,67
629,114	1975,67
629,315	1515,67
629,517	1641,67
629,719	1627,67
629,921	1695,67
630,122	1840,67
630,324	1594,67
630,526	1814,67
630,728	1765,67
630,929	1662,67
631,131	1616,67
631,332	1846,67
631,534	1884,67
631,736	1812,67
631,937	1612,67
632,139	1712,67
632,34	1692,67
632,542	1902,67
632,743	1761,67
632,945	1563,67
633,146	1755,67
633,348	1831,67
633,549	1690,67
633,751	1599,67
633,952	1719,67
634,154	1483,67
634,355	1563,67
634,556	1755,67
634,758	1635,67
634,959	1681,67
635,16	1780,67
635,362	1667,67
635,563	1681,67
635,764	1750,67
635,965	1758,67
636,167	1736,67
636,368	1663,67
636,569	1806,67
636,77	1857,67
636,971	1617,67
637,172	1723,67
637,374	1624,67
637,575	1934,67
637,776	1626,67
637,977	1648,67
638,178	1821,67
638,379	1779,67
638,58	1778,67
638,781	1575,67
638,982	1762,67
639,183	1673,67
639,384	1690,67
639,585	1678,67
639,786	1608,67
639,987	1656,67
640,187	1843,67
640,388	1761,67
640,589	1611,67
640,79	1659,67
640,991	1713,67
641,192	1860,67
641,392	1635,67
641,593	1615,67
641,794	1542,67
641,995	1705,67
642,195	1488,67
642,396	1660,67
642,597	1600,67
642,797	1623,67
642,998	1744,67
643,199	1625,67
643,399	1732,67
643,6	1597,67
643,8	1570,67
644,001	1962,67
644,202	1680,67
644,402	1553,67
644,603	1807,67
644,803	1753,67
645,004	1642,67
645,204	1640,67
645,404	1694,67
645,605	1966,67
645,805	1530,67
646,006	1471,67
646,206	2199,67
646,406	1619,67
646,607	1456,67
646,807	1570,67
647,007	-21,33
647,208	29,67
647,408	40,67
647,608	-27,33
