200,697	955,17
200,927	34,17
201,158	45,17
201,388	-6,83
201,618	1471,17
201,849	1445,17
202,079	1646,17
202,309	1535,17
202,539	1703,17
202,77	1818,17
203	1653,17
203,23	1720,17
203,46	1728,17
203,691	1436,17
203,921	1618,17
204,151	1715,17
204,381	1608,17
204,611	1737,17
204,841	1617,17
205,071	1596,17
205,302	1745,17
205,532	1765,17
205,762	3978,17
205,992	1568,17
206,222	1612,17
206,452	1750,17
206,682	1531,17
206,912	1757,17
207,142	1790,17
207,372	1693,17
207,602	1556,17
207,832	1642,17
208,062	1755,17
208,292	1749,17
208,522	1510,17
208,752	1613,17
208,982	1607,17
209,212	1789,17
209,442	1688,17
209,672	1620,17
209,902	1601,17
210,131	1819,17
210,361	1637,17
210,591	1651,17
210,821	1594,17
211,051	1811,17
211,281	1909,17
211,51	1709,17
211,74	1756,17
211,97	1661,17
212,2	1705,17
212,429	1670,17
212,659	1689,17
212,889	1732,17
213,119	1592,17
213,348	1741,17
213,578	1954,17
213,808	1728,17
214,037	1830,17
214,267	1791,17
214,497	1736,17
214,726	1668,17
214,956	1674,17
215,186	1705,17
215,415	1736,17
215,645	1754,17
215,874	1798,17
216,104	1666,17
216,333	1569,17
216,563	1770,17
216,792	1827,17
217,022	1762,17
217,251	1639,17
217,481	1676,17
217,71	1740,17
217,94	1703,17
218,169	1770,17
218,399	1738,17
218,628	1667,17
218,858	1829,17
219,087	1817,17
219,316	1790,17
219,546	1716,17
219,775	1782,17
220,004	1925,17
220,234	1625,17
220,463	1709,17
220,692	1776,17
220,922	1399,17
221,151	1834,17
221,38	1718,17
221,61	2109,17
221,839	1913,17
222,068	1870,17
222,297	1893,17
222,526	1734,17
222,756	1783,17
222,985	1933,17
223,214	2027,17
223,443	1851,17
223,672	2319,17
223,902	1768,17
224,131	1842,17
224,36	1853,17
224,589	1667,17
224,818	1799,17
225,047	1910,17
225,276	1749,17
225,505	2038,17
225,734	1759,17
225,963	1787,17
226,192	1840,17
226,421	1774,17
226,65	1894,17
226,879	1922,17
227,108	1977,17
227,337	2015,17
227,566	2100,17
227,795	1892,17
228,024	1938,17
228,253	1876,17
228,482	1813,17
228,711	1971,17
228,94	1772,17
229,168	1882,17
229,397	1937,17
229,626	2003,17
229,855	1881,17
230,084	1836,17
230,313	1795,17
230,541	2137,17
230,77	1917,17
230,999	1869,17
231,228	2294,17
231,456	2325,17
231,685	1970,17
231,914	2095,17
232,143	2045,17
232,371	2062,17
232,6	2030,17
232,829	1873,17
233,057	2158,17
233,286	2053,17
233,515	2052,17
233,743	2032,17
233,972	1967,17
234,2	2109,17
234,429	2090,17
234,658	2212,17
234,886	2043,17
235,115	2188,17
235,343	2063,17
235,572	2137,17
235,8	2248,17
236,029	2404,17
236,257	2107,17
236,486	2287,17
236,714	2316,17
236,943	2368,17
237,171	2104,17
237,399	2266,17
237,628	2376,17
237,856	2421,17
238,085	2357,17
238,313	2237,17
238,541	2481,17
238,77	2772,17
238,998	2338,17
239,226	2405,17
239,455	2422,17
239,683	2512,17
239,911	2600,17
240,14	2538,17
240,368	2666,17
240,596	2552,17
240,824	2622,17
241,053	2370,17
241,281	2529,17
241,509	2602,17
241,737	2563,17
241,965	2662,17
242,193	2587,17
242,422	2462,17
242,65	2615,17
242,878	2692,17
243,106	2668,17
243,334	2747,17
243,562	2859,17
243,79	2799,17
244,018	2908,17
244,246	2887,17
244,474	2777,17
244,702	2648,17
244,93	2902,17
245,158	2944,17
245,386	2735,17
245,614	2877,17
245,842	3145,17
246,07	2902,17
246,298	3060,17
246,526	3462,17
246,754	2950,17
246,982	3072,17
247,21	3119,17
247,438	3037,17
247,666	3087,17
247,893	3126,17
248,121	3081,17
248,349	3052,17
248,577	3165,17
248,805	3276,17
249,033	3143,17
249,26	3216,17
249,488	3066,17
249,716	3272,17
249,944	3187,17
250,171	3215,17
250,399	3141,17
250,627	3458,17
250,854	3301,17
251,082	3150,17
251,31	3414,17
251,537	3181,17
251,765	3562,17
251,993	3405,17
252,22	3675,17
252,448	3509,17
252,676	3428,17
252,903	3450,17
253,131	3739,17
253,358	3387,17
253,586	3274,17
253,813	3289,17
254,041	3550,17
254,268	3473,17
254,496	3319,17
254,723	3496,17
254,951	3500,17
255,178	3489,17
255,406	3537,17
255,633	3545,17
255,86	3759,17
256,088	3589,17
256,315	3511,17
256,543	3674,17
256,77	3688,17
256,997	3634,17
257,225	3615,17
257,452	3496,17
257,679	3590,17
257,907	3724,17
258,134	3529,17
258,361	3671,17
258,588	3653,17
258,816	3694,17
259,043	3728,17
259,27	3687,17
259,497	3718,17
259,725	3599,17
259,952	3811,17
260,179	3669,17
260,406	3670,17
260,633	3657,17
260,86	3637,17
261,088	3683,17
261,315	3797,17
261,542	3635,17
261,769	3705,17
261,996	3931,17
262,223	3853,17
262,45	3924,17
262,677	3518,17
262,904	3697,17
263,131	3701,17
263,358	3612,17
263,585	3558,17
263,812	4039,17
264,039	3841,17
264,266	3580,17
264,493	3621,17
264,72	3583,17
264,947	3613,17
265,174	3892,17
265,401	3741,17
265,627	3748,17
265,854	3721,17
266,081	3690,17
266,308	3635,17
266,535	3588,17
266,762	3674,17
266,988	3589,17
267,215	3713,17
267,442	3566,17
267,669	3747,17
267,896	3673,17
268,122	3771,17
268,349	3645,17
268,576	3415,17
268,802	3589,17
269,029	3572,17
269,256	3708,17
269,482	3480,17
269,709	3467,17
269,936	3694,17
270,162	3801,17
270,389	3569,17
270,616	3664,17
270,842	3845,17
271,069	3630,17
271,295	3675,17
271,522	3597,17
271,748	3698,17
271,975	3838,17
272,201	3774,17
272,428	3867,17
272,654	3717,17
272,881	3873,17
273,107	3462,17
273,334	3730,17
273,56	3870,17
273,787	3688,17
274,013	3837,17
274,239	4065,17
274,466	3845,17
274,692	3829,17
274,918	3833,17
275,145	3833,17
275,371	3817,17
275,597	4070,17
275,824	3929,17
276,05	3961,17
276,276	4059,17
276,503	3931,17
276,729	3977,17
276,955	3949,17
277,181	4143,17
277,407	4073,17
277,634	4089,17
277,86	4044,17
278,086	4235,17
278,312	3976,17
278,538	3995,17
278,764	3943,17
278,991	4196,17
279,217	3974,17
279,443	4044,17
279,669	4117,17
279,895	4189,17
280,121	4063,17
280,347	4281,17
280,573	4111,17
280,799	4116,17
281,025	4556,17
281,251	4214,17
281,477	4363,17
281,703	4256,17
281,929	4379,17
282,155	4408,17
282,381	4358,17
282,607	4553,17
282,833	4493,17
283,059	4608,17
283,285	4483,17
283,51	4623,17
283,736	4448,17
283,962	4719,17
284,188	4705,17
284,414	4744,17
284,64	4883,17
284,865	4825,17
285,091	4798,17
285,317	4960,17
285,543	4967,17
285,768	5055,17
285,994	5036,17
286,22	5334,17
286,446	5129,17
286,671	4978,17
286,897	5242,17
287,123	5193,17
287,348	4857,17
287,574	5797,17
287,799	5432,17
288,025	5204,17
288,251	5772,17
288,476	5418,17
288,702	5481,17
288,927	5540,17
289,153	5547,17
289,378	5823,17
289,604	5637,17
289,829	5656,17
290,055	5738,17
290,28	5726,17
290,506	5752,17
290,731	5709,17
290,957	5850,17
291,182	5921,17
291,408	5933,17
291,633	5987,17
291,858	5760,17
292,084	6024,17
292,309	5916,17
292,535	5954,17
292,76	6141,17
292,985	6089,17
293,211	5941,17
293,436	5981,17
293,661	5879,17
293,886	6105,17
294,112	6287,17
294,337	6088,17
294,562	6082,17
294,787	6190,17
295,013	6064,17
295,238	6081,17
295,463	6156,17
295,688	6260,17
295,913	6112,17
296,138	6176,17
296,364	6072,17
296,589	6089,17
296,814	5901,17
297,039	5915,17
297,264	6016,17
297,489	5975,17
297,714	5784,17
297,939	5880,17
298,164	6085,17
298,389	6086,17
298,614	5830,17
298,839	6208,17
299,064	6389,17
299,289	6006,17
299,514	6481,17
299,739	6461,17
299,964	6366,17
300,189	6486,17
300,414	6615,17
300,639	6602,17
300,863	6365,17
301,088	6743,17
301,313	6522,17
301,538	6503,17
301,763	6526,17
301,988	6622,17
302,212	6602,17
302,437	7091,17
302,662	6525,17
302,887	6647,17
303,111	6612,17
303,336	6717,17
303,561	6621,17
303,786	6688,17
304,01	6718,17
304,235	6642,17
304,46	6441,17
304,684	6622,17
304,909	6700,17
305,134	6477,17
305,358	6715,17
305,583	6519,17
305,807	6591,17
306,032	6364,17
306,256	6398,17
306,481	6452,17
306,706	6408,17
306,93	6361,17
307,155	6929,17
307,379	6622,17
307,604	6768,17
307,828	6640,17
308,052	6894,17
308,277	6669,17
308,501	6855,17
308,726	6887,17
308,95	6858,17
309,175	6772,17
309,399	7069,17
309,623	6918,17
309,848	6880,17
310,072	6676,17
310,296	7251,17
310,521	6860,17
310,745	7039,17
310,969	7093,17
311,193	6970,17
311,418	6953,17
311,642	6912,17
311,866	7002,17
312,09	6997,17
312,315	7061,17
312,539	7010,17
312,763	6817,17
312,987	6989,17
313,211	6919,17
313,435	7006,17
313,659	6889,17
313,884	7169,17
314,108	7113,17
314,332	6995,17
314,556	6850,17
314,78	7195,17
315,004	7060,17
315,228	7057,17
315,452	7037,17
315,676	7019,17
315,9	6973,17
316,124	6668,17
316,348	7025,17
316,572	6845,17
316,796	6935,17
317,02	6849,17
317,244	7021,17
317,468	6706,17
317,691	7060,17
317,915	6845,17
318,139	6877,17
318,363	7208,17
318,587	6777,17
318,811	6597,17
319,034	6615,17
319,258	6844,17
319,482	6993,17
319,706	6829,17
319,93	6548,17
320,153	6890,17
320,377	6859,17
320,601	6698,17
320,824	6635,17
321,048	6929,17
321,272	6813,17
321,495	6696,17
321,719	6688,17
321,943	6885,17
322,166	6902,17
322,39	6831,17
322,614	6895,17
322,837	6953,17
323,061	6748,17
323,284	6900,17
323,508	6966,17
323,731	6749,17
323,955	6835,17
324,178	6825,17
324,402	6936,17
324,625	6824,17
324,849	6669,17
325,072	7008,17
325,296	6904,17
325,519	6820,17
325,743	6557,17
325,966	6979,17
326,189	6898,17
326,413	6823,17
326,636	7073,17
326,859	6893,17
327,083	6991,17
327,306	6749,17
327,529	6571,17
327,753	6543,17
327,976	6805,17
328,199	6720,17
328,422	6676,17
328,646	6652,17
328,869	6682,17
329,092	6723,17
329,315	7044,17
329,538	6649,17
329,762	6840,17
329,985	6717,17
330,208	6711,17
330,431	6750,17
330,654	6893,17
330,877	6730,17
331,1	6879,17
331,323	6711,17
331,546	6992,17
331,769	6938,17
331,993	6745,17
332,216	6879,17
332,439	6799,17
332,662	6807,17
332,885	6740,17
333,107	6660,17
333,33	6680,17
333,553	7076,17
333,776	6784,17
333,999	6776,17
334,222	6709,17
334,445	6740,17
334,668	6768,17
334,891	6808,17
335,114	6782,17
335,336	6809,17
335,559	6905,17
335,782	7045,17
336,005	6679,17
336,228	6665,17
336,45	6674,17
336,673	6388,17
336,896	6726,17
337,119	6745,17
337,341	6612,17
337,564	6802,17
337,787	6720,17
338,009	6618,17
338,232	6742,17
338,455	6777,17
338,677	6726,17
338,9	6641,17
339,122	6665,17
339,345	6423,17
339,568	6476,17
339,79	6626,17
340,013	6677,17
340,235	6680,17
340,458	6572,17
340,68	6667,17
340,903	6490,17
341,125	6521,17
341,348	6494,17
341,57	6456,17
341,793	6586,17
342,015	6282,17
342,238	6469,17
342,46	6530,17
342,682	6528,17
342,905	6349,17
343,127	6255,17
343,349	6347,17
343,572	6366,17
343,794	6120,17
344,016	6169,17
344,239	6276,17
344,461	6053,17
344,683	6206,17
344,905	6173,17
345,128	6178,17
345,35	6304,17
345,572	6477,17
345,794	6457,17
346,017	6328,17
346,239	6391,17
346,461	6283,17
346,683	6342,17
346,905	6525,17
347,127	6383,17
347,349	6299,17
347,571	6471,17
347,793	6479,17
348,016	6382,17
348,238	6284,17
348,46	6393,17
348,682	6348,17
348,904	6330,17
349,126	6366,17
349,348	6309,17
349,57	6176,17
349,792	6209,17
350,014	6395,17
350,235	6248,17
350,457	6506,17
350,679	6268,17
350,901	6133,17
351,123	6085,17
351,345	6141,17
351,567	6282,17
351,789	6159,17
352,01	6273,17
352,232	6062,17
352,454	6032,17
352,676	6123,17
352,897	5916,17
353,119	5839,17
353,341	5921,17
353,563	5790,17
353,784	5720,17
354,006	5786,17
354,228	5746,17
354,449	5783,17
354,671	5984,17
354,893	6019,17
355,114	6041,17
355,336	6126,17
355,558	6069,17
355,779	5949,17
356,001	6033,17
356,222	6048,17
356,444	5844,17
356,665	6702,17
356,887	5906,17
357,108	6190,17
357,33	5924,17
357,551	6014,17
357,773	6000,17
357,994	5969,17
358,216	5784,17
358,437	6074,17
358,659	6059,17
358,88	5875,17
359,101	5892,17
359,323	5962,17
359,544	5895,17
359,765	5792,17
359,987	5901,17
360,208	5887,17
360,429	5892,17
360,651	5729,17
360,872	6016,17
361,093	5732,17
361,314	5884,17
361,536	5852,17
361,757	5711,17
361,978	5713,17
362,199	5661,17
362,42	5567,17
362,642	5665,17
362,863	5699,17
363,084	5677,17
363,305	5740,17
363,526	5643,17
363,747	5594,17
363,968	5714,17
364,189	5871,17
364,41	5544,17
364,631	5340,17
364,852	5636,17
365,073	5520,17
365,294	5487,17
365,515	5403,17
365,736	5601,17
365,957	5505,17
366,178	5384,17
366,399	5716,17
366,62	5611,17
366,841	5588,17
367,062	5649,17
367,283	5599,17
367,504	5746,17
367,724	5571,17
367,945	5421,17
368,166	5623,17
368,387	5647,17
368,608	5543,17
368,828	5709,17
369,049	5459,17
369,27	5490,17
369,491	5577,17
369,711	5563,17
369,932	5668,17
370,153	5504,17
370,373	5674,17
370,594	5733,17
370,815	5564,17
371,035	5852,17
371,256	5291,17
371,477	5494,17
371,697	5463,17
371,918	5369,17
372,138	5556,17
372,359	5702,17
372,579	5332,17
372,8	5405,17
373,02	5407,17
373,241	5378,17
373,461	5447,17
373,682	5444,17
373,902	5438,17
374,123	5333,17
374,343	5545,17
374,564	5368,17
374,784	5288,17
375,004	5412,17
375,225	5281,17
375,445	5349,17
375,666	5314,17
375,886	5175,17
376,106	5087,17
376,326	5226,17
376,547	5413,17
376,767	5466,17
376,987	5398,17
377,208	5356,17
377,428	5226,17
377,648	5487,17
377,868	5605,17
378,088	5726,17
378,309	5807,17
378,529	5778,17
378,749	5590,17
378,969	5604,17
379,189	5763,17
379,409	5667,17
379,629	5591,17
379,849	5497,17
380,069	5463,17
380,29	5398,17
380,51	5525,17
380,73	5546,17
380,95	5719,17
381,17	5478,17
381,39	5471,17
381,61	5299,17
381,829	5397,17
382,049	5387,17
382,269	5316,17
382,489	5463,17
382,709	5318,17
382,929	5356,17
383,149	5388,17
383,369	5618,17
383,589	5272,17
383,808	5208,17
384,028	5313,17
384,248	5290,17
384,468	5045,17
384,688	5425,17
384,907	5424,17
385,127	5300,17
385,347	5365,17
385,567	5236,17
385,786	5296,17
386,006	5310,17
386,226	5464,17
386,445	5358,17
386,665	5497,17
386,885	5584,17
387,104	5519,17
387,324	5514,17
387,543	5662,17
387,763	5694,17
387,982	5733,17
388,202	5692,17
388,422	5673,17
388,641	5511,17
388,861	5659,17
389,08	5601,17
389,3	5389,17
389,519	5836,17
389,738	5420,17
389,958	5548,17
390,177	5575,17
390,397	5633,17
390,616	5603,17
390,836	5667,17
391,055	5653,17
391,274	5709,17
391,494	5686,17
391,713	5630,17
391,932	5854,17
392,151	5835,17
392,371	5865,17
392,59	5884,17
392,809	5997,17
393,029	5929,17
393,248	5752,17
393,467	5435,17
393,686	5410,17
393,905	6442,17
394,124	5328,17
394,344	5567,17
394,563	5530,17
394,782	5390,17
395,001	5557,17
395,22	5465,17
395,439	5534,17
395,658	5529,17
395,877	5565,17
396,096	5463,17
396,315	5765,17
396,534	5588,17
396,753	5670,17
396,972	5720,17
397,191	5807,17
397,41	5917,17
397,629	5851,17
397,848	5882,17
398,067	6061,17
398,286	6006,17
398,505	5976,17
398,724	5881,17
398,943	6292,17
399,161	5510,17
399,38	5747,17
399,599	5678,17
399,818	5504,17
400,037	5707,17
400,255	5455,17
400,474	5454,17
400,693	5487,17
400,912	5599,17
401,13	5463,17
401,349	5457,17
401,568	5228,17
401,786	5449,17
402,005	5355,17
402,224	5272,17
402,442	5313,17
402,661	5183,17
402,88	5243,17
403,098	5250,17
403,317	5309,17
403,535	5268,17
403,754	5151,17
403,972	5213,17
404,191	5054,17
404,409	5295,17
404,628	6031,17
404,846	5506,17
405,065	5450,17
405,283	5516,17
405,502	5395,17
405,72	5364,17
405,938	5176,17
406,157	5154,17
406,375	5101,17
406,594	5193,17
406,812	4999,17
407,03	5014,17
407,249	4922,17
407,467	5151,17
407,685	5244,17
407,903	5129,17
408,122	5345,17
408,34	5237,17
408,558	5195,17
408,776	5213,17
408,995	5162,17
409,213	5165,17
409,431	5296,17
409,649	5225,17
409,867	5065,17
410,085	5133,17
410,303	5041,17
410,522	4896,17
410,74	4960,17
410,958	4951,17
411,176	5094,17
411,394	4963,17
411,612	4878,17
411,83	5197,17
412,048	5024,17
412,266	4993,17
412,484	5224,17
412,702	5327,17
412,92	5027,17
413,138	4925,17
413,356	5065,17
413,573	5051,17
413,791	5257,17
414,009	4924,17
414,227	5050,17
414,445	4867,17
414,663	4855,17
414,881	4902,17
415,098	4939,17
415,316	4973,17
415,534	5289,17
415,752	4862,17
415,969	5005,17
416,187	4818,17
416,405	4878,17
416,623	4973,17
416,84	4730,17
417,058	4892,17
417,276	4892,17
417,493	4908,17
417,711	4823,17
417,928	4820,17
418,146	4845,17
418,364	4993,17
418,581	4833,17
418,799	4829,17
419,016	4824,17
419,234	4836,17
419,451	5530,17
419,669	4933,17
419,886	4939,17
420,104	4997,17
420,321	5035,17
420,539	5132,17
420,756	5155,17
420,974	5342,17
421,191	5164,17
421,408	5666,17
421,626	5446,17
421,843	5352,17
422,06	5367,17
422,278	5037,17
422,495	5174,17
422,712	5079,17
422,93	5175,17
423,147	5065,17
423,364	5018,17
423,581	5139,17
423,799	4945,17
424,016	5007,17
424,233	5011,17
424,45	5087,17
424,667	4995,17
424,884	4834,17
425,102	5144,17
425,319	4764,17
425,536	4761,17
425,753	5018,17
425,97	4825,17
426,187	4787,17
426,404	4738,17
426,621	5094,17
426,838	5028,17
427,055	5068,17
427,272	5018,17
427,489	5066,17
427,706	4941,17
427,923	4903,17
428,14	4834,17
428,357	5127,17
428,574	4953,17
428,791	5062,17
429,008	5128,17
429,224	5171,17
429,441	5300,17
429,658	5588,17
429,875	5881,17
430,092	5617,17
430,308	5609,17
430,525	5410,17
430,742	5369,17
430,959	5290,17
431,175	4918,17
431,392	4894,17
431,609	4846,17
431,826	4721,17
432,042	4587,17
432,259	4661,17
432,476	4906,17
432,692	4584,17
432,909	4642,17
433,125	4919,17
433,342	5077,17
433,559	5151,17
433,775	5183,17
433,992	4985,17
434,208	4816,17
434,425	4722,17
434,641	4963,17
434,858	5043,17
435,074	4671,17
435,291	4786,17
435,507	4756,17
435,723	4855,17
435,94	4888,17
436,156	4915,17
436,373	5052,17
436,589	4880,17
436,805	4913,17
437,022	4753,17
437,238	4676,17
437,454	4751,17
437,671	4720,17
437,887	4868,17
438,103	4748,17
438,319	4918,17
438,536	4971,17
438,752	4779,17
438,968	4993,17
439,184	4839,17
439,4	4642,17
439,616	4617,17
439,833	4776,17
440,049	4827,17
440,265	4955,17
440,481	4787,17
440,697	5050,17
440,913	5242,17
441,129	5341,17
441,345	5397,17
441,561	5277,17
441,777	5162,17
441,993	5146,17
442,209	4848,17
442,425	5047,17
442,641	5009,17
442,857	4985,17
443,073	5144,17
443,289	5091,17
443,505	5226,17
443,721	5183,17
443,937	5115,17
444,152	5086,17
444,368	4955,17
444,584	4986,17
444,8	5077,17
445,016	4965,17
445,231	4854,17
445,447	5060,17
445,663	4911,17
445,879	4860,17
446,094	5097,17
446,31	5182,17
446,526	5047,17
446,742	5003,17
446,957	4963,17
447,173	4835,17
447,388	4947,17
447,604	4965,17
447,82	5057,17
448,035	4886,17
448,251	4846,17
448,466	4883,17
448,682	4869,17
448,897	4793,17
449,113	4802,17
449,328	4888,17
449,544	4756,17
449,759	5019,17
449,975	4682,17
450,19	4759,17
450,406	4768,17
450,621	4630,17
450,836	4678,17
451,052	4666,17
451,267	4506,17
451,483	4687,17
451,698	4457,17
451,913	4685,17
452,129	4701,17
452,344	4457,17
452,559	4642,17
452,774	4559,17
452,99	4367,17
453,205	4552,17
453,42	4530,17
453,635	4520,17
453,85	4359,17
454,066	4572,17
454,281	4528,17
454,496	4500,17
454,711	4607,17
454,926	4680,17
455,141	4493,17
455,356	4489,17
455,571	4430,17
455,786	4477,17
456,001	4381,17
456,217	4247,17
456,432	4412,17
456,647	4451,17
456,861	4629,17
457,076	4460,17
457,291	4680,17
457,506	4774,17
457,721	4669,17
457,936	4809,17
458,151	4708,17
458,366	4726,17
458,581	4574,17
458,796	4983,17
459,01	4691,17
459,225	4764,17
459,44	4564,17
459,655	4628,17
459,87	4510,17
460,084	4494,17
460,299	4512,17
460,514	4617,17
460,729	4911,17
460,943	4492,17
461,158	4352,17
461,373	4458,17
461,587	4302,17
461,802	4099,17
462,016	4373,17
462,231	4159,17
462,446	4268,17
462,66	4252,17
462,875	4261,17
463,089	4394,17
463,304	4418,17
463,518	4398,17
463,733	4550,17
463,947	4573,17
464,162	4471,17
464,376	4627,17
464,591	4836,17
464,805	4594,17
465,02	4820,17
465,234	4805,17
465,448	4809,17
465,663	4937,17
465,877	4684,17
466,091	4499,17
466,306	4569,17
466,52	4479,17
466,734	4387,17
466,949	4143,17
467,163	4296,17
467,377	4355,17
467,591	4315,17
467,806	4183,17
468,02	4151,17
468,234	4061,17
468,448	4235,17
468,662	4131,17
468,876	4244,17
469,091	3968,17
469,305	4023,17
469,519	3907,17
469,733	3747,17
469,947	3923,17
470,161	4068,17
470,375	3686,17
470,589	3931,17
470,803	3898,17
471,017	3789,17
471,231	3832,17
471,445	3803,17
471,659	3920,17
471,873	3953,17
472,087	3821,17
472,301	4067,17
472,515	3926,17
472,728	3980,17
472,942	3971,17
473,156	4065,17
473,37	4020,17
473,584	4006,17
473,798	4039,17
474,011	4063,17
474,225	4037,17
474,439	4289,17
474,653	4201,17
474,866	4254,17
475,08	4268,17
475,294	4156,17
475,507	4022,17
475,721	4280,17
475,935	4164,17
476,148	4053,17
476,362	3788,17
476,576	3889,17
476,789	3989,17
477,003	4073,17
477,216	4131,17
477,43	4061,17
477,643	4213,17
477,857	4293,17
478,07	4113,17
478,284	4149,17
478,497	4125,17
478,711	4048,17
478,924	4017,17
479,138	4041,17
479,351	4006,17
479,564	4024,17
479,778	4299,17
479,991	4329,17
480,204	4230,17
480,418	4372,17
480,631	4231,17
480,844	4305,17
481,058	4230,17
481,271	4328,17
481,484	4408,17
481,697	4258,17
481,911	4265,17
482,124	4258,17
482,337	4142,17
482,55	4079,17
482,763	4083,17
482,976	4342,17
483,19	4117,17
483,403	4240,17
483,616	4283,17
483,829	4458,17
484,042	4457,17
484,255	4455,17
484,468	4565,17
484,681	4417,17
484,894	4760,17
485,107	6753,17
485,32	10067,17
485,533	11478,17
485,746	10673,17
485,959	9269,17
486,172	8126,17
486,385	6563,17
486,598	5670,17
486,81	4814,17
487,023	4533,17
487,236	4602,17
487,449	4316,17
487,662	4101,17
487,875	4113,17
488,087	4082,17
488,3	4079,17
488,513	3836,17
488,726	3971,17
488,938	4196,17
489,151	4082,17
489,364	4050,17
489,576	3978,17
489,789	3993,17
490,002	4066,17
490,214	3979,17
490,427	3783,17
490,64	4075,17
490,852	4017,17
491,065	3842,17
491,277	3906,17
491,49	3957,17
491,702	3685,17
491,915	3883,17
492,127	4065,17
492,34	3921,17
492,552	3953,17
492,765	4043,17
492,977	4057,17
493,19	4104,17
493,402	4134,17
493,614	3877,17
493,827	3936,17
494,039	3750,17
494,251	3897,17
494,464	3968,17
494,676	3670,17
494,888	3744,17
495,101	3662,17
495,313	3745,17
495,525	3831,17
495,737	4090,17
495,95	4008,17
496,162	4187,17
496,374	4022,17
496,586	3892,17
496,798	3796,17
497,01	3717,17
497,222	3530,17
497,435	3802,17
497,647	3473,17
497,859	3632,17
498,071	3688,17
498,283	3775,17
498,495	3737,17
498,707	4029,17
498,919	3746,17
499,131	4041,17
499,343	3710,17
499,555	3836,17
499,767	3847,17
499,979	3613,17
500,191	3756,17
500,402	3596,17
500,614	3753,17
500,826	3965,17
501,038	3663,17
501,25	3818,17
501,462	3717,17
501,673	3810,17
501,885	3778,17
502,097	3943,17
502,309	3822,17
502,521	3924,17
502,732	3762,17
502,944	3836,17
503,156	3741,17
503,367	3708,17
503,579	3684,17
503,791	3618,17
504,002	3662,17
504,214	3770,17
504,425	3900,17
504,637	3809,17
504,849	3616,17
505,06	3761,17
505,272	3703,17
505,483	3525,17
505,695	3604,17
505,906	3498,17
506,118	3682,17
506,329	3679,17
506,541	3509,17
506,752	3614,17
506,963	3464,17
507,175	3285,17
507,386	3748,17
507,598	3676,17
507,809	3393,17
508,02	3588,17
508,232	3654,17
508,443	3449,17
508,654	3720,17
508,865	3505,17
509,077	3274,17
509,288	3380,17
509,499	3613,17
509,71	3347,17
509,922	3407,17
510,133	3369,17
510,344	3524,17
510,555	3385,17
510,766	3417,17
510,977	3497,17
511,188	3260,17
511,4	3325,17
511,611	3327,17
511,822	3399,17
512,033	3306,17
512,244	3224,17
512,455	3209,17
512,666	3251,17
512,877	3398,17
513,088	3338,17
513,299	3272,17
513,51	3376,17
513,721	3273,17
513,931	3245,17
514,142	3306,17
514,353	3248,17
514,564	3116,17
514,775	3077,17
514,986	3260,17
515,196	3311,17
515,407	3165,17
515,618	3208,17
515,829	3131,17
516,04	3215,17
516,25	3123,17
516,461	3181,17
516,672	3247,17
516,882	3104,17
517,093	3236,17
517,304	3058,17
517,514	3003,17
517,725	3215,17
517,936	2991,17
518,146	3032,17
518,357	3161,17
518,567	2904,17
518,778	3548,17
518,988	3144,17
519,199	3378,17
519,409	3064,17
519,62	3074,17
519,83	2854,17
520,041	3063,17
520,251	3032,17
520,462	3107,17
520,672	2879,17
520,882	3087,17
521,093	3141,17
521,303	3135,17
521,513	2949,17
521,724	3967,17
521,934	2885,17
522,144	2984,17
522,355	2941,17
522,565	3002,17
522,775	2929,17
522,985	2959,17
523,196	3013,17
523,406	2928,17
523,616	3218,17
523,826	2971,17
524,036	3876,17
524,246	2925,17
524,457	2901,17
524,667	2815,17
524,877	2986,17
525,087	3001,17
525,297	3097,17
525,507	3097,17
525,717	2819,17
525,927	3000,17
526,137	2899,17
526,347	2974,17
526,557	2857,17
526,767	2967,17
526,977	3197,17
527,187	2928,17
527,397	3011,17
527,607	2819,17
527,816	2884,17
528,026	2864,17
528,236	2991,17
528,446	3209,17
528,656	3074,17
528,865	3277,17
529,075	2945,17
529,285	3014,17
529,495	2990,17
529,704	2984,17
529,914	2877,17
530,124	2880,17
530,334	2793,17
530,543	2826,17
530,753	3119,17
530,963	3281,17
531,172	2799,17
531,382	2821,17
531,591	3100,17
531,801	2786,17
532,01	2866,17
532,22	2897,17
532,43	2932,17
532,639	3219,17
532,849	2990,17
533,058	2924,17
533,267	3131,17
533,477	2894,17
533,686	2878,17
533,896	2928,17
534,105	2973,17
534,315	3040,17
534,524	2896,17
534,733	2890,17
534,943	3126,17
535,152	3033,17
535,361	2743,17
535,57	2815,17
535,78	2772,17
535,989	2819,17
536,198	2656,17
536,407	2663,17
536,617	2699,17
536,826	2755,17
537,035	2810,17
537,244	2527,17
537,453	2554,17
537,662	2779,17
537,872	3027,17
538,081	2619,17
538,29	2700,17
538,499	2809,17
538,708	2686,17
538,917	2862,17
539,126	2883,17
539,335	2903,17
539,544	3316,17
539,753	2599,17
539,962	2750,17
540,171	2700,17
540,38	2914,17
540,589	2823,17
540,797	3033,17
541,006	2802,17
541,215	2728,17
541,424	2944,17
541,633	2848,17
541,842	2713,17
542,05	2976,17
542,259	2816,17
542,468	2876,17
542,677	2883,17
542,885	2745,17
543,094	2845,17
543,303	2775,17
543,512	2938,17
543,72	2916,17
543,929	2976,17
544,138	2753,17
544,346	2733,17
544,555	2813,17
544,763	2878,17
544,972	2734,17
545,18	2655,17
545,389	2709,17
545,598	2627,17
545,806	2690,17
546,015	2720,17
546,223	2692,17
546,431	2704,17
546,64	2575,17
546,848	2654,17
547,057	2803,17
547,265	2789,17
547,474	2836,17
547,682	2960,17
547,89	3017,17
548,099	2845,17
548,307	2759,17
548,515	2855,17
548,723	2744,17
548,932	2558,17
549,14	2654,17
549,348	2812,17
549,556	2521,17
549,765	2613,17
549,973	2509,17
550,181	2701,17
550,389	2675,17
550,597	2653,17
550,805	2480,17
551,014	2650,17
551,222	5916,17
551,43	2565,17
551,638	2766,17
551,846	2927,17
552,054	2905,17
552,262	2858,17
552,47	2612,17
552,678	2632,17
552,886	2616,17
553,094	2501,17
553,302	2700,17
553,51	2549,17
553,717	2716,17
553,925	2422,17
554,133	2809,17
554,341	2441,17
554,549	2720,17
554,757	2683,17
554,965	2572,17
555,172	2607,17
555,38	2960,17
555,588	2724,17
555,796	2661,17
556,003	2811,17
556,211	2507,17
556,419	2588,17
556,626	2596,17
556,834	2486,17
557,042	2568,17
557,249	2529,17
557,457	2499,17
557,664	2323,17
557,872	2509,17
558,08	2406,17
558,287	2419,17
558,495	2583,17
558,702	2294,17
558,91	2405,17
559,117	2341,17
559,325	2420,17
559,532	2525,17
559,74	2701,17
559,947	2493,17
560,154	2660,17
560,362	2430,17
560,569	2478,17
560,776	2530,17
560,984	2562,17
561,191	2569,17
561,398	2428,17
561,606	2836,17
561,813	2529,17
562,02	2063,17
562,227	2287,17
562,435	2394,17
562,642	2476,17
562,849	2426,17
563,056	2501,17
563,263	2250,17
563,471	2499,17
563,678	2540,17
563,885	2421,17
564,092	2478,17
564,299	2361,17
564,506	2487,17
564,713	2435,17
564,92	2431,17
565,127	2488,17
565,334	2469,17
565,541	2620,17
565,748	2532,17
565,955	2381,17
566,162	2351,17
566,369	2477,17
566,576	2615,17
566,783	2600,17
566,99	2519,17
567,196	2653,17
567,403	2581,17
567,61	2715,17
567,817	2548,17
568,024	2633,17
568,23	2701,17
568,437	2649,17
568,644	2700,17
568,851	2788,17
569,057	3191,17
569,264	3216,17
569,471	3113,17
569,677	3078,17
569,884	3044,17
570,091	3077,17
570,297	4009,17
570,504	3324,17
570,71	3437,17
570,917	3189,17
571,123	3060,17
571,33	3187,17
571,536	3204,17
571,743	3359,17
571,949	3135,17
572,156	2779,17
572,362	2904,17
572,569	2804,17
572,775	3102,17
572,982	3212,17
573,188	3198,17
573,394	3188,17
573,601	3143,17
573,807	3154,17
574,013	3615,17
574,22	3331,17
574,426	3076,17
574,632	3219,17
574,838	3096,17
575,045	3005,17
575,251	2771,17
575,457	2868,17
575,663	2972,17
575,869	2981,17
576,076	3032,17
576,282	3184,17
576,488	3110,17
576,694	3187,17
576,9	2904,17
577,106	3166,17
577,312	3445,17
577,518	3778,17
577,724	3639,17
577,93	3288,17
578,136	3004,17
578,342	2951,17
578,548	2863,17
578,754	2754,17
578,96	2676,17
579,166	2879,17
579,372	3212,17
579,578	3021,17
579,784	3066,17
579,989	3024,17
580,195	2938,17
580,401	2915,17
580,607	2884,17
580,813	3379,17
581,018	4032,17
581,224	4023,17
581,43	3675,17
581,636	3689,17
581,841	3598,17
582,047	3320,17
582,253	3079,17
582,458	2834,17
582,664	2624,17
582,869	2608,17
583,075	2464,17
583,281	2814,17
583,486	2585,17
583,692	2496,17
583,897	2881,17
584,103	2775,17
584,308	2871,17
584,514	2914,17
584,719	3229,17
584,925	3147,17
585,13	2929,17
585,335	2930,17
585,541	2851,17
585,746	2695,17
585,952	2444,17
586,157	2430,17
586,362	2454,17
586,568	2579,17
586,773	2837,17
586,978	2712,17
587,183	2724,17
587,389	2741,17
587,594	2622,17
587,799	2512,17
588,004	2561,17
588,21	2610,17
588,415	2321,17
588,62	2389,17
588,825	2376,17
589,03	2394,17
589,235	2694,17
589,44	2465,17
589,645	2240,17
589,85	2367,17
590,055	2397,17
590,26	2218,17
590,465	2272,17
590,67	2172,17
590,875	2280,17
591,08	2233,17
591,285	2172,17
591,49	2174,17
591,695	2105,17
591,9	2149,17
592,105	2232,17
592,31	2253,17
592,515	2772,17
592,719	2216,17
592,924	2208,17
593,129	2243,17
593,334	2305,17
593,539	2167,17
593,743	2249,17
593,948	2021,17
594,153	2047,17
594,357	2256,17
594,562	2182,17
594,767	2603,17
594,971	2013,17
595,176	2043,17
595,381	2167,17
595,585	2013,17
595,79	2265,17
595,994	1900,17
596,199	2419,17
596,403	1790,17
596,608	1910,17
596,812	2059,17
597,017	2126,17
597,221	2270,17
597,426	2119,17
597,63	1831,17
597,835	1946,17
598,039	1902,17
598,243	1979,17
598,448	2404,17
598,652	2130,17
598,856	2045,17
599,061	2208,17
599,265	1977,17
599,469	1912,17
599,673	2186,17
599,878	2161,17
600,082	1994,17
600,286	1874,17
600,49	2101,17
600,695	1957,17
600,899	2123,17
601,103	2086,17
601,307	2132,17
601,511	2009,17
601,715	1878,17
601,919	1856,17
602,123	2155,17
602,327	2062,17
602,531	1987,17
602,735	2163,17
602,939	2160,17
603,143	1986,17
603,347	2086,17
603,551	1953,17
603,755	2021,17
603,959	1996,17
604,163	2019,17
604,367	1948,17
604,571	1929,17
604,775	2070,17
604,978	2019,17
605,182	1875,17
605,386	2093,17
605,59	2095,17
605,793	1969,17
605,997	1976,17
606,201	1958,17
606,405	1927,17
606,608	2128,17
606,812	1917,17
607,016	2055,17
607,219	2147,17
607,423	1999,17
607,627	2090,17
607,83	1948,17
608,034	1862,17
608,237	2021,17
608,441	1763,17
608,644	2061,17
608,848	2007,17
609,051	1910,17
609,255	1840,17
609,458	2039,17
609,662	1965,17
609,865	1991,17
610,069	1841,17
610,272	1777,17
610,475	1861,17
610,679	1888,17
610,882	1889,17
611,085	1888,17
611,289	2003,17
611,492	1871,17
611,695	1794,17
611,898	1899,17
612,102	2085,17
612,305	1886,17
612,508	1901,17
612,711	2095,17
612,914	1804,17
613,118	2013,17
613,321	1899,17
613,524	1827,17
613,727	1824,17
613,93	1840,17
614,133	1938,17
614,336	1888,17
614,539	1946,17
614,742	2023,17
614,945	1865,17
615,148	1996,17
615,351	1947,17
615,554	2015,17
615,757	1719,17
615,96	1906,17
616,163	1801,17
616,366	1981,17
616,569	1894,17
616,772	2071,17
616,974	1876,17
617,177	2104,17
617,38	1876,17
617,583	1939,17
617,786	1912,17
617,988	1749,17
618,191	1973,17
618,394	1809,17
618,596	1765,17
618,799	1772,17
619,002	1923,17
619,204	1913,17
619,407	1947,17
619,61	1793,17
619,812	1746,17
620,015	1888,17
620,217	2037,17
620,42	1862,17
620,623	1856,17
620,825	1807,17
621,028	2023,17
621,23	1973,17
621,432	1937,17
621,635	1990,17
621,837	1754,17
622,04	1796,17
622,242	1844,17
622,445	1870,17
622,647	1958,17
622,849	2027,17
623,052	1711,17
623,254	1865,17
623,456	1701,17
623,658	1995,17
623,861	2000,17
624,063	1885,17
624,265	1751,17
624,467	1879,17
624,67	1717,17
624,872	1941,17
625,074	2101,17
625,276	1958,17
625,478	1893,17
625,68	1656,17
625,882	1828,17
626,084	1900,17
626,287	1979,17
626,489	1949,17
626,691	1860,17
626,893	1860,17
627,095	1934,17
627,297	1943,17
627,499	1797,17
627,7	1619,17
627,902	1697,17
628,104	1658,17
628,306	1708,17
628,508	1774,17
628,71	1837,17
628,912	1878,17
629,114	2117,17
629,315	1856,17
629,517	1727,17
629,719	1725,17
629,921	1843,17
630,122	1814,17
630,324	1768,17
630,526	1905,17
630,728	1839,17
630,929	1740,17
631,131	1609,17
631,332	1884,17
631,534	1976,17
631,736	1754,17
631,937	1720,17
632,139	1841,17
632,34	1798,17
632,542	1929,17
632,743	1919,17
632,945	1684,17
633,146	1841,17
633,348	1831,17
633,549	1778,17
633,751	1731,17
633,952	1758,17
634,154	1697,17
634,355	1653,17
634,556	1823,17
634,758	1735,17
634,959	1735,17
635,16	1846,17
635,362	1770,17
635,563	1868,17
635,764	1861,17
635,965	1825,17
636,167	1812,17
636,368	1748,17
636,569	1712,17
636,77	1881,17
636,971	1769,17
637,172	1814,17
637,374	1665,17
637,575	1882,17
637,776	1617,17
637,977	1591,17
638,178	1856,17
638,379	1810,17
638,58	1791,17
638,781	1571,17
638,982	1783,17
639,183	1719,17
639,384	1691,17
639,585	1771,17
639,786	1710,17
639,987	1702,17
640,187	1853,17
640,388	1820,17
640,589	1567,17
640,79	1692,17
640,991	1532,17
641,192	1924,17
641,392	1586,17
641,593	1618,17
641,794	1548,17
641,995	1632,17
642,195	1574,17
642,396	1700,17
642,597	1580,17
642,797	1719,17
642,998	1702,17
643,199	1651,17
643,399	1873,17
643,6	1627,17
643,8	1561,17
644,001	1707,17
644,202	1750,17
644,402	1686,17
644,603	1869,17
644,803	1637,17
645,004	1699,17
645,204	1599,17
645,404	1747,17
645,605	2041,17
645,805	1644,17
646,006	1569,17
646,206	2121,17
646,406	1646,17
646,607	1502,17
646,807	1444,17
647,007	-123,83
647,208	22,17
647,408	25,17
647,608	38,17
