200,697	562
200,927	363,17
201,158	74,5
201,388	486,5
201,618	926,17
201,849	1443,5
202,079	1380,5
202,309	1484,5
202,539	1468,5
202,77	1549,5
203	1545,5
203,23	1553,83
203,46	1570,83
203,691	1578,83
203,921	1588,5
204,151	1579,17
204,381	1586,83
204,611	1591,17
204,841	1582,17
205,071	1615,5
205,302	1627,5
205,532	2352,5
205,762	2272,17
205,992	2226,83
206,222	1515,17
206,452	1538,5
206,682	1605,5
206,912	1631,83
207,142	1641,83
207,372	1565,17
207,602	1543,17
207,832	1556,83
208,062	1565,83
208,292	1521,17
208,522	1501,17
208,752	1498,17
208,982	1584,5
209,212	1558,17
209,442	1606,5
209,672	1544,83
209,902	1567,17
210,131	1502,17
210,361	1423,17
210,591	1397,17
210,821	1503,17
211,051	1583,5
211,281	1613,83
211,51	1573,17
211,74	1642,5
211,97	1656,5
212,2	1710,5
212,429	1687,5
212,659	1715,5
212,889	1617,17
213,119	1570,83
213,348	1573,17
213,578	1629,5
213,808	1677,5
214,037	1658,5
214,267	1652,5
214,497	1618,5
214,726	1572,17
214,956	1543,5
215,186	1551,5
215,415	1588,17
215,645	1620,5
215,874	1615,5
216,104	1614,83
216,333	1601,17
216,563	1626,5
216,792	1635,5
217,022	1650,5
217,251	1615,17
217,481	1557,83
217,71	1547,17
217,94	1567,5
218,169	1629,17
218,399	1586,17
218,628	1634,17
218,858	1584,83
219,087	1621,17
219,316	1562,83
219,546	1601,83
219,775	1628,5
220,004	1639,17
220,234	1639,83
220,463	1612,83
220,692	1587,5
220,922	1593,83
221,151	1573,17
221,38	1744,83
221,61	1816,83
221,839	1832,17
222,068	1753,17
222,297	1689,83
222,526	1737,83
222,756	1721,83
222,985	1727,83
223,214	1705,17
223,443	1837,17
223,672	1806,17
223,902	1817,17
224,131	1691,5
224,36	1683,83
224,589	1648,5
224,818	1655,17
225,047	1639,5
225,276	1781,5
225,505	1743,83
225,734	1763,17
225,963	1640,83
226,192	1635,83
226,421	1680,17
226,65	1717,5
226,879	1744,83
227,108	1860,5
227,337	1897,83
227,566	1886,5
227,795	1786,17
228,024	1712,83
228,253	1647,17
228,482	1667,17
228,711	1627,5
228,94	1707,83
229,168	1684,17
229,397	1743,5
229,626	1755,5
229,855	1740,17
230,084	1718,17
230,313	1759,83
230,541	1754,17
230,77	1805,83
230,999	1826,5
231,228	1920,83
231,456	1901,17
231,685	1853,17
231,914	1798,5
232,143	1799,5
232,371	1788,5
232,6	1797,17
232,829	1828,5
233,057	1826,17
233,286	1808,83
233,515	1804,17
233,743	1803,5
233,972	1833,5
234,2	1801,83
234,429	1814,5
234,658	1772,83
234,886	1806,83
235,115	1844,17
235,343	1875,17
235,572	1899,5
235,8	1980,5
236,029	1967,83
236,257	1965,5
236,486	1920,17
236,714	1934,83
236,943	1935,5
237,171	1884,83
237,399	1927,5
237,628	1971,83
237,856	2009,83
238,085	2062,83
238,313	2077,5
238,541	2145,83
238,77	2063,5
238,998	2064,83
239,226	1978,83
239,455	2033,83
239,683	2008,17
239,911	2097,5
240,14	2099,83
240,368	2105,17
240,596	2054,5
240,824	2067,17
241,053	2091,5
241,281	2089,17
241,509	2076,5
241,737	2033,83
241,965	2009,17
242,193	1996,83
242,422	2046,17
242,65	2057,5
242,878	2081,17
243,106	2076,5
243,334	2122,5
243,562	2159,17
243,79	2180,5
244,018	2185,83
244,246	2162,83
244,474	2143,5
244,702	2143,5
244,93	2157,83
245,158	2144,17
245,386	2150,5
245,614	2183,83
245,842	2207,5
246,07	2208,5
246,298	2344,5
246,526	2349,17
246,754	2346,5
246,982	2195,5
247,21	2197,17
247,438	2208,5
247,666	2140,83
247,893	2107,17
248,121	2064,83
248,349	2155,17
248,577	2238,83
248,805	2305,17
249,033	2265,5
249,26	2214,5
249,488	2211,5
249,716	2257,5
249,944	2197,83
250,171	2159,83
250,399	2196,5
250,627	2302,5
250,854	2328,83
251,082	2295,17
251,31	2289,17
251,537	2393,17
251,765	2344,17
251,993	2469,83
252,22	2340,5
252,448	2394,83
252,676	2296,17
252,903	2443,83
253,131	2434,17
253,358	2369,17
253,586	2220,5
253,813	2240,83
254,041	2303,83
254,268	2317,5
254,496	2296,17
254,723	2288,17
254,951	2335,83
255,178	2315,83
255,406	2324,17
255,633	2457,83
255,86	2500,5
256,088	2498,83
256,315	2404,83
256,543	2381,5
256,77	2364,83
256,997	2369,83
257,225	2328,17
257,452	2328,83
257,679	2310,83
257,907	2347,5
258,134	2389,83
258,361	2359,83
258,588	2408,5
258,816	2373,17
259,043	2371,5
259,27	2391,83
259,497	2430,17
259,725	2443,5
259,952	2381,17
260,179	2367,83
260,406	2360,17
260,633	2379,83
260,86	2365,17
261,088	2437,17
261,315	2382,83
261,542	2372,5
261,769	2401,83
261,996	2519,83
262,223	2607,17
262,45	2458,5
262,677	2381,83
262,904	2361,5
263,131	2418,83
263,358	2443,17
263,585	2524,17
263,812	2545,83
264,039	2529,17
264,266	2430,5
264,493	2393,5
264,72	2410,83
264,947	2431,5
265,174	2429,5
265,401	2456,5
265,627	2416,83
265,854	2457,17
266,081	2424,5
266,308	2414,83
266,535	2400,83
266,762	2466,5
266,988	2479,17
267,215	2464,5
267,442	2503,83
267,669	2521,83
267,896	2597,17
268,122	2523,5
268,349	2436,17
268,576	2347,83
268,802	2268,83
269,029	2359,17
269,256	2426,17
269,482	2450,83
269,709	2421,83
269,936	2430,83
270,162	2419,17
270,389	2440,17
270,616	2467,17
270,842	2556,17
271,069	2528,17
271,295	2433,17
271,522	2397,17
271,748	2473,17
271,975	2542,83
272,201	2549,5
272,428	2492,83
272,654	2545,5
272,881	2530,5
273,107	2546,83
273,334	2512,17
273,56	2511,83
273,787	2547,5
274,013	2601,5
274,239	2652,5
274,466	2597,17
274,692	2566,5
274,918	2532,83
275,145	2561,5
275,371	2570,83
275,597	2616,17
275,824	2660,83
276,05	2558,5
276,276	2538,17
276,503	2547,83
276,729	2602,17
276,955	2578,17
277,181	2531,5
277,407	2580,17
277,634	2611,5
277,86	2675,83
278,086	2635,83
278,312	2667,17
278,538	2621,17
278,764	2665,5
278,991	2633,5
279,217	2624,83
279,443	2580,5
279,669	2609,83
279,895	2611,5
280,121	2603,17
280,347	2574,5
280,573	2563,5
280,799	2636,83
281,025	2638,83
281,251	2723,5
281,477	2646,5
281,703	2712,83
281,929	2633,5
282,155	2662,83
282,381	2643,83
282,607	2697,83
282,833	2779,83
283,059	2786,17
283,285	2785,17
283,51	2695,5
283,736	2744,5
283,962	2851,5
284,188	2902,5
284,414	2935,5
284,64	2883,5
284,865	2917,17
285,091	2926,5
285,317	2958,83
285,543	2980,17
285,768	2960,17
285,994	3055,17
286,22	3069,5
286,446	3071,83
286,671	2963,5
286,897	2961,17
287,123	2980,5
287,348	3199,83
287,574	3247,83
287,799	3231,17
288,025	3174,17
288,251	3153,17
288,476	3229,17
288,702	3118,5
288,927	3121,83
289,153	3174,5
289,378	3216,5
289,604	3265,17
289,829	3183,17
290,055	3182,17
290,28	3234,17
290,506	3217,83
290,731	3237,17
290,957	3262,5
291,182	3372,5
291,408	3400,17
291,633	3339,83
291,858	3298,83
292,084	3258,17
292,309	3293,5
292,535	3346,5
292,76	3412,83
292,985	3399,5
293,211	3323,5
293,436	3215,5
293,661	3209,17
293,886	3261,17
294,112	3352,83
294,337	3317,83
294,562	3369,83
294,787	3359,17
295,013	3485,83
295,238	3495,17
295,463	3573,5
295,688	3606,83
295,913	3542,5
296,138	3466,5
296,364	3396,5
296,589	3373,17
296,814	3362,5
297,039	3376,83
297,264	3363,5
297,489	3418,83
297,714	3330,5
297,939	3367,83
298,164	3363,83
298,389	3387,17
298,614	3443,17
298,839	3485,83
299,064	3533,5
299,289	3578,17
299,514	3550,5
299,739	3541,17
299,964	3475,5
300,189	3515,17
300,414	3609,17
300,639	3613,5
300,863	3700,17
301,088	3666,5
301,313	3707,83
301,538	3596,83
301,763	3618,17
301,988	3654,17
302,212	3842,5
302,437	3774,17
302,662	3769,17
302,887	3645,5
303,111	3730,83
303,336	3753,17
303,561	3697,5
303,786	3673,5
304,01	3668,5
304,235	3676,5
304,46	3652,83
304,684	3652,5
304,909	3656,5
305,134	3635,5
305,358	3612,17
305,583	3703,17
305,807	3667,83
306,032	3678,83
306,256	3589,17
306,481	3662,83
306,706	3643,17
306,93	3731,5
307,155	3727,83
307,379	3767,17
307,604	3680,5
307,828	3750,5
308,052	3747,83
308,277	3790,17
308,501	3782,17
308,726	3799,83
308,95	3751,5
309,175	3756,17
309,399	3744,17
309,623	3745,17
309,848	3627,17
310,072	3745,17
310,296	3777,17
310,521	3850,5
310,745	3825,17
310,969	3857,5
311,193	3871,5
311,418	3726,83
311,642	3711,83
311,866	3707,5
312,09	3717,83
312,315	3720,5
312,539	3694,5
312,763	3742,5
312,987	3735,5
313,211	3778,83
313,435	3733,5
313,659	3723,17
313,884	3682,17
314,108	3743,83
314,332	3694,17
314,556	3763,5
314,78	3694,17
315,004	3750,83
315,228	3675,5
315,452	3683,83
315,676	3641,5
315,9	3538,83
316,124	3538,17
316,348	3504,5
316,572	3600,83
316,796	3560,5
317,02	3591,83
317,244	3499,83
317,468	3566,5
317,691	3571,17
317,915	3632,83
318,139	3705,5
318,363	3646,5
318,587	3603,17
318,811	3438,17
319,034	3454,17
319,258	3536,83
319,482	3586,83
319,706	3555,83
319,93	3489,17
320,153	3488,17
320,377	3462,83
320,601	3410,17
320,824	3438,17
321,048	3505,17
321,272	3553,83
321,495	3552,17
321,719	3549,5
321,943	3578,83
322,166	3513,83
322,39	3506,83
322,614	3535,5
322,837	3494,17
323,061	3519,5
323,284	3488,5
323,508	3479,5
323,731	3544,83
323,955	3547,17
324,178	3603,83
324,402	3505,83
324,625	3453,17
324,849	3474,5
325,072	3463,83
325,296	3522,17
325,519	3402,83
325,743	3424,83
325,966	3420,5
326,189	3475,83
326,413	3549,5
326,636	3541,5
326,859	3600,5
327,083	3429,83
327,306	3347,83
327,529	3225,5
327,753	3292,5
327,976	3351,83
328,199	3423,83
328,422	3382,17
328,646	3296,83
328,869	3292,17
329,092	3366,5
329,315	3382,83
329,538	3389,5
329,762	3278,17
329,985	3288,83
330,208	3305,5
330,431	3372,5
330,654	3426,17
330,877	3396,17
331,1	3360,83
331,323	3383,83
331,546	3389,83
331,769	3388,17
331,993	3327,17
332,216	3293,5
332,439	3374,5
332,662	3373,83
332,885	3303,5
333,107	3155,83
333,33	3207,83
333,553	3282,5
333,776	3342,5
333,999	3214,17
334,222	3189,83
334,445	3190,17
334,668	3295,17
334,891	3257,17
335,114	3260,83
335,336	3233,83
335,559	3377,5
335,782	3341,5
336,005	3300,5
336,228	3179,17
336,45	3152,83
336,673	3212,5
336,896	3250,17
337,119	3273,5
337,341	3218,83
337,564	3175,17
337,787	3164,83
338,009	3180,83
338,232	3232,5
338,455	3258,17
338,677	3249,17
338,9	3226,5
339,122	3154,83
339,345	3094,5
339,568	3064,17
339,79	3146,83
340,013	3150,5
340,235	3123,83
340,458	3100,5
340,68	3093,83
340,903	3102,17
341,125	3064,17
341,348	3043,5
341,57	3075,5
341,793	3034,5
342,015	3133,17
342,238	3086,5
342,46	3161,17
342,682	3025,5
342,905	3005,83
343,127	2960,5
343,349	3044,83
343,572	3009,17
343,794	2995,5
344,016	2887,17
344,239	2909,83
344,461	2833,83
344,683	2897,5
344,905	2944,5
345,128	3037,17
345,35	3067,17
345,572	3072,83
345,794	3032,5
346,017	2999,17
346,239	2925,17
346,461	2948,83
346,683	2974,17
346,905	2971,17
347,127	2967,5
347,349	2933,5
347,571	3009,5
347,793	3042,83
348,016	3056,17
348,238	2959,17
348,46	2953,5
348,682	2937,83
348,904	2987,5
349,126	2948,83
349,348	2898,83
349,57	2864,83
349,792	2888,5
350,014	2928,5
350,235	3010,5
350,457	2968,5
350,679	2912,5
350,901	2821,17
351,123	2788,83
351,345	2847,5
351,567	2947,17
351,789	3003,17
352,01	2968,17
352,232	2860,5
352,454	2834,83
352,676	2819,83
352,897	2778,5
353,119	2725,83
353,341	2698,17
353,563	2690,17
353,784	2703,5
354,006	2628,5
354,228	2625,5
354,449	2635,17
354,671	2769,5
354,893	2820,5
355,114	2833,17
355,336	2810,17
355,558	2782,17
355,779	2780,17
356,001	2719,17
356,222	2722,5
356,444	2932,17
356,665	2961,83
356,887	2951,5
357,108	2700,5
357,33	2767,17
357,551	2789,5
357,773	2819,17
357,994	2722,17
358,216	2749,17
358,437	2758,17
358,659	2760,83
358,88	2710,17
359,101	2676,5
359,323	2679,17
359,544	2647,5
359,765	2627,83
359,987	2630,83
360,208	2648,17
360,429	2637,83
360,651	2732,17
360,872	2696,5
361,093	2735,83
361,314	2649,5
361,536	2666,83
361,757	2603,17
361,978	2580,83
362,199	2548,17
362,42	2572,83
362,642	2655,5
362,863	2676,5
363,084	2667,5
363,305	2699,5
363,526	2695,5
363,747	2694,17
363,968	2618,83
364,189	2616,5
364,41	2584,17
364,631	2577,5
364,852	2580,5
365,073	2607,83
365,294	2547,17
365,515	2592,5
365,736	2623,5
365,957	2639,5
366,178	2618,17
366,399	2626,17
366,62	2642,83
366,841	2611,17
367,062	2626,17
367,283	2628,83
367,504	2615,5
367,724	2530,17
367,945	2557,17
368,166	2586,17
368,387	2599,17
368,608	2591,17
368,828	2572,83
369,049	2595,5
369,27	2535,5
369,491	2561,5
369,711	2598,83
369,932	2635,83
370,153	2631,5
370,373	2617,17
370,594	2602,17
370,815	2629,5
371,035	2554,83
371,256	2543,83
371,477	2496,83
371,697	2469,17
371,918	2503,83
372,138	2556,17
372,359	2618,5
372,579	2558,83
372,8	2523,5
373,02	2514,5
373,241	2553,17
373,461	2539,83
373,682	2536,5
373,902	2480,83
374,123	2533,5
374,343	2491,83
374,564	2519,83
374,784	2452,5
375,004	2457,83
375,225	2438,83
375,445	2499,83
375,666	2494,83
375,886	2479,83
376,106	2477,5
376,326	2551,17
376,547	2612,83
376,767	2548,83
376,987	2517,17
377,208	2474,5
377,428	2481,83
377,648	2507,17
377,868	2565,5
378,088	2609,5
378,309	2630,83
378,529	2622,17
378,749	2563,5
378,969	2554,83
379,189	2611,5
379,409	2626,5
379,629	2612,83
379,849	2526,17
380,069	2491,83
380,29	2457,5
380,51	2483,5
380,73	2572,17
380,95	2665,5
381,17	2631,5
381,39	2509,17
381,61	2479,5
381,829	2517,5
382,049	2538,83
382,269	2516,83
382,489	2473,5
382,709	2533,5
382,929	2479,83
383,149	2591,83
383,369	2555,17
383,589	2611,5
383,808	2503,17
384,028	2530,83
384,248	2476,5
384,468	2471,17
384,688	2421,83
384,907	2394,83
385,127	2422,17
385,347	2437,5
385,567	2500,83
385,786	2470,17
386,006	2494,83
386,226	2462,17
386,445	2478,17
386,665	2484,17
386,885	2470,5
387,104	2471,83
387,324	2462,17
387,543	2511,17
387,763	2524,83
387,982	2538,17
388,202	2519,5
388,422	2476,5
388,641	2506,5
388,861	2529,17
389,08	2535,17
389,3	2547,5
389,519	2513,17
389,738	2550,17
389,958	2487,5
390,177	2486,5
390,397	2458,5
390,616	2454,83
390,836	2412,17
391,055	2422,17
391,274	2416,5
391,494	2480,17
391,713	2515,83
391,932	2534,83
392,151	2521,83
392,371	2521,17
392,59	2576,83
392,809	2636,17
393,029	2651,5
393,248	2534,17
393,467	2447,5
393,686	2745,83
393,905	2773,17
394,124	2792,5
394,344	2479,17
394,563	2501,5
394,782	2533,83
395,001	2466,83
395,22	2489,83
395,439	2425,5
395,658	2493,17
395,877	2455,5
396,096	2535,17
396,315	2479,17
396,534	2525,5
396,753	2453,17
396,972	2497,17
397,191	2485,17
397,41	2521,83
397,629	2498,17
397,848	2510,83
398,067	2518,5
398,286	2548,5
398,505	2573,83
398,724	2793,17
398,943	2730,83
399,161	2704,83
399,38	2494,5
399,599	2497,83
399,818	2477,5
400,037	2497,5
400,255	2482,83
400,474	2473,5
400,693	2469,17
400,912	2488,5
401,13	2496,5
401,349	2409,83
401,568	2468,5
401,786	2513,83
402,005	2517,17
402,224	2475,5
402,442	2423,17
402,661	2426,5
402,88	2402,17
403,098	2374,5
403,317	2394,17
403,535	2295,83
403,754	2334,5
403,972	2292,5
404,191	2380,83
404,409	2588,17
404,628	2662,17
404,846	2718,5
405,065	2503,5
405,283	2468,5
405,502	2462,17
405,72	2449,5
405,938	2422,17
406,157	2367,5
406,375	2350,17
406,594	2455,17
406,812	2472,83
407,03	2411,17
407,249	2321,17
407,467	2360,83
407,685	2380,83
407,903	2432,17
408,122	2406,17
408,34	2434,5
408,558	2371,5
408,776	2235,83
408,995	2260,83
409,213	2281,83
409,431	2406,5
409,649	2373,5
409,867	2358,17
410,085	2363,5
410,303	2336,17
410,522	2291,17
410,74	2247,17
410,958	2288,17
411,176	2300,83
411,394	2302,5
411,612	2355,5
411,83	2407,5
412,048	2407,5
412,266	2322,83
412,484	2356,5
412,702	2387,5
412,92	2451,5
413,138	2386,17
413,356	2425,83
413,573	2476,83
413,791	2511,5
414,009	2531,83
414,227	2419,83
414,445	2393,83
414,663	2312,17
414,881	2362,5
415,098	2341,83
415,316	2451,5
415,534	2395,83
415,752	2455,83
415,969	2309,83
416,187	2323,5
416,405	2293,83
416,623	2293,5
416,84	2309,17
417,058	2329,83
417,276	2354,17
417,493	2335,5
417,711	2292,5
417,928	2236,83
418,146	2310,5
418,364	2373,17
418,581	2397,83
418,799	2279,83
419,016	2181,17
419,234	2382,83
419,451	2446,17
419,669	2486,17
419,886	2370,83
420,104	2366,5
420,321	2396,17
420,539	2392,5
420,756	2407,17
420,974	2377,17
421,191	2402,5
421,408	2417,83
421,626	2436,5
421,843	2364,17
422,06	2292,83
422,278	2300,83
422,495	2318,83
422,712	2388,17
422,93	2403,5
423,147	2365,83
423,364	2375,5
423,581	2317,83
423,799	2334,17
424,016	2292,5
424,233	2319,83
424,45	2323,5
424,667	2291,17
424,884	2331,17
425,102	2303,5
425,319	2318,17
425,536	2281,5
425,753	2293,17
425,97	2286,17
426,187	2267,83
426,404	2363,5
426,621	2416,83
426,838	2329,83
427,055	2243,5
427,272	2113,83
427,489	2142,17
427,706	2134,17
427,923	2257,17
428,14	2386,17
428,357	2391,17
428,574	2394,83
428,791	2367,83
429,008	2371,17
429,224	2331,5
429,441	2316,17
429,658	2410,17
429,875	2512,5
430,092	2568,17
430,308	2547,83
430,525	2479,83
430,742	2424,17
430,959	2409,17
431,175	2357,83
431,392	2358,5
431,609	2315,17
431,826	2299,17
432,042	2234,17
432,259	2316,17
432,476	2313,17
432,692	2343,17
432,909	2241,83
433,125	2292,17
433,342	2341,5
433,559	2374,5
433,775	2336,17
433,992	2248,83
434,208	2211,5
434,425	2269,17
434,641	2393,17
434,858	2424,5
435,074	2387,17
435,291	2275,17
435,507	2235,17
435,723	2283,83
435,94	2258,83
436,156	2341,17
436,373	2381,83
436,589	2461,5
436,805	2429,83
437,022	2335,83
437,238	2323,17
437,454	2287,83
437,671	2312,83
437,887	2329,83
438,103	2335,83
438,319	2360,17
438,536	2348,17
438,752	2361,5
438,968	2336,83
439,184	2301,5
439,4	2208,17
439,616	2268,5
439,833	2248,17
440,049	2364,83
440,265	2289,17
440,481	2325,83
440,697	2320,5
440,913	2367,17
441,129	2426,17
441,345	2453,83
441,561	2418,5
441,777	2406,5
441,993	2345,83
442,209	2350,83
442,425	2338,5
442,641	2359,83
442,857	2377,83
443,073	2375,5
443,289	2371,83
443,505	2417,17
443,721	2419,5
443,937	2400,17
444,152	2363,83
444,368	2338,17
444,584	2415,5
444,8	2262,83
445,016	2234,17
445,231	2193,5
445,447	2310,5
445,663	2317,83
445,879	2336,5
446,094	2378,83
446,31	2419,5
446,526	2392,5
446,742	2351,83
446,957	2340,83
447,173	2308,5
447,388	2365,5
447,604	2366,83
447,82	2419,83
448,035	2369,5
448,251	2413,17
448,466	2350,17
448,682	2379,83
448,897	2335,17
449,113	2379,5
449,328	2331,17
449,544	2426,83
449,759	2368,5
449,975	2349,5
450,19	2207,5
450,406	2244,17
450,621	2257,17
450,836	2281,17
451,052	2229,83
451,267	2287,5
451,483	2284,83
451,698	2326,5
451,913	2287,17
452,129	2277,5
452,344	2318,17
452,559	2302,83
452,774	2284,83
452,99	2224,5
453,205	2245,17
453,42	2309,17
453,635	2309,83
453,85	2271,83
454,066	2247,17
454,281	2346,83
454,496	2417,5
454,711	2430,5
454,926	2319,5
455,141	2259,83
455,356	2216,17
455,571	2314,83
455,786	2308,17
456,001	2282,83
456,217	2218,83
456,432	2217,83
456,647	2318,17
456,861	2290,17
457,076	2341,83
457,291	2325,5
457,506	2356,17
457,721	2336,5
457,936	2272,5
458,151	2331,83
458,366	2319,5
458,581	2435,5
458,796	2380,17
459,01	2409,83
459,225	2301,5
459,44	2310,17
459,655	2255,17
459,87	2255,17
460,084	2266,5
460,299	2324,17
460,514	2481,17
460,729	2444,83
460,943	2332,5
461,158	2194,5
461,373	2181,5
461,587	2218,5
461,802	2233,5
462,016	2200,5
462,231	2245,17
462,446	2216,5
462,66	2150,83
462,875	2133,17
463,089	2147,17
463,304	2199,5
463,518	2253,83
463,733	2232,17
463,947	2265,17
464,162	2213,5
464,376	2294,83
464,591	2322,83
464,805	2435,83
465,02	2433,83
465,234	2450,5
465,448	2423,5
465,663	2408,5
465,877	2375,5
466,091	2369,5
466,306	2460,17
466,52	2471,5
466,734	2367,5
466,949	2243,5
467,163	2234,5
467,377	2276,5
467,591	2260,5
467,806	2227,17
468,02	2167,17
468,234	2194,17
468,448	2232,17
468,662	2351,83
468,876	2273,5
469,091	2325,5
469,305	2209,83
469,519	2242,83
469,733	2200,83
469,947	2276,83
470,161	2266,5
470,375	2286,5
470,589	2235,17
470,803	2274,17
471,017	2218,17
471,231	2188,83
471,445	2154,17
471,659	2136,5
471,873	2154,17
472,087	2204,17
472,301	2204,17
472,515	2199,83
472,728	2156,83
472,942	2199,17
473,156	2223,17
473,37	2233,17
473,584	2264,17
473,798	2286,17
474,011	2284,83
474,225	2293,83
474,439	2328,5
474,653	2366,17
474,866	2353,83
475,08	2364,5
475,294	2328,17
475,507	2339,83
475,721	2334,17
475,935	2345,5
476,148	2282,5
476,362	2198,17
476,576	2218,17
476,789	2247,5
477,003	2308,83
477,216	2313,83
477,43	2323,83
477,643	2392,17
477,857	2416,5
478,07	2431,17
478,284	2328,17
478,497	2269,83
478,711	2237,17
478,924	2259,5
479,138	2273,5
479,351	2277,5
479,564	2294,83
479,778	2282,5
479,991	2315,17
480,204	2336,83
480,418	2292,5
480,631	2325,17
480,844	2280,5
481,058	2354,83
481,271	2410,5
481,484	2430,83
481,697	2447,83
481,911	2369,5
482,124	2427,17
482,337	2408,17
482,55	2342,17
482,763	2346,5
482,976	2295,17
483,19	2356,17
483,403	2352,83
483,616	2413,5
483,829	2439,17
484,042	2449,5
484,255	2491,5
484,468	2515,83
484,681	2502,5
484,894	2724,5
485,107	3261,17
485,32	3992,5
485,533	4508,83
485,746	4504,83
485,959	4195,5
486,172	3715,5
486,385	3358,17
486,598	3008,83
486,81	2799,5
487,023	2682,83
487,236	2633,5
487,449	2585,5
487,662	2495,5
487,875	2451,83
488,087	2448,83
488,3	2408,17
488,513	2357,5
488,726	2364,17
488,938	2451,5
489,151	2473,5
489,364	2448,83
489,576	2425,5
489,789	2467,5
490,002	2513,17
490,214	2384,83
490,427	2348,5
490,64	2336,17
490,852	2408,17
491,065	2433,5
491,277	2439,17
491,49	2406,5
491,702	2418,5
491,915	2393,83
492,127	2464,5
492,34	2467,17
492,552	2504,5
492,765	2569,17
492,977	2568,83
493,19	2549,83
493,402	2495,17
493,614	2484,5
493,827	2457,83
494,039	2470,17
494,251	2495,83
494,464	2458,5
494,676	2449,83
494,888	2393,17
495,101	2411,17
495,313	2398,17
495,525	2490,5
495,737	2591,83
495,95	2646,83
496,162	2618,17
496,374	2534,5
496,586	2503,83
496,798	2514,17
497,01	2495,83
497,222	2499,17
497,435	2444,5
497,647	2456,17
497,859	2421,5
498,071	2420,17
498,283	2468,17
498,495	2553,83
498,707	2561,17
498,919	2633,5
499,131	2581,83
499,343	2579,83
499,555	2532,5
499,767	2524,5
499,979	2566,5
500,191	2507,5
500,402	2568,83
500,614	2608,17
500,826	2590,5
501,038	2567,17
501,25	2499,17
501,462	2541,17
501,673	2501,17
501,885	2555,5
502,097	2566,17
502,309	2638,5
502,521	2601,83
502,732	2580,83
502,944	2517,83
503,156	2523,17
503,367	2511,5
503,579	2548,83
503,791	2533,17
504,002	2582,17
504,214	2639,5
504,425	2740,83
504,637	2715,17
504,849	2646,5
505,06	2598,5
505,272	2604,17
505,483	2595,17
505,695	2525,5
505,906	2561,83
506,118	2562,17
506,329	2558,5
506,541	2537,83
506,752	2521,83
506,963	2558,17
507,175	2602,17
507,386	2616,5
507,598	2566,17
507,809	2411,17
508,02	2434,5
508,232	2434,5
508,443	2606,17
508,654	2598,83
508,865	2575,5
509,077	2470,83
509,288	2566,5
509,499	2508,17
509,71	2575,83
509,922	2433,83
510,133	2630,83
510,344	2578,17
510,555	2629,5
510,766	2539,17
510,977	2540,83
511,188	2486,5
511,4	2473,17
511,611	2472,5
511,822	2470,83
512,033	2491,5
512,244	2491,5
512,455	2508,5
512,666	2530,5
512,877	2519,5
513,088	2504,17
513,299	2517,83
513,51	2503,5
513,721	2507,83
513,931	2502,5
514,142	2559,5
514,353	2545,17
514,564	2477,5
514,775	2431,17
514,986	2484,17
515,196	2516,5
515,407	2542,5
515,618	2565,5
515,829	2573,83
516,04	2534,5
516,25	2461,17
516,461	2425,17
516,672	2385,5
516,882	2407,5
517,093	2396,5
517,304	2395,5
517,514	2391,83
517,725	2391,83
517,936	2372,5
518,146	2407,5
518,357	2459,5
518,567	2611,83
518,778	2575,17
518,988	2653,83
519,199	2535,83
519,409	2536,83
519,62	2424,83
519,83	2475,83
520,041	2445,83
520,251	2480,17
520,462	2444,17
520,672	2483,83
520,882	2484,17
521,093	2552,5
521,303	2518,83
521,513	2857,17
521,724	2770,17
521,934	2828,83
522,144	2466,5
522,355	2504,5
522,565	2456,83
522,775	2451,17
522,985	2448,17
523,196	2432,17
523,406	2467,5
523,616	2461,83
523,826	2588,83
524,036	2550,5
524,246	2549,17
524,457	2370,5
524,667	2360,5
524,877	2351,83
525,087	2421,83
525,297	2444,83
525,507	2461,83
525,717	2479,17
525,927	2449,5
526,137	2471,17
526,347	2433,83
526,557	2474,5
526,767	2655,17
526,977	2679,5
527,187	2567,17
527,397	2326,5
527,607	2321,83
527,816	2405,5
528,026	2452,17
528,236	2489,17
528,446	2556,5
528,656	2633,5
528,865	2626,83
529,075	2576,83
529,285	2522,17
529,495	2527,17
529,704	2538,83
529,914	2520,17
530,124	2451,83
530,334	2422,17
530,543	2496,5
530,753	2694,17
530,963	2694,83
531,172	2595,5
531,382	2523,83
531,591	2502,17
531,801	2518,83
532,01	2437,83
532,22	2490,17
532,43	2597,83
532,639	2627,5
532,849	2616,83
533,058	2607,5
533,267	2547,17
533,477	2539,5
533,686	2471,83
533,896	2513,5
534,105	2581,83
534,315	2530,17
534,524	2528,83
534,733	2534,5
534,943	2599,5
535,152	2530,17
535,361	2364,17
535,57	2344,5
535,78	2351,83
535,989	2444,17
536,198	2343,83
536,407	2367,5
536,617	2359,5
536,826	2436,5
537,035	2413,17
537,244	2336,5
537,453	2330,17
537,662	2433,17
537,872	2523,83
538,081	2511,83
538,29	2445,5
538,499	2435,5
538,708	2472,83
538,917	2499,83
539,126	2512,83
539,335	2662,83
539,544	2603,17
539,753	2594,83
539,962	2395,5
540,171	2479,5
540,38	2478,17
540,589	2564,83
540,797	2540,17
541,006	2522,5
541,215	2549,83
541,424	2539,17
541,633	2550,83
541,842	2450,83
542,05	2485,5
542,259	2480,5
542,468	2510,17
542,677	2476,83
542,885	2582,17
543,094	2552,83
543,303	2608,17
543,512	2575,83
543,72	2651,5
543,929	2592,17
544,138	2576,17
544,346	2542,17
544,555	2563,83
544,763	2536,5
544,972	2475,5
545,18	2436,5
545,389	2398,83
545,598	2450,17
545,806	2439,83
546,015	2442,83
546,223	2430,5
546,431	2406,17
546,64	2412,83
546,848	2426,17
547,057	2470,83
547,265	2511,17
547,474	2546,17
547,682	2635,5
547,89	2624,83
548,099	2593,83
548,307	2565,5
548,515	2589,5
548,723	2555,83
548,932	2471,83
549,14	2415,83
549,348	2391,5
549,556	2350,83
549,765	2302,5
549,973	2343,83
550,181	2385,5
550,389	2451,5
550,597	2437,17
550,805	2450,17
551,014	3498,83
551,222	3444,17
551,43	3451,5
551,638	2431,17
551,846	2576,83
552,054	2613,5
552,262	2543,5
552,47	2422,17
552,678	2336,5
552,886	2354,17
553,094	2366,17
553,302	2458,83
553,51	2499,5
553,717	2440,5
553,925	2450,5
554,133	2339,17
554,341	2429,83
554,549	2312,83
554,757	2387,5
554,965	2358,5
555,172	2504,83
555,38	2489,17
555,588	2480,17
555,796	2443,17
556,003	2413,83
556,211	2391,5
556,419	2326,5
556,626	2303,17
556,834	2297,5
557,042	2268,83
557,249	2281,5
557,457	2219,17
557,664	2174,5
557,872	2144,5
558,08	2194,83
558,287	2226,5
558,495	2209,5
558,702	2198,5
558,91	2172,83
559,117	2289,17
559,325	2261,5
559,532	2363,5
559,74	2310,83
559,947	2392,5
560,154	2304,17
560,362	2207,5
560,569	2152,5
560,776	2172,83
560,984	2268,83
561,191	2277,83
561,398	2454,5
561,606	2445,5
561,813	2382,83
562,02	2101,83
562,227	2087,5
562,435	2186,5
562,642	2263,5
562,849	2245,5
563,056	2165,83
563,263	2213,5
563,471	2252,17
563,678	2278,83
563,885	2232,5
564,092	2223,17
564,299	2250,5
564,506	2237,83
564,713	2223,5
564,92	2240,83
565,127	2233,5
565,334	2313,17
565,541	2297,17
565,748	2290,5
565,955	2200,83
566,162	2186,83
566,369	2265,5
566,576	2326,17
566,783	2352,17
566,99	2387,83
567,196	2360,83
567,403	2425,83
567,61	2372,17
567,817	2304,5
568,024	2294,17
568,23	2317,17
568,437	2462,5
568,644	2464,17
568,851	2646,83
569,057	2827,5
569,264	2910,5
569,471	2853,5
569,677	2788,5
569,884	2871,83
570,091	3183,17
570,297	3236,83
570,504	3252,17
570,71	2993,17
570,917	2921,17
571,123	2902,17
571,33	2911,17
571,536	3043,5
571,743	2963,5
571,949	2824,83
572,156	2634,83
572,362	2546,5
572,569	2616,17
572,775	2730,5
572,982	2886,5
573,188	2905,83
573,394	2865,83
573,601	2842,83
573,807	2945,17
574,013	3024,83
574,22	3000,5
574,426	2961,5
574,632	2869,83
574,838	2822,5
575,045	2707,5
575,251	2586,83
575,457	2606,83
575,663	2633,5
575,869	2694,5
576,076	2735,17
576,282	2741,17
576,488	2848,17
576,694	2776,83
576,9	2804,5
577,106	2878,17
577,312	3159,83
577,518	3300,5
577,724	3300,83
577,93	3073,83
578,136	2890,17
578,342	2693,5
578,548	2602,5
578,754	2524,17
578,96	2543,5
579,166	2677,5
579,372	2755,83
579,578	2812,83
579,784	2761,83
579,989	2762,5
580,195	2678,17
580,401	2665,83
580,607	2803,5
580,813	3120,83
581,018	3453,17
581,224	3528,83
581,43	3432,17
581,636	3321,17
581,841	3197,17
582,047	3079,83
582,253	2882,17
582,458	2669,83
582,664	2511,17
582,869	2314,83
583,075	2385,5
583,281	2336,17
583,486	2365,83
583,692	2386,5
583,897	2469,5
584,103	2582,17
584,308	2593,5
584,514	2721,17
584,719	2787,83
584,925	2858,17
585,13	2792,5
585,335	2728,5
585,541	2603,83
585,746	2446,83
585,952	2318,5
586,157	2253,5
586,362	2251,17
586,568	2378,83
586,773	2412,83
586,978	2490,83
587,183	2446,5
587,389	2397,17
587,594	2402,5
587,799	2418,5
588,004	2484,5
588,21	2372,83
588,415	2246,83
588,62	2162,83
588,825	2143,83
589,03	2258,17
589,235	2277,17
589,44	2264,5
589,645	2155,83
589,85	2157,17
590,055	2137,83
590,26	2076,5
590,465	1986,17
590,67	2037,83
590,875	2054,83
591,08	2046,83
591,285	2005,83
591,49	1989,5
591,695	1988,17
591,9	1976,5
592,105	1997,83
592,31	2186,83
592,515	2242,83
592,719	2228,17
592,924	2067,5
593,129	2057,83
593,334	2018,17
593,539	1948,5
593,743	1848,5
593,948	1842,5
594,153	1946,17
594,357	1966,83
594,562	2163,5
594,767	2140,83
594,971	2118,17
595,176	1968,5
595,381	1916,5
595,585	1984,83
595,79	1874,5
595,994	2006,5
596,199	1922,17
596,403	1911,83
596,608	1760,17
596,812	1831,83
597,017	1957,17
597,221	1985,5
597,426	1938,17
597,63	1820,5
597,835	1774,5
598,039	1767,17
598,243	1906,5
598,448	1970,5
598,652	1992,5
598,856	1955,83
599,061	1894,83
599,265	1880,17
599,469	1871,83
599,673	1949,17
599,878	1910,83
600,082	1877,5
600,286	1806,17
600,49	1806,5
600,695	1780,83
600,899	1778,83
601,103	1874,83
601,307	1888,5
601,511	1827,17
601,715	1727,17
601,919	1732,5
602,123	1837,5
602,327	1896,5
602,531	1939,83
602,735	1970,5
602,939	1946,83
603,143	1936,5
603,347	1831,17
603,551	1838,5
603,755	1776,17
603,959	1808,5
604,163	1722,17
604,367	1723,17
604,571	1724,5
604,775	1829,5
604,978	1787,17
605,182	1802,5
605,386	1789,17
605,59	1850,5
605,793	1842,17
605,997	1847,83
606,201	1863,17
606,405	1865,17
606,608	1841,17
606,812	1835,83
607,016	1803,83
607,219	1735,5
607,423	1761,5
607,627	1766,5
607,83	1794,5
608,034	1744,17
608,237	1709,83
608,441	1751,5
608,644	1760,5
608,848	1798,83
609,051	1775,5
609,255	1802,5
609,458	1802,5
609,662	1840,17
609,865	1774,5
610,069	1708,83
610,272	1655,5
610,475	1755,17
610,679	1814,17
610,882	1848,83
611,085	1812,83
611,289	1815,17
611,492	1791,83
611,695	1726,17
611,898	1654,83
612,102	1642,17
612,305	1636,17
612,508	1698,83
612,711	1725,5
612,914	1771,5
613,118	1731,17
613,321	1627,5
613,524	1618,5
613,727	1602,83
613,93	1699,83
614,133	1736,17
614,336	1785,83
614,539	1768,17
614,742	1711,5
614,945	1750,83
615,148	1771,83
615,351	1820,17
615,554	1750,83
615,757	1750,5
615,96	1679,5
616,163	1716,17
616,366	1710,83
616,569	1795,17
616,772	1783,83
616,974	1849,17
617,177	1795,5
617,38	1810,17
617,583	1716,83
617,786	1676,5
617,988	1700,5
618,191	1704,17
618,394	1708,83
618,596	1630,17
618,799	1624,83
619,002	1582,17
619,204	1601,5
619,407	1616,17
619,61	1657,17
619,812	1695,5
620,015	1753,83
620,217	1774,83
620,42	1783,17
620,623	1743,83
620,825	1789,17
621,028	1902,17
621,23	1909,83
621,432	1979,5
621,635	1870,5
621,837	1864,83
622,04	1726,17
622,242	1718,83
622,445	1717,5
622,647	1789,5
622,849	1717,5
623,052	1720,5
623,254	1629,17
623,456	1719,5
623,658	1743,83
623,861	1792,5
624,063	1782,17
624,265	1775,5
624,467	1726,17
624,67	1744,17
624,872	1804,5
625,074	1882,5
625,276	1857,17
625,478	1692,83
625,68	1637,83
625,882	1602,83
626,084	1712,17
626,287	1792,5
626,489	1806,5
626,691	1756,5
626,893	1724,5
627,095	1740,83
627,297	1693,83
627,499	1664,17
627,7	1596,83
627,902	1573,5
628,104	1549,17
628,306	1566,5
628,508	1623,5
628,71	1653,17
628,912	1799,83
629,114	1798,5
629,315	1793,83
629,517	1633,5
629,719	1628,5
629,921	1646,5
630,122	1640,83
630,324	1723,5
630,526	1730,83
630,728	1753,17
630,929	1651,17
631,131	1696,17
631,332	1768,5
631,534	1813,5
631,736	1702,83
631,937	1608,83
632,139	1595,17
632,34	1646,5
632,542	1684,5
632,743	1661,83
632,945	1631,17
633,146	1636,83
633,348	1673,83
633,549	1643,5
633,751	1625,5
633,952	1579,5
634,154	1574,83
634,355	1583,83
634,556	1597,83
634,758	1618,5
634,959	1636,83
635,16	1624,83
635,362	1653,17
635,563	1633,5
635,764	1736,83
635,965	1713,83
636,167	1709,83
636,368	1630,5
636,569	1704,5
636,77	1683,5
636,971	1690,5
637,172	1570,83
637,374	1594,83
637,575	1551,5
637,776	1577,17
637,977	1572,5
638,178	1584,5
638,379	1620,83
638,58	1565,83
638,781	1530,17
638,982	1513,5
639,183	1564,83
639,384	1583,83
639,585	1531,17
639,786	1499,5
639,987	1564,17
640,187	1676,5
640,388	1652,5
640,589	1592,17
640,79	1539,5
640,991	1636,5
641,192	1649,5
641,392	1619,83
641,593	1526,83
641,794	1528,17
641,995	1481,83
642,195	1492,5
642,396	1449,17
642,597	1504,5
642,797	1547,5
642,998	1580,83
643,199	1617,83
643,399	1585,17
643,6	1561,17
643,8	1515,83
644,001	1539,83
644,202	1491,83
644,402	1536,5
644,603	1490,83
644,803	1579,83
645,004	1520,83
645,204	1556,83
645,404	1661,83
645,605	1727,5
645,805	1711,5
646,006	1738,17
646,206	1612,5
646,406	1546,83
646,607	1315,83
646,807	868,5
647,007	425,83
647,208	8,83
647,408	14,17
647,608	13
