200,697	957,33
200,927	-6,67
201,158	74,33
201,388	-38,67
201,618	1537,33
201,849	1370,33
202,079	1730,33
202,309	1550,33
202,539	1709,33
202,77	1557,33
203	1703,33
203,23	1718,33
203,46	1684,33
203,691	1667,33
203,921	1729,33
204,151	1674,33
204,381	1877,33
204,611	1741,33
204,841	1680,33
205,071	1595,33
205,302	1778,33
205,532	1707,33
205,762	3770,33
205,992	1651,33
206,222	1659,33
206,452	1743,33
206,682	1599,33
206,912	1758,33
207,142	1714,33
207,372	1690,33
207,602	1671,33
207,832	1589,33
208,062	1776,33
208,292	1786,33
208,522	1522,33
208,752	1682,33
208,982	1580,33
209,212	1886,33
209,442	1682,33
209,672	1605,33
209,902	1728,33
210,131	1676,33
210,361	1544,33
210,591	1822,33
210,821	1591,33
211,051	1848,33
211,281	1711,33
211,51	1716,33
211,74	1744,33
211,97	1667,33
212,2	1663,33
212,429	1949,33
212,659	1746,33
212,889	1738,33
213,119	1586,33
213,348	1640,33
213,578	1864,33
213,808	1751,33
214,037	1871,33
214,267	1832,33
214,497	1831,33
214,726	1652,33
214,956	1514,33
215,186	1615,33
215,415	1729,33
215,645	1749,33
215,874	1798,33
216,104	1610,33
216,333	1648,33
216,563	1738,33
216,792	1702,33
217,022	1798,33
217,251	1769,33
217,481	1583,33
217,71	1754,33
217,94	1732,33
218,169	1769,33
218,399	1746,33
218,628	1708,33
218,858	1817,33
219,087	1821,33
219,316	1769,33
219,546	1545,33
219,775	1758,33
220,004	1722,33
220,234	1655,33
220,463	1788,33
220,692	1777,33
220,922	1786,33
221,151	1834,33
221,38	1684,33
221,61	2108,33
221,839	1977,33
222,068	1750,33
222,297	1826,33
222,526	1799,33
222,756	1868,33
222,985	1879,33
223,214	1860,33
223,443	1741,33
223,672	2187,33
223,902	1706,33
224,131	1743,33
224,36	1805,33
224,589	1672,33
224,818	1754,33
225,047	1840,33
225,276	1695,33
225,505	2064,33
225,734	1790,33
225,963	1742,33
226,192	1753,33
226,421	1710,33
226,65	1808,33
226,879	1836,33
227,108	1901,33
227,337	1892,33
227,566	2002,33
227,795	1824,33
228,024	1810,33
228,253	1765,33
228,482	1758,33
228,711	1922,33
228,94	1695,33
229,168	1556,33
229,397	1987,33
229,626	1686,33
229,855	1775,33
230,084	1807,33
230,313	1728,33
230,541	1998,33
230,77	1831,33
230,999	1731,33
231,228	2077,33
231,456	1913,33
231,685	1820,33
231,914	1898,33
232,143	1844,33
232,371	1864,33
232,6	1865,33
232,829	1855,33
233,057	1977,33
233,286	1842,33
233,515	1904,33
233,743	1966,33
233,972	1761,33
234,2	1907,33
234,429	1873,33
234,658	2005,33
234,886	1796,33
235,115	1895,33
235,343	1998,33
235,572	1984,33
235,8	1950,33
236,029	2145,33
236,257	1878,33
236,486	2064,33
236,714	2130,33
236,943	2032,33
237,171	1905,33
237,399	1914,33
237,628	2015,33
237,856	2150,33
238,085	1988,33
238,313	1879,33
238,541	1977,33
238,77	2501,33
238,998	1987,33
239,226	2195,33
239,455	2001,33
239,683	2099,33
239,911	1939,33
240,14	2247,33
240,368	2131,33
240,596	2082,33
240,824	2104,33
241,053	2070,33
241,281	2061,33
241,509	2106,33
241,737	2082,33
241,965	2045,33
242,193	2065,33
242,422	2019,33
242,65	1909,33
242,878	2130,33
243,106	2124,33
243,334	2181,33
243,562	2161,33
243,79	2163,33
244,018	2267,33
244,246	2092,33
244,474	2191,33
244,702	2061,33
244,93	2225,33
245,158	2209,33
245,386	2214,33
245,614	2271,33
245,842	2306,33
246,07	2217,33
246,298	2362,33
246,526	2747,33
246,754	2176,33
246,982	2324,33
247,21	2358,33
247,438	2259,33
247,666	2289,33
247,893	2484,33
248,121	2301,33
248,349	2381,33
248,577	2504,33
248,805	2428,33
249,033	2340,33
249,26	2475,33
249,488	2339,33
249,716	2365,33
249,944	2404,33
250,171	2334,33
250,399	2357,33
250,627	2521,33
250,854	2395,33
251,082	2430,33
251,31	2496,33
251,537	2457,33
251,765	2674,33
251,993	2307,33
252,22	3021,33
252,448	2438,33
252,676	2637,33
252,903	2483,33
253,131	2812,33
253,358	2534,33
253,586	2443,33
253,813	2361,33
254,041	2660,33
254,268	2567,33
254,496	2408,33
254,723	2588,33
254,951	2655,33
255,178	2590,33
255,406	2587,33
255,633	2613,33
255,86	2781,33
256,088	2669,33
256,315	2580,33
256,543	2790,33
256,77	2702,33
256,997	2624,33
257,225	2796,33
257,452	2715,33
257,679	2806,33
257,907	2931,33
258,134	2628,33
258,361	2767,33
258,588	2697,33
258,816	2880,33
259,043	2688,33
259,27	2807,33
259,497	2853,33
259,725	2740,33
259,952	2818,33
260,179	2747,33
260,406	2844,33
260,633	2803,33
260,86	2880,33
261,088	2887,33
261,315	3162,33
261,542	2773,33
261,769	2800,33
261,996	3192,33
262,223	3048,33
262,45	3154,33
262,677	2834,33
262,904	2869,33
263,131	3050,33
263,358	2960,33
263,585	3020,33
263,812	3332,33
264,039	3058,33
264,266	2932,33
264,493	2984,33
264,72	2910,33
264,947	3028,33
265,174	3263,33
265,401	3128,33
265,627	3164,33
265,854	3029,33
266,081	3120,33
266,308	3009,33
266,535	3052,33
266,762	3244,33
266,988	3121,33
267,215	2997,33
267,442	3017,33
267,669	3148,33
267,896	3132,33
268,122	3225,33
268,349	3099,33
268,576	2994,33
268,802	3075,33
269,029	3044,33
269,256	3196,33
269,482	3090,33
269,709	3095,33
269,936	3212,33
270,162	3269,33
270,389	3188,33
270,616	3125,33
270,842	3331,33
271,069	3299,33
271,295	3151,33
271,522	3042,33
271,748	3173,33
271,975	3346,33
272,201	3324,33
272,428	3222,33
272,654	3226,33
272,881	3474,33
273,107	3136,33
273,334	3304,33
273,56	3432,33
273,787	3195,33
274,013	3344,33
274,239	3618,33
274,466	3338,33
274,692	3286,33
274,918	3398,33
275,145	3359,33
275,371	3351,33
275,597	3494,33
275,824	3419,33
276,05	3395,33
276,276	3587,33
276,503	3392,33
276,729	3563,33
276,955	3293,33
277,181	3502,33
277,407	3388,33
277,634	3464,33
277,86	3422,33
278,086	3451,33
278,312	3408,33
278,538	3331,33
278,764	3399,33
278,991	3540,33
279,217	3404,33
279,443	3318,33
279,669	3368,33
279,895	3527,33
280,121	3356,33
280,347	3428,33
280,573	3261,33
280,799	3377,33
281,025	3720,33
281,251	3406,33
281,477	3703,33
281,703	3571,33
281,929	3490,33
282,155	3598,33
282,381	3692,33
282,607	3665,33
282,833	3738,33
283,059	3800,33
283,285	3686,33
283,51	3701,33
283,736	3635,33
283,962	3878,33
284,188	3896,33
284,414	3889,33
284,64	3902,33
284,865	3936,33
285,091	3882,33
285,317	4004,33
285,543	4169,33
285,768	4062,33
285,994	4105,33
286,22	4227,33
286,446	4245,33
286,671	3850,33
286,897	4122,33
287,123	4008,33
287,348	3929,33
287,574	4604,33
287,799	4004,33
288,025	3931,33
288,251	4301,33
288,476	4030,33
288,702	4028,33
288,927	4028,33
289,153	4001,33
289,378	4335,33
289,604	4186,33
289,829	4105,33
290,055	4242,33
290,28	4262,33
290,506	4350,33
290,731	4217,33
290,957	4450,33
291,182	4472,33
291,408	4646,33
291,633	4644,33
291,858	4566,33
292,084	4672,33
292,309	4679,33
292,535	4786,33
292,76	4989,33
292,985	4994,33
293,211	4987,33
293,436	4964,33
293,661	4979,33
293,886	5250,33
294,112	5369,33
294,337	5386,33
294,562	5213,33
294,787	5617,33
295,013	5664,33
295,238	5449,33
295,463	6034,33
295,688	5774,33
295,913	5790,33
296,138	5758,33
296,364	5612,33
296,589	5851,33
296,814	5596,33
297,039	5592,33
297,264	5825,33
297,489	5757,33
297,714	5809,33
297,939	5753,33
298,164	5852,33
298,389	6035,33
298,614	5980,33
298,839	6030,33
299,064	6251,33
299,289	6374,33
299,514	6290,33
299,739	6460,33
299,964	6275,33
300,189	6246,33
300,414	6497,33
300,639	6558,33
300,863	6391,33
301,088	6778,33
301,313	6566,33
301,538	6525,33
301,763	6465,33
301,988	6515,33
302,212	6609,33
302,437	6955,33
302,662	6540,33
302,887	6600,33
303,111	6583,33
303,336	6753,33
303,561	6704,33
303,786	6741,33
304,01	6700,33
304,235	6777,33
304,46	6445,33
304,684	6632,33
304,909	6362,33
305,134	6413,33
305,358	6504,33
305,583	6471,33
305,807	6579,33
306,032	6197,33
306,256	6399,33
306,481	6415,33
306,706	6458,33
306,93	6393,33
307,155	6890,33
307,379	6472,33
307,604	6589,33
307,828	6586,33
308,052	6804,33
308,277	6744,33
308,501	6864,33
308,726	6688,33
308,95	6725,33
309,175	6646,33
309,399	6757,33
309,623	6729,33
309,848	6712,33
310,072	6546,33
310,296	7094,33
310,521	6724,33
310,745	6716,33
310,969	7071,33
311,193	6894,33
311,418	6854,33
311,642	6747,33
311,866	6882,33
312,09	6779,33
312,315	6887,33
312,539	6926,33
312,763	6715,33
312,987	6952,33
313,211	6708,33
313,435	6867,33
313,659	6793,33
313,884	7115,33
314,108	6951,33
314,332	6757,33
314,556	6639,33
314,78	7108,33
315,004	6824,33
315,228	6942,33
315,452	6816,33
315,676	6767,33
315,9	6844,33
316,124	6595,33
316,348	6824,33
316,572	6832,33
316,796	6663,33
317,02	6684,33
317,244	6719,33
317,468	6477,33
317,691	6866,33
317,915	6728,33
318,139	6866,33
318,363	7198,33
318,587	6631,33
318,811	6662,33
319,034	6440,33
319,258	6812,33
319,482	6837,33
319,706	6722,33
319,93	6593,33
320,153	6594,33
320,377	6642,33
320,601	6551,33
320,824	6494,33
321,048	6886,33
321,272	6773,33
321,495	6657,33
321,719	6834,33
321,943	6684,33
322,166	6816,33
322,39	6802,33
322,614	6731,33
322,837	7114,33
323,061	6600,33
323,284	6997,33
323,508	6738,33
323,731	6774,33
323,955	6923,33
324,178	6783,33
324,402	6921,33
324,625	6707,33
324,849	6642,33
325,072	6891,33
325,296	6802,33
325,519	6725,33
325,743	6723,33
325,966	6912,33
326,189	6763,33
326,413	6665,33
326,636	7088,33
326,859	6696,33
327,083	6962,33
327,306	6586,33
327,529	6324,33
327,753	6507,33
327,976	6663,33
328,199	6730,33
328,422	6570,33
328,646	6525,33
328,869	6458,33
329,092	6778,33
329,315	6813,33
329,538	6622,33
329,762	6838,33
329,985	6711,33
330,208	6648,33
330,431	6793,33
330,654	6934,33
330,877	6682,33
331,1	6744,33
331,323	6787,33
331,546	6943,33
331,769	6764,33
331,993	6628,33
332,216	6743,33
332,439	6799,33
332,662	6651,33
332,885	6674,33
333,107	6673,33
333,33	6561,33
333,553	6931,33
333,776	6701,33
333,999	6774,33
334,222	6594,33
334,445	6711,33
334,668	6672,33
334,891	6810,33
335,114	6490,33
335,336	6658,33
335,559	6700,33
335,782	6939,33
336,005	6661,33
336,228	6638,33
336,45	6620,33
336,673	6656,33
336,896	6685,33
337,119	6753,33
337,341	6575,33
337,564	6620,33
337,787	6724,33
338,009	6511,33
338,232	6634,33
338,455	6673,33
338,677	6623,33
338,9	6618,33
339,122	6604,33
339,345	6393,33
339,568	6341,33
339,79	6583,33
340,013	6556,33
340,235	6598,33
340,458	6474,33
340,68	6552,33
340,903	6468,33
341,125	6516,33
341,348	6559,33
341,57	6336,33
341,793	6517,33
342,015	6323,33
342,238	6485,33
342,46	6318,33
342,682	6346,33
342,905	6295,33
343,127	6306,33
343,349	6191,33
343,572	6293,33
343,794	6123,33
344,016	6115,33
344,239	6278,33
344,461	6168,33
344,683	6117,33
344,905	6223,33
345,128	6113,33
345,35	6240,33
345,572	6353,33
345,794	6505,33
346,017	6314,33
346,239	6329,33
346,461	6186,33
346,683	6266,33
346,905	6422,33
347,127	6403,33
347,349	6324,33
347,571	6298,33
347,793	6565,33
348,016	6325,33
348,238	6341,33
348,46	6295,33
348,682	6192,33
348,904	6307,33
349,126	6292,33
349,348	6324,33
349,57	6196,33
349,792	6213,33
350,014	6341,33
350,235	6298,33
350,457	7088,33
350,679	5950,33
350,901	6097,33
351,123	6198,33
351,345	6110,33
351,567	6240,33
351,789	6173,33
352,01	6237,33
352,232	6160,33
352,454	6012,33
352,676	6070,33
352,897	5864,33
353,119	5786,33
353,341	5884,33
353,563	5665,33
353,784	5720,33
354,006	5834,33
354,228	5794,33
354,449	5829,33
354,671	6109,33
354,893	6090,33
355,114	6103,33
355,336	5961,33
355,558	6168,33
355,779	6036,33
356,001	6118,33
356,222	6194,33
356,444	6065,33
356,665	6613,33
356,887	6104,33
357,108	6072,33
357,33	6042,33
357,551	6205,33
357,773	6180,33
357,994	6191,33
358,216	5951,33
358,437	6222,33
358,659	6174,33
358,88	6015,33
359,101	6141,33
359,323	6131,33
359,544	6039,33
359,765	5928,33
359,987	6070,33
360,208	5963,33
360,429	6182,33
360,651	5972,33
360,872	5995,33
361,093	5984,33
361,314	6020,33
361,536	6094,33
361,757	5974,33
361,978	6033,33
362,199	5926,33
362,42	5826,33
362,642	5948,33
362,863	6067,33
363,084	5981,33
363,305	5971,33
363,526	5962,33
363,747	5935,33
363,968	5880,33
364,189	6018,33
364,41	5868,33
364,631	5649,33
364,852	5960,33
365,073	5783,33
365,294	5873,33
365,515	5721,33
365,736	5909,33
365,957	5933,33
366,178	5972,33
366,399	6064,33
366,62	6071,33
366,841	6027,33
367,062	6090,33
367,283	6096,33
367,504	6066,33
367,724	5924,33
367,945	5920,33
368,166	6131,33
368,387	6078,33
368,608	6035,33
368,828	6105,33
369,049	5926,33
369,27	5984,33
369,491	6024,33
369,711	5974,33
369,932	6068,33
370,153	5975,33
370,373	6226,33
370,594	6126,33
370,815	6011,33
371,035	6172,33
371,256	5841,33
371,477	5873,33
371,697	5922,33
371,918	5797,33
372,138	6019,33
372,359	6132,33
372,579	5872,33
372,8	5909,33
373,02	5959,33
373,241	5992,33
373,461	5938,33
373,682	5944,33
373,902	5924,33
374,123	5869,33
374,343	6188,33
374,564	5937,33
374,784	5840,33
375,004	6008,33
375,225	5765,33
375,445	5870,33
375,666	5989,33
375,886	5643,33
376,106	5754,33
376,326	5875,33
376,547	6088,33
376,767	6020,33
376,987	5941,33
377,208	6031,33
377,428	6212,33
377,648	6208,33
377,868	6260,33
378,088	6474,33
378,309	6578,33
378,529	6524,33
378,749	6480,33
378,969	6280,33
379,189	6203,33
379,409	6322,33
379,629	5970,33
379,849	6194,33
380,069	6113,33
380,29	6118,33
380,51	6174,33
380,73	6169,33
380,95	6251,33
381,17	6054,33
381,39	6118,33
381,61	5960,33
381,829	6105,33
382,049	6085,33
382,269	5992,33
382,489	6141,33
382,709	6067,33
382,929	6052,33
383,149	5933,33
383,369	6315,33
383,589	5964,33
383,808	6023,33
384,028	6028,33
384,248	6085,33
384,468	5982,33
384,688	6036,33
384,907	6058,33
385,127	6091,33
385,347	6194,33
385,567	6054,33
385,786	6319,33
386,006	6151,33
386,226	6248,33
386,445	6264,33
386,665	6374,33
386,885	6477,33
387,104	6360,33
387,324	6568,33
387,543	6463,33
387,763	6576,33
387,982	6687,33
388,202	6615,33
388,422	6460,33
388,641	6492,33
388,861	6421,33
389,08	6436,33
389,3	6200,33
389,519	6539,33
389,738	6300,33
389,958	6506,33
390,177	6425,33
390,397	6506,33
390,616	6492,33
390,836	6541,33
391,055	6565,33
391,274	6633,33
391,494	6479,33
391,713	6594,33
391,932	6856,33
392,151	6742,33
392,371	6884,33
392,59	6835,33
392,809	6928,33
393,029	6739,33
393,248	6631,33
393,467	6207,33
393,686	6254,33
393,905	7417,33
394,124	6253,33
394,344	6466,33
394,563	6544,33
394,782	6329,33
395,001	6467,33
395,22	6348,33
395,439	6467,33
395,658	6344,33
395,877	6509,33
396,096	6424,33
396,315	6732,33
396,534	6237,33
396,753	6660,33
396,972	6513,33
397,191	6746,33
397,41	6811,33
397,629	7072,33
397,848	6789,33
398,067	7226,33
398,286	6992,33
398,505	6722,33
398,724	6774,33
398,943	7213,33
399,161	6428,33
399,38	6445,33
399,599	6455,33
399,818	6329,33
400,037	6516,33
400,255	6409,33
400,474	6286,33
400,693	6399,33
400,912	6405,33
401,13	6141,33
401,349	6185,33
401,568	5955,33
401,786	6118,33
402,005	6242,33
402,224	5970,33
402,442	6071,33
402,661	6077,33
402,88	6042,33
403,098	5962,33
403,317	5927,33
403,535	6013,33
403,754	5901,33
403,972	6067,33
404,191	5913,33
404,409	5958,33
404,628	6908,33
404,846	6174,33
405,065	6243,33
405,283	6222,33
405,502	6048,33
405,72	6093,33
405,938	5804,33
406,157	5834,33
406,375	5688,33
406,594	5748,33
406,812	5831,33
407,03	5693,33
407,249	5349,33
407,467	5693,33
407,685	5875,33
407,903	5717,33
408,122	6008,33
408,34	5860,33
408,558	5721,33
408,776	5711,33
408,995	5719,33
409,213	5735,33
409,431	5864,33
409,649	5838,33
409,867	5569,33
410,085	5571,33
410,303	5506,33
410,522	5354,33
410,74	5412,33
410,958	5478,33
411,176	5411,33
411,394	5409,33
411,612	5399,33
411,83	5657,33
412,048	5666,33
412,266	5554,33
412,484	5540,33
412,702	5714,33
412,92	5415,33
413,138	5648,33
413,356	5385,33
413,573	5504,33
413,791	5596,33
414,009	5315,33
414,227	5360,33
414,445	5190,33
414,663	5460,33
414,881	5240,33
415,098	5434,33
415,316	5302,33
415,534	5500,33
415,752	5183,33
415,969	5114,33
416,187	5172,33
416,405	5112,33
416,623	5247,33
416,84	4995,33
417,058	5158,33
417,276	5216,33
417,493	5160,33
417,711	5153,33
417,928	5172,33
418,146	5062,33
418,364	5151,33
418,581	5182,33
418,799	5053,33
419,016	4908,33
419,234	5027,33
419,451	5641,33
419,669	5045,33
419,886	5130,33
420,104	5186,33
420,321	5179,33
420,539	5313,33
420,756	5506,33
420,974	5439,33
421,191	5452,33
421,408	5577,33
421,626	5467,33
421,843	5413,33
422,06	5372,33
422,278	5063,33
422,495	5189,33
422,712	5142,33
422,93	5193,33
423,147	5220,33
423,364	5097,33
423,581	5138,33
423,799	4731,33
424,016	4976,33
424,233	4831,33
424,45	5055,33
424,667	5046,33
424,884	4945,33
425,102	4901,33
425,319	4527,33
425,536	4695,33
425,753	4775,33
425,97	4653,33
426,187	4741,33
426,404	4641,33
426,621	5066,33
426,838	5107,33
427,055	5026,33
427,272	5004,33
427,489	4871,33
427,706	4836,33
427,923	4933,33
428,14	4829,33
428,357	5059,33
428,574	4871,33
428,791	4977,33
429,008	5172,33
429,224	5160,33
429,441	5185,33
429,658	5343,33
429,875	5523,33
430,092	5374,33
430,308	5236,33
430,525	5177,33
430,742	4965,33
430,959	4891,33
431,175	4711,33
431,392	4419,33
431,609	4619,33
431,826	4465,33
432,042	4373,33
432,259	4352,33
432,476	4673,33
432,692	4319,33
432,909	4607,33
433,125	4839,33
433,342	4934,33
433,559	4834,33
433,775	4850,33
433,992	4484,33
434,208	4443,33
434,425	4514,33
434,641	4643,33
434,858	4722,33
435,074	4509,33
435,291	4429,33
435,507	4365,33
435,723	4432,33
435,94	4467,33
436,156	4575,33
436,373	4718,33
436,589	4439,33
436,805	4507,33
437,022	4311,33
437,238	4291,33
437,454	4410,33
437,671	4404,33
437,887	4467,33
438,103	4296,33
438,319	4414,33
438,536	4479,33
438,752	4435,33
438,968	4407,33
439,184	4344,33
439,4	4250,33
439,616	4142,33
439,833	4394,33
440,049	4259,33
440,265	4488,33
440,481	4528,33
440,697	4639,33
440,913	4857,33
441,129	4698,33
441,345	4851,33
441,561	4725,33
441,777	4708,33
441,993	4544,33
442,209	4366,33
442,425	4447,33
442,641	4460,33
442,857	4571,33
443,073	4544,33
443,289	4522,33
443,505	4530,33
443,721	4535,33
443,937	4475,33
444,152	4322,33
444,368	4411,33
444,584	4395,33
444,8	4634,33
445,016	4282,33
445,231	4316,33
445,447	4500,33
445,663	4410,33
445,879	4349,33
446,094	4552,33
446,31	4494,33
446,526	4355,33
446,742	4380,33
446,957	4252,33
447,173	4298,33
447,388	4293,33
447,604	4321,33
447,82	4196,33
448,035	4188,33
448,251	4125,33
448,466	4342,33
448,682	4207,33
448,897	4223,33
449,113	4215,33
449,328	4283,33
449,544	4086,33
449,759	4487,33
449,975	4032,33
450,19	4078,33
450,406	4099,33
450,621	3986,33
450,836	3866,33
451,052	4054,33
451,267	3987,33
451,483	4068,33
451,698	3857,33
451,913	4051,33
452,129	4081,33
452,344	3929,33
452,559	4123,33
452,774	3986,33
452,99	3821,33
453,205	3912,33
453,42	3893,33
453,635	3926,33
453,85	3842,33
454,066	3913,33
454,281	3904,33
454,496	3926,33
454,711	4048,33
454,926	3979,33
455,141	3712,33
455,356	3859,33
455,571	3816,33
455,786	3953,33
456,001	3736,33
456,217	3663,33
456,432	3860,33
456,647	3847,33
456,861	3924,33
457,076	3928,33
457,291	4013,33
457,506	3885,33
457,721	3985,33
457,936	3972,33
458,151	3934,33
458,366	4184,33
458,581	3911,33
458,796	4264,33
459,01	3974,33
459,225	4036,33
459,44	3730,33
459,655	3898,33
459,87	3784,33
460,084	3915,33
460,299	3718,33
460,514	3960,33
460,729	4410,33
460,943	3727,33
461,158	3784,33
461,373	3807,33
461,587	3670,33
461,802	3416,33
462,016	3686,33
462,231	3471,33
462,446	3699,33
462,66	3641,33
462,875	3655,33
463,089	3735,33
463,304	3810,33
463,518	3837,33
463,733	3868,33
463,947	3889,33
464,162	3866,33
464,376	3897,33
464,591	4041,33
464,805	3828,33
465,02	4150,33
465,234	4081,33
465,448	4095,33
465,663	4070,33
465,877	3920,33
466,091	3784,33
466,306	3878,33
466,52	3959,33
466,734	3650,33
466,949	3554,33
467,163	3567,33
467,377	3568,33
467,591	3712,33
467,806	3638,33
468,02	3451,33
468,234	3380,33
468,448	3699,33
468,662	3634,33
468,876	3684,33
469,091	3122,33
469,305	3467,33
469,519	3322,33
469,733	3244,33
469,947	3319,33
470,161	3534,33
470,375	3148,33
470,589	3493,33
470,803	3396,33
471,017	3318,33
471,231	3417,33
471,445	3433,33
471,659	3533,33
471,873	3405,33
472,087	3319,33
472,301	3563,33
472,515	3450,33
472,728	3475,33
472,942	3498,33
473,156	3614,33
473,37	3537,33
473,584	3561,33
473,798	3676,33
474,011	3486,33
474,225	3593,33
474,439	3707,33
474,653	3760,33
474,866	3688,33
475,08	3762,33
475,294	3785,33
475,507	3514,33
475,721	3737,33
475,935	3582,33
476,148	3627,33
476,362	3418,33
476,576	3498,33
476,789	3516,33
477,003	3466,33
477,216	3600,33
477,43	3664,33
477,643	3706,33
477,857	3785,33
478,07	3761,33
478,284	3745,33
478,497	3604,33
478,711	3574,33
478,924	3630,33
479,138	3411,33
479,351	3782,33
479,564	3723,33
479,778	3843,33
479,991	3717,33
480,204	3729,33
480,418	4032,33
480,631	3740,33
480,844	3902,33
481,058	3896,33
481,271	3942,33
481,484	3906,33
481,697	3868,33
481,911	3890,33
482,124	3758,33
482,337	3896,33
482,55	3847,33
482,763	3612,33
482,976	3850,33
483,19	3784,33
483,403	3857,33
483,616	3995,33
483,829	4036,33
484,042	4178,33
484,255	4256,33
484,468	4233,33
484,681	4138,33
484,894	4930,33
485,107	8079,33
485,32	10613,33
485,533	10489,33
485,746	9289,33
485,959	7680,33
486,172	6206,33
486,385	4939,33
486,598	4662,33
486,81	4216,33
487,023	4191,33
487,236	4263,33
487,449	4064,33
487,662	3805,33
487,875	3817,33
488,087	4013,33
488,3	3808,33
488,513	3614,33
488,726	3734,33
488,938	3861,33
489,151	3891,33
489,364	3720,33
489,576	3811,33
489,789	3862,33
490,002	3776,33
490,214	3841,33
490,427	3616,33
490,64	3801,33
490,852	3814,33
491,065	3639,33
491,277	3818,33
491,49	3753,33
491,702	3523,33
491,915	3830,33
492,127	3807,33
492,34	3699,33
492,552	3790,33
492,765	3865,33
492,977	3956,33
493,19	3792,33
493,402	3788,33
493,614	3660,33
493,827	3783,33
494,039	3776,33
494,251	3740,33
494,464	3769,33
494,676	3486,33
494,888	3626,33
495,101	3483,33
495,313	3698,33
495,525	3739,33
495,737	4096,33
495,95	4008,33
496,162	3936,33
496,374	3797,33
496,586	3634,33
496,798	3599,33
497,01	3883,33
497,222	3387,33
497,435	3623,33
497,647	3470,33
497,859	3594,33
498,071	3613,33
498,283	3640,33
498,495	3639,33
498,707	3947,33
498,919	3639,33
499,131	3875,33
499,343	3640,33
499,555	3573,33
499,767	3659,33
499,979	3619,33
500,191	3623,33
500,402	3500,33
500,614	3687,33
500,826	3842,33
501,038	3638,33
501,25	3667,33
501,462	3682,33
501,673	3775,33
501,885	3586,33
502,097	3802,33
502,309	3626,33
502,521	3740,33
502,732	3562,33
502,944	3670,33
503,156	3538,33
503,367	3520,33
503,579	3391,33
503,791	3525,33
504,002	3501,33
504,214	3358,33
504,425	3940,33
504,637	3704,33
504,849	3538,33
505,06	3569,33
505,272	3517,33
505,483	3421,33
505,695	3471,33
505,906	3357,33
506,118	3438,33
506,329	3362,33
506,541	3331,33
506,752	3492,33
506,963	3266,33
507,175	3114,33
507,386	3463,33
507,598	3424,33
507,809	3222,33
508,02	3309,33
508,232	3412,33
508,443	3188,33
508,654	3469,33
508,865	3307,33
509,077	2962,33
509,288	3171,33
509,499	3396,33
509,71	3123,33
509,922	3295,33
510,133	3127,33
510,344	3346,33
510,555	3108,33
510,766	3157,33
510,977	3119,33
511,188	3099,33
511,4	3068,33
511,611	2967,33
511,822	3052,33
512,033	3044,33
512,244	3132,33
512,455	3069,33
512,666	3072,33
512,877	3076,33
513,088	3061,33
513,299	2736,33
513,51	3133,33
513,721	3031,33
513,931	3018,33
514,142	3108,33
514,353	3097,33
514,564	2607,33
514,775	2812,33
514,986	2953,33
515,196	2966,33
515,407	3009,33
515,618	3006,33
515,829	2986,33
516,04	2940,33
516,25	2882,33
516,461	2854,33
516,672	2918,33
516,882	2726,33
517,093	2912,33
517,304	2690,33
517,514	2698,33
517,725	2932,33
517,936	2826,33
518,146	2795,33
518,357	2866,33
518,567	2850,33
518,778	3200,33
518,988	2785,33
519,199	3027,33
519,409	2707,33
519,62	2816,33
519,83	2616,33
520,041	2738,33
520,251	2788,33
520,462	2754,33
520,672	2706,33
520,882	2872,33
521,093	2784,33
521,303	2822,33
521,513	2678,33
521,724	3961,33
521,934	2520,33
522,144	2820,33
522,355	2686,33
522,565	2634,33
522,775	2628,33
522,985	2665,33
523,196	2709,33
523,406	2689,33
523,616	2907,33
523,826	2656,33
524,036	3581,33
524,246	2457,33
524,457	2561,33
524,667	2461,33
524,877	2637,33
525,087	2590,33
525,297	2716,33
525,507	2760,33
525,717	2497,33
525,927	2655,33
526,137	2570,33
526,347	2656,33
526,557	2534,33
526,767	2616,33
526,977	2944,33
527,187	2537,33
527,397	2449,33
527,607	2512,33
527,816	2618,33
528,026	2696,33
528,236	2699,33
528,446	2658,33
528,656	2684,33
528,865	2922,33
529,075	2556,33
529,285	2575,33
529,495	2652,33
529,704	2696,33
529,914	2582,33
530,124	2628,33
530,334	2487,33
530,543	2174,33
530,753	2840,33
530,963	2940,33
531,172	2504,33
531,382	2443,33
531,591	2820,33
531,801	2426,33
532,01	2488,33
532,22	2695,33
532,43	2609,33
532,639	2889,33
532,849	2711,33
533,058	2588,33
533,267	2775,33
533,477	2547,33
533,686	2525,33
533,896	2529,33
534,105	2628,33
534,315	2727,33
534,524	2586,33
534,733	2570,33
534,943	2727,33
535,152	2581,33
535,361	2455,33
535,57	2499,33
535,78	2496,33
535,989	2426,33
536,198	2440,33
536,407	2392,33
536,617	2493,33
536,826	2533,33
537,035	2563,33
537,244	2478,33
537,453	2353,33
537,662	2597,33
537,872	2744,33
538,081	2558,33
538,29	2460,33
538,499	2479,33
538,708	2513,33
538,917	2614,33
539,126	2614,33
539,335	2711,33
539,544	3063,33
539,753	2408,33
539,962	2531,33
540,171	2471,33
540,38	2726,33
540,589	2592,33
540,797	2583,33
541,006	2686,33
541,215	2472,33
541,424	2806,33
541,633	2651,33
541,842	2514,33
542,05	2777,33
542,259	2675,33
542,468	2596,33
542,677	2686,33
542,885	2526,33
543,094	2602,33
543,303	2521,33
543,512	2708,33
543,72	2715,33
543,929	2775,33
544,138	2471,33
544,346	2557,33
544,555	2632,33
544,763	2690,33
544,972	2523,33
545,18	2433,33
545,389	2602,33
545,598	2628,33
545,806	2647,33
546,015	2584,33
546,223	2542,33
546,431	2583,33
546,64	2540,33
546,848	2641,33
547,057	2704,33
547,265	2706,33
547,474	2437,33
547,682	2830,33
547,89	2824,33
548,099	2787,33
548,307	2626,33
548,515	2763,33
548,723	2751,33
548,932	2598,33
549,14	2663,33
549,348	2715,33
549,556	2565,33
549,765	2385,33
549,973	2489,33
550,181	2598,33
550,389	2619,33
550,597	2674,33
550,805	2500,33
551,014	2687,33
551,222	6621,33
551,43	2624,33
551,638	2719,33
551,846	2850,33
552,054	2909,33
552,262	2833,33
552,47	2594,33
552,678	2484,33
552,886	2698,33
553,094	2583,33
553,302	2754,33
553,51	2723,33
553,717	2766,33
553,925	2498,33
554,133	2899,33
554,341	2509,33
554,549	2741,33
554,757	2681,33
554,965	2706,33
555,172	2692,33
555,38	3002,33
555,588	2652,33
555,796	2698,33
556,003	2738,33
556,211	2672,33
556,419	2720,33
556,626	2701,33
556,834	2582,33
557,042	2656,33
557,249	2706,33
557,457	2714,33
557,664	2491,33
557,872	2532,33
558,08	2591,33
558,287	2720,33
558,495	2701,33
558,702	2567,33
558,91	2707,33
559,117	2695,33
559,325	2740,33
559,532	2727,33
559,74	2993,33
559,947	2833,33
560,154	2926,33
560,362	2738,33
560,569	2821,33
560,776	2755,33
560,984	2959,33
561,191	2874,33
561,398	2819,33
561,606	3200,33
561,813	2820,33
562,02	2710,33
562,227	2698,33
562,435	2816,33
562,642	3004,33
562,849	2881,33
563,056	2874,33
563,263	2793,33
563,471	3074,33
563,678	2998,33
563,885	2954,33
564,092	2975,33
564,299	3006,33
564,506	3076,33
564,713	3090,33
564,92	2980,33
565,127	3068,33
565,334	3020,33
565,541	3495,33
565,748	3187,33
565,955	3023,33
566,162	3122,33
566,369	3256,33
566,576	3339,33
566,783	3366,33
566,99	3187,33
567,196	3496,33
567,403	3328,33
567,61	3480,33
567,817	3372,33
568,024	3489,33
568,23	3567,33
568,437	3476,33
568,644	3514,33
568,851	3647,33
569,057	4089,33
569,264	4154,33
569,471	3916,33
569,677	3756,33
569,884	3828,33
570,091	4120,33
570,297	5063,33
570,504	4342,33
570,71	4191,33
570,917	4092,33
571,123	4048,33
571,33	4353,33
571,536	4216,33
571,743	4420,33
571,949	3847,33
572,156	3899,33
572,362	4156,33
572,569	4093,33
572,775	4423,33
572,982	4538,33
573,188	4622,33
573,394	4242,33
573,601	4508,33
573,807	4578,33
574,013	4969,33
574,22	4569,33
574,426	4498,33
574,632	4682,33
574,838	4496,33
575,045	4320,33
575,251	4434,33
575,457	4365,33
575,663	4598,33
575,869	4524,33
576,076	4589,33
576,282	4853,33
576,488	4618,33
576,694	4758,33
576,9	4703,33
577,106	5074,33
577,312	5280,33
577,518	5417,33
577,724	5220,33
577,93	4945,33
578,136	4735,33
578,342	4794,33
578,548	4685,33
578,754	4562,33
578,96	4748,33
579,166	4857,33
579,372	5214,33
579,578	4979,33
579,784	5170,33
579,989	4919,33
580,195	4873,33
580,401	4804,33
580,607	5171,33
580,813	5870,33
581,018	6035,33
581,224	5773,33
581,43	5585,33
581,636	5562,33
581,841	5707,33
582,047	5255,33
582,253	5138,33
582,458	4989,33
582,664	4550,33
582,869	4695,33
583,075	4536,33
583,281	5042,33
583,486	4839,33
583,692	4891,33
583,897	4978,33
584,103	5015,33
584,308	5248,33
584,514	5343,33
584,719	5462,33
584,925	5288,33
585,13	5108,33
585,335	5072,33
585,541	4962,33
585,746	4801,33
585,952	4621,33
586,157	4717,33
586,362	4878,33
586,568	4976,33
586,773	4988,33
586,978	4980,33
587,183	4963,33
587,389	4909,33
587,594	4718,33
587,799	4835,33
588,004	4818,33
588,21	4840,33
588,415	4598,33
588,62	4555,33
588,825	4610,33
589,03	4606,33
589,235	4992,33
589,44	4691,33
589,645	4454,33
589,85	4545,33
590,055	4732,33
590,26	4430,33
590,465	4226,33
590,67	4387,33
590,875	4511,33
591,08	4358,33
591,285	4440,33
591,49	4311,33
591,695	4281,33
591,9	4213,33
592,105	4455,33
592,31	4551,33
592,515	4746,33
592,719	4399,33
592,924	4239,33
593,129	4263,33
593,334	4206,33
593,539	4131,33
593,743	4238,33
593,948	4094,33
594,153	4059,33
594,357	4439,33
594,562	4016,33
594,767	4665,33
594,971	3932,33
595,176	4092,33
595,381	4333,33
595,585	4101,33
595,79	4148,33
595,994	3823,33
596,199	4366,33
596,403	3641,33
596,608	3745,33
596,812	3896,33
597,017	3935,33
597,221	4055,33
597,426	3975,33
597,63	3655,33
597,835	3760,33
598,039	3730,33
598,243	3730,33
598,448	4079,33
598,652	3845,33
598,856	3644,33
599,061	3878,33
599,265	3625,33
599,469	3522,33
599,673	3951,33
599,878	3763,33
600,082	3590,33
600,286	3667,33
600,49	3759,33
600,695	3442,33
600,899	3449,33
601,103	3474,33
601,307	3632,33
601,511	3250,33
601,715	3358,33
601,919	3305,33
602,123	3660,33
602,327	3493,33
602,531	3494,33
602,735	3582,33
602,939	3565,33
603,143	3275,33
603,347	3420,33
603,551	3382,33
603,755	3361,33
603,959	3185,33
604,163	3284,33
604,367	3206,33
604,571	3129,33
604,775	3392,33
604,978	3350,33
605,182	3204,33
605,386	3249,33
605,59	3190,33
605,793	3180,33
605,997	3197,33
606,201	3278,33
606,405	3244,33
606,608	3247,33
606,812	3132,33
607,016	3192,33
607,219	3060,33
607,423	3160,33
607,627	3228,33
607,83	3012,33
608,034	2991,33
608,237	2878,33
608,441	2929,33
608,644	3036,33
608,848	3036,33
609,051	2912,33
609,255	2889,33
609,458	3094,33
609,662	2976,33
609,865	2977,33
610,069	2877,33
610,272	2868,33
610,475	2703,33
610,679	2826,33
610,882	2867,33
611,085	2888,33
611,289	2898,33
611,492	2886,33
611,695	2737,33
611,898	2676,33
612,102	3039,33
612,305	2776,33
612,508	2780,33
612,711	2919,33
612,914	2719,33
613,118	2780,33
613,321	2753,33
613,524	2627,33
613,727	2771,33
613,93	2607,33
614,133	2730,33
614,336	2680,33
614,539	2684,33
614,742	2563,33
614,945	2601,33
615,148	2756,33
615,351	2619,33
615,554	2658,33
615,757	2534,33
615,96	2543,33
616,163	2491,33
616,366	2642,33
616,569	2635,33
616,772	2862,33
616,974	2519,33
617,177	2667,33
617,38	2559,33
617,583	2561,33
617,786	2335,33
617,988	2449,33
618,191	2675,33
618,394	2355,33
618,596	2485,33
618,799	2413,33
619,002	2447,33
619,204	2610,33
619,407	2501,33
619,61	2379,33
619,812	2338,33
620,015	2472,33
620,217	2622,33
620,42	2400,33
620,623	2429,33
620,825	2304,33
621,028	2514,33
621,23	2487,33
621,432	2514,33
621,635	2614,33
621,837	2506,33
622,04	2349,33
622,242	2429,33
622,445	2436,33
622,647	2500,33
622,849	2474,33
623,052	2438,33
623,254	2499,33
623,456	2239,33
623,658	2510,33
623,861	2509,33
624,063	2295,33
624,265	2357,33
624,467	2485,33
624,67	2279,33
624,872	2414,33
625,074	2800,33
625,276	2358,33
625,478	2525,33
625,68	2134,33
625,882	2185,33
626,084	2306,33
626,287	2341,33
626,489	2378,33
626,691	2240,33
626,893	2448,33
627,095	2328,33
627,297	2366,33
627,499	2261,33
627,7	1840,33
627,902	2111,33
628,104	2043,33
628,306	2137,33
628,508	2114,33
628,71	2174,33
628,912	2454,33
629,114	2429,33
629,315	2344,33
629,517	2219,33
629,719	2165,33
629,921	2097,33
630,122	2146,33
630,324	2071,33
630,526	2106,33
630,728	2084,33
630,929	2079,33
631,131	1936,33
631,332	2321,33
631,534	2273,33
631,736	2149,33
631,937	1941,33
632,139	2089,33
632,34	2118,33
632,542	2168,33
632,743	2048,33
632,945	2002,33
633,146	2075,33
633,348	2122,33
633,549	1933,33
633,751	1902,33
633,952	2000,33
634,154	1875,33
634,355	1809,33
634,556	2011,33
634,758	1960,33
634,959	1940,33
635,16	2058,33
635,362	1784,33
635,563	1923,33
635,764	1899,33
635,965	2055,33
636,167	2149,33
636,368	1899,33
636,569	1932,33
636,77	2205,33
636,971	1808,33
637,172	1978,33
637,374	1881,33
637,575	2085,33
637,776	1781,33
637,977	1737,33
638,178	1946,33
638,379	1932,33
638,58	2003,33
638,781	1752,33
638,982	1848,33
639,183	1854,33
639,384	1832,33
639,585	1792,33
639,786	1751,33
639,987	1809,33
640,187	1933,33
640,388	1891,33
640,589	1738,33
640,79	1717,33
640,991	1791,33
641,192	2040,33
641,392	1714,33
641,593	1759,33
641,794	1710,33
641,995	1738,33
642,195	1579,33
642,396	1759,33
642,597	1687,33
642,797	1706,33
642,998	1922,33
643,199	1760,33
643,399	1770,33
643,6	1674,33
643,8	1593,33
644,001	1693,33
644,202	1760,33
644,402	1679,33
644,603	1818,33
644,803	1601,33
645,004	1794,33
645,204	1639,33
645,404	1697,33
645,605	2305,33
645,805	1646,33
646,006	1664,33
646,206	2092,33
646,406	1690,33
646,607	1497,33
646,807	1446,33
647,007	-19,67
647,208	-7,67
647,408	-4,67
647,608	-3,67
