200,697	973,67
200,927	-16,33
201,158	21,67
201,388	-3,33
201,618	1664,67
201,849	1401,67
202,079	1680,67
202,309	1588,67
202,539	1760,67
202,77	1653,67
203	1757,67
203,23	1672,67
203,46	1614,67
203,691	1680,67
203,921	1660,67
204,151	1693,67
204,381	1669,67
204,611	1537,67
204,841	1597,67
205,071	1648,67
205,302	1799,67
205,532	1778,67
205,762	3803,67
205,992	1735,67
206,222	1552,67
206,452	1989,67
206,682	1674,67
206,912	1768,67
207,142	1782,67
207,372	1712,67
207,602	1657,67
207,832	1628,67
208,062	1764,67
208,292	1696,67
208,522	1430,67
208,752	1687,67
208,982	1677,67
209,212	1800,67
209,442	1672,67
209,672	1590,67
209,902	1706,67
210,131	1760,67
210,361	1656,67
210,591	1721,67
210,821	1561,67
211,051	1907,67
211,281	1665,67
211,51	1754,67
211,74	1719,67
211,97	1635,67
212,2	1733,67
212,429	1933,67
212,659	1740,67
212,889	1745,67
213,119	1560,67
213,348	1624,67
213,578	1815,67
213,808	1777,67
214,037	1627,67
214,267	1826,67
214,497	1686,67
214,726	1639,67
214,956	1574,67
215,186	1683,67
215,415	1686,67
215,645	1542,67
215,874	1962,67
216,104	1559,67
216,333	1721,67
216,563	1787,67
216,792	1726,67
217,022	1749,67
217,251	1786,67
217,481	1601,67
217,71	1795,67
217,94	1687,67
218,169	1742,67
218,399	1647,67
218,628	1692,67
218,858	2013,67
219,087	1714,67
219,316	1779,67
219,546	1749,67
219,775	1710,67
220,004	1913,67
220,234	1597,67
220,463	1730,67
220,692	1872,67
220,922	1713,67
221,151	1775,67
221,38	1695,67
221,61	2143,67
221,839	1997,67
222,068	1785,67
222,297	1867,67
222,526	1856,67
222,756	1866,67
222,985	1821,67
223,214	1796,67
223,443	1752,67
223,672	2469,67
223,902	1704,67
224,131	1685,67
224,36	1847,67
224,589	1561,67
224,818	1724,67
225,047	1853,67
225,276	1447,67
225,505	1831,67
225,734	1748,67
225,963	1589,67
226,192	1760,67
226,421	1653,67
226,65	1600,67
226,879	1830,67
227,108	1855,67
227,337	1829,67
227,566	2078,67
227,795	1717,67
228,024	1561,67
228,253	1738,67
228,482	1619,67
228,711	1788,67
228,94	1625,67
229,168	1745,67
229,397	1717,67
229,626	1755,67
229,855	1761,67
230,084	1727,67
230,313	1589,67
230,541	1875,67
230,77	1680,67
230,999	1582,67
231,228	2099,67
231,456	1893,67
231,685	1722,67
231,914	1783,67
232,143	1718,67
232,371	1800,67
232,6	1790,67
232,829	1726,67
233,057	1775,67
233,286	1636,67
233,515	1758,67
233,743	1751,67
233,972	1666,67
234,2	1723,67
234,429	1774,67
234,658	1819,67
234,886	1601,67
235,115	1957,67
235,343	1817,67
235,572	1702,67
235,8	1905,67
236,029	2089,67
236,257	1679,67
236,486	1844,67
236,714	1926,67
236,943	1821,67
237,171	1729,67
237,399	1756,67
237,628	1840,67
237,856	1892,67
238,085	1843,67
238,313	1747,67
238,541	1819,67
238,77	2105,67
238,998	1621,67
239,226	1757,67
239,455	1726,67
239,683	1894,67
239,911	1690,67
240,14	1939,67
240,368	1773,67
240,596	1780,67
240,824	1819,67
241,053	1689,67
241,281	1705,67
241,509	1791,67
241,737	1738,67
241,965	1640,67
242,193	1676,67
242,422	1658,67
242,65	1633,67
242,878	1744,67
243,106	1786,67
243,334	1726,67
243,562	1805,67
243,79	1770,67
244,018	1734,67
244,246	1678,67
244,474	1941,67
244,702	1586,67
244,93	1789,67
245,158	1785,67
245,386	1616,67
245,614	1891,67
245,842	1877,67
246,07	1707,67
246,298	1862,67
246,526	2207,67
246,754	1792,67
246,982	1780,67
247,21	1853,67
247,438	1753,67
247,666	1719,67
247,893	1759,67
248,121	1705,67
248,349	1670,67
248,577	1754,67
248,805	1876,67
249,033	1719,67
249,26	1894,67
249,488	1755,67
249,716	1820,67
249,944	1722,67
250,171	1666,67
250,399	1765,67
250,627	1841,67
250,854	1772,67
251,082	1774,67
251,31	1741,67
251,537	1770,67
251,765	1981,67
251,993	1622,67
252,22	2079,67
252,448	1637,67
252,676	1769,67
252,903	1788,67
253,131	2059,67
253,358	1761,67
253,586	1575,67
253,813	1672,67
254,041	2003,67
254,268	1797,67
254,496	1672,67
254,723	1693,67
254,951	1630,67
255,178	1758,67
255,406	1729,67
255,633	1734,67
255,86	1980,67
256,088	1737,67
256,315	1677,67
256,543	1893,67
256,77	1849,67
256,997	1731,67
257,225	1769,67
257,452	1680,67
257,679	1717,67
257,907	1848,67
258,134	1713,67
258,361	1868,67
258,588	1636,67
258,816	1997,67
259,043	1618,67
259,27	1813,67
259,497	1843,67
259,725	1625,67
259,952	1748,67
260,179	1590,67
260,406	1798,67
260,633	1723,67
260,86	1816,67
261,088	1729,67
261,315	1879,67
261,542	1584,67
261,769	1807,67
261,996	2023,67
262,223	1841,67
262,45	2005,67
262,677	1604,67
262,904	1667,67
263,131	1743,67
263,358	1762,67
263,585	1670,67
263,812	2065,67
264,039	1898,67
264,266	1711,67
264,493	1893,67
264,72	1729,67
264,947	1746,67
265,174	1948,67
265,401	1941,67
265,627	1995,67
265,854	1751,67
266,081	1807,67
266,308	1785,67
266,535	1769,67
266,762	1786,67
266,988	1825,67
267,215	1817,67
267,442	1648,67
267,669	1892,67
267,896	1812,67
268,122	1901,67
268,349	1591,67
268,576	1544,67
268,802	1648,67
269,029	1776,67
269,256	1832,67
269,482	1697,67
269,709	1720,67
269,936	1777,67
270,162	1904,67
270,389	1743,67
270,616	1803,67
270,842	1929,67
271,069	1889,67
271,295	1755,67
271,522	1709,67
271,748	1856,67
271,975	1893,67
272,201	1937,67
272,428	1697,67
272,654	1962,67
272,881	1842,67
273,107	1694,67
273,334	1709,67
273,56	1895,67
273,787	1866,67
274,013	1854,67
274,239	2115,67
274,466	1756,67
274,692	1703,67
274,918	1814,67
275,145	1790,67
275,371	1800,67
275,597	1920,67
275,824	1731,67
276,05	1790,67
276,276	1867,67
276,503	1757,67
276,729	1789,67
276,955	1764,67
277,181	1785,67
277,407	1734,67
277,634	2007,67
277,86	1576,67
278,086	1914,67
278,312	1785,67
278,538	1746,67
278,764	1761,67
278,991	1907,67
279,217	1697,67
279,443	1630,67
279,669	1715,67
279,895	1858,67
280,121	1684,67
280,347	1745,67
280,573	1538,67
280,799	1712,67
281,025	1949,67
281,251	1615,67
281,477	1909,67
281,703	1674,67
281,929	1588,67
282,155	1777,67
282,381	1981,67
282,607	1767,67
282,833	1715,67
283,059	1820,67
283,285	1744,67
283,51	1743,67
283,736	1589,67
283,962	1755,67
284,188	1764,67
284,414	1729,67
284,64	1812,67
284,865	1768,67
285,091	1644,67
285,317	1805,67
285,543	1856,67
285,768	1761,67
285,994	1792,67
286,22	1976,67
286,446	1865,67
286,671	1588,67
286,897	1771,67
287,123	1447,67
287,348	1815,67
287,574	2317,67
287,799	1761,67
288,025	1632,67
288,251	1904,67
288,476	1786,67
288,702	1823,67
288,927	1680,67
289,153	1693,67
289,378	2007,67
289,604	1788,67
289,829	1821,67
290,055	1915,67
290,28	1750,67
290,506	1914,67
290,731	1706,67
290,957	1854,67
291,182	1860,67
291,408	1981,67
291,633	1787,67
291,858	1659,67
292,084	1843,67
292,309	1640,67
292,535	1718,67
292,76	1874,67
292,985	1774,67
293,211	1679,67
293,436	1655,67
293,661	1677,67
293,886	1699,67
294,112	1819,67
294,337	1769,67
294,562	1539,67
294,787	1846,67
295,013	1708,67
295,238	1672,67
295,463	1792,67
295,688	1887,67
295,913	1771,67
296,138	1854,67
296,364	1924,67
296,589	1886,67
296,814	1618,67
297,039	1801,67
297,264	1879,67
297,489	1814,67
297,714	1773,67
297,939	1687,67
298,164	1726,67
298,389	1831,67
298,614	1653,67
298,839	1806,67
299,064	1878,67
299,289	1818,67
299,514	1724,67
299,739	1715,67
299,964	1669,67
300,189	1718,67
300,414	1806,67
300,639	1796,67
300,863	1684,67
301,088	2192,67
301,313	1743,67
301,538	1749,67
301,763	1733,67
301,988	1816,67
302,212	1860,67
302,437	2211,67
302,662	1622,67
302,887	1700,67
303,111	1804,67
303,336	1923,67
303,561	1858,67
303,786	1625,67
304,01	1895,67
304,235	2052,67
304,46	1697,67
304,684	1794,67
304,909	1770,67
305,134	1675,67
305,358	1871,67
305,583	1750,67
305,807	1978,67
306,032	1573,67
306,256	1778,67
306,481	1784,67
306,706	1777,67
306,93	1726,67
307,155	2024,67
307,379	1746,67
307,604	1664,67
307,828	1685,67
308,052	1925,67
308,277	1816,67
308,501	1785,67
308,726	1891,67
308,95	1813,67
309,175	1677,67
309,399	1955,67
309,623	1743,67
309,848	1625,67
310,072	1574,67
310,296	2125,67
310,521	1817,67
310,745	1680,67
310,969	1927,67
311,193	1862,67
311,418	1803,67
311,642	1726,67
311,866	1804,67
312,09	1753,67
312,315	1818,67
312,539	1830,67
312,763	1733,67
312,987	1870,67
313,211	1688,67
313,435	1926,67
313,659	1730,67
313,884	2018,67
314,108	1910,67
314,332	1893,67
314,556	1584,67
314,78	1933,67
315,004	2047,67
315,228	1903,67
315,452	1885,67
315,676	1877,67
315,9	1795,67
316,124	1553,67
316,348	1743,67
316,572	1912,67
316,796	1808,67
317,02	1644,67
317,244	1875,67
317,468	1510,67
317,691	2015,67
317,915	1872,67
318,139	1636,67
318,363	2155,67
318,587	1801,67
318,811	1696,67
319,034	1624,67
319,258	1833,67
319,482	1981,67
319,706	1871,67
319,93	1707,67
320,153	1703,67
320,377	1789,67
320,601	1656,67
320,824	1591,67
321,048	1968,67
321,272	1812,67
321,495	1747,67
321,719	1787,67
321,943	1758,67
322,166	1752,67
322,39	1749,67
322,614	1841,67
322,837	2085,67
323,061	1726,67
323,284	1728,67
323,508	1855,67
323,731	1658,67
323,955	1751,67
324,178	1765,67
324,402	1690,67
324,625	1701,67
324,849	1708,67
325,072	1771,67
325,296	1790,67
325,519	1727,67
325,743	1658,67
325,966	1881,67
326,189	1949,67
326,413	1704,67
326,636	2081,67
326,859	1996,67
327,083	2081,67
327,306	1695,67
327,529	1694,67
327,753	1630,67
327,976	1882,67
328,199	1845,67
328,422	1841,67
328,646	1759,67
328,869	1605,67
329,092	1811,67
329,315	1956,67
329,538	1724,67
329,762	1789,67
329,985	1622,67
330,208	1719,67
330,431	1795,67
330,654	1908,67
330,877	1703,67
331,1	1846,67
331,323	1759,67
331,546	1830,67
331,769	1769,67
331,993	1627,67
332,216	1656,67
332,439	1652,67
332,662	1715,67
332,885	1688,67
333,107	1588,67
333,33	1618,67
333,553	2040,67
333,776	1613,67
333,999	1907,67
334,222	1634,67
334,445	1761,67
334,668	1755,67
334,891	1783,67
335,114	1577,67
335,336	1766,67
335,559	1810,67
335,782	2066,67
336,005	1794,67
336,228	1701,67
336,45	1680,67
336,673	1655,67
336,896	1780,67
337,119	1759,67
337,341	1659,67
337,564	1558,67
337,787	1821,67
338,009	1711,67
338,232	1804,67
338,455	1845,67
338,677	1647,67
338,9	1693,67
339,122	1856,67
339,345	1669,67
339,568	1538,67
339,79	1697,67
340,013	1826,67
340,235	1839,67
340,458	1630,67
340,68	1826,67
340,903	1657,67
341,125	1666,67
341,348	1577,67
341,57	1764,67
341,793	1869,67
342,015	1596,67
342,238	1700,67
342,46	1803,67
342,682	1889,67
342,905	1524,67
343,127	1759,67
343,349	1649,67
343,572	1790,67
343,794	1678,67
344,016	1718,67
344,239	1863,67
344,461	1611,67
344,683	1600,67
344,905	1694,67
345,128	1648,67
345,35	1767,67
345,572	1817,67
345,794	1924,67
346,017	1683,67
346,239	1759,67
346,461	1657,67
346,683	1671,67
346,905	1835,67
347,127	1644,67
347,349	1686,67
347,571	1793,67
347,793	1865,67
348,016	1754,67
348,238	1748,67
348,46	1737,67
348,682	1619,67
348,904	1821,67
349,126	1753,67
349,348	1790,67
349,57	1677,67
349,792	1648,67
350,014	1795,67
350,235	1691,67
350,457	2491,67
350,679	1774,67
350,901	1548,67
351,123	1646,67
351,345	1748,67
351,567	1775,67
351,789	1828,67
352,01	1861,67
352,232	1695,67
352,454	1720,67
352,676	1898,67
352,897	1728,67
353,119	1697,67
353,341	1688,67
353,563	1673,67
353,784	1708,67
354,006	1741,67
354,228	1726,67
354,449	1777,67
354,671	1720,67
354,893	1905,67
355,114	1747,67
355,336	1690,67
355,558	1770,67
355,779	1646,67
356,001	1792,67
356,222	1770,67
356,444	1616,67
356,665	2109,67
356,887	1606,67
357,108	1633,67
357,33	1673,67
357,551	1817,67
357,773	1739,67
357,994	1649,67
358,216	1611,67
358,437	1942,67
358,659	1809,67
358,88	1671,67
359,101	1770,67
359,323	1703,67
359,544	1692,67
359,765	1443,67
359,987	1776,67
360,208	1681,67
360,429	1734,67
360,651	1657,67
360,872	1910,67
361,093	1666,67
361,314	1504,67
361,536	1734,67
361,757	1660,67
361,978	1742,67
362,199	1610,67
362,42	1549,67
362,642	1698,67
362,863	1873,67
363,084	1692,67
363,305	1709,67
363,526	1702,67
363,747	1635,67
363,968	1907,67
364,189	1906,67
364,41	1650,67
364,631	1577,67
364,852	1827,67
365,073	1649,67
365,294	1772,67
365,515	1592,67
365,736	1711,67
365,957	1684,67
366,178	1729,67
366,399	1749,67
366,62	1860,67
366,841	1854,67
367,062	1737,67
367,283	1734,67
367,504	1802,67
367,724	1571,67
367,945	1525,67
368,166	1820,67
368,387	1697,67
368,608	1696,67
368,828	1932,67
369,049	1542,67
369,27	1477,67
369,491	1673,67
369,711	1797,67
369,932	1860,67
370,153	1716,67
370,373	1700,67
370,594	1956,67
370,815	1723,67
371,035	1974,67
371,256	1558,67
371,477	1577,67
371,697	1736,67
371,918	1587,67
372,138	1774,67
372,359	1863,67
372,579	1533,67
372,8	1714,67
373,02	1733,67
373,241	1684,67
373,461	1686,67
373,682	1724,67
373,902	1759,67
374,123	1584,67
374,343	1869,67
374,564	1797,67
374,784	1607,67
375,004	1730,67
375,225	1655,67
375,445	1687,67
375,666	1890,67
375,886	1616,67
376,106	1651,67
376,326	1705,67
376,547	1887,67
376,767	1766,67
376,987	1718,67
377,208	1620,67
377,428	1651,67
377,648	1738,67
377,868	1742,67
378,088	1672,67
378,309	1799,67
378,529	1823,67
378,749	1854,67
378,969	1581,67
379,189	1772,67
379,409	1719,67
379,629	1535,67
379,849	1765,67
380,069	1679,67
380,29	1353,67
380,51	1616,67
380,73	1779,67
380,95	1991,67
381,17	1743,67
381,39	1685,67
381,61	1578,67
381,829	1616,67
382,049	1699,67
382,269	1645,67
382,489	1794,67
382,709	1707,67
382,929	1782,67
383,149	1702,67
383,369	2042,67
383,589	1662,67
383,808	1779,67
384,028	1782,67
384,248	1715,67
384,468	1600,67
384,688	1691,67
384,907	1667,67
385,127	1758,67
385,347	1710,67
385,567	1589,67
385,786	1892,67
386,006	1609,67
386,226	1678,67
386,445	1620,67
386,665	1706,67
386,885	1752,67
387,104	1831,67
387,324	1605,67
387,543	1538,67
387,763	1798,67
387,982	1731,67
388,202	1675,67
388,422	1686,67
388,641	1569,67
388,861	1835,67
389,08	1775,67
389,3	1611,67
389,519	1925,67
389,738	1678,67
389,958	1714,67
390,177	1665,67
390,397	1767,67
390,616	1577,67
390,836	1771,67
391,055	1705,67
391,274	1743,67
391,494	1533,67
391,713	1600,67
391,932	1721,67
392,151	1710,67
392,371	1566,67
392,59	1757,67
392,809	1947,67
393,029	1835,67
393,248	1868,67
393,467	1505,67
393,686	1620,67
393,905	2848,67
394,124	1634,67
394,344	1713,67
394,563	1816,67
394,782	1689,67
395,001	1779,67
395,22	1641,67
395,439	1754,67
395,658	1589,67
395,877	1743,67
396,096	1618,67
396,315	1672,67
396,534	1628,67
396,753	1915,67
396,972	1549,67
397,191	1733,67
397,41	1797,67
397,629	1548,67
397,848	1658,67
398,067	1674,67
398,286	1601,67
398,505	1590,67
398,724	1817,67
398,943	2308,67
399,161	1572,67
399,38	1672,67
399,599	1793,67
399,818	1718,67
400,037	1856,67
400,255	1717,67
400,474	1616,67
400,693	1798,67
400,912	1907,67
401,13	1683,67
401,349	1719,67
401,568	1536,67
401,786	1762,67
402,005	1753,67
402,224	1660,67
402,442	1748,67
402,661	1788,67
402,88	1658,67
403,098	1644,67
403,317	1776,67
403,535	1733,67
403,754	1583,67
403,972	1752,67
404,191	1633,67
404,409	1646,67
404,628	2299,67
404,846	1766,67
405,065	1792,67
405,283	1897,67
405,502	1670,67
405,72	1676,67
405,938	1672,67
406,157	1636,67
406,375	1550,67
406,594	1759,67
406,812	1720,67
407,03	1736,67
407,249	1500,67
407,467	1722,67
407,685	1865,67
407,903	1587,67
408,122	1831,67
408,34	1699,67
408,558	1672,67
408,776	1664,67
408,995	1701,67
409,213	1682,67
409,431	1779,67
409,649	1774,67
409,867	1559,67
410,085	1664,67
410,303	1735,67
410,522	1602,67
410,74	1571,67
410,958	1673,67
411,176	1792,67
411,394	1604,67
411,612	1633,67
411,83	1852,67
412,048	1723,67
412,266	1688,67
412,484	1646,67
412,702	1821,67
412,92	1635,67
413,138	1789,67
413,356	1625,67
413,573	1819,67
413,791	1970,67
414,009	1781,67
414,227	2014,67
414,445	1545,67
414,663	1731,67
414,881	1789,67
415,098	1493,67
415,316	1719,67
415,534	2087,67
415,752	1678,67
415,969	1895,67
416,187	1555,67
416,405	1639,67
416,623	1783,67
416,84	1404,67
417,058	1715,67
417,276	1812,67
417,493	1689,67
417,711	1666,67
417,928	1784,67
418,146	1802,67
418,364	1791,67
418,581	1695,67
418,799	1513,67
419,016	1514,67
419,234	1677,67
419,451	2180,67
419,669	1691,67
419,886	1635,67
420,104	1644,67
420,321	1638,67
420,539	1702,67
420,756	1724,67
420,974	1709,67
421,191	1674,67
421,408	1716,67
421,626	1698,67
421,843	1692,67
422,06	1703,67
422,278	1562,67
422,495	1740,67
422,712	1715,67
422,93	1800,67
423,147	1751,67
423,364	1862,67
423,581	1813,67
423,799	1666,67
424,016	1667,67
424,233	1815,67
424,45	1727,67
424,667	1641,67
424,884	1599,67
425,102	1897,67
425,319	1578,67
425,536	1647,67
425,753	1803,67
425,97	1754,67
426,187	1812,67
426,404	1532,67
426,621	1922,67
426,838	1900,67
427,055	1699,67
427,272	1652,67
427,489	1686,67
427,706	1569,67
427,923	1681,67
428,14	1768,67
428,357	1945,67
428,574	1717,67
428,791	1736,67
429,008	1623,67
429,224	1604,67
429,441	1498,67
429,658	1711,67
429,875	1881,67
430,092	1723,67
430,308	1841,67
430,525	1771,67
430,742	1738,67
430,959	1759,67
431,175	1702,67
431,392	1586,67
431,609	1708,67
431,826	1727,67
432,042	1613,67
432,259	1641,67
432,476	1883,67
432,692	1642,67
432,909	1704,67
433,125	1679,67
433,342	1621,67
433,559	1671,67
433,775	1640,67
433,992	1680,67
434,208	1588,67
434,425	1650,67
434,641	1775,67
434,858	1891,67
435,074	1737,67
435,291	1602,67
435,507	1645,67
435,723	1643,67
435,94	1587,67
436,156	1708,67
436,373	1800,67
436,589	1659,67
436,805	1740,67
437,022	1624,67
437,238	1640,67
437,454	1696,67
437,671	1684,67
437,887	1705,67
438,103	1707,67
438,319	1640,67
438,536	1766,67
438,752	1723,67
438,968	1667,67
439,184	1732,67
439,4	1567,67
439,616	1502,67
439,833	1851,67
440,049	1630,67
440,265	1754,67
440,481	1692,67
440,697	1775,67
440,913	1739,67
441,129	1661,67
441,345	1888,67
441,561	1649,67
441,777	1716,67
441,993	1775,67
442,209	1757,67
442,425	1711,67
442,641	1702,67
442,857	1691,67
443,073	1661,67
443,289	1765,67
443,505	1801,67
443,721	1792,67
443,937	1763,67
444,152	1630,67
444,368	1690,67
444,584	1709,67
444,8	1833,67
445,016	1701,67
445,231	1696,67
445,447	1873,67
445,663	1779,67
445,879	1650,67
446,094	1826,67
446,31	1781,67
446,526	1679,67
446,742	1828,67
446,957	1652,67
447,173	1746,67
447,388	1777,67
447,604	1783,67
447,82	1766,67
448,035	1799,67
448,251	1626,67
448,466	1744,67
448,682	1685,67
448,897	1585,67
449,113	1733,67
449,328	1786,67
449,544	1620,67
449,759	2057,67
449,975	1600,67
450,19	1652,67
450,406	1444,67
450,621	1665,67
450,836	1631,67
451,052	1713,67
451,267	1678,67
451,483	1689,67
451,698	1538,67
451,913	1869,67
452,129	1736,67
452,344	1604,67
452,559	1837,67
452,774	1693,67
452,99	1553,67
453,205	1660,67
453,42	1738,67
453,635	1875,67
453,85	1640,67
454,066	1767,67
454,281	1739,67
454,496	1751,67
454,711	1721,67
454,926	1820,67
455,141	1570,67
455,356	1686,67
455,571	1646,67
455,786	1809,67
456,001	1658,67
456,217	1547,67
456,432	1764,67
456,647	1799,67
456,861	1714,67
457,076	1713,67
457,291	1809,67
457,506	1664,67
457,721	1710,67
457,936	1690,67
458,151	1630,67
458,366	1836,67
458,581	1671,67
458,796	1898,67
459,01	1672,67
459,225	1750,67
459,44	1484,67
459,655	1808,67
459,87	1646,67
460,084	1604,67
460,299	1493,67
460,514	1750,67
460,729	2073,67
460,943	1281,67
461,158	1575,67
461,373	1748,67
461,587	1749,67
461,802	1616,67
462,016	1871,67
462,231	1682,67
462,446	1814,67
462,66	1641,67
462,875	1680,67
463,089	1715,67
463,304	1746,67
463,518	1660,67
463,733	1675,67
463,947	1699,67
464,162	1596,67
464,376	1655,67
464,591	1830,67
464,805	1609,67
465,02	1799,67
465,234	1690,67
465,448	1755,67
465,663	1717,67
465,877	1763,67
466,091	1664,67
466,306	1867,67
466,52	2048,67
466,734	1743,67
466,949	1632,67
467,163	1759,67
467,377	1625,67
467,591	1759,67
467,806	1731,67
468,02	1595,67
468,234	1292,67
468,448	1776,67
468,662	1693,67
468,876	1901,67
469,091	1649,67
469,305	1793,67
469,519	1700,67
469,733	1572,67
469,947	1785,67
470,161	1807,67
470,375	1551,67
470,589	1814,67
470,803	1647,67
471,017	1777,67
471,231	1658,67
471,445	1603,67
471,659	1754,67
471,873	1724,67
472,087	1535,67
472,301	1772,67
472,515	1645,67
472,728	1601,67
472,942	1593,67
473,156	1701,67
473,37	1641,67
473,584	1670,67
473,798	1611,67
474,011	1712,67
474,225	1759,67
474,439	1764,67
474,653	1823,67
474,866	1648,67
475,08	1691,67
475,294	1775,67
475,507	1606,67
475,721	1722,67
475,935	1726,67
476,148	1615,67
476,362	1551,67
476,576	1640,67
476,789	1672,67
477,003	1711,67
477,216	1820,67
477,43	1611,67
477,643	1694,67
477,857	1797,67
478,07	1666,67
478,284	1866,67
478,497	1651,67
478,711	1656,67
478,924	1656,67
479,138	1617,67
479,351	1675,67
479,564	1562,67
479,778	1851,67
479,991	1458,67
480,204	1662,67
480,418	1790,67
480,631	1601,67
480,844	1751,67
481,058	1560,67
481,271	1726,67
481,484	1766,67
481,697	1632,67
481,911	1610,67
482,124	1694,67
482,337	1690,67
482,55	1650,67
482,763	1616,67
482,976	1780,67
483,19	1580,67
483,403	1661,67
483,616	1719,67
483,829	1775,67
484,042	1701,67
484,255	1693,67
484,468	1730,67
484,681	1634,67
484,894	1688,67
485,107	1860,67
485,32	1632,67
485,533	1628,67
485,746	1766,67
485,959	1754,67
486,172	1715,67
486,385	1511,67
486,598	1740,67
486,81	1595,67
487,023	1784,67
487,236	1837,67
487,449	1650,67
487,662	1760,67
487,875	1716,67
488,087	1770,67
488,3	1710,67
488,513	1472,67
488,726	1605,67
488,938	1744,67
489,151	1716,67
489,364	1665,67
489,576	1677,67
489,789	1729,67
490,002	1747,67
490,214	1727,67
490,427	1529,67
490,64	1675,67
490,852	1699,67
491,065	1636,67
491,277	1829,67
491,49	1744,67
491,702	1531,67
491,915	1670,67
492,127	1716,67
492,34	1661,67
492,552	1720,67
492,765	1839,67
492,977	1880,67
493,19	1749,67
493,402	1759,67
493,614	1702,67
493,827	1716,67
494,039	1692,67
494,251	1790,67
494,464	1737,67
494,676	1467,67
494,888	1826,67
495,101	1722,67
495,313	1681,67
495,525	1645,67
495,737	1863,67
495,95	1861,67
496,162	1681,67
496,374	1872,67
496,586	1639,67
496,798	1758,67
497,01	1684,67
497,222	1555,67
497,435	1841,67
497,647	1590,67
497,859	1689,67
498,071	1655,67
498,283	1591,67
498,495	1679,67
498,707	1873,67
498,919	1603,67
499,131	1819,67
499,343	1583,67
499,555	1659,67
499,767	1835,67
499,979	1641,67
500,191	1824,67
500,402	1602,67
500,614	1783,67
500,826	1763,67
501,038	1520,67
501,25	1788,67
501,462	1627,67
501,673	1706,67
501,885	1623,67
502,097	1858,67
502,309	1713,67
502,521	1793,67
502,732	1587,67
502,944	1679,67
503,156	1549,67
503,367	1642,67
503,579	1668,67
503,791	1627,67
504,002	1720,67
504,214	1866,67
504,425	1982,67
504,637	1875,67
504,849	1706,67
505,06	1768,67
505,272	1718,67
505,483	1728,67
505,695	1668,67
505,906	1578,67
506,118	1685,67
506,329	1626,67
506,541	1693,67
506,752	1868,67
506,963	1738,67
507,175	1518,67
507,386	1837,67
507,598	1867,67
507,809	1654,67
508,02	1630,67
508,232	1705,67
508,443	1627,67
508,654	1949,67
508,865	1744,67
509,077	1567,67
509,288	1659,67
509,499	1894,67
509,71	1597,67
509,922	1733,67
510,133	1668,67
510,344	1868,67
510,555	1621,67
510,766	1752,67
510,977	1720,67
511,188	1662,67
511,4	1667,67
511,611	1640,67
511,822	1774,67
512,033	1717,67
512,244	1773,67
512,455	1506,67
512,666	1652,67
512,877	1820,67
513,088	1652,67
513,299	1780,67
513,51	1784,67
513,721	1455,67
513,931	1743,67
514,142	1896,67
514,353	1838,67
514,564	1650,67
514,775	1660,67
514,986	1814,67
515,196	1839,67
515,407	1686,67
515,618	1659,67
515,829	1746,67
516,04	1743,67
516,25	1644,67
516,461	1600,67
516,672	1755,67
516,882	1631,67
517,093	1801,67
517,304	1581,67
517,514	1618,67
517,725	1750,67
517,936	1601,67
518,146	1667,67
518,357	1722,67
518,567	1605,67
518,778	2058,67
518,988	1584,67
519,199	1850,67
519,409	1610,67
519,62	1744,67
519,83	1650,67
520,041	1791,67
520,251	1753,67
520,462	1810,67
520,672	1685,67
520,882	1659,67
521,093	1709,67
521,303	1999,67
521,513	1697,67
521,724	2760,67
521,934	1596,67
522,144	1694,67
522,355	1649,67
522,565	1704,67
522,775	1653,67
522,985	1681,67
523,196	1655,67
523,406	1634,67
523,616	1839,67
523,826	1667,67
524,036	2668,67
524,246	1659,67
524,457	1637,67
524,667	1501,67
524,877	1749,67
525,087	1615,67
525,297	1777,67
525,507	1793,67
525,717	1590,67
525,927	1718,67
526,137	1679,67
526,347	1731,67
526,557	1570,67
526,767	1722,67
526,977	2027,67
527,187	1612,67
527,397	1636,67
527,607	1564,67
527,816	1746,67
528,026	1669,67
528,236	1664,67
528,446	1752,67
528,656	1760,67
528,865	1898,67
529,075	1663,67
529,285	1737,67
529,495	1748,67
529,704	1714,67
529,914	1891,67
530,124	1699,67
530,334	1651,67
530,543	1666,67
530,753	1992,67
530,963	2168,67
531,172	1628,67
531,382	1756,67
531,591	2022,67
531,801	1677,67
532,01	1715,67
532,22	1700,67
532,43	1775,67
532,639	1953,67
532,849	1543,67
533,058	1625,67
533,267	1787,67
533,477	1642,67
533,686	1628,67
533,896	1639,67
534,105	1735,67
534,315	1855,67
534,524	1701,67
534,733	1708,67
534,943	1938,67
535,152	1785,67
535,361	1638,67
535,57	1626,67
535,78	1699,67
535,989	1619,67
536,198	1682,67
536,407	1697,67
536,617	1756,67
536,826	1780,67
537,035	1783,67
537,244	1672,67
537,453	1504,67
537,662	1740,67
537,872	1896,67
538,081	1735,67
538,29	1673,67
538,499	1647,67
538,708	1421,67
538,917	1763,67
539,126	1812,67
539,335	1695,67
539,544	2327,67
539,753	1615,67
539,962	1656,67
540,171	1849,67
540,38	1843,67
540,589	1790,67
540,797	1801,67
541,006	1699,67
541,215	1641,67
541,424	1917,67
541,633	1665,67
541,842	1657,67
542,05	1829,67
542,259	1695,67
542,468	1730,67
542,677	1743,67
542,885	1735,67
543,094	1751,67
543,303	1609,67
543,512	1682,67
543,72	1756,67
543,929	1807,67
544,138	1672,67
544,346	1604,67
544,555	1599,67
544,763	1758,67
544,972	1626,67
545,18	1566,67
545,389	1712,67
545,598	1696,67
545,806	1738,67
546,015	1706,67
546,223	1727,67
546,431	1661,67
546,64	1586,67
546,848	1762,67
547,057	1761,67
547,265	1591,67
547,474	1731,67
547,682	1737,67
547,89	1745,67
548,099	1749,67
548,307	1697,67
548,515	1850,67
548,723	1895,67
548,932	1438,67
549,14	1709,67
549,348	1831,67
549,556	1654,67
549,765	1654,67
549,973	1605,67
550,181	1663,67
550,389	1822,67
550,597	1791,67
550,805	1668,67
551,014	1789,67
551,222	5722,67
551,43	1548,67
551,638	1625,67
551,846	1837,67
552,054	1885,67
552,262	1932,67
552,47	1543,67
552,678	1646,67
552,886	1679,67
553,094	1617,67
553,302	1707,67
553,51	1565,67
553,717	1855,67
553,925	1567,67
554,133	1978,67
554,341	1592,67
554,549	1755,67
554,757	1674,67
554,965	1660,67
555,172	1677,67
555,38	1973,67
555,588	1612,67
555,796	1729,67
556,003	2039,67
556,211	1645,67
556,419	1767,67
556,626	1799,67
556,834	1673,67
557,042	1691,67
557,249	1696,67
557,457	1847,67
557,664	1576,67
557,872	1696,67
558,08	1636,67
558,287	1842,67
558,495	1823,67
558,702	1616,67
558,91	1957,67
559,117	1608,67
559,325	1808,67
559,532	1728,67
559,74	1812,67
559,947	1683,67
560,154	1790,67
560,362	1621,67
560,569	1621,67
560,776	1615,67
560,984	1795,67
561,191	1724,67
561,398	1738,67
561,606	2093,67
561,813	1747,67
562,02	1542,67
562,227	1708,67
562,435	1673,67
562,642	1819,67
562,849	1758,67
563,056	1690,67
563,263	1652,67
563,471	1843,67
563,678	1742,67
563,885	1613,67
564,092	1776,67
564,299	1777,67
564,506	1855,67
564,713	1447,67
564,92	1703,67
565,127	1742,67
565,334	1823,67
565,541	2023,67
565,748	1736,67
565,955	1647,67
566,162	1788,67
566,369	1789,67
566,576	1818,67
566,783	1861,67
566,99	1625,67
567,196	1782,67
567,403	1755,67
567,61	1949,67
567,817	1670,67
568,024	1731,67
568,23	1743,67
568,437	1669,67
568,644	1652,67
568,851	1687,67
569,057	1956,67
569,264	1851,67
569,471	1612,67
569,677	1656,67
569,884	1799,67
570,091	1907,67
570,297	2728,67
570,504	1898,67
570,71	1734,67
570,917	1688,67
571,123	1674,67
571,33	1801,67
571,536	1681,67
571,743	1853,67
571,949	1713,67
572,156	1704,67
572,362	1928,67
572,569	1617,67
572,775	1736,67
572,982	1907,67
573,188	1624,67
573,394	1798,67
573,601	1611,67
573,807	1544,67
574,013	1852,67
574,22	1797,67
574,426	1603,67
574,632	1770,67
574,838	1416,67
575,045	1679,67
575,251	1724,67
575,457	1745,67
575,663	1839,67
575,869	1659,67
576,076	1674,67
576,282	1668,67
576,488	1621,67
576,694	1782,67
576,9	1466,67
577,106	1627,67
577,312	1629,67
577,518	1783,67
577,724	1791,67
577,93	1783,67
578,136	1645,67
578,342	1675,67
578,548	1692,67
578,754	1639,67
578,96	1699,67
579,166	1685,67
579,372	2004,67
579,578	1714,67
579,784	1742,67
579,989	1648,67
580,195	1669,67
580,401	1677,67
580,607	1798,67
580,813	1802,67
581,018	1750,67
581,224	1630,67
581,43	1669,67
581,636	1688,67
581,841	1956,67
582,047	1703,67
582,253	1773,67
582,458	1747,67
582,664	1664,67
582,869	1666,67
583,075	1608,67
583,281	2007,67
583,486	1640,67
583,692	1614,67
583,897	1829,67
584,103	1705,67
584,308	1766,67
584,514	1744,67
584,719	1784,67
584,925	1698,67
585,13	1762,67
585,335	1802,67
585,541	1793,67
585,746	1718,67
585,952	1629,67
586,157	1764,67
586,362	1681,67
586,568	1686,67
586,773	1835,67
586,978	1678,67
587,183	1692,67
587,389	1741,67
587,594	1671,67
587,799	1816,67
588,004	1756,67
588,21	1786,67
588,415	1660,67
588,62	1783,67
588,825	1872,67
589,03	1720,67
589,235	2278,67
589,44	1831,67
589,645	1691,67
589,85	1833,67
590,055	1929,67
590,26	1737,67
590,465	1485,67
590,67	1728,67
590,875	1949,67
591,08	1857,67
591,285	1702,67
591,49	1770,67
591,695	1750,67
591,9	1745,67
592,105	1827,67
592,31	1727,67
592,515	1997,67
592,719	1636,67
592,924	1684,67
593,129	1656,67
593,334	1763,67
593,539	1713,67
593,743	1911,67
593,948	1669,67
594,153	1665,67
594,357	1912,67
594,562	1606,67
594,767	2169,67
594,971	1583,67
595,176	1777,67
595,381	1794,67
595,585	1756,67
595,79	1965,67
595,994	1498,67
596,199	2261,67
596,403	1604,67
596,608	1614,67
596,812	1738,67
597,017	1818,67
597,221	1891,67
597,426	1931,67
597,63	1697,67
597,835	1621,67
598,039	1668,67
598,243	1610,67
598,448	1991,67
598,652	1755,67
598,856	1722,67
599,061	1898,67
599,265	1707,67
599,469	1658,67
599,673	1789,67
599,878	1863,67
600,082	1731,67
600,286	1760,67
600,49	1609,67
600,695	1777,67
600,899	1664,67
601,103	1718,67
601,307	1846,67
601,511	1742,67
601,715	1632,67
601,919	1446,67
602,123	1911,67
602,327	1782,67
602,531	1708,67
602,735	1867,67
602,939	1874,67
603,143	1612,67
603,347	1799,67
603,551	1622,67
603,755	1709,67
603,959	1774,67
604,163	1789,67
604,367	1688,67
604,571	1637,67
604,775	1874,67
604,978	1688,67
605,182	1636,67
605,386	1783,67
605,59	1713,67
605,793	1705,67
605,997	1839,67
606,201	1801,67
606,405	1767,67
606,608	1822,67
606,812	1716,67
607,016	1779,67
607,219	1771,67
607,423	1676,67
607,627	1870,67
607,83	1689,67
608,034	1703,67
608,237	1813,67
608,441	1622,67
608,644	1824,67
608,848	1705,67
609,051	1962,67
609,255	1578,67
609,458	1857,67
609,662	1801,67
609,865	1743,67
610,069	1672,67
610,272	1516,67
610,475	1783,67
610,679	1645,67
610,882	1741,67
611,085	1737,67
611,289	1800,67
611,492	1740,67
611,695	1617,67
611,898	1667,67
612,102	1818,67
612,305	1745,67
612,508	1687,67
612,711	1864,67
612,914	1669,67
613,118	1823,67
613,321	1703,67
613,524	1665,67
613,727	1770,67
613,93	1695,67
614,133	1761,67
614,336	1800,67
614,539	1781,67
614,742	1625,67
614,945	1656,67
615,148	1860,67
615,351	1719,67
615,554	1856,67
615,757	1610,67
615,96	1836,67
616,163	1714,67
616,366	1880,67
616,569	1729,67
616,772	1971,67
616,974	1702,67
617,177	1891,67
617,38	1841,67
617,583	1569,67
617,786	1598,67
617,988	1609,67
618,191	1856,67
618,394	1785,67
618,596	1629,67
618,799	1673,67
619,002	1769,67
619,204	1785,67
619,407	1657,67
619,61	1675,67
619,812	1578,67
620,015	1685,67
620,217	1906,67
620,42	1703,67
620,623	1690,67
620,825	1739,67
621,028	1959,67
621,23	1784,67
621,432	1813,67
621,635	1943,67
621,837	1732,67
622,04	1709,67
622,242	1700,67
622,445	1717,67
622,647	1737,67
622,849	1840,67
623,052	1510,67
623,254	1791,67
623,456	1561,67
623,658	1824,67
623,861	1855,67
624,063	1719,67
624,265	1750,67
624,467	1630,67
624,67	1586,67
624,872	1756,67
625,074	1941,67
625,276	1844,67
625,478	1849,67
625,68	1589,67
625,882	1510,67
626,084	1832,67
626,287	1894,67
626,489	1759,67
626,691	1782,67
626,893	1765,67
627,095	1794,67
627,297	1766,67
627,499	1465,67
627,7	1500,67
627,902	1623,67
628,104	1546,67
628,306	1608,67
628,508	1660,67
628,71	1623,67
628,912	1705,67
629,114	1962,67
629,315	1757,67
629,517	1621,67
629,719	1656,67
629,921	1693,67
630,122	1656,67
630,324	1660,67
630,526	1872,67
630,728	1787,67
630,929	1657,67
631,131	1651,67
631,332	1868,67
631,534	1847,67
631,736	1792,67
631,937	1642,67
632,139	1793,67
632,34	1777,67
632,542	1846,67
632,743	1727,67
632,945	1745,67
633,146	1805,67
633,348	1801,67
633,549	1667,67
633,751	1692,67
633,952	1720,67
634,154	1471,67
634,355	1632,67
634,556	1717,67
634,758	1657,67
634,959	1662,67
635,16	1803,67
635,362	1638,67
635,563	1799,67
635,764	1758,67
635,965	1788,67
636,167	1768,67
636,368	1765,67
636,569	1641,67
636,77	1887,67
636,971	1686,67
637,172	1693,67
637,374	1633,67
637,575	1964,67
637,776	1592,67
637,977	1545,67
638,178	1796,67
638,379	1752,67
638,58	1662,67
638,781	1587,67
638,982	1737,67
639,183	1662,67
639,384	1683,67
639,585	1645,67
639,786	1629,67
639,987	1655,67
640,187	1849,67
640,388	1755,67
640,589	1554,67
640,79	1662,67
640,991	1669,67
641,192	2041,67
641,392	1612,67
641,593	1662,67
641,794	1551,67
641,995	1711,67
642,195	1545,67
642,396	1593,67
642,597	1677,67
642,797	1708,67
642,998	1777,67
643,199	1654,67
643,399	1801,67
643,6	1514,67
643,8	1574,67
644,001	1700,67
644,202	1657,67
644,402	1736,67
644,603	1717,67
644,803	1541,67
645,004	1646,67
645,204	1574,67
645,404	1707,67
645,605	2059,67
645,805	1653,67
646,006	1658,67
646,206	2161,67
646,406	1616,67
646,607	1530,67
646,807	1296,67
647,007	4,67
647,208	-63,33
647,408	26,67
647,608	13,67
