200,697	1019
200,927	83
201,158	-202
201,388	134
201,618	1307
201,849	755
202,079	1327
202,309	1327
202,539	1354
202,77	1257
203	1317
203,23	1317
203,46	1307
203,691	1333
203,921	1348
204,151	1314
204,381	1326
204,611	1395
204,841	1275
205,071	1279
205,302	1374
205,532	1441
205,762	3266
205,992	1231
206,222	1274
206,452	1371
206,682	1293
206,912	1380
207,142	1421
207,372	1375
207,602	1465
207,832	1502
208,062	1498
208,292	1476
208,522	1176
208,752	1341
208,982	1299
209,212	1350
209,442	1315
209,672	1315
209,902	1295
210,131	1422
210,361	1278
210,591	1351
210,821	1431
211,051	1472
211,281	1127
211,51	1496
211,74	1345
211,97	1303
212,2	1366
212,429	1552
212,659	1345
212,889	1362
213,119	1270
213,348	1269
213,578	1453
213,808	1451
214,037	1414
214,267	1435
214,497	1390
214,726	1296
214,956	1329
215,186	1329
215,415	1399
215,645	1375
215,874	1411
216,104	1304
216,333	1327
216,563	1328
216,792	1399
217,022	1444
217,251	1298
217,481	1307
217,71	1395
217,94	1349
218,169	1356
218,399	1376
218,628	1330
218,858	1482
219,087	1427
219,316	1372
219,546	1334
219,775	1379
220,004	1512
220,234	1190
220,463	1492
220,692	1340
220,922	1482
221,151	1213
221,38	1375
221,61	1702
221,839	1630
222,068	1416
222,297	1412
222,526	1383
222,756	1446
222,985	1475
223,214	1401
223,443	1463
223,672	1866
223,902	1320
224,131	1367
224,36	1480
224,589	1391
224,818	1373
225,047	1491
225,276	1359
225,505	1606
225,734	1417
225,963	1343
226,192	1361
226,421	1374
226,65	1353
226,879	1654
227,108	1490
227,337	1451
227,566	1578
227,795	1456
228,024	1433
228,253	1417
228,482	1342
228,711	1478
228,94	1311
229,168	1445
229,397	1406
229,626	1412
229,855	1734
230,084	1474
230,313	1323
230,541	1411
230,77	1503
230,999	1385
231,228	1730
231,456	1540
231,685	1455
231,914	1606
232,143	1505
232,371	1506
232,6	1489
232,829	1508
233,057	1572
233,286	1513
233,515	1501
233,743	1549
233,972	1499
234,2	1591
234,429	1487
234,658	1591
234,886	1467
235,115	1507
235,343	1589
235,572	1506
235,8	1647
236,029	1790
236,257	1292
236,486	1603
236,714	1626
236,943	1639
237,171	1548
237,399	1567
237,628	1629
237,856	1695
238,085	1670
238,313	1519
238,541	1607
238,77	1806
238,998	1556
239,226	1692
239,455	1696
239,683	1656
239,911	1604
240,14	1729
240,368	1715
240,596	1653
240,824	1674
241,053	1668
241,281	1655
241,509	1748
241,737	1712
241,965	1621
242,193	1637
242,422	1669
242,65	1717
242,878	1694
243,106	1740
243,334	1720
243,562	1877
243,79	1831
244,018	1771
244,246	1745
244,474	1768
244,702	1699
244,93	1754
245,158	1774
245,386	1783
245,614	1666
245,842	2241
246,07	1811
246,298	1939
246,526	2294
246,754	1781
246,982	1905
247,21	1902
247,438	1838
247,666	1875
247,893	1861
248,121	1829
248,349	1845
248,577	1935
248,805	2213
249,033	1926
249,26	1968
249,488	1610
249,716	2150
249,944	1879
250,171	1895
250,399	1940
250,627	2019
250,854	2037
251,082	1959
251,31	2036
251,537	1977
251,765	2171
251,993	1922
252,22	2213
252,448	1983
252,676	2151
252,903	1965
253,131	2343
253,358	2008
253,586	1901
253,813	1884
254,041	2073
254,268	2137
254,496	2007
254,723	2083
254,951	2140
255,178	1971
255,406	1891
255,633	2043
255,86	2264
256,088	2141
256,315	2043
256,543	2213
256,77	2200
256,997	2102
257,225	2238
257,452	2153
257,679	2096
257,907	2244
258,134	2221
258,361	2189
258,588	2204
258,816	2268
259,043	2287
259,27	2031
259,497	2297
259,725	2182
259,952	2191
260,179	2149
260,406	2267
260,633	2218
260,86	2287
261,088	2296
261,315	2450
261,542	2218
261,769	2206
261,996	2549
262,223	2420
262,45	2521
262,677	2213
262,904	2279
263,131	2420
263,358	2316
263,585	2402
263,812	2591
264,039	2438
264,266	2359
264,493	2243
264,72	2333
264,947	2391
265,174	2432
265,401	2415
265,627	2547
265,854	2389
266,081	2412
266,308	2488
266,535	2380
266,762	2423
266,988	2467
267,215	2444
267,442	2354
267,669	2563
267,896	2445
268,122	2665
268,349	2534
268,576	2189
268,802	2487
269,029	2439
269,256	2552
269,482	2460
269,709	2458
269,936	2471
270,162	2671
270,389	2441
270,616	2511
270,842	2632
271,069	2588
271,295	2526
271,522	2482
271,748	2424
271,975	2626
272,201	2614
272,428	2600
272,654	2486
272,881	2886
273,107	2529
273,334	2603
273,56	2729
273,787	2612
274,013	2557
274,239	2772
274,466	2577
274,692	2679
274,918	2628
275,145	2710
275,371	2789
275,597	2850
275,824	2753
276,05	2804
276,276	2863
276,503	2803
276,729	2811
276,955	2820
277,181	2796
277,407	2799
277,634	2946
277,86	2831
278,086	2966
278,312	2735
278,538	2785
278,764	2779
278,991	2927
279,217	2807
279,443	2819
279,669	2844
279,895	2923
280,121	2829
280,347	2834
280,573	2860
280,799	2803
281,025	3146
281,251	2938
281,477	3117
281,703	2994
281,929	3030
282,155	3103
282,381	3215
282,607	3090
282,833	3181
283,059	3175
283,285	2996
283,51	3171
283,736	3307
283,962	3189
284,188	3218
284,414	3269
284,64	3337
284,865	3311
285,091	3258
285,317	3427
285,543	3421
285,768	3403
285,994	3358
286,22	3593
286,446	3389
286,671	3266
286,897	3473
287,123	3481
287,348	3266
287,574	3974
287,799	3480
288,025	3340
288,251	3656
288,476	3512
288,702	3557
288,927	3563
289,153	3473
289,378	3708
289,604	3613
289,829	3570
290,055	3593
290,28	3682
290,506	3699
290,731	3603
290,957	3789
291,182	3819
291,408	3929
291,633	3787
291,858	3718
292,084	3917
292,309	3837
292,535	4022
292,76	3894
292,985	4011
293,211	3849
293,436	3886
293,661	3930
293,886	4117
294,112	4085
294,337	4191
294,562	3967
294,787	4205
295,013	4102
295,238	4199
295,463	4309
295,688	4389
295,913	4130
296,138	4259
296,364	4209
296,589	4257
296,814	4172
297,039	4059
297,264	4246
297,489	4233
297,714	4277
297,939	4190
298,164	4270
298,389	4390
298,614	4275
298,839	4466
299,064	4555
299,289	4581
299,514	4707
299,739	4660
299,964	4601
300,189	4677
300,414	4808
300,639	4917
300,863	4759
301,088	5123
301,313	4820
301,538	4851
301,763	4847
301,988	4954
302,212	4933
302,437	5495
302,662	4886
302,887	5053
303,111	5064
303,336	5089
303,561	5052
303,786	4981
304,01	5110
304,235	5164
304,46	5039
304,684	4991
304,909	5117
305,134	4767
305,358	5221
305,583	5027
305,807	5327
306,032	4819
306,256	5049
306,481	5126
306,706	5052
306,93	4917
307,155	5278
307,379	5106
307,604	5225
307,828	5227
308,052	5413
308,277	5353
308,501	5461
308,726	5429
308,95	5462
309,175	5314
309,399	5538
309,623	5467
309,848	5323
310,072	5312
310,296	5756
310,521	5401
310,745	5338
310,969	5705
311,193	5509
311,418	5437
311,642	5358
311,866	5356
312,09	5501
312,315	5611
312,539	5537
312,763	5474
312,987	5547
313,211	5422
313,435	5599
313,659	5454
313,884	5685
314,108	5497
314,332	5621
314,556	5591
314,78	5572
315,004	5510
315,228	5634
315,452	5584
315,676	5635
315,9	5537
316,124	5321
316,348	5439
316,572	5519
316,796	5498
317,02	5436
317,244	5471
317,468	5348
317,691	5607
317,915	5414
318,139	5405
318,363	5778
318,587	5441
318,811	5276
319,034	5333
319,258	5475
319,482	5459
319,706	5531
319,93	5463
320,153	5376
320,377	5359
320,601	5242
320,824	5339
321,048	5654
321,272	5604
321,495	5384
321,719	5593
321,943	5450
322,166	5442
322,39	5573
322,614	5507
322,837	5567
323,061	5413
323,284	5540
323,508	5535
323,731	5484
323,955	5567
324,178	5484
324,402	5562
324,625	5558
324,849	5273
325,072	5474
325,296	5543
325,519	5495
325,743	5504
325,966	5625
326,189	5563
326,413	5546
326,636	5796
326,859	5617
327,083	5693
327,306	5339
327,529	5314
327,753	5358
327,976	5434
328,199	5492
328,422	5399
328,646	5422
328,869	5358
329,092	5576
329,315	5687
329,538	5357
329,762	5525
329,985	5255
330,208	5430
330,431	5559
330,654	5826
330,877	5586
331,1	5592
331,323	5515
331,546	5701
331,769	5536
331,993	5546
332,216	5503
332,439	5570
332,662	5585
332,885	5450
333,107	5590
333,33	5482
333,553	5718
333,776	5539
333,999	5533
334,222	5412
334,445	5655
334,668	5703
334,891	5672
335,114	5370
335,336	5482
335,559	5630
335,782	5849
336,005	5573
336,228	5527
336,45	5456
336,673	5393
336,896	5528
337,119	5636
337,341	5385
337,564	5545
337,787	5502
338,009	5510
338,232	5526
338,455	5519
338,677	5530
338,9	5469
339,122	5447
339,345	5285
339,568	5400
339,79	5499
340,013	5386
340,235	5529
340,458	5335
340,68	5523
340,903	5411
341,125	5293
341,348	5370
341,57	5315
341,793	5530
342,015	5106
342,238	5317
342,46	5330
342,682	5394
342,905	5301
343,127	5257
343,349	5231
343,572	5487
343,794	5095
344,016	5213
344,239	5257
344,461	5087
344,683	5158
344,905	5203
345,128	5111
345,35	5269
345,572	5411
345,794	5460
346,017	5315
346,239	5303
346,461	5297
346,683	5370
346,905	5397
347,127	5403
347,349	5277
347,571	5419
347,793	5499
348,016	5397
348,238	5415
348,46	5261
348,682	5339
348,904	5427
349,126	5432
349,348	5547
349,57	5266
349,792	5341
350,014	5377
350,235	5286
350,457	5533
350,679	5367
350,901	5331
351,123	5284
351,345	5358
351,567	5363
351,789	5354
352,01	5420
352,232	5289
352,454	5157
352,676	5293
352,897	4924
353,119	5069
353,341	5090
353,563	4917
353,784	4910
354,006	5024
354,228	4982
354,449	5044
354,671	5254
354,893	5308
355,114	5229
355,336	5171
355,558	5351
355,779	5205
356,001	5407
356,222	5275
356,444	5273
356,665	5564
356,887	5244
357,108	5322
357,33	5280
357,551	5386
357,773	5287
357,994	5324
358,216	5163
358,437	5153
358,659	5438
358,88	5265
359,101	5302
359,323	5339
359,544	5259
359,765	5226
359,987	5247
360,208	5281
360,429	5325
360,651	5202
360,872	5271
361,093	5245
361,314	5230
361,536	5253
361,757	5220
361,978	5183
362,199	5212
362,42	5085
362,642	5208
362,863	5373
363,084	5121
363,305	5163
363,526	5195
363,747	5086
363,968	5181
364,189	5229
364,41	5145
364,631	5003
364,852	5204
365,073	5193
365,294	5125
365,515	5053
365,736	5130
365,957	5179
366,178	5155
366,399	5247
366,62	5309
366,841	5191
367,062	5301
367,283	5342
367,504	5380
367,724	5305
367,945	5175
368,166	5354
368,387	5398
368,608	5269
368,828	5412
369,049	5317
369,27	5283
369,491	5257
369,711	5295
369,932	5368
370,153	5339
370,373	5325
370,594	5385
370,815	5284
371,035	5496
371,256	4997
371,477	5310
371,697	5309
371,918	5222
372,138	5414
372,359	5447
372,579	5235
372,8	5318
373,02	5362
373,241	5356
373,461	5375
373,682	5341
373,902	5415
374,123	5306
374,343	5518
374,564	5422
374,784	5396
375,004	5487
375,225	5275
375,445	5271
375,666	5389
375,886	5013
376,106	5230
376,326	5114
376,547	5368
376,767	5473
376,987	5785
377,208	5581
377,428	5494
377,648	5665
377,868	5777
378,088	5802
378,309	5819
378,529	5839
378,749	5838
378,969	5810
379,189	6026
379,409	5771
379,629	5734
379,849	5894
380,069	5704
380,29	5711
380,51	5800
380,73	5728
380,95	5863
381,17	5783
381,39	5610
381,61	5578
381,829	5686
382,049	5694
382,269	5758
382,489	5698
382,709	5724
382,929	5735
383,149	5615
383,369	5929
383,589	5603
383,808	5733
384,028	5785
384,248	5683
384,468	5731
384,688	5730
384,907	5739
385,127	6056
385,347	5886
385,567	5838
385,786	5983
386,006	5889
386,226	5890
386,445	5923
386,665	6151
386,885	6259
387,104	6166
387,324	6366
387,543	6397
387,763	6426
387,982	6475
388,202	6562
388,422	6378
388,641	6403
388,861	6415
389,08	6479
389,3	6160
389,519	6375
389,738	6296
389,958	6407
390,177	6346
390,397	6419
390,616	6375
390,836	6536
391,055	6450
391,274	6551
391,494	6554
391,713	6599
391,932	6893
392,151	6843
392,371	6851
392,59	7010
392,809	6989
393,029	6919
393,248	6631
393,467	6368
393,686	6402
393,905	7260
394,124	6477
394,344	6344
394,563	6574
394,782	6547
395,001	6516
395,22	6549
395,439	6465
395,658	6461
395,877	6637
396,096	6665
396,315	6787
396,534	6692
396,753	6840
396,972	6831
397,191	7002
397,41	6789
397,629	7296
397,848	7246
398,067	7271
398,286	7163
398,505	7325
398,724	7320
398,943	7476
399,161	6813
399,38	6845
399,599	6813
399,818	6712
400,037	6760
400,255	6623
400,474	6543
400,693	6577
400,912	6743
401,13	6622
401,349	6444
401,568	6386
401,786	6558
402,005	6336
402,224	6371
402,442	6329
402,661	6307
402,88	6209
403,098	6144
403,317	6141
403,535	6264
403,754	6194
403,972	6340
404,191	6184
404,409	6218
404,628	7074
404,846	6386
405,065	6487
405,283	6647
405,502	6491
405,72	6354
405,938	6158
406,157	6081
406,375	6005
406,594	6328
406,812	6053
407,03	5950
407,249	5779
407,467	6041
407,685	5993
407,903	5992
408,122	6269
408,34	6276
408,558	6110
408,776	6071
408,995	5978
409,213	6075
409,431	6129
409,649	6118
409,867	5962
410,085	5999
410,303	5942
410,522	5757
410,74	5631
410,958	5770
411,176	5781
411,394	5659
411,612	5808
411,83	5881
412,048	5891
412,266	5875
412,484	5914
412,702	6110
412,92	5774
413,138	5834
413,356	5757
413,573	5672
413,791	5811
414,009	5571
414,227	5679
414,445	5530
414,663	5487
414,881	5577
415,098	5563
415,316	5502
415,534	6012
415,752	5437
415,969	5657
416,187	5476
416,405	5513
416,623	5592
416,84	5301
417,058	5403
417,276	5529
417,493	5470
417,711	5374
417,928	5507
418,146	5414
418,364	5491
418,581	5383
418,799	5317
419,016	5414
419,234	5365
419,451	5941
419,669	5486
419,886	5538
420,104	5492
420,321	5549
420,539	5647
420,756	5862
420,974	5925
421,191	5848
421,408	6096
421,626	6098
421,843	5859
422,06	5847
422,278	5652
422,495	5625
422,712	5659
422,93	5614
423,147	5630
423,364	5589
423,581	5572
423,799	5385
424,016	5438
424,233	5422
424,45	5406
424,667	5291
424,884	5402
425,102	5471
425,319	5166
425,536	5164
425,753	5227
425,97	5151
426,187	5280
426,404	5099
426,621	5549
426,838	5434
427,055	5366
427,272	5442
427,489	5422
427,706	5314
427,923	5211
428,14	5291
428,357	5391
428,574	5379
428,791	5446
429,008	5530
429,224	5596
429,441	5634
429,658	5916
429,875	6111
430,092	6007
430,308	5926
430,525	5733
430,742	5567
430,959	5470
431,175	5353
431,392	5071
431,609	5035
431,826	5195
432,042	4760
432,259	4757
432,476	5038
432,692	4697
432,909	4896
433,125	5158
433,342	5191
433,559	5513
433,775	5573
433,992	5283
434,208	4951
434,425	4814
434,641	4975
434,858	5089
435,074	4932
435,291	5011
435,507	4931
435,723	4902
435,94	4867
436,156	5067
436,373	5183
436,589	5006
436,805	4955
437,022	4844
437,238	4778
437,454	4755
437,671	4837
437,887	4905
438,103	4909
438,319	4843
438,536	5046
438,752	4916
438,968	4909
439,184	4860
439,4	4686
439,616	4639
439,833	4919
440,049	4717
440,265	4957
440,481	4907
440,697	5065
440,913	5210
441,129	5328
441,345	5374
441,561	5419
441,777	5180
441,993	5229
442,209	5021
442,425	5116
442,641	5207
442,857	5087
443,073	5145
443,289	5290
443,505	5214
443,721	5278
443,937	5171
444,152	4964
444,368	4968
444,584	4918
444,8	5120
445,016	5090
445,231	4907
445,447	5052
445,663	4930
445,879	4870
446,094	5093
446,31	5071
446,526	5038
446,742	4983
446,957	4846
447,173	4916
447,388	4834
447,604	4933
447,82	4765
448,035	4751
448,251	4801
448,466	4791
448,682	4866
448,897	4679
449,113	4808
449,328	4943
449,544	4694
449,759	5128
449,975	4483
450,19	4739
450,406	4743
450,621	4568
450,836	4583
451,052	4551
451,267	4553
451,483	4509
451,698	4442
451,913	4682
452,129	4630
452,344	4512
452,559	4669
452,774	4558
452,99	4422
453,205	4534
453,42	4469
453,635	4439
453,85	4398
454,066	4451
454,281	4375
454,496	4544
454,711	4557
454,926	4650
455,141	4471
455,356	4549
455,571	4423
455,786	4447
456,001	4356
456,217	4211
456,432	4487
456,647	4376
456,861	4539
457,076	4525
457,291	4679
457,506	4647
457,721	4616
457,936	4728
458,151	4619
458,366	4873
458,581	4655
458,796	4955
459,01	4796
459,225	4730
459,44	4590
459,655	4746
459,87	4561
460,084	4567
460,299	4660
460,514	4542
460,729	5211
460,943	4637
461,158	4421
461,373	4481
461,587	4290
461,802	4189
462,016	4304
462,231	3973
462,446	4325
462,66	4143
462,875	4381
463,089	4479
463,304	4523
463,518	4556
463,733	4630
463,947	4657
464,162	4592
464,376	4644
464,591	4878
464,805	4760
465,02	4922
465,234	4981
465,448	4972
465,663	4943
465,877	4859
466,091	4587
466,306	4699
466,52	4608
466,734	4391
466,949	4326
467,163	4383
467,377	4370
467,591	4489
467,806	4265
468,02	4301
468,234	4247
468,448	4322
468,662	4231
468,876	4368
469,091	4053
469,305	4260
469,519	4144
469,733	4025
469,947	4095
470,161	4260
470,375	3969
470,589	4159
470,803	4108
471,017	4125
471,231	4114
471,445	4042
471,659	4338
471,873	4299
472,087	4225
472,301	4436
472,515	4315
472,728	4452
472,942	4452
473,156	4622
473,37	4533
473,584	4464
473,798	4612
474,011	4523
474,225	4636
474,439	4689
474,653	4904
474,866	4829
475,08	4845
475,294	4831
475,507	4883
475,721	4878
475,935	4783
476,148	4807
476,362	4681
476,576	4685
476,789	4631
477,003	4826
477,216	4849
477,43	4932
477,643	5123
477,857	5262
478,07	5051
478,284	5170
478,497	5014
478,711	4962
478,924	5070
479,138	5155
479,351	5258
479,564	5338
479,778	5523
479,991	5452
480,204	5822
480,418	5681
480,631	5577
480,844	5652
481,058	5727
481,271	5758
481,484	5958
481,697	5908
481,911	5846
482,124	5771
482,337	5784
482,55	5740
482,763	5704
482,976	6149
483,19	5823
483,403	5932
483,616	6112
483,829	6279
484,042	6368
484,255	6573
484,468	6557
484,681	6631
484,894	6999
485,107	9807
485,32	14225
485,533	16256
485,746	15795
485,959	13748
486,172	12213
486,385	10053
486,598	8582
486,81	7514
487,023	7156
487,236	7178
487,449	7005
487,662	6632
487,875	6544
488,087	6479
488,3	6510
488,513	6435
488,726	6430
488,938	6608
489,151	6552
489,364	6629
489,576	6667
489,789	6608
490,002	6709
490,214	6535
490,427	6473
490,64	6789
490,852	6767
491,065	6683
491,277	6714
491,49	6850
491,702	6579
491,915	6743
492,127	6745
492,34	6897
492,552	6826
492,765	6851
492,977	7073
493,19	6875
493,402	6899
493,614	6878
493,827	6909
494,039	6932
494,251	7040
494,464	6932
494,676	6663
494,888	6774
495,101	6650
495,313	6756
495,525	6967
495,737	7325
495,95	7299
496,162	7461
496,374	7253
496,586	7132
496,798	7013
497,01	6853
497,222	6586
497,435	6666
497,647	6655
497,859	6660
498,071	6801
498,283	6856
498,495	6920
498,707	7118
498,919	6949
499,131	7260
499,343	6904
499,555	6909
499,767	6917
499,979	6754
500,191	6897
500,402	6700
500,614	6985
500,826	7055
501,038	7031
501,25	6930
501,462	6814
501,673	7025
501,885	6916
502,097	7108
502,309	6943
502,521	6969
502,732	6860
502,944	6923
503,156	6825
503,367	6825
503,579	6460
503,791	6754
504,002	6583
504,214	6679
504,425	6745
504,637	6730
504,849	6612
505,06	6646
505,272	6565
505,483	6447
505,695	6472
505,906	6527
506,118	6596
506,329	6531
506,541	6285
506,752	6302
506,963	6192
507,175	6017
507,386	6414
507,598	6311
507,809	6092
508,02	6299
508,232	6331
508,443	6092
508,654	6372
508,865	6118
509,077	5976
509,288	5948
509,499	6130
509,71	5919
509,922	6058
510,133	5954
510,344	6023
510,555	5855
510,766	5855
510,977	5748
511,188	5783
511,4	5758
511,611	5608
511,822	5648
512,033	5719
512,244	5824
512,455	5576
512,666	5593
512,877	5640
513,088	5538
513,299	5662
513,51	5513
513,721	5455
513,931	5800
514,142	5486
514,353	5549
514,564	5276
514,775	5269
514,986	5347
515,196	5447
515,407	5378
515,618	5237
515,829	5265
516,04	5372
516,25	5311
516,461	5281
516,672	5338
516,882	5207
517,093	5264
517,304	5068
517,514	5085
517,725	5260
517,936	5041
518,146	5164
518,357	5187
518,567	5155
518,778	5552
518,988	5146
519,199	5354
519,409	5195
519,62	5310
519,83	5021
520,041	4891
520,251	4904
520,462	4946
520,672	4936
520,882	5018
521,093	4878
521,303	5034
521,513	4849
521,724	5755
521,934	4877
522,144	4953
522,355	4668
522,565	4879
522,775	4790
522,985	4736
523,196	4831
523,406	4800
523,616	5010
523,826	4794
524,036	5475
524,246	4825
524,457	4780
524,667	4520
524,877	4755
525,087	4581
525,297	4827
525,507	4709
525,717	4502
525,927	4678
526,137	4604
526,347	4679
526,557	4651
526,767	4674
526,977	4779
527,187	4599
527,397	4525
527,607	4454
527,816	4462
528,026	4536
528,236	4765
528,446	4784
528,656	4798
528,865	4978
529,075	4631
529,285	4584
529,495	4555
529,704	4544
529,914	4510
530,124	4506
530,334	4379
530,543	4395
530,753	4576
530,963	4723
531,172	4370
531,382	4157
531,591	4639
531,801	4163
532,01	4305
532,22	4283
532,43	4404
532,639	4595
532,849	4467
533,058	4451
533,267	4910
533,477	4407
533,686	4408
533,896	4399
534,105	4212
534,315	4432
534,524	4315
534,733	4382
534,943	4454
535,152	4332
535,361	4084
535,57	4158
535,78	4067
535,989	4029
536,198	3934
536,407	3902
536,617	3838
536,826	3848
537,035	3815
537,244	3903
537,453	3756
537,662	4085
537,872	4228
538,081	4141
538,29	4017
538,499	3870
538,708	4007
538,917	4062
539,126	4236
539,335	4054
539,544	4253
539,753	3822
539,962	3901
540,171	4215
540,38	4081
540,589	3951
540,797	4092
541,006	3992
541,215	3907
541,424	4067
541,633	3927
541,842	4034
542,05	3960
542,259	3987
542,468	3969
542,677	3843
542,885	3910
543,094	3987
543,303	3897
543,512	3949
543,72	4062
543,929	4042
544,138	3857
544,346	3661
544,555	3913
544,763	3929
544,972	3757
545,18	3616
545,389	3711
545,598	3618
545,806	3935
546,015	3689
546,223	3639
546,431	3702
546,64	3568
546,848	3756
547,057	3788
547,265	3963
547,474	3885
547,682	3895
547,89	3977
548,099	3808
548,307	3691
548,515	3774
548,723	3653
548,932	3444
549,14	3456
549,348	3562
549,556	3462
549,765	3465
549,973	3337
550,181	3399
550,389	3463
550,597	3298
550,805	3238
551,014	3439
551,222	6135
551,43	3365
551,638	3591
551,846	3820
552,054	3711
552,262	3602
552,47	3407
552,678	3312
552,886	3350
553,094	3277
553,302	3439
553,51	3342
553,717	3385
553,925	3160
554,133	3405
554,341	3119
554,549	3111
554,757	3270
554,965	3310
555,172	3301
555,38	3640
555,588	3160
555,796	3367
556,003	3431
556,211	3219
556,419	2935
556,626	3149
556,834	3140
557,042	3113
557,249	3079
557,457	2840
557,664	2890
557,872	2953
558,08	2859
558,287	2899
558,495	2960
558,702	2692
558,91	2932
559,117	2589
559,325	2901
559,532	2925
559,74	3093
559,947	3005
560,154	3263
560,362	3023
560,569	3014
560,776	3018
560,984	3075
561,191	2917
561,398	2900
561,606	3002
561,813	2875
562,02	2595
562,227	2933
562,435	2833
562,642	2888
562,849	2834
563,056	2887
563,263	2721
563,471	2962
563,678	2906
563,885	2804
564,092	2926
564,299	2854
564,506	2850
564,713	2767
564,92	2801
565,127	2808
565,334	2694
565,541	3049
565,748	2862
565,955	2804
566,162	2970
566,369	2786
566,576	2945
566,783	3137
566,99	3024
567,196	3123
567,403	3247
567,61	3163
567,817	2893
568,024	3135
568,23	3361
568,437	3150
568,644	3233
568,851	3366
569,057	3677
569,264	3837
569,471	3744
569,677	3830
569,884	3756
570,091	3727
570,297	4451
570,504	3977
570,71	4052
570,917	3885
571,123	3841
571,33	3924
571,536	4023
571,743	4103
571,949	3554
572,156	3307
572,362	3309
572,569	3225
572,775	3672
572,982	4028
573,188	3983
573,394	3823
573,601	3899
573,807	3929
574,013	4201
574,22	3989
574,426	3759
574,632	4052
574,838	3711
575,045	3623
575,251	3329
575,457	3324
575,663	3383
575,869	3479
576,076	3065
576,282	3658
576,488	3673
576,694	3708
576,9	3654
577,106	4006
577,312	4022
577,518	4632
577,724	4462
577,93	3998
578,136	3642
578,342	3426
578,548	3237
578,754	2990
578,96	3170
579,166	3311
579,372	3660
579,578	3253
579,784	3601
579,989	3583
580,195	3401
580,401	3270
580,607	3391
580,813	4130
581,018	4958
581,224	5069
581,43	4649
581,636	4428
581,841	4284
582,047	3971
582,253	3642
582,458	3254
582,664	3010
582,869	2879
583,075	2674
583,281	2761
583,486	2804
583,692	2809
583,897	3133
584,103	3074
584,308	3159
584,514	3341
584,719	3746
584,925	3642
585,13	3264
585,335	3387
585,541	3145
585,746	2840
585,952	2702
586,157	2605
586,362	2642
586,568	2817
586,773	3096
586,978	2959
587,183	2973
587,389	2953
587,594	2729
587,799	2708
588,004	2682
588,21	2956
588,415	2479
588,62	2446
588,825	2417
589,03	2264
589,235	2702
589,44	2447
589,645	2339
589,85	2325
590,055	2395
590,26	2183
590,465	2181
590,67	2151
590,875	2240
591,08	2200
591,285	2113
591,49	2041
591,695	2075
591,9	2052
592,105	2132
592,31	2375
592,515	2805
592,719	2343
592,924	2305
593,129	1966
593,334	2178
593,539	2121
593,743	2152
593,948	1948
594,153	1932
594,357	2207
594,562	2068
594,767	2481
594,971	1993
595,176	2023
595,381	2052
595,585	1959
595,79	2089
595,994	1770
596,199	1858
596,403	1576
596,608	1795
596,812	1736
597,017	2031
597,221	2026
597,426	1966
597,63	1777
597,835	1738
598,039	1733
598,243	1853
598,448	2220
598,652	2038
598,856	1972
599,061	1916
599,265	1845
599,469	1847
599,673	1971
599,878	1982
600,082	1911
600,286	1903
600,49	1910
600,695	1783
600,899	1881
601,103	1853
601,307	1945
601,511	1907
601,715	1756
601,919	1725
602,123	2040
602,327	1830
602,531	1802
602,735	2001
602,939	2010
603,143	1841
603,347	1935
603,551	1842
603,755	1771
603,959	1843
604,163	1827
604,367	1784
604,571	1641
604,775	1800
604,978	1761
605,182	1725
605,386	1941
605,59	1854
605,793	1803
605,997	1871
606,201	1827
606,405	1768
606,608	1871
606,812	1738
607,016	1894
607,219	1743
607,423	1723
607,627	1866
607,83	1688
608,034	1652
608,237	1763
608,441	1455
608,644	1879
608,848	1759
609,051	1658
609,255	1597
609,458	1806
609,662	1759
609,865	1807
610,069	1664
610,272	1259
610,475	1607
610,679	1635
610,882	1640
611,085	1679
611,289	1789
611,492	1676
611,695	1638
611,898	1574
612,102	1756
612,305	1662
612,508	1657
612,711	1857
612,914	1596
613,118	1812
613,321	1749
613,524	1590
613,727	1406
613,93	1581
614,133	1686
614,336	1674
614,539	1641
614,742	1555
614,945	1658
615,148	1716
615,351	1663
615,554	1739
615,757	1495
615,96	1627
616,163	1567
616,366	1706
616,569	1597
616,772	1753
616,974	1790
617,177	1736
617,38	1651
617,583	1651
617,786	1531
617,988	1510
618,191	1715
618,394	1729
618,596	1413
618,799	1696
619,002	1651
619,204	1620
619,407	1601
619,61	1554
619,812	1575
620,015	1572
620,217	1727
620,42	1605
620,623	1579
620,825	1587
621,028	1716
621,23	1634
621,432	1877
621,635	1356
621,837	1683
622,04	1599
622,242	1839
622,445	1665
622,647	1656
622,849	1718
623,052	1496
623,254	1716
623,456	1481
623,658	1687
623,861	1682
624,063	1572
624,265	1674
624,467	1688
624,67	1501
624,872	1597
625,074	1759
625,276	1622
625,478	1645
625,68	1439
625,882	1453
626,084	1577
626,287	1690
626,489	1622
626,691	1597
626,893	1782
627,095	1590
627,297	1546
627,499	1577
627,7	1373
627,902	1382
628,104	1400
628,306	1562
628,508	1488
628,71	1532
628,912	1580
629,114	1757
629,315	1517
629,517	1436
629,719	1476
629,921	1610
630,122	1595
630,324	1435
630,526	1604
630,728	1443
630,929	1435
631,131	1451
631,332	1626
631,534	1632
631,736	1540
631,937	1404
632,139	1480
632,34	1488
632,542	1545
632,743	1534
632,945	1422
633,146	1513
633,348	1512
633,549	1419
633,751	1515
633,952	1485
634,154	1322
634,355	1411
634,556	1474
634,758	1398
634,959	1409
635,16	1759
635,362	1426
635,563	1726
635,764	1472
635,965	1546
636,167	1470
636,368	1479
636,569	1461
636,77	1583
636,971	1443
637,172	1450
637,374	1354
637,575	1567
637,776	1306
637,977	1346
638,178	1609
638,379	1558
638,58	1405
638,781	1377
638,982	1426
639,183	1483
639,384	1403
639,585	1380
639,786	1327
639,987	1356
640,187	1493
640,388	1546
640,589	1353
640,79	1338
640,991	1363
641,192	1494
641,392	1358
641,593	1363
641,794	1266
641,995	1255
642,195	1274
642,396	1319
642,597	1295
642,797	1390
642,998	1468
643,199	1372
643,399	1470
643,6	1500
643,8	1315
644,001	1227
644,202	1417
644,402	1273
644,603	1464
644,803	1267
645,004	1356
645,204	1262
645,404	1392
645,605	1615
645,805	1287
646,006	1336
646,206	1744
646,406	1313
646,607	1316
646,807	1094
647,007	32
647,208	45
647,408	-3
647,608	-6
