200,697	775
200,927	-121
201,158	-5
201,388	49
201,618	1509
201,849	1387
202,079	1690
202,309	1518
202,539	1714
202,77	1494
203	1605
203,23	1560
203,46	1568
203,691	1624
203,921	1637
204,151	1598
204,381	1570
204,611	1690
204,841	1531
205,071	1674
205,302	1728
205,532	1743
205,762	3943
205,992	1533
206,222	1565
206,452	1658
206,682	1632
206,912	1640
207,142	1734
207,372	1689
207,602	1465
207,832	1581
208,062	1710
208,292	1753
208,522	1631
208,752	1581
208,982	1527
209,212	1745
209,442	1600
209,672	1579
209,902	1638
210,131	1628
210,361	1535
210,591	1688
210,821	1610
211,051	1612
211,281	1660
211,51	1692
211,74	1757
211,97	1657
212,2	1647
212,429	1932
212,659	1603
212,889	1704
213,119	1527
213,348	1543
213,578	1777
213,808	1672
214,037	1774
214,267	1638
214,497	1705
214,726	1546
214,956	1548
215,186	1617
215,415	1691
215,645	1699
215,874	1693
216,104	1519
216,333	1643
216,563	1680
216,792	1686
217,022	1726
217,251	1715
217,481	1514
217,71	1700
217,94	1646
218,169	1704
218,399	1678
218,628	1565
218,858	1711
219,087	1727
219,316	1709
219,546	1672
219,775	1585
220,004	1812
220,234	1617
220,463	1727
220,692	1722
220,922	1662
221,151	1911
221,38	1651
221,61	2106
221,839	1985
222,068	1569
222,297	1876
222,526	1695
222,756	1661
222,985	1813
223,214	1680
223,443	1685
223,672	2156
223,902	1629
224,131	1592
224,36	1825
224,589	1553
224,818	1653
225,047	1740
225,276	1731
225,505	1956
225,734	1699
225,963	1595
226,192	1625
226,421	1617
226,65	1721
226,879	1776
227,108	1791
227,337	1761
227,566	1861
227,795	1749
228,024	1697
228,253	1587
228,482	1558
228,711	1795
228,94	1575
229,168	1498
229,397	1667
229,626	1841
229,855	1621
230,084	1341
230,313	1597
230,541	1753
230,77	1447
230,999	1547
231,228	1911
231,456	1769
231,685	1758
231,914	1697
232,143	1757
232,371	1701
232,6	1708
232,829	1664
233,057	1721
233,286	1687
233,515	1684
233,743	1757
233,972	1609
234,2	1717
234,429	1658
234,658	1749
234,886	1573
235,115	1721
235,343	1755
235,572	1636
235,8	1882
236,029	1984
236,257	1578
236,486	1776
236,714	1771
236,943	1872
237,171	1607
237,399	1649
237,628	1804
237,856	1853
238,085	1764
238,313	1594
238,541	1674
238,77	1896
238,998	1536
239,226	1761
239,455	1704
239,683	1937
239,911	1634
240,14	1953
240,368	1764
240,596	1679
240,824	1768
241,053	1691
241,281	1648
241,509	1665
241,737	1612
241,965	1557
242,193	1613
242,422	1560
242,65	1571
242,878	1650
243,106	1715
243,334	1674
243,562	1764
243,79	1751
244,018	1755
244,246	1880
244,474	1623
244,702	1645
244,93	1755
245,158	1693
245,386	1657
245,614	1771
245,842	1826
246,07	1615
246,298	1786
246,526	2172
246,754	1601
246,982	1722
247,21	1715
247,438	1678
247,666	1678
247,893	1661
248,121	1464
248,349	1638
248,577	1678
248,805	1765
249,033	1687
249,26	1859
249,488	1612
249,716	1551
249,944	1600
250,171	1584
250,399	1628
250,627	1802
250,854	1542
251,082	1568
251,31	1728
251,537	1727
251,765	1931
251,993	1581
252,22	2026
252,448	1569
252,676	1800
252,903	1726
253,131	1992
253,358	1683
253,586	1507
253,813	1539
254,041	1704
254,268	1696
254,496	1543
254,723	1607
254,951	1715
255,178	1718
255,406	1626
255,633	1664
255,86	1828
256,088	1676
256,315	1614
256,543	1815
256,77	1776
256,997	1680
257,225	1663
257,452	1698
257,679	1916
257,907	1771
258,134	1622
258,361	1655
258,588	1703
258,816	1638
259,043	1478
259,27	1771
259,497	1778
259,725	1593
259,952	1704
260,179	1574
260,406	1761
260,633	1650
260,86	1708
261,088	1617
261,315	1836
261,542	1546
261,769	1636
261,996	2005
262,223	1832
262,45	1954
262,677	1527
262,904	1668
263,131	1805
263,358	1647
263,585	1748
263,812	1964
264,039	1875
264,266	1750
264,493	1718
264,72	1641
264,947	1669
265,174	1987
265,401	1829
265,627	1719
265,854	1796
266,081	1761
266,308	1717
266,535	1717
266,762	1637
266,988	1789
267,215	1729
267,442	1676
267,669	1870
267,896	1757
268,122	1866
268,349	1723
268,576	1629
268,802	1699
269,029	1669
269,256	1791
269,482	1661
269,709	1686
269,936	1719
270,162	1890
270,389	1703
270,616	1747
270,842	1859
271,069	1723
271,295	1818
271,522	1657
271,748	1732
271,975	1825
272,201	1835
272,428	1756
272,654	1690
272,881	1937
273,107	1677
273,334	1714
273,56	1819
273,787	1667
274,013	1734
274,239	2012
274,466	1732
274,692	1669
274,918	1726
275,145	1754
275,371	1693
275,597	1895
275,824	1770
276,05	1704
276,276	1811
276,503	1633
276,729	1724
276,955	1608
277,181	1761
277,407	1708
277,634	1663
277,86	1759
278,086	1821
278,312	1657
278,538	1734
278,764	1676
278,991	1791
279,217	1780
279,443	1689
279,669	1776
279,895	1721
280,121	1641
280,347	1716
280,573	1646
280,799	1706
281,025	1907
281,251	1567
281,477	1841
281,703	1650
281,929	1646
282,155	1668
282,381	1787
282,607	1701
282,833	1743
283,059	1799
283,285	1720
283,51	1686
283,736	1531
283,962	1689
284,188	1735
284,414	1709
284,64	1721
284,865	1779
285,091	1693
285,317	1725
285,543	1756
285,768	1731
285,994	1662
286,22	1900
286,446	1719
286,671	1580
286,897	1808
287,123	1622
287,348	1874
287,574	2227
287,799	1770
288,025	1726
288,251	1916
288,476	1713
288,702	1506
288,927	1672
289,153	1662
289,378	1903
289,604	1720
289,829	1690
290,055	1624
290,28	1739
290,506	1792
290,731	1645
290,957	1736
291,182	1778
291,408	1853
291,633	1746
291,858	1660
292,084	1771
292,309	1666
292,535	1561
292,76	1783
292,985	1725
293,211	1653
293,436	1587
293,661	1405
293,886	1710
294,112	1700
294,337	1707
294,562	1497
294,787	1780
295,013	1685
295,238	1566
295,463	1857
295,688	1887
295,913	1701
296,138	1729
296,364	1702
296,589	2005
296,814	1425
297,039	1733
297,264	1819
297,489	1738
297,714	1745
297,939	1663
298,164	1671
298,389	1845
298,614	1618
298,839	1722
299,064	1754
299,289	1749
299,514	1759
299,739	1673
299,964	1678
300,189	1695
300,414	1726
300,639	1760
300,863	1589
301,088	2140
301,313	1703
301,538	1670
301,763	1600
301,988	1703
302,212	1750
302,437	2155
302,662	1632
302,887	1625
303,111	1659
303,336	1826
303,561	1769
303,786	1650
304,01	1768
304,235	1827
304,46	1631
304,684	1914
304,909	1792
305,134	1600
305,358	1845
305,583	1751
305,807	1962
306,032	1452
306,256	1752
306,481	1717
306,706	1680
306,93	1685
307,155	1942
307,379	1553
307,604	1861
307,828	1551
308,052	1823
308,277	1777
308,501	1742
308,726	1792
308,95	1736
309,175	1573
309,399	1861
309,623	1733
309,848	1618
310,072	1556
310,296	2048
310,521	1682
310,745	1633
310,969	1931
311,193	1855
311,418	1723
311,642	1697
311,866	1739
312,09	1735
312,315	1791
312,539	1786
312,763	1646
312,987	1784
313,211	1616
313,435	1806
313,659	1682
313,884	1965
314,108	1664
314,332	1894
314,556	1661
314,78	1986
315,004	1688
315,228	1912
315,452	1720
315,676	1744
315,9	1785
316,124	1561
316,348	1657
316,572	1750
316,796	1884
317,02	1667
317,244	1739
317,468	1638
317,691	1928
317,915	1782
318,139	1688
318,363	2137
318,587	1702
318,811	1648
319,034	1558
319,258	1839
319,482	1909
319,706	1778
319,93	1702
320,153	1725
320,377	1781
320,601	1600
320,824	1530
321,048	1864
321,272	1785
321,495	1647
321,719	1707
321,943	1759
322,166	1705
322,39	1688
322,614	1824
322,837	1859
323,061	1618
323,284	1612
323,508	1732
323,731	1601
323,955	1694
324,178	1652
324,402	1762
324,625	1695
324,849	1673
325,072	1810
325,296	1791
325,519	1636
325,743	1696
325,966	1819
326,189	1898
326,413	1712
326,636	2026
326,859	1766
327,083	2007
327,306	1656
327,529	1548
327,753	1520
327,976	1848
328,199	1805
328,422	1794
328,646	1657
328,869	1637
329,092	1826
329,315	1888
329,538	1680
329,762	1747
329,985	1525
330,208	1678
330,431	1713
330,654	1850
330,877	1752
331,1	1771
331,323	1695
331,546	1837
331,769	1737
331,993	1622
332,216	1712
332,439	1670
332,662	1934
332,885	1693
333,107	1549
333,33	1556
333,553	1852
333,776	1644
333,999	1679
334,222	1550
334,445	1677
334,668	1655
334,891	1743
335,114	1483
335,336	1755
335,559	1461
335,782	1920
336,005	1693
336,228	1630
336,45	1622
336,673	1653
336,896	1681
337,119	1726
337,341	1669
337,564	1597
337,787	1721
338,009	1636
338,232	1673
338,455	1771
338,677	1675
338,9	1749
339,122	1669
339,345	1535
339,568	1525
339,79	1646
340,013	1802
340,235	1752
340,458	1614
340,68	1784
340,903	1592
341,125	1638
341,348	1732
341,57	1621
341,793	1903
342,015	1441
342,238	1639
342,46	1819
342,682	1793
342,905	1604
343,127	1713
343,349	1358
343,572	1718
343,794	1613
344,016	1564
344,239	1774
344,461	1597
344,683	1612
344,905	1635
345,128	1604
345,35	1667
345,572	1779
345,794	1839
346,017	1670
346,239	1628
346,461	1603
346,683	1619
346,905	1729
347,127	1709
347,349	1634
347,571	1609
347,793	1886
348,016	1691
348,238	1541
348,46	1676
348,682	1564
348,904	1690
349,126	1786
349,348	1716
349,57	1669
349,792	1563
350,014	1751
350,235	1634
350,457	2512
350,679	1683
350,901	1567
351,123	1445
351,345	1641
351,567	1761
351,789	1664
352,01	1780
352,232	1707
352,454	1540
352,676	2043
352,897	1693
353,119	1662
353,341	1742
353,563	1631
353,784	1649
354,006	1617
354,228	1727
354,449	1609
354,671	1786
354,893	1838
355,114	1687
355,336	1621
355,558	1642
355,779	1602
356,001	1793
356,222	1643
356,444	1598
356,665	2179
356,887	1591
357,108	1588
357,33	1653
357,551	1774
357,773	1701
357,994	1640
358,216	1580
358,437	1771
358,659	1766
358,88	1641
359,101	1736
359,323	1791
359,544	1623
359,765	1553
359,987	1661
360,208	1635
360,429	1914
360,651	1644
360,872	1826
361,093	1669
361,314	1692
361,536	1681
361,757	1859
361,978	1734
362,199	1549
362,42	1545
362,642	1701
362,863	1739
363,084	1669
363,305	1738
363,526	1659
363,747	1684
363,968	1682
364,189	1833
364,41	1550
364,631	1487
364,852	1818
365,073	1642
365,294	1657
365,515	1519
365,736	1705
365,957	1649
366,178	1642
366,399	1691
366,62	1617
366,841	1791
367,062	1662
367,283	1660
367,504	1714
367,724	1553
367,945	1559
368,166	1776
368,387	1631
368,608	1567
368,828	1760
369,049	1597
369,27	1640
369,491	1647
369,711	1565
369,932	1845
370,153	1722
370,373	1710
370,594	1882
370,815	1663
371,035	1612
371,256	1407
371,477	1545
371,697	1614
371,918	1519
372,138	1683
372,359	1850
372,579	1619
372,8	1666
373,02	1706
373,241	1662
373,461	1656
373,682	1680
373,902	1637
374,123	1558
374,343	1813
374,564	1604
374,784	1608
375,004	1697
375,225	1579
375,445	1598
375,666	1758
375,886	1695
376,106	1600
376,326	1585
376,547	1879
376,767	1795
376,987	1607
377,208	1634
377,428	1501
377,648	1673
377,868	1664
378,088	1852
378,309	1821
378,529	1747
378,749	1547
378,969	1497
379,189	1695
379,409	1590
379,629	1520
379,849	1726
380,069	1541
380,29	1665
380,51	1550
380,73	1709
380,95	1898
381,17	1684
381,39	1568
381,61	1507
381,829	1393
382,049	1577
382,269	1593
382,489	1697
382,709	1545
382,929	1650
383,149	1670
383,369	2011
383,589	1577
383,808	1705
384,028	1703
384,248	1647
384,468	1616
384,688	1648
384,907	1581
385,127	1641
385,347	1679
385,567	1527
385,786	1791
386,006	1579
386,226	1690
386,445	1585
386,665	1594
386,885	1738
387,104	1573
387,324	1591
387,543	1569
387,763	1602
387,982	1973
388,202	1710
388,422	1657
388,641	1594
388,861	1711
389,08	1721
389,3	1797
389,519	1730
389,738	1692
389,958	1610
390,177	1596
390,397	1769
390,616	1586
390,836	1697
391,055	1699
391,274	1723
391,494	1615
391,713	1603
391,932	1642
392,151	1574
392,371	1553
392,59	1688
392,809	1764
393,029	1740
393,248	1792
393,467	1496
393,686	1564
393,905	2753
394,124	1686
394,344	1733
394,563	1740
394,782	1612
395,001	1723
395,22	1595
395,439	1694
395,658	1528
395,877	1715
396,096	1541
396,315	1806
396,534	1495
396,753	1689
396,972	1591
397,191	1457
397,41	1590
397,629	1584
397,848	1633
398,067	1701
398,286	1595
398,505	1361
398,724	1878
398,943	2236
399,161	1522
399,38	1704
399,599	1560
399,818	1610
400,037	1705
400,255	1719
400,474	1607
400,693	1623
400,912	1833
401,13	1625
401,349	1662
401,568	1508
401,786	1765
402,005	1694
402,224	1584
402,442	1718
402,661	1707
402,88	1635
403,098	1528
403,317	1700
403,535	1670
403,754	1484
403,972	1603
404,191	1591
404,409	1643
404,628	2319
404,846	1736
405,065	1747
405,283	1706
405,502	1571
405,72	1667
405,938	1628
406,157	1510
406,375	1649
406,594	1672
406,812	1630
407,03	1637
407,249	1435
407,467	1599
407,685	1825
407,903	1393
408,122	1731
408,34	1751
408,558	1637
408,776	1600
408,995	1573
409,213	1639
409,431	1731
409,649	1704
409,867	1512
410,085	1654
410,303	1707
410,522	1508
410,74	1602
410,958	1593
411,176	1645
411,394	1555
411,612	1579
411,83	1864
412,048	1661
412,266	1727
412,484	1637
412,702	1889
412,92	1526
413,138	1752
413,356	1611
413,573	1758
413,791	1969
414,009	1727
414,227	1891
414,445	1663
414,663	1682
414,881	1646
415,098	1672
415,316	1654
415,534	2068
415,752	1670
415,969	1747
416,187	1488
416,405	1615
416,623	1914
416,84	1450
417,058	1687
417,276	1643
417,493	1693
417,711	1666
417,928	1628
418,146	1612
418,364	1830
418,581	1628
418,799	1553
419,016	1489
419,234	1550
419,451	2204
419,669	1629
419,886	1606
420,104	1585
420,321	1587
420,539	1560
420,756	1764
420,974	1602
421,191	1553
421,408	1618
421,626	1684
421,843	1605
422,06	1653
422,278	1558
422,495	1655
422,712	1736
422,93	1710
423,147	1742
423,364	1648
423,581	1743
423,799	1564
424,016	1679
424,233	1630
424,45	1738
424,667	1631
424,884	1605
425,102	1697
425,319	1499
425,536	1610
425,753	1479
425,97	1685
426,187	1628
426,404	1511
426,621	1862
426,838	1773
427,055	1708
427,272	1675
427,489	1600
427,706	1524
427,923	1533
428,14	1722
428,357	1849
428,574	1722
428,791	1692
429,008	1577
429,224	1480
429,441	1513
429,658	1699
429,875	1811
430,092	1670
430,308	1883
430,525	1758
430,742	1666
430,959	1674
431,175	1673
431,392	1597
431,609	1741
431,826	1734
432,042	1545
432,259	1617
432,476	1920
432,692	1581
432,909	1595
433,125	1647
433,342	1653
433,559	1572
433,775	1585
433,992	1494
434,208	1433
434,425	1587
434,641	1762
434,858	1923
435,074	1636
435,291	1573
435,507	1643
435,723	1659
435,94	1592
436,156	1581
436,373	1785
436,589	1434
436,805	1683
437,022	1575
437,238	1656
437,454	1646
437,671	1559
437,887	1505
438,103	1771
438,319	1580
438,536	1768
438,752	1662
438,968	1649
439,184	1690
439,4	1536
439,616	1497
439,833	1727
440,049	1603
440,265	1851
440,481	1641
440,697	1626
440,913	1699
441,129	1643
441,345	1671
441,561	1491
441,777	1616
441,993	1692
442,209	1522
442,425	1703
442,641	1636
442,857	1683
443,073	1608
443,289	1643
443,505	1702
443,721	1872
443,937	1675
444,152	1604
444,368	1614
444,584	1623
444,8	1835
445,016	1527
445,231	1591
445,447	1800
445,663	1770
445,879	1648
446,094	1767
446,31	1830
446,526	1661
446,742	1715
446,957	1935
447,173	1720
447,388	1750
447,604	1814
447,82	1656
448,035	1719
448,251	1746
448,466	1717
448,682	1613
448,897	1519
449,113	1687
449,328	1763
449,544	1560
449,759	1951
449,975	1476
450,19	1611
450,406	1661
450,621	1490
450,836	1592
451,052	1661
451,267	1567
451,483	1597
451,698	1431
451,913	1687
452,129	1591
452,344	1547
452,559	1794
452,774	1572
452,99	1528
453,205	1673
453,42	1756
453,635	1731
453,85	1620
454,066	1764
454,281	1687
454,496	1592
454,711	1836
454,926	1682
455,141	1471
455,356	1626
455,571	1464
455,786	1727
456,001	1250
456,217	1470
456,432	1725
456,647	1697
456,861	1666
457,076	1682
457,291	1718
457,506	1552
457,721	1728
457,936	1617
458,151	1532
458,366	1813
458,581	1634
458,796	1870
459,01	1654
459,225	1640
459,44	1478
459,655	1868
459,87	1582
460,084	1567
460,299	1707
460,514	1632
460,729	2064
460,943	1542
461,158	1519
461,373	1740
461,587	1598
461,802	1683
462,016	1828
462,231	1632
462,446	1768
462,66	1612
462,875	1610
463,089	1574
463,304	1685
463,518	1616
463,733	1652
463,947	1706
464,162	1540
464,376	1650
464,591	1737
464,805	1688
465,02	1867
465,234	1713
465,448	1776
465,663	1758
465,877	1710
466,091	1647
466,306	1797
466,52	1978
466,734	1661
466,949	1638
467,163	1728
467,377	1568
467,591	1709
467,806	1591
468,02	1503
468,234	1465
468,448	1814
468,662	1678
468,876	1796
469,091	1605
469,305	1709
469,519	1600
469,733	1549
469,947	1580
470,161	1814
470,375	1460
470,589	1844
470,803	1644
471,017	1625
471,231	1630
471,445	1504
471,659	1674
471,873	1657
472,087	1472
472,301	1695
472,515	1528
472,728	1472
472,942	1531
473,156	1635
473,37	1558
473,584	1567
473,798	1577
474,011	1737
474,225	1557
474,439	1683
474,653	1726
474,866	1693
475,08	1596
475,294	1719
475,507	1629
475,721	1673
475,935	1684
476,148	1546
476,362	1537
476,576	1528
476,789	1635
477,003	1696
477,216	1673
477,43	1667
477,643	1673
477,857	1706
478,07	1638
478,284	1687
478,497	1541
478,711	1587
478,924	1609
479,138	1599
479,351	1620
479,564	1529
479,778	1624
479,991	1476
480,204	1584
480,418	1721
480,631	1562
480,844	1607
481,058	1639
481,271	1620
481,484	1767
481,697	1694
481,911	1569
482,124	1548
482,337	1582
482,55	1746
482,763	1814
482,976	1691
483,19	1651
483,403	1619
483,616	1789
483,829	1754
484,042	1655
484,255	1650
484,468	1654
484,681	1561
484,894	1633
485,107	1801
485,32	1552
485,533	1511
485,746	1731
485,959	1575
486,172	1655
486,385	1323
486,598	1654
486,81	1509
487,023	1578
487,236	1884
487,449	1656
487,662	1611
487,875	1643
488,087	1723
488,3	1637
488,513	1493
488,726	1538
488,938	1715
489,151	1691
489,364	1628
489,576	1636
489,789	1751
490,002	1764
490,214	1619
490,427	1488
490,64	1619
490,852	1720
491,065	1596
491,277	1656
491,49	1710
491,702	1297
491,915	1675
492,127	1693
492,34	1667
492,552	1722
492,765	1731
492,977	1851
493,19	1664
493,402	1746
493,614	1623
493,827	1603
494,039	1689
494,251	1656
494,464	1719
494,676	1505
494,888	1568
495,101	1653
495,313	1888
495,525	1560
495,737	1812
495,95	1671
496,162	1669
496,374	1547
496,586	1549
496,798	1652
497,01	1583
497,222	1453
497,435	1831
497,647	1565
497,859	1592
498,071	1600
498,283	1652
498,495	1592
498,707	1840
498,919	1556
499,131	1631
499,343	1489
499,555	1621
499,767	1761
499,979	1872
500,191	1978
500,402	1495
500,614	1719
500,826	1819
501,038	1517
501,25	1636
501,462	1618
501,673	1549
501,885	1676
502,097	1849
502,309	1645
502,521	1763
502,732	1576
502,944	1588
503,156	1498
503,367	1581
503,579	1513
503,791	1597
504,002	1688
504,214	1666
504,425	1884
504,637	1841
504,849	1654
505,06	1700
505,272	1742
505,483	1665
505,695	1651
505,906	1532
506,118	1755
506,329	1571
506,541	1583
506,752	1786
506,963	1768
507,175	1433
507,386	1769
507,598	1773
507,809	1476
508,02	1646
508,232	1717
508,443	1412
508,654	1873
508,865	1738
509,077	1538
509,288	1546
509,499	1952
509,71	1551
509,922	1682
510,133	1727
510,344	1780
510,555	1623
510,766	1700
510,977	1611
511,188	1603
511,4	1604
511,611	1608
511,822	1729
512,033	1661
512,244	1739
512,455	1653
512,666	1638
512,877	1632
513,088	1696
513,299	1692
513,51	1704
513,721	1614
513,931	1617
514,142	1756
514,353	1761
514,564	1529
514,775	1691
514,986	1461
515,196	1695
515,407	1630
515,618	1583
515,829	1672
516,04	1655
516,25	1672
516,461	1596
516,672	1663
516,882	1555
517,093	1736
517,304	1541
517,514	1482
517,725	1874
517,936	1546
518,146	1756
518,357	1667
518,567	1568
518,778	1945
518,988	1612
519,199	1849
519,409	1534
519,62	1660
519,83	1633
520,041	1661
520,251	1725
520,462	1758
520,672	1625
520,882	1663
521,093	1658
521,303	1743
521,513	1443
521,724	2778
521,934	1455
522,144	1682
522,355	1637
522,565	1657
522,775	1600
522,985	1666
523,196	1596
523,406	1551
523,616	1785
523,826	1642
524,036	2443
524,246	1599
524,457	1576
524,667	1496
524,877	1653
525,087	1574
525,297	1689
525,507	1735
525,717	1523
525,927	1676
526,137	1645
526,347	1673
526,557	1621
526,767	1628
526,977	1997
527,187	1606
527,397	1498
527,607	1569
527,816	1625
528,026	1779
528,236	1711
528,446	1645
528,656	1701
528,865	1863
529,075	1609
529,285	1567
529,495	1673
529,704	1690
529,914	1636
530,124	1675
530,334	1625
530,543	1553
530,753	1903
530,963	2067
531,172	1613
531,382	1524
531,591	1852
531,801	1565
532,01	1841
532,22	1673
532,43	1684
532,639	1950
532,849	1631
533,058	1622
533,267	1800
533,477	1590
533,686	1577
533,896	1640
534,105	1628
534,315	1752
534,524	1538
534,733	1675
534,943	1860
535,152	1885
535,361	1593
535,57	1611
535,78	1561
535,989	1562
536,198	1659
536,407	1657
536,617	1697
536,826	1667
537,035	1818
537,244	1700
537,453	1450
537,662	1663
537,872	1836
538,081	1634
538,29	1622
538,499	1606
538,708	1585
538,917	1699
539,126	1762
539,335	1675
539,544	2164
539,753	1578
539,962	1661
540,171	1640
540,38	1799
540,589	1622
540,797	1745
541,006	1656
541,215	1448
541,424	1854
541,633	1640
541,842	1585
542,05	1775
542,259	1675
542,468	1693
542,677	1715
542,885	1676
543,094	1689
543,303	1539
543,512	1675
543,72	1713
543,929	1810
544,138	1652
544,346	1457
544,555	1741
544,763	1739
544,972	1585
545,18	1586
545,389	1689
545,598	1762
545,806	1643
546,015	1646
546,223	1649
546,431	1728
546,64	1501
546,848	1618
547,057	1645
547,265	1653
547,474	1595
547,682	1625
547,89	1584
548,099	1668
548,307	1638
548,515	1770
548,723	1769
548,932	1751
549,14	1755
549,348	1884
549,556	1593
549,765	1577
549,973	1541
550,181	1704
550,389	1713
550,597	1756
550,805	1610
551,014	1774
551,222	5662
551,43	1507
551,638	1612
551,846	1722
552,054	1782
552,262	1779
552,47	1686
552,678	1616
552,886	1565
553,094	1538
553,302	1631
553,51	1640
553,717	1755
553,925	1493
554,133	2081
554,341	1496
554,549	1714
554,757	1633
554,965	1611
555,172	1627
555,38	1840
555,588	1577
555,796	1621
556,003	1793
556,211	1580
556,419	1679
556,626	1808
556,834	1608
557,042	1682
557,249	1707
557,457	1669
557,664	1442
557,872	1604
558,08	1531
558,287	1744
558,495	1714
558,702	1549
558,91	1736
559,117	1607
559,325	1612
559,532	1590
559,74	1866
559,947	1634
560,154	1781
560,362	1531
560,569	1600
560,776	1654
560,984	1712
561,191	1691
561,398	1711
561,606	2042
561,813	1889
562,02	1446
562,227	1550
562,435	1647
562,642	1744
562,849	1506
563,056	1614
563,263	1597
563,471	1787
563,678	1736
563,885	1590
564,092	1696
564,299	1688
564,506	1747
564,713	1644
564,92	1629
565,127	1769
565,334	1712
565,541	2008
565,748	1738
565,955	1580
566,162	1631
566,369	1714
566,576	1870
566,783	1710
566,99	1568
567,196	1808
567,403	1668
567,61	1797
567,817	1658
568,024	1642
568,23	1765
568,437	1574
568,644	1555
568,851	1620
569,057	1923
569,264	1815
569,471	1565
569,677	1789
569,884	1712
570,091	1807
570,297	2737
570,504	1727
570,71	1679
570,917	1676
571,123	1620
571,33	1816
571,536	1958
571,743	1900
571,949	1593
572,156	1662
572,362	1917
572,569	1636
572,775	1711
572,982	1746
573,188	1623
573,394	1619
573,601	1526
573,807	1438
574,013	1837
574,22	1758
574,426	1561
574,632	1731
574,838	1677
575,045	1652
575,251	1573
575,457	1661
575,663	1799
575,869	1602
576,076	1664
576,282	1650
576,488	1585
576,694	1688
576,9	1502
577,106	1540
577,312	1582
577,518	1718
577,724	1705
577,93	1657
578,136	1611
578,342	1633
578,548	1648
578,754	1694
578,96	1598
579,166	1475
579,372	1892
579,578	1703
579,784	1767
579,989	1573
580,195	1525
580,401	1670
580,607	1699
580,813	1749
581,018	1695
581,224	1707
581,43	1703
581,636	1601
581,841	1748
582,047	1665
582,253	1706
582,458	1715
582,664	1554
582,869	1688
583,075	1556
583,281	2029
583,486	1657
583,692	1696
583,897	1706
584,103	1699
584,308	1749
584,514	1644
584,719	1789
584,925	1729
585,13	1620
585,335	1713
585,541	1706
585,746	1723
585,952	1587
586,157	1625
586,362	1625
586,568	1667
586,773	1934
586,978	1563
587,183	1646
587,389	1730
587,594	1592
587,799	1898
588,004	1845
588,21	1759
588,415	1731
588,62	1519
588,825	1887
589,03	1626
589,235	2119
589,44	1836
589,645	1620
589,85	1730
590,055	1902
590,26	1704
590,465	1705
590,67	1760
590,875	1871
591,08	1776
591,285	1679
591,49	1620
591,695	1617
591,9	1718
592,105	1662
592,31	1608
592,515	1964
592,719	1573
592,924	1574
593,129	1644
593,334	1748
593,539	1625
593,743	1859
593,948	1583
594,153	1628
594,357	1909
594,562	1642
594,767	2125
594,971	1554
595,176	1680
595,381	1536
595,585	1664
595,79	1873
595,994	1549
596,199	2108
596,403	1422
596,608	1574
596,812	1713
597,017	1759
597,221	1881
597,426	1865
597,63	1707
597,835	1589
598,039	1574
598,243	1556
598,448	1935
598,652	1681
598,856	1675
599,061	1810
599,265	1601
599,469	1555
599,673	1732
599,878	1751
600,082	1680
600,286	1676
600,49	1667
600,695	1607
600,899	1587
601,103	1765
601,307	1800
601,511	1633
601,715	1568
601,919	1537
602,123	1812
602,327	1657
602,531	1659
602,735	1857
602,939	1775
603,143	1577
603,347	1718
603,551	1666
603,755	1601
603,959	1717
604,163	1760
604,367	1710
604,571	1532
604,775	1965
604,978	1671
605,182	1536
605,386	1915
605,59	1714
605,793	1628
605,997	1744
606,201	1692
606,405	1669
606,608	1791
606,812	1628
607,016	1824
607,219	1558
607,423	1644
607,627	1849
607,83	1675
608,034	1520
608,237	1713
608,441	1596
608,644	1716
608,848	1748
609,051	1645
609,255	1585
609,458	1806
609,662	1640
609,865	1682
610,069	1610
610,272	1523
610,475	1568
610,679	1710
610,882	1729
611,085	1651
611,289	1733
611,492	1637
611,695	1585
611,898	1580
612,102	1795
612,305	1739
612,508	1686
612,711	1792
612,914	1630
613,118	1737
613,321	1790
613,524	1587
613,727	1572
613,93	1657
614,133	1799
614,336	1642
614,539	1678
614,742	1581
614,945	1606
615,148	1737
615,351	1655
615,554	1807
615,757	1607
615,96	1695
616,163	1591
616,366	1799
616,569	1672
616,772	1893
616,974	1625
617,177	1834
617,38	1691
617,583	1811
617,786	1531
617,988	1542
618,191	1675
618,394	1600
618,596	1576
618,799	1598
619,002	1709
619,204	1718
619,407	1678
619,61	1601
619,812	1580
620,015	1570
620,217	1819
620,42	1640
620,623	1646
620,825	1793
621,028	1853
621,23	1790
621,432	1696
621,635	1801
621,837	1480
622,04	1580
622,242	1826
622,445	1679
622,647	1531
622,849	1727
623,052	1481
623,254	1613
623,456	1417
623,658	1826
623,861	1746
624,063	1613
624,265	1686
624,467	1763
624,67	1478
624,872	1759
625,074	1866
625,276	1771
625,478	1750
625,68	1520
625,882	1522
626,084	1725
626,287	1892
626,489	1795
626,691	1709
626,893	1709
627,095	1712
627,297	1769
627,499	1636
627,7	1472
627,902	1540
628,104	1541
628,306	1622
628,508	1557
628,71	1647
628,912	1686
629,114	2048
629,315	1649
629,517	1742
629,719	1553
629,921	1621
630,122	1736
630,324	1703
630,526	1839
630,728	1786
630,929	1653
631,131	1725
631,332	1855
631,534	1811
631,736	1732
631,937	1523
632,139	1712
632,34	1687
632,542	1778
632,743	1737
632,945	1591
633,146	1758
633,348	1722
633,549	1707
633,751	1585
633,952	1655
634,154	1542
634,355	1597
634,556	1649
634,758	1620
634,959	1637
635,16	1780
635,362	1625
635,563	1666
635,764	1731
635,965	1816
636,167	1655
636,368	1615
636,569	1680
636,77	1791
636,971	1584
637,172	1826
637,374	1507
637,575	1601
637,776	1508
637,977	1534
638,178	1697
638,379	1653
638,58	1623
638,781	1573
638,982	1844
639,183	1624
639,384	1642
639,585	1497
639,786	1506
639,987	1620
640,187	1774
640,388	1801
640,589	1524
640,79	1641
640,991	1618
641,192	1831
641,392	1543
641,593	1636
641,794	1492
641,995	1582
642,195	1521
642,396	1660
642,597	1511
642,797	1683
642,998	1731
643,199	1546
643,399	1736
643,6	1625
643,8	1490
644,001	1654
644,202	1672
644,402	1605
644,603	1722
644,803	1461
645,004	1662
645,204	1478
645,404	1633
645,605	1973
645,805	1475
646,006	1605
646,206	2079
646,406	1547
646,607	1497
646,807	1367
647,007	39
647,208	-23
647,408	-74
647,608	14
