200,697	971,67
200,927	29,67
201,158	40,67
201,388	42,67
201,618	1630,67
201,849	1443,67
202,079	1841,67
202,309	1643,67
202,539	1795,67
202,77	1599,67
203	1810,67
203,23	1688,67
203,46	1692,67
203,691	1692,67
203,921	1856,67
204,151	1769,67
204,381	1638,67
204,611	1800,67
204,841	1620,67
205,071	1643,67
205,302	1832,67
205,532	1757,67
205,762	3778,67
205,992	1645,67
206,222	1667,67
206,452	1743,67
206,682	1719,67
206,912	1802,67
207,142	1708,67
207,372	1770,67
207,602	1538,67
207,832	1674,67
208,062	1826,67
208,292	1751,67
208,522	1552,67
208,752	1743,67
208,982	1621,67
209,212	1825,67
209,442	1703,67
209,672	1630,67
209,902	1670,67
210,131	1773,67
210,361	1660,67
210,591	1731,67
210,821	1684,67
211,051	1815,67
211,281	1666,67
211,51	1711,67
211,74	1562,67
211,97	1669,67
212,2	1699,67
212,429	1956,67
212,659	1986,67
212,889	1792,67
213,119	1625,67
213,348	1816,67
213,578	1980,67
213,808	1772,67
214,037	1839,67
214,267	1761,67
214,497	1783,67
214,726	1674,67
214,956	1631,67
215,186	1669,67
215,415	1728,67
215,645	1716,67
215,874	1844,67
216,104	1594,67
216,333	1640,67
216,563	1773,67
216,792	1775,67
217,022	1736,67
217,251	1774,67
217,481	1608,67
217,71	1714,67
217,94	1654,67
218,169	1792,67
218,399	1750,67
218,628	1673,67
218,858	1843,67
219,087	1743,67
219,316	1793,67
219,546	1694,67
219,775	1724,67
220,004	1907,67
220,234	1680,67
220,463	1736,67
220,692	1819,67
220,922	1697,67
221,151	1731,67
221,38	1757,67
221,61	2076,67
221,839	1948,67
222,068	1814,67
222,297	1812,67
222,526	1793,67
222,756	1828,67
222,985	1992,67
223,214	1682,67
223,443	1792,67
223,672	2276,67
223,902	1714,67
224,131	1742,67
224,36	1920,67
224,589	1585,67
224,818	1726,67
225,047	1860,67
225,276	1732,67
225,505	2039,67
225,734	1805,67
225,963	1747,67
226,192	1613,67
226,421	1733,67
226,65	1854,67
226,879	1798,67
227,108	1896,67
227,337	1912,67
227,566	1915,67
227,795	1802,67
228,024	1776,67
228,253	1694,67
228,482	1656,67
228,711	1891,67
228,94	1571,67
229,168	1700,67
229,397	1730,67
229,626	1727,67
229,855	1726,67
230,084	1695,67
230,313	1611,67
230,541	1902,67
230,77	1870,67
230,999	1589,67
231,228	2020,67
231,456	1874,67
231,685	1968,67
231,914	1860,67
232,143	1770,67
232,371	1896,67
232,6	1741,67
232,829	1771,67
233,057	1826,67
233,286	1755,67
233,515	1699,67
233,743	1754,67
233,972	1637,67
234,2	1791,67
234,429	1763,67
234,658	1855,67
234,886	1636,67
235,115	1883,67
235,343	1822,67
235,572	1641,67
235,8	1870,67
236,029	2005,67
236,257	1597,67
236,486	1843,67
236,714	1875,67
236,943	1882,67
237,171	1767,67
237,399	1764,67
237,628	1863,67
237,856	1889,67
238,085	1797,67
238,313	1716,67
238,541	1779,67
238,77	2126,67
238,998	1717,67
239,226	1842,67
239,455	1754,67
239,683	1824,67
239,911	1648,67
240,14	1893,67
240,368	1722,67
240,596	1809,67
240,824	1764,67
241,053	1776,67
241,281	1602,67
241,509	1753,67
241,737	1746,67
241,965	1543,67
242,193	1388,67
242,422	1684,67
242,65	1684,67
242,878	1711,67
243,106	1757,67
243,334	1774,67
243,562	1783,67
243,79	1826,67
244,018	1785,67
244,246	1750,67
244,474	1776,67
244,702	1764,67
244,93	1833,67
245,158	1751,67
245,386	1692,67
245,614	1784,67
245,842	1920,67
246,07	1682,67
246,298	1869,67
246,526	2227,67
246,754	1687,67
246,982	1807,67
247,21	1822,67
247,438	1743,67
247,666	1780,67
247,893	1792,67
248,121	1673,67
248,349	1693,67
248,577	1789,67
248,805	1881,67
249,033	1693,67
249,26	1815,67
249,488	1666,67
249,716	1725,67
249,944	1773,67
250,171	1747,67
250,399	1760,67
250,627	1981,67
250,854	1814,67
251,082	1732,67
251,31	1835,67
251,537	1698,67
251,765	2127,67
251,993	1708,67
252,22	2056,67
252,448	1652,67
252,676	1845,67
252,903	1839,67
253,131	2083,67
253,358	1728,67
253,586	1606,67
253,813	1632,67
254,041	1838,67
254,268	1851,67
254,496	1487,67
254,723	1714,67
254,951	1790,67
255,178	1783,67
255,406	1739,67
255,633	1749,67
255,86	1983,67
256,088	1765,67
256,315	1674,67
256,543	1881,67
256,77	1740,67
256,997	1781,67
257,225	1809,67
257,452	1735,67
257,679	1748,67
257,907	1864,67
258,134	1705,67
258,361	1816,67
258,588	1773,67
258,816	1782,67
259,043	1688,67
259,27	1861,67
259,497	1863,67
259,725	1697,67
259,952	1807,67
260,179	1494,67
260,406	1741,67
260,633	1757,67
260,86	1762,67
261,088	1944,67
261,315	2053,67
261,542	1629,67
261,769	1623,67
261,996	2093,67
262,223	1936,67
262,45	1987,67
262,677	1618,67
262,904	1744,67
263,131	1822,67
263,358	1761,67
263,585	1836,67
263,812	2078,67
264,039	1879,67
264,266	1725,67
264,493	1700,67
264,72	1690,67
264,947	1829,67
265,174	2018,67
265,401	1894,67
265,627	1930,67
265,854	1799,67
266,081	1812,67
266,308	1790,67
266,535	1753,67
266,762	1738,67
266,988	1792,67
267,215	1855,67
267,442	1761,67
267,669	1871,67
267,896	1841,67
268,122	1943,67
268,349	1826,67
268,576	1622,67
268,802	1542,67
269,029	1796,67
269,256	1814,67
269,482	1613,67
269,709	1690,67
269,936	1771,67
270,162	1955,67
270,389	1745,67
270,616	1827,67
270,842	1856,67
271,069	1806,67
271,295	1832,67
271,522	1719,67
271,748	1905,67
271,975	1853,67
272,201	1910,67
272,428	1823,67
272,654	1731,67
272,881	2043,67
273,107	1689,67
273,334	1684,67
273,56	1903,67
273,787	1705,67
274,013	1822,67
274,239	2068,67
274,466	1734,67
274,692	1784,67
274,918	1858,67
275,145	1817,67
275,371	1815,67
275,597	1972,67
275,824	1862,67
276,05	1806,67
276,276	1866,67
276,503	1769,67
276,729	1782,67
276,955	1697,67
277,181	1814,67
277,407	1742,67
277,634	1805,67
277,86	1828,67
278,086	1826,67
278,312	1838,67
278,538	1782,67
278,764	1824,67
278,991	1960,67
279,217	1697,67
279,443	1746,67
279,669	1787,67
279,895	1926,67
280,121	1829,67
280,347	1850,67
280,573	1754,67
280,799	1742,67
281,025	1855,67
281,251	1659,67
281,477	1877,67
281,703	1684,67
281,929	1714,67
282,155	1716,67
282,381	1810,67
282,607	1807,67
282,833	1899,67
283,059	1812,67
283,285	1705,67
283,51	1672,67
283,736	1568,67
283,962	1732,67
284,188	1755,67
284,414	1708,67
284,64	1819,67
284,865	1816,67
285,091	1742,67
285,317	1830,67
285,543	1899,67
285,768	1839,67
285,994	1822,67
286,22	1944,67
286,446	1834,67
286,671	1637,67
286,897	1836,67
287,123	1754,67
287,348	1678,67
287,574	2433,67
287,799	1837,67
288,025	1751,67
288,251	1994,67
288,476	1781,67
288,702	1759,67
288,927	1750,67
289,153	1768,67
289,378	1973,67
289,604	1633,67
289,829	1802,67
290,055	1730,67
290,28	1775,67
290,506	2006,67
290,731	1659,67
290,957	1914,67
291,182	1899,67
291,408	1903,67
291,633	1884,67
291,858	1702,67
292,084	1727,67
292,309	1714,67
292,535	1719,67
292,76	1870,67
292,985	1875,67
293,211	1704,67
293,436	1613,67
293,661	1583,67
293,886	1779,67
294,112	1752,67
294,337	1807,67
294,562	1562,67
294,787	1861,67
295,013	1714,67
295,238	1719,67
295,463	1895,67
295,688	1990,67
295,913	1824,67
296,138	1853,67
296,364	1717,67
296,589	1728,67
296,814	1589,67
297,039	1521,67
297,264	1866,67
297,489	1783,67
297,714	2019,67
297,939	1778,67
298,164	1771,67
298,389	1865,67
298,614	1716,67
298,839	1624,67
299,064	1893,67
299,289	1739,67
299,514	1813,67
299,739	1765,67
299,964	1680,67
300,189	1749,67
300,414	1903,67
300,639	1952,67
300,863	1729,67
301,088	2156,67
301,313	1804,67
301,538	1932,67
301,763	1750,67
301,988	1845,67
302,212	1833,67
302,437	2221,67
302,662	1656,67
302,887	1738,67
303,111	1828,67
303,336	1873,67
303,561	1859,67
303,786	1732,67
304,01	1856,67
304,235	1874,67
304,46	1716,67
304,684	1776,67
304,909	1805,67
305,134	1643,67
305,358	1887,67
305,583	1782,67
305,807	2053,67
306,032	1647,67
306,256	1766,67
306,481	1890,67
306,706	1757,67
306,93	1651,67
307,155	1854,67
307,379	1801,67
307,604	1772,67
307,828	1725,67
308,052	1986,67
308,277	2004,67
308,501	1826,67
308,726	1941,67
308,95	1860,67
309,175	1711,67
309,399	1947,67
309,623	1762,67
309,848	1642,67
310,072	1635,67
310,296	2038,67
310,521	1774,67
310,745	1614,67
310,969	2004,67
311,193	1854,67
311,418	1806,67
311,642	1765,67
311,866	1795,67
312,09	1804,67
312,315	1866,67
312,539	1855,67
312,763	1701,67
312,987	1869,67
313,211	1777,67
313,435	1898,67
313,659	1797,67
313,884	2045,67
314,108	1867,67
314,332	1842,67
314,556	1726,67
314,78	1986,67
315,004	1852,67
315,228	1942,67
315,452	1802,67
315,676	2024,67
315,9	1809,67
316,124	1622,67
316,348	1552,67
316,572	1846,67
316,796	1847,67
317,02	1736,67
317,244	1854,67
317,468	1647,67
317,691	2200,67
317,915	1850,67
318,139	1717,67
318,363	2198,67
318,587	1691,67
318,811	1649,67
319,034	1641,67
319,258	1868,67
319,482	1977,67
319,706	1856,67
319,93	1719,67
320,153	1905,67
320,377	1857,67
320,601	1711,67
320,824	1663,67
321,048	1976,67
321,272	1815,67
321,495	1729,67
321,719	1791,67
321,943	1706,67
322,166	1731,67
322,39	1743,67
322,614	1897,67
322,837	1982,67
323,061	1700,67
323,284	1807,67
323,508	1826,67
323,731	1670,67
323,955	1794,67
324,178	1749,67
324,402	1794,67
324,625	1757,67
324,849	1632,67
325,072	1612,67
325,296	1846,67
325,519	1756,67
325,743	1824,67
325,966	1867,67
326,189	1879,67
326,413	1731,67
326,636	2101,67
326,859	1859,67
327,083	1980,67
327,306	1656,67
327,529	1668,67
327,753	1613,67
327,976	1838,67
328,199	1936,67
328,422	1794,67
328,646	1872,67
328,869	1617,67
329,092	1824,67
329,315	1952,67
329,538	1696,67
329,762	1786,67
329,985	1701,67
330,208	1706,67
330,431	1801,67
330,654	1895,67
330,877	1829,67
331,1	1842,67
331,323	1710,67
331,546	1891,67
331,769	1816,67
331,993	1716,67
332,216	1793,67
332,439	1786,67
332,662	1762,67
332,885	1729,67
333,107	1645,67
333,33	1639,67
333,553	1924,67
333,776	1710,67
333,999	1701,67
334,222	1589,67
334,445	1782,67
334,668	1674,67
334,891	1822,67
335,114	1640,67
335,336	1771,67
335,559	1834,67
335,782	2024,67
336,005	1694,67
336,228	1669,67
336,45	1648,67
336,673	1710,67
336,896	1793,67
337,119	2043,67
337,341	1726,67
337,564	1741,67
337,787	1840,67
338,009	1731,67
338,232	1846,67
338,455	1839,67
338,677	1893,67
338,9	1786,67
339,122	1860,67
339,345	1644,67
339,568	1598,67
339,79	1738,67
340,013	1821,67
340,235	1807,67
340,458	1653,67
340,68	1893,67
340,903	1682,67
341,125	1693,67
341,348	1783,67
341,57	1727,67
341,793	1903,67
342,015	1510,67
342,238	1770,67
342,46	1839,67
342,682	1808,67
342,905	1657,67
343,127	1774,67
343,349	1761,67
343,572	1816,67
343,794	1673,67
344,016	1716,67
344,239	1787,67
344,461	1715,67
344,683	1681,67
344,905	1640,67
345,128	1704,67
345,35	1723,67
345,572	1723,67
345,794	1972,67
346,017	1690,67
346,239	1728,67
346,461	1700,67
346,683	1686,67
346,905	1794,67
347,127	1778,67
347,349	1756,67
347,571	1738,67
347,793	1921,67
348,016	1637,67
348,238	1774,67
348,46	1762,67
348,682	1639,67
348,904	1819,67
349,126	1764,67
349,348	1823,67
349,57	1654,67
349,792	1707,67
350,014	1869,67
350,235	1706,67
350,457	2566,67
350,679	1727,67
350,901	1574,67
351,123	1669,67
351,345	1792,67
351,567	1790,67
351,789	1807,67
352,01	1833,67
352,232	1831,67
352,454	1750,67
352,676	1833,67
352,897	1732,67
353,119	1693,67
353,341	1762,67
353,563	1653,67
353,784	1637,67
354,006	1743,67
354,228	1740,67
354,449	1704,67
354,671	1883,67
354,893	1726,67
355,114	1765,67
355,336	1742,67
355,558	1730,67
355,779	1654,67
356,001	1836,67
356,222	1776,67
356,444	1525,67
356,665	2175,67
356,887	1680,67
357,108	1649,67
357,33	1673,67
357,551	2124,67
357,773	1680,67
357,994	1679,67
358,216	1595,67
358,437	1855,67
358,659	1855,67
358,88	1657,67
359,101	1749,67
359,323	1810,67
359,544	1666,67
359,765	1619,67
359,987	1727,67
360,208	1722,67
360,429	1782,67
360,651	1686,67
360,872	1886,67
361,093	1744,67
361,314	1788,67
361,536	1693,67
361,757	1843,67
361,978	1647,67
362,199	1592,67
362,42	1556,67
362,642	1643,67
362,863	1955,67
363,084	1725,67
363,305	1744,67
363,526	1738,67
363,747	1647,67
363,968	1698,67
364,189	1978,67
364,41	1677,67
364,631	1596,67
364,852	1841,67
365,073	1682,67
365,294	1746,67
365,515	1616,67
365,736	1766,67
365,957	1728,67
366,178	1711,67
366,399	1760,67
366,62	1673,67
366,841	1757,67
367,062	1674,67
367,283	1770,67
367,504	1797,67
367,724	1599,67
367,945	1580,67
368,166	1787,67
368,387	1706,67
368,608	1659,67
368,828	1862,67
369,049	1574,67
369,27	1701,67
369,491	1630,67
369,711	1741,67
369,932	1868,67
370,153	1732,67
370,373	1782,67
370,594	1910,67
370,815	1824,67
371,035	1898,67
371,256	1641,67
371,477	1666,67
371,697	1707,67
371,918	1641,67
372,138	1828,67
372,359	1948,67
372,579	1625,67
372,8	1711,67
373,02	1743,67
373,241	1706,67
373,461	1959,67
373,682	1767,67
373,902	1717,67
374,123	1636,67
374,343	1847,67
374,564	1688,67
374,784	1724,67
375,004	1808,67
375,225	1595,67
375,445	1686,67
375,666	1917,67
375,886	1496,67
376,106	1626,67
376,326	1676,67
376,547	1919,67
376,767	1784,67
376,987	1681,67
377,208	1705,67
377,428	1572,67
377,648	1751,67
377,868	1783,67
378,088	1874,67
378,309	1860,67
378,529	1897,67
378,749	1796,67
378,969	1650,67
379,189	1761,67
379,409	1757,67
379,629	1633,67
379,849	1770,67
380,069	1686,67
380,29	1610,67
380,51	1681,67
380,73	1777,67
380,95	1990,67
381,17	1779,67
381,39	1709,67
381,61	1617,67
381,829	1666,67
382,049	1761,67
382,269	1623,67
382,489	1716,67
382,709	1686,67
382,929	1725,67
383,149	1742,67
383,369	2136,67
383,589	1680,67
383,808	1690,67
384,028	1719,67
384,248	1721,67
384,468	1660,67
384,688	1707,67
384,907	1586,67
385,127	1928,67
385,347	1755,67
385,567	1678,67
385,786	1831,67
386,006	1674,67
386,226	1779,67
386,445	1677,67
386,665	1676,67
386,885	1776,67
387,104	1641,67
387,324	1691,67
387,543	1669,67
387,763	1710,67
387,982	1773,67
388,202	1753,67
388,422	1686,67
388,641	1661,67
388,861	1739,67
389,08	1994,67
389,3	1619,67
389,519	1889,67
389,738	1743,67
389,958	1734,67
390,177	1671,67
390,397	1883,67
390,616	1715,67
390,836	1781,67
391,055	1701,67
391,274	1731,67
391,494	1652,67
391,713	1728,67
391,932	1663,67
392,151	1680,67
392,371	1688,67
392,59	1684,67
392,809	1855,67
393,029	1789,67
393,248	1871,67
393,467	1562,67
393,686	1671,67
393,905	2819,67
394,124	1554,67
394,344	1669,67
394,563	1767,67
394,782	1705,67
395,001	1752,67
395,22	1632,67
395,439	1818,67
395,658	1665,67
395,877	1750,67
396,096	1666,67
396,315	1793,67
396,534	1667,67
396,753	1770,67
396,972	1573,67
397,191	1770,67
397,41	1764,67
397,629	1702,67
397,848	1649,67
398,067	1685,67
398,286	1671,67
398,505	1690,67
398,724	1852,67
398,943	2324,67
399,161	1544,67
399,38	1800,67
399,599	1785,67
399,818	1758,67
400,037	1828,67
400,255	1761,67
400,474	1667,67
400,693	1731,67
400,912	1840,67
401,13	1704,67
401,349	1699,67
401,568	1574,67
401,786	1872,67
402,005	1823,67
402,224	1684,67
402,442	1776,67
402,661	1750,67
402,88	1755,67
403,098	1640,67
403,317	1585,67
403,535	1699,67
403,754	1533,67
403,972	1641,67
404,191	1593,67
404,409	1667,67
404,628	2327,67
404,846	1773,67
405,065	1847,67
405,283	1734,67
405,502	1675,67
405,72	1740,67
405,938	1540,67
406,157	1653,67
406,375	1712,67
406,594	1744,67
406,812	1696,67
407,03	1644,67
407,249	1559,67
407,467	1719,67
407,685	1837,67
407,903	1592,67
408,122	1888,67
408,34	1737,67
408,558	1669,67
408,776	1637,67
408,995	1694,67
409,213	1696,67
409,431	1825,67
409,649	1703,67
409,867	1636,67
410,085	1596,67
410,303	1779,67
410,522	1603,67
410,74	1628,67
410,958	1645,67
411,176	1693,67
411,394	1586,67
411,612	1660,67
411,83	1877,67
412,048	1767,67
412,266	1624,67
412,484	1599,67
412,702	1901,67
412,92	1540,67
413,138	1848,67
413,356	1699,67
413,573	1805,67
413,791	1980,67
414,009	1802,67
414,227	1952,67
414,445	1676,67
414,663	1719,67
414,881	1764,67
415,098	1753,67
415,316	1706,67
415,534	2099,67
415,752	1689,67
415,969	1871,67
416,187	1535,67
416,405	1726,67
416,623	1770,67
416,84	1551,67
417,058	1762,67
417,276	1839,67
417,493	1780,67
417,711	1638,67
417,928	1707,67
418,146	1705,67
418,364	1744,67
418,581	1660,67
418,799	1635,67
419,016	1568,67
419,234	1869,67
419,451	2325,67
419,669	1734,67
419,886	1700,67
420,104	1481,67
420,321	1695,67
420,539	1676,67
420,756	1804,67
420,974	1699,67
421,191	1631,67
421,408	1778,67
421,626	1859,67
421,843	1671,67
422,06	1741,67
422,278	1662,67
422,495	1752,67
422,712	1704,67
422,93	1767,67
423,147	1832,67
423,364	1722,67
423,581	1810,67
423,799	1682,67
424,016	1717,67
424,233	1721,67
424,45	1821,67
424,667	1733,67
424,884	1632,67
425,102	1786,67
425,319	1601,67
425,536	1645,67
425,753	1775,67
425,97	1648,67
426,187	1758,67
426,404	1619,67
426,621	1838,67
426,838	1796,67
427,055	1744,67
427,272	1761,67
427,489	1765,67
427,706	1572,67
427,923	1640,67
428,14	1794,67
428,357	1856,67
428,574	1691,67
428,791	1749,67
429,008	1598,67
429,224	1591,67
429,441	1515,67
429,658	1707,67
429,875	1953,67
430,092	1905,67
430,308	1794,67
430,525	1890,67
430,742	1654,67
430,959	1749,67
431,175	1712,67
431,392	1686,67
431,609	1807,67
431,826	1739,67
432,042	1668,67
432,259	1663,67
432,476	2056,67
432,692	1672,67
432,909	1598,67
433,125	1809,67
433,342	1653,67
433,559	1683,67
433,775	1646,67
433,992	1489,67
434,208	1597,67
434,425	1768,67
434,641	1864,67
434,858	1883,67
435,074	1775,67
435,291	1679,67
435,507	1686,67
435,723	1942,67
435,94	1688,67
436,156	1751,67
436,373	1900,67
436,589	1720,67
436,805	1770,67
437,022	1722,67
437,238	1679,67
437,454	1765,67
437,671	1583,67
437,887	1676,67
438,103	1680,67
438,319	1700,67
438,536	1765,67
438,752	1696,67
438,968	1739,67
439,184	1706,67
439,4	1741,67
439,616	1346,67
439,833	1781,67
440,049	1669,67
440,265	1843,67
440,481	1643,67
440,697	1706,67
440,913	1645,67
441,129	1742,67
441,345	1825,67
441,561	1700,67
441,777	1660,67
441,993	1801,67
442,209	1612,67
442,425	1788,67
442,641	1663,67
442,857	1739,67
443,073	1679,67
443,289	1588,67
443,505	1724,67
443,721	1828,67
443,937	1644,67
444,152	1637,67
444,368	1710,67
444,584	1726,67
444,8	1642,67
445,016	1715,67
445,231	1715,67
445,447	1853,67
445,663	1775,67
445,879	1674,67
446,094	1799,67
446,31	1819,67
446,526	1608,67
446,742	1818,67
446,957	1799,67
447,173	1798,67
447,388	1836,67
447,604	1824,67
447,82	1649,67
448,035	1862,67
448,251	1676,67
448,466	1859,67
448,682	1743,67
448,897	1631,67
449,113	1786,67
449,328	1805,67
449,544	1579,67
449,759	2061,67
449,975	1594,67
450,19	1671,67
450,406	1607,67
450,621	1680,67
450,836	1632,67
451,052	1706,67
451,267	1604,67
451,483	1684,67
451,698	1494,67
451,913	1790,67
452,129	1776,67
452,344	1648,67
452,559	1870,67
452,774	1746,67
452,99	1661,67
453,205	1767,67
453,42	1768,67
453,635	1649,67
453,85	1722,67
454,066	1782,67
454,281	1783,67
454,496	1776,67
454,711	1713,67
454,926	1737,67
455,141	1585,67
455,356	1707,67
455,571	1546,67
455,786	1833,67
456,001	1684,67
456,217	1546,67
456,432	1776,67
456,647	1737,67
456,861	1786,67
457,076	1605,67
457,291	1792,67
457,506	1674,67
457,721	1827,67
457,936	1695,67
458,151	1978,67
458,366	1917,67
458,581	1700,67
458,796	2005,67
459,01	1696,67
459,225	1717,67
459,44	1564,67
459,655	1723,67
459,87	1647,67
460,084	1621,67
460,299	1693,67
460,514	1741,67
460,729	2189,67
460,943	1611,67
461,158	1529,67
461,373	1824,67
461,587	1664,67
461,802	1370,67
462,016	1851,67
462,231	1656,67
462,446	1836,67
462,66	1687,67
462,875	1683,67
463,089	1705,67
463,304	1757,67
463,518	1726,67
463,733	1772,67
463,947	1741,67
464,162	1672,67
464,376	1682,67
464,591	1854,67
464,805	1625,67
465,02	1888,67
465,234	1772,67
465,448	1799,67
465,663	1798,67
465,877	1725,67
466,091	1552,67
466,306	1804,67
466,52	2140,67
466,734	1745,67
466,949	1677,67
467,163	1684,67
467,377	1658,67
467,591	1719,67
467,806	1710,67
468,02	1600,67
468,234	1492,67
468,448	1784,67
468,662	1732,67
468,876	1946,67
469,091	1671,67
469,305	1779,67
469,519	1663,67
469,733	1664,67
469,947	1791,67
470,161	1839,67
470,375	1617,67
470,589	1854,67
470,803	1700,67
471,017	1806,67
471,231	1669,67
471,445	1592,67
471,659	1703,67
471,873	1773,67
472,087	1575,67
472,301	1786,67
472,515	1629,67
472,728	1609,67
472,942	1626,67
473,156	1704,67
473,37	1618,67
473,584	1701,67
473,798	1775,67
474,011	1686,67
474,225	1689,67
474,439	1724,67
474,653	1729,67
474,866	1552,67
475,08	1744,67
475,294	1741,67
475,507	1386,67
475,721	1772,67
475,935	1757,67
476,148	1826,67
476,362	1635,67
476,576	1650,67
476,789	1689,67
477,003	1715,67
477,216	1758,67
477,43	1668,67
477,643	1675,67
477,857	1799,67
478,07	1689,67
478,284	1720,67
478,497	1586,67
478,711	1694,67
478,924	1633,67
479,138	1702,67
479,351	1665,67
479,564	1548,67
479,778	1802,67
479,991	1589,67
480,204	1729,67
480,418	1791,67
480,631	1656,67
480,844	1842,67
481,058	1648,67
481,271	1673,67
481,484	1736,67
481,697	1668,67
481,911	1702,67
482,124	1701,67
482,337	1744,67
482,55	1640,67
482,763	1662,67
482,976	1755,67
483,19	1617,67
483,403	1700,67
483,616	1781,67
483,829	1821,67
484,042	1699,67
484,255	1680,67
484,468	1702,67
484,681	1710,67
484,894	1630,67
485,107	1892,67
485,32	1594,67
485,533	1616,67
485,746	1872,67
485,959	1683,67
486,172	1658,67
486,385	1566,67
486,598	1670,67
486,81	1537,67
487,023	1669,67
487,236	1930,67
487,449	1764,67
487,662	1872,67
487,875	1720,67
488,087	1732,67
488,3	1768,67
488,513	1593,67
488,726	1592,67
488,938	1756,67
489,151	1790,67
489,364	1742,67
489,576	1699,67
489,789	1750,67
490,002	1764,67
490,214	1721,67
490,427	1531,67
490,64	1738,67
490,852	1767,67
491,065	1664,67
491,277	1719,67
491,49	1805,67
491,702	1602,67
491,915	1733,67
492,127	1816,67
492,34	1719,67
492,552	1730,67
492,765	1829,67
492,977	1925,67
493,19	1730,67
493,402	1899,67
493,614	1617,67
493,827	2017,67
494,039	1688,67
494,251	1740,67
494,464	1909,67
494,676	1587,67
494,888	1699,67
495,101	1682,67
495,313	1659,67
495,525	1647,67
495,737	1851,67
495,95	1752,67
496,162	1744,67
496,374	1681,67
496,586	1730,67
496,798	1790,67
497,01	1701,67
497,222	1640,67
497,435	1939,67
497,647	1624,67
497,859	1685,67
498,071	1688,67
498,283	1698,67
498,495	1636,67
498,707	1922,67
498,919	1581,67
499,131	1830,67
499,343	1597,67
499,555	1696,67
499,767	1859,67
499,979	1665,67
500,191	1836,67
500,402	1724,67
500,614	1785,67
500,826	1762,67
501,038	1578,67
501,25	1685,67
501,462	1830,67
501,673	1747,67
501,885	1601,67
502,097	1888,67
502,309	1686,67
502,521	1680,67
502,732	1427,67
502,944	1615,67
503,156	1561,67
503,367	1632,67
503,579	1594,67
503,791	1658,67
504,002	1690,67
504,214	1791,67
504,425	2007,67
504,637	1921,67
504,849	1606,67
505,06	1734,67
505,272	1782,67
505,483	1659,67
505,695	1683,67
505,906	1611,67
506,118	1680,67
506,329	1469,67
506,541	1670,67
506,752	1816,67
506,963	1689,67
507,175	1542,67
507,386	1889,67
507,598	1715,67
507,809	1562,67
508,02	1709,67
508,232	1761,67
508,443	1585,67
508,654	1896,67
508,865	1824,67
509,077	1597,67
509,288	1675,67
509,499	1952,67
509,71	1648,67
509,922	1823,67
510,133	1776,67
510,344	1823,67
510,555	1671,67
510,766	1759,67
510,977	1718,67
511,188	1567,67
511,4	1844,67
511,611	1576,67
511,822	1820,67
512,033	1757,67
512,244	1773,67
512,455	1735,67
512,666	1677,67
512,877	1809,67
513,088	1679,67
513,299	1836,67
513,51	1809,67
513,721	1696,67
513,931	1827,67
514,142	1902,67
514,353	1809,67
514,564	1656,67
514,775	1734,67
514,986	1854,67
515,196	2026,67
515,407	1669,67
515,618	1719,67
515,829	1803,67
516,04	1700,67
516,25	1632,67
516,461	1635,67
516,672	1744,67
516,882	1654,67
517,093	1771,67
517,304	1615,67
517,514	1570,67
517,725	1792,67
517,936	1621,67
518,146	1658,67
518,357	1729,67
518,567	1597,67
518,778	1941,67
518,988	1558,67
519,199	1870,67
519,409	1599,67
519,62	1668,67
519,83	1500,67
520,041	1594,67
520,251	1726,67
520,462	1919,67
520,672	1654,67
520,882	1775,67
521,093	1749,67
521,303	1786,67
521,513	1691,67
521,724	2820,67
521,934	1624,67
522,144	1689,67
522,355	1664,67
522,565	1713,67
522,775	1618,67
522,985	1692,67
523,196	1649,67
523,406	1631,67
523,616	1863,67
523,826	1658,67
524,036	2493,67
524,246	1626,67
524,457	1592,67
524,667	1543,67
524,877	1745,67
525,087	1674,67
525,297	1812,67
525,507	1830,67
525,717	1600,67
525,927	1739,67
526,137	1687,67
526,347	1707,67
526,557	1603,67
526,767	1690,67
526,977	1995,67
527,187	1702,67
527,397	1583,67
527,607	1669,67
527,816	1629,67
528,026	1653,67
528,236	1766,67
528,446	1786,67
528,656	1830,67
528,865	2039,67
529,075	1786,67
529,285	1646,67
529,495	1805,67
529,704	1809,67
529,914	1672,67
530,124	1767,67
530,334	1652,67
530,543	1658,67
530,753	2020,67
530,963	2203,67
531,172	1666,67
531,382	1774,67
531,591	1962,67
531,801	1641,67
532,01	1740,67
532,22	1718,67
532,43	1724,67
532,639	1966,67
532,849	1713,67
533,058	1636,67
533,267	1885,67
533,477	1636,67
533,686	1616,67
533,896	1655,67
534,105	1740,67
534,315	1870,67
534,524	1694,67
534,733	1673,67
534,943	1914,67
535,152	1855,67
535,361	1634,67
535,57	1711,67
535,78	1746,67
535,989	1700,67
536,198	1724,67
536,407	1509,67
536,617	1828,67
536,826	1815,67
537,035	1799,67
537,244	1662,67
537,453	1312,67
537,662	1630,67
537,872	2026,67
538,081	1714,67
538,29	1621,67
538,499	1688,67
538,708	1686,67
538,917	1747,67
539,126	1768,67
539,335	1891,67
539,544	2266,67
539,753	1611,67
539,962	1749,67
540,171	1631,67
540,38	1791,67
540,589	1665,67
540,797	1831,67
541,006	1743,67
541,215	1676,67
541,424	1914,67
541,633	1680,67
541,842	1671,67
542,05	1884,67
542,259	1772,67
542,468	1718,67
542,677	1740,67
542,885	1764,67
543,094	1768,67
543,303	1639,67
543,512	1726,67
543,72	1759,67
543,929	1811,67
544,138	1700,67
544,346	1551,67
544,555	1633,67
544,763	1747,67
544,972	1671,67
545,18	1834,67
545,389	1775,67
545,598	1660,67
545,806	1816,67
546,015	1777,67
546,223	1681,67
546,431	1755,67
546,64	1346,67
546,848	1651,67
547,057	1746,67
547,265	1615,67
547,474	1679,67
547,682	1653,67
547,89	1762,67
548,099	1728,67
548,307	1662,67
548,515	1813,67
548,723	1919,67
548,932	1659,67
549,14	1777,67
549,348	1873,67
549,556	1783,67
549,765	1584,67
549,973	1621,67
550,181	1695,67
550,389	1771,67
550,597	1795,67
550,805	1704,67
551,014	1832,67
551,222	5132,67
551,43	1546,67
551,638	1648,67
551,846	1882,67
552,054	1814,67
552,262	1812,67
552,47	1638,67
552,678	1654,67
552,886	1660,67
553,094	1574,67
553,302	1797,67
553,51	1783,67
553,717	1903,67
553,925	1510,67
554,133	2055,67
554,341	1679,67
554,549	1745,67
554,757	1282,67
554,965	1685,67
555,172	1644,67
555,38	2008,67
555,588	1638,67
555,796	1708,67
556,003	1931,67
556,211	1698,67
556,419	1741,67
556,626	1814,67
556,834	1662,67
557,042	1655,67
557,249	1720,67
557,457	1773,67
557,664	1523,67
557,872	1677,67
558,08	1665,67
558,287	1816,67
558,495	1910,67
558,702	1668,67
558,91	1718,67
559,117	1700,67
559,325	1779,67
559,532	1730,67
559,74	1888,67
559,947	1751,67
560,154	1886,67
560,362	1607,67
560,569	1659,67
560,776	1664,67
560,984	1753,67
561,191	1770,67
561,398	1742,67
561,606	2139,67
561,813	1770,67
562,02	1570,67
562,227	1644,67
562,435	1527,67
562,642	1772,67
562,849	1794,67
563,056	1740,67
563,263	1637,67
563,471	1942,67
563,678	1766,67
563,885	1539,67
564,092	1846,67
564,299	1772,67
564,506	1799,67
564,713	1699,67
564,92	1761,67
565,127	1926,67
565,334	1774,67
565,541	2012,67
565,748	1699,67
565,955	1584,67
566,162	1764,67
566,369	1773,67
566,576	1819,67
566,783	1849,67
566,99	1658,67
567,196	1821,67
567,403	1720,67
567,61	1915,67
567,817	1733,67
568,024	1734,67
568,23	1725,67
568,437	1669,67
568,644	1709,67
568,851	1677,67
569,057	1938,67
569,264	1855,67
569,471	1632,67
569,677	1752,67
569,884	1807,67
570,091	1910,67
570,297	2814,67
570,504	1934,67
570,71	1754,67
570,917	1764,67
571,123	1600,67
571,33	1745,67
571,536	1726,67
571,743	1973,67
571,949	1541,67
572,156	1922,67
572,362	1993,67
572,569	1840,67
572,775	1731,67
572,982	1813,67
573,188	1782,67
573,394	1687,67
573,601	1640,67
573,807	1542,67
574,013	1925,67
574,22	1776,67
574,426	1692,67
574,632	1820,67
574,838	1691,67
575,045	1703,67
575,251	1773,67
575,457	1725,67
575,663	1880,67
575,869	1722,67
576,076	1674,67
576,282	1699,67
576,488	1721,67
576,694	1808,67
576,9	1554,67
577,106	1642,67
577,312	1678,67
577,518	1786,67
577,724	1716,67
577,93	1769,67
578,136	1728,67
578,342	1772,67
578,548	1678,67
578,754	1677,67
578,96	1727,67
579,166	1663,67
579,372	1959,67
579,578	1672,67
579,784	1888,67
579,989	1677,67
580,195	1654,67
580,401	1658,67
580,607	1969,67
580,813	1700,67
581,018	1709,67
581,224	1871,67
581,43	1701,67
581,636	1708,67
581,841	1858,67
582,047	1752,67
582,253	1783,67
582,458	1734,67
582,664	1676,67
582,869	1697,67
583,075	1574,67
583,281	2035,67
583,486	1767,67
583,692	1600,67
583,897	1798,67
584,103	1829,67
584,308	1857,67
584,514	1688,67
584,719	1778,67
584,925	1848,67
585,13	1762,67
585,335	1758,67
585,541	1747,67
585,746	1804,67
585,952	1715,67
586,157	1698,67
586,362	1658,67
586,568	1715,67
586,773	1864,67
586,978	1693,67
587,183	1686,67
587,389	1721,67
587,594	1650,67
587,799	1804,67
588,004	1843,67
588,21	2012,67
588,415	1657,67
588,62	1841,67
588,825	1892,67
589,03	1758,67
589,235	2249,67
589,44	1719,67
589,645	1704,67
589,85	1552,67
590,055	1914,67
590,26	1771,67
590,465	1711,67
590,67	1820,67
590,875	1901,67
591,08	1838,67
591,285	1735,67
591,49	1899,67
591,695	1746,67
591,9	1690,67
592,105	1728,67
592,31	1732,67
592,515	1982,67
592,719	1593,67
592,924	1642,67
593,129	1656,67
593,334	1764,67
593,539	1691,67
593,743	1889,67
593,948	1736,67
594,153	1719,67
594,357	1950,67
594,562	1635,67
594,767	2191,67
594,971	1586,67
595,176	1713,67
595,381	1810,67
595,585	1754,67
595,79	1900,67
595,994	1620,67
596,199	2188,67
596,403	1481,67
596,608	1715,67
596,812	1719,67
597,017	1849,67
597,221	2013,67
597,426	1943,67
597,63	1798,67
597,835	1516,67
598,039	1698,67
598,243	1624,67
598,448	1964,67
598,652	1835,67
598,856	1743,67
599,061	1846,67
599,265	1710,67
599,469	1652,67
599,673	1811,67
599,878	1855,67
600,082	1687,67
600,286	1790,67
600,49	1783,67
600,695	1636,67
600,899	1691,67
601,103	1733,67
601,307	1878,67
601,511	1723,67
601,715	1590,67
601,919	1645,67
602,123	1940,67
602,327	1742,67
602,531	1763,67
602,735	1869,67
602,939	1904,67
603,143	1611,67
603,347	1813,67
603,551	1724,67
603,755	1783,67
603,959	1729,67
604,163	1780,67
604,367	1664,67
604,571	1708,67
604,775	1852,67
604,978	1689,67
605,182	1490,67
605,386	1787,67
605,59	1675,67
605,793	1681,67
605,997	2044,67
606,201	1719,67
606,405	1882,67
606,608	1894,67
606,812	1689,67
607,016	2071,67
607,219	1708,67
607,423	1678,67
607,627	1870,67
607,83	1713,67
608,034	1680,67
608,237	1791,67
608,441	1683,67
608,644	1815,67
608,848	1794,67
609,051	1785,67
609,255	1708,67
609,458	1857,67
609,662	1698,67
609,865	1783,67
610,069	1596,67
610,272	1655,67
610,475	1699,67
610,679	1682,67
610,882	1781,67
611,085	1736,67
611,289	1831,67
611,492	1673,67
611,695	1665,67
611,898	1735,67
612,102	1830,67
612,305	1795,67
612,508	1727,67
612,711	1952,67
612,914	1689,67
613,118	1838,67
613,321	1802,67
613,524	1689,67
613,727	1859,67
613,93	1667,67
614,133	1788,67
614,336	1865,67
614,539	1579,67
614,742	1647,67
614,945	1956,67
615,148	1842,67
615,351	1912,67
615,554	1799,67
615,757	1673,67
615,96	1819,67
616,163	1714,67
616,366	1782,67
616,569	1702,67
616,772	1964,67
616,974	1795,67
617,177	1933,67
617,38	1833,67
617,583	1807,67
617,786	1695,67
617,988	1552,67
618,191	1969,67
618,394	1624,67
618,596	1653,67
618,799	1702,67
619,002	1708,67
619,204	1775,67
619,407	1709,67
619,61	1613,67
619,812	1644,67
620,015	1730,67
620,217	1941,67
620,42	1729,67
620,623	1743,67
620,825	1718,67
621,028	1896,67
621,23	1801,67
621,432	1818,67
621,635	1910,67
621,837	1788,67
622,04	1735,67
622,242	1598,67
622,445	1800,67
622,647	1755,67
622,849	1821,67
623,052	1497,67
623,254	1820,67
623,456	1562,67
623,658	1889,67
623,861	2060,67
624,063	1742,67
624,265	1724,67
624,467	1823,67
624,67	1612,67
624,872	1776,67
625,074	1971,67
625,276	1828,67
625,478	1818,67
625,68	1558,67
625,882	1619,67
626,084	1677,67
626,287	1844,67
626,489	1964,67
626,691	1697,67
626,893	1835,67
627,095	1818,67
627,297	1786,67
627,499	1673,67
627,7	1512,67
627,902	1640,67
628,104	1536,67
628,306	1649,67
628,508	1697,67
628,71	1715,67
628,912	1748,67
629,114	1923,67
629,315	1693,67
629,517	1723,67
629,719	1668,67
629,921	1696,67
630,122	1720,67
630,324	1684,67
630,526	1941,67
630,728	1843,67
630,929	1729,67
631,131	1652,67
631,332	1808,67
631,534	1866,67
631,736	1708,67
631,937	1616,67
632,139	1749,67
632,34	1552,67
632,542	1814,67
632,743	1836,67
632,945	1623,67
633,146	1806,67
633,348	1810,67
633,549	1807,67
633,751	1694,67
633,952	1749,67
634,154	1620,67
634,355	1618,67
634,556	1724,67
634,758	1705,67
634,959	1516,67
635,16	1851,67
635,362	1688,67
635,563	1775,67
635,764	1733,67
635,965	1697,67
636,167	1759,67
636,368	1775,67
636,569	1623,67
636,77	1878,67
636,971	1708,67
637,172	1813,67
637,374	1664,67
637,575	1932,67
637,776	1620,67
637,977	1588,67
638,178	1803,67
638,379	1744,67
638,58	1802,67
638,781	1650,67
638,982	1707,67
639,183	1711,67
639,384	1699,67
639,585	1613,67
639,786	1756,67
639,987	1735,67
640,187	1762,67
640,388	1787,67
640,589	1554,67
640,79	1622,67
640,991	1770,67
641,192	1930,67
641,392	1600,67
641,593	1646,67
641,794	1610,67
641,995	1612,67
642,195	1509,67
642,396	1703,67
642,597	1623,67
642,797	1633,67
642,998	1742,67
643,199	1681,67
643,399	1775,67
643,6	1600,67
643,8	1581,67
644,001	1722,67
644,202	1774,67
644,402	1633,67
644,603	1799,67
644,803	1580,67
645,004	1817,67
645,204	1594,67
645,404	1745,67
645,605	2041,67
645,805	1570,67
646,006	1553,67
646,206	2139,67
646,406	1658,67
646,607	1528,67
646,807	1445,67
647,007	21,67
647,208	-133,33
647,408	15,67
647,608	12,67
