200,697	1079,17
200,927	87,17
201,158	111,17
201,388	57,17
201,618	1556,17
201,849	1626,17
202,079	1751,17
202,309	1642,17
202,539	1808,17
202,77	1671,17
203	1764,17
203,23	1777,17
203,46	1737,17
203,691	1756,17
203,921	1768,17
204,151	1744,17
204,381	1699,17
204,611	1791,17
204,841	1691,17
205,071	1741,17
205,302	1828,17
205,532	1811,17
205,762	4020,17
205,992	1661,17
206,222	1742,17
206,452	1888,17
206,682	1650,17
206,912	1848,17
207,142	1868,17
207,372	1739,17
207,602	1609,17
207,832	1744,17
208,062	1804,17
208,292	1867,17
208,522	1624,17
208,752	1755,17
208,982	1678,17
209,212	1917,17
209,442	1747,17
209,672	1728,17
209,902	1733,17
210,131	1789,17
210,361	1640,17
210,591	1835,17
210,821	1799,17
211,051	1902,17
211,281	1941,17
211,51	1762,17
211,74	1875,17
211,97	1785,17
212,2	1762,17
212,429	2085,17
212,659	1769,17
212,889	1799,17
213,119	1661,17
213,348	1463,17
213,578	1630,17
213,808	1906,17
214,037	1887,17
214,267	1812,17
214,497	1869,17
214,726	1717,17
214,956	1661,17
215,186	1751,17
215,415	1759,17
215,645	2011,17
215,874	1944,17
216,104	1608,17
216,333	1817,17
216,563	1827,17
216,792	1832,17
217,022	1886,17
217,251	1811,17
217,481	1703,17
217,71	1829,17
217,94	1782,17
218,169	1824,17
218,399	1851,17
218,628	1714,17
218,858	1912,17
219,087	1840,17
219,316	1826,17
219,546	1815,17
219,775	1832,17
220,004	1945,17
220,234	1756,17
220,463	1819,17
220,692	1788,17
220,922	1670,17
221,151	1889,17
221,38	1762,17
221,61	2175,17
221,839	2075,17
222,068	1834,17
222,297	1966,17
222,526	1887,17
222,756	1919,17
222,985	1928,17
223,214	1850,17
223,443	1826,17
223,672	2323,17
223,902	1724,17
224,131	1843,17
224,36	1956,17
224,589	1664,17
224,818	1768,17
225,047	1933,17
225,276	1785,17
225,505	2239,17
225,734	1855,17
225,963	1745,17
226,192	1809,17
226,421	1766,17
226,65	1818,17
226,879	1965,17
227,108	1927,17
227,337	1941,17
227,566	2046,17
227,795	1843,17
228,024	1797,17
228,253	1840,17
228,482	1782,17
228,711	1859,17
228,94	1650,17
229,168	1817,17
229,397	1764,17
229,626	1869,17
229,855	1783,17
230,084	1779,17
230,313	1706,17
230,541	1833,17
230,77	1811,17
230,999	1688,17
231,228	2041,17
231,456	1943,17
231,685	1805,17
231,914	1878,17
232,143	1807,17
232,371	1911,17
232,6	1850,17
232,829	1839,17
233,057	1957,17
233,286	1696,17
233,515	1849,17
233,743	1725,17
233,972	1681,17
234,2	1896,17
234,429	1825,17
234,658	1717,17
234,886	1739,17
235,115	1779,17
235,343	1779,17
235,572	1779,17
235,8	1877,17
236,029	2042,17
236,257	1779,17
236,486	1941,17
236,714	1984,17
236,943	1929,17
237,171	1771,17
237,399	1794,17
237,628	1933,17
237,856	1935,17
238,085	1872,17
238,313	1774,17
238,541	1855,17
238,77	2153,17
238,998	1732,17
239,226	1906,17
239,455	1843,17
239,683	1957,17
239,911	1740,17
240,14	2469,17
240,368	1947,17
240,596	1806,17
240,824	1923,17
241,053	1694,17
241,281	1776,17
241,509	1940,17
241,737	1784,17
241,965	1678,17
242,193	1867,17
242,422	1754,17
242,65	1717,17
242,878	1811,17
243,106	1827,17
243,334	1795,17
243,562	1881,17
243,79	1820,17
244,018	1785,17
244,246	1926,17
244,474	1835,17
244,702	1637,17
244,93	1829,17
245,158	1878,17
245,386	1734,17
245,614	1921,17
245,842	2000,17
246,07	1788,17
246,298	1919,17
246,526	2285,17
246,754	1742,17
246,982	1851,17
247,21	1897,17
247,438	1795,17
247,666	1869,17
247,893	1841,17
248,121	1851,17
248,349	1655,17
248,577	1879,17
248,805	1945,17
249,033	1741,17
249,26	1974,17
249,488	1841,17
249,716	1779,17
249,944	1738,17
250,171	1786,17
250,399	1813,17
250,627	1918,17
250,854	1835,17
251,082	1737,17
251,31	1870,17
251,537	1865,17
251,765	2070,17
251,993	1757,17
252,22	2171,17
252,448	1717,17
252,676	1933,17
252,903	1867,17
253,131	2191,17
253,358	1768,17
253,586	1729,17
253,813	1713,17
254,041	1906,17
254,268	1771,17
254,496	1686,17
254,723	1828,17
254,951	1850,17
255,178	1865,17
255,406	1885,17
255,633	1778,17
255,86	1972,17
256,088	1827,17
256,315	1740,17
256,543	1962,17
256,77	1925,17
256,997	1803,17
257,225	1948,17
257,452	1831,17
257,679	1762,17
257,907	1988,17
258,134	1780,17
258,361	1914,17
258,588	1825,17
258,816	1913,17
259,043	1771,17
259,27	1857,17
259,497	1900,17
259,725	1740,17
259,952	1822,17
260,179	1745,17
260,406	1844,17
260,633	1839,17
260,86	1835,17
261,088	1798,17
261,315	2031,17
261,542	1709,17
261,769	1750,17
261,996	2083,17
262,223	1948,17
262,45	2147,17
262,677	1741,17
262,904	1769,17
263,131	1979,17
263,358	1802,17
263,585	1859,17
263,812	2319,17
264,039	1994,17
264,266	1879,17
264,493	1803,17
264,72	1735,17
264,947	1797,17
265,174	2022,17
265,401	1949,17
265,627	2001,17
265,854	1883,17
266,081	1904,17
266,308	1898,17
266,535	1836,17
266,762	1805,17
266,988	1887,17
267,215	1885,17
267,442	1829,17
267,669	1985,17
267,896	1888,17
268,122	2066,17
268,349	1745,17
268,576	1516,17
268,802	1731,17
269,029	1873,17
269,256	1805,17
269,482	1709,17
269,709	1859,17
269,936	1929,17
270,162	2039,17
270,389	1806,17
270,616	1837,17
270,842	1917,17
271,069	1958,17
271,295	1870,17
271,522	1738,17
271,748	1850,17
271,975	1976,17
272,201	2036,17
272,428	1885,17
272,654	1696,17
272,881	2141,17
273,107	1787,17
273,334	1847,17
273,56	2021,17
273,787	1771,17
274,013	1872,17
274,239	2173,17
274,466	1845,17
274,692	1830,17
274,918	1919,17
275,145	1873,17
275,371	1899,17
275,597	1965,17
275,824	1891,17
276,05	1861,17
276,276	1949,17
276,503	1796,17
276,729	1859,17
276,955	1819,17
277,181	1937,17
277,407	1700,17
277,634	2013,17
277,86	1842,17
278,086	2149,17
278,312	1856,17
278,538	1809,17
278,764	1971,17
278,991	2029,17
279,217	1847,17
279,443	1807,17
279,669	1833,17
279,895	1913,17
280,121	1827,17
280,347	1817,17
280,573	1817,17
280,799	1818,17
281,025	2037,17
281,251	1721,17
281,477	1975,17
281,703	1840,17
281,929	1776,17
282,155	1884,17
282,381	1853,17
282,607	1719,17
282,833	1931,17
283,059	1873,17
283,285	1856,17
283,51	1807,17
283,736	1636,17
283,962	1803,17
284,188	1861,17
284,414	1847,17
284,64	1947,17
284,865	1965,17
285,091	1818,17
285,317	1898,17
285,543	1966,17
285,768	1869,17
285,994	1866,17
286,22	2089,17
286,446	1960,17
286,671	1717,17
286,897	1936,17
287,123	1631,17
287,348	1777,17
287,574	2268,17
287,799	1819,17
288,025	1821,17
288,251	2044,17
288,476	1821,17
288,702	1882,17
288,927	1815,17
289,153	1872,17
289,378	2118,17
289,604	1905,17
289,829	1897,17
290,055	1747,17
290,28	1835,17
290,506	1965,17
290,731	1844,17
290,957	1915,17
291,182	1949,17
291,408	2168,17
291,633	1847,17
291,858	1766,17
292,084	1949,17
292,309	1810,17
292,535	1851,17
292,76	1945,17
292,985	1932,17
293,211	1808,17
293,436	1702,17
293,661	1723,17
293,886	1767,17
294,112	1869,17
294,337	1909,17
294,562	1669,17
294,787	1978,17
295,013	1851,17
295,238	1815,17
295,463	1943,17
295,688	2007,17
295,913	1859,17
296,138	1802,17
296,364	1909,17
296,589	1804,17
296,814	1817,17
297,039	1748,17
297,264	1977,17
297,489	1947,17
297,714	1987,17
297,939	1811,17
298,164	1819,17
298,389	1935,17
298,614	1758,17
298,839	1830,17
299,064	2000,17
299,289	1901,17
299,514	1927,17
299,739	1864,17
299,964	1756,17
300,189	1845,17
300,414	1955,17
300,639	2009,17
300,863	1662,17
301,088	2268,17
301,313	1798,17
301,538	1887,17
301,763	1815,17
301,988	1837,17
302,212	1888,17
302,437	2241,17
302,662	1732,17
302,887	1834,17
303,111	1798,17
303,336	1968,17
303,561	1931,17
303,786	1820,17
304,01	1975,17
304,235	1991,17
304,46	1702,17
304,684	1812,17
304,909	1880,17
305,134	1773,17
305,358	1947,17
305,583	1902,17
305,807	1923,17
306,032	1694,17
306,256	1705,17
306,481	1904,17
306,706	1811,17
306,93	1729,17
307,155	2090,17
307,379	1847,17
307,604	1862,17
307,828	1798,17
308,052	2010,17
308,277	1923,17
308,501	1877,17
308,726	1995,17
308,95	1901,17
309,175	1823,17
309,399	1950,17
309,623	1733,17
309,848	1770,17
310,072	1705,17
310,296	2250,17
310,521	1832,17
310,745	1842,17
310,969	2047,17
311,193	1956,17
311,418	1958,17
311,642	1777,17
311,866	1851,17
312,09	1855,17
312,315	1919,17
312,539	1974,17
312,763	1853,17
312,987	1966,17
313,211	1728,17
313,435	1997,17
313,659	1817,17
313,884	2116,17
314,108	2002,17
314,332	1982,17
314,556	1770,17
314,78	1973,17
315,004	1912,17
315,228	1917,17
315,452	1875,17
315,676	1896,17
315,9	1875,17
316,124	1660,17
316,348	1792,17
316,572	1895,17
316,796	1926,17
317,02	1796,17
317,244	1959,17
317,468	1686,17
317,691	2084,17
317,915	1927,17
318,139	1835,17
318,363	2276,17
318,587	1908,17
318,811	1727,17
319,034	1713,17
319,258	1988,17
319,482	2173,17
319,706	2038,17
319,93	1836,17
320,153	1713,17
320,377	1923,17
320,601	1784,17
320,824	1700,17
321,048	2037,17
321,272	1888,17
321,495	1840,17
321,719	1834,17
321,943	1829,17
322,166	1805,17
322,39	1803,17
322,614	1926,17
322,837	2028,17
323,061	1761,17
323,284	1934,17
323,508	1919,17
323,731	1778,17
323,955	1965,17
324,178	1845,17
324,402	1784,17
324,625	1877,17
324,849	1707,17
325,072	2080,17
325,296	1917,17
325,519	1904,17
325,743	1939,17
325,966	1979,17
326,189	1965,17
326,413	1791,17
326,636	2154,17
326,859	1950,17
327,083	2192,17
327,306	1768,17
327,529	1773,17
327,753	1731,17
327,976	1963,17
328,199	1901,17
328,422	1883,17
328,646	1885,17
328,869	1785,17
329,092	1926,17
329,315	2056,17
329,538	1877,17
329,762	1933,17
329,985	1791,17
330,208	1791,17
330,431	1882,17
330,654	1975,17
330,877	1826,17
331,1	1902,17
331,323	1803,17
331,546	1972,17
331,769	1917,17
331,993	1757,17
332,216	1898,17
332,439	1784,17
332,662	1861,17
332,885	1797,17
333,107	1710,17
333,33	1641,17
333,553	2001,17
333,776	1649,17
333,999	1738,17
334,222	1747,17
334,445	1704,17
334,668	1802,17
334,891	1931,17
335,114	1678,17
335,336	1821,17
335,559	1873,17
335,782	2168,17
336,005	1819,17
336,228	1829,17
336,45	1785,17
336,673	1800,17
336,896	1859,17
337,119	1864,17
337,341	1818,17
337,564	1762,17
337,787	1916,17
338,009	1786,17
338,232	1971,17
338,455	1869,17
338,677	1889,17
338,9	1818,17
339,122	1854,17
339,345	1615,17
339,568	1590,17
339,79	1804,17
340,013	1892,17
340,235	1919,17
340,458	1746,17
340,68	1876,17
340,903	1741,17
341,125	1779,17
341,348	1760,17
341,57	1730,17
341,793	1966,17
342,015	1669,17
342,238	1827,17
342,46	1968,17
342,682	1936,17
342,905	1537,17
343,127	1856,17
343,349	1752,17
343,572	1929,17
343,794	1728,17
344,016	1817,17
344,239	1923,17
344,461	1784,17
344,683	1803,17
344,905	1763,17
345,128	1767,17
345,35	1820,17
345,572	1944,17
345,794	1972,17
346,017	1789,17
346,239	1883,17
346,461	1749,17
346,683	1752,17
346,905	1901,17
347,127	1805,17
347,349	1757,17
347,571	1810,17
347,793	2042,17
348,016	1941,17
348,238	1765,17
348,46	1829,17
348,682	1779,17
348,904	1908,17
349,126	1852,17
349,348	1879,17
349,57	1761,17
349,792	1741,17
350,014	1903,17
350,235	1836,17
350,457	2610,17
350,679	1831,17
350,901	1689,17
351,123	1744,17
351,345	1811,17
351,567	1835,17
351,789	1780,17
352,01	1929,17
352,232	1816,17
352,454	1716,17
352,676	1865,17
352,897	1621,17
353,119	1751,17
353,341	1890,17
353,563	1776,17
353,784	1704,17
354,006	1835,17
354,228	1813,17
354,449	1829,17
354,671	1953,17
354,893	1947,17
355,114	1821,17
355,336	1851,17
355,558	1778,17
355,779	1750,17
356,001	1887,17
356,222	1833,17
356,444	1783,17
356,665	2362,17
356,887	1700,17
357,108	1767,17
357,33	1682,17
357,551	1936,17
357,773	1798,17
357,994	1813,17
358,216	1685,17
358,437	1906,17
358,659	1917,17
358,88	1677,17
359,101	1835,17
359,323	1878,17
359,544	1726,17
359,765	1749,17
359,987	1803,17
360,208	1833,17
360,429	1965,17
360,651	1753,17
360,872	2121,17
361,093	1765,17
361,314	1646,17
361,536	1816,17
361,757	1760,17
361,978	1743,17
362,199	1677,17
362,42	1641,17
362,642	1761,17
362,863	1920,17
363,084	1794,17
363,305	1840,17
363,526	1779,17
363,747	1714,17
363,968	1809,17
364,189	1992,17
364,41	1747,17
364,631	1638,17
364,852	1893,17
365,073	1837,17
365,294	1820,17
365,515	1643,17
365,736	1863,17
365,957	1641,17
366,178	1710,17
366,399	1824,17
366,62	2087,17
366,841	1915,17
367,062	1759,17
367,283	1872,17
367,504	1875,17
367,724	1689,17
367,945	1646,17
368,166	1871,17
368,387	1840,17
368,608	1752,17
368,828	1914,17
369,049	1678,17
369,27	1757,17
369,491	1712,17
369,711	1864,17
369,932	1882,17
370,153	1861,17
370,373	1887,17
370,594	1927,17
370,815	1746,17
371,035	1930,17
371,256	1711,17
371,477	1890,17
371,697	1745,17
371,918	1643,17
372,138	1886,17
372,359	1973,17
372,579	1774,17
372,8	1770,17
373,02	1791,17
373,241	1822,17
373,461	1819,17
373,682	1819,17
373,902	1723,17
374,123	1571,17
374,343	1947,17
374,564	1724,17
374,784	1779,17
375,004	1853,17
375,225	1595,17
375,445	1745,17
375,666	1945,17
375,886	1631,17
376,106	1711,17
376,326	1775,17
376,547	2038,17
376,767	1917,17
376,987	1680,17
377,208	1776,17
377,428	1684,17
377,648	1792,17
377,868	1855,17
378,088	1988,17
378,309	1907,17
378,529	1900,17
378,749	1819,17
378,969	1655,17
379,189	1862,17
379,409	1838,17
379,629	1687,17
379,849	1939,17
380,069	1785,17
380,29	1704,17
380,51	1808,17
380,73	1702,17
380,95	1965,17
381,17	1850,17
381,39	1795,17
381,61	1679,17
381,829	1832,17
382,049	1735,17
382,269	1791,17
382,489	1893,17
382,709	1742,17
382,929	1878,17
383,149	1848,17
383,369	2136,17
383,589	1801,17
383,808	1862,17
384,028	1755,17
384,248	1710,17
384,468	1749,17
384,688	1781,17
384,907	1781,17
385,127	1715,17
385,347	1870,17
385,567	1721,17
385,786	1910,17
386,006	1742,17
386,226	1737,17
386,445	1771,17
386,665	1871,17
386,885	1835,17
387,104	1747,17
387,324	1759,17
387,543	1767,17
387,763	1854,17
387,982	1931,17
388,202	1741,17
388,422	1862,17
388,641	1722,17
388,861	2054,17
389,08	1865,17
389,3	1750,17
389,519	1915,17
389,738	1827,17
389,958	1768,17
390,177	1759,17
390,397	1836,17
390,616	1740,17
390,836	1951,17
391,055	1786,17
391,274	1851,17
391,494	1727,17
391,713	1710,17
391,932	1847,17
392,151	1775,17
392,371	1717,17
392,59	1790,17
392,809	1894,17
393,029	1914,17
393,248	1858,17
393,467	1536,17
393,686	1691,17
393,905	2867,17
394,124	1667,17
394,344	1841,17
394,563	1890,17
394,782	1774,17
395,001	1909,17
395,22	1705,17
395,439	1880,17
395,658	1722,17
395,877	1768,17
396,096	1656,17
396,315	1907,17
396,534	1697,17
396,753	1825,17
396,972	1689,17
397,191	1763,17
397,41	1713,17
397,629	1759,17
397,848	1809,17
398,067	1716,17
398,286	1670,17
398,505	1756,17
398,724	1880,17
398,943	2187,17
399,161	1707,17
399,38	1780,17
399,599	1815,17
399,818	1834,17
400,037	1921,17
400,255	1730,17
400,474	1748,17
400,693	1778,17
400,912	1943,17
401,13	1791,17
401,349	1755,17
401,568	1671,17
401,786	1933,17
402,005	1857,17
402,224	1741,17
402,442	1630,17
402,661	1907,17
402,88	1716,17
403,098	1718,17
403,317	2132,17
403,535	1803,17
403,754	1662,17
403,972	1854,17
404,191	1710,17
404,409	1747,17
404,628	2425,17
404,846	1810,17
405,065	1912,17
405,283	1803,17
405,502	1769,17
405,72	1812,17
405,938	1728,17
406,157	1748,17
406,375	1738,17
406,594	1875,17
406,812	1867,17
407,03	1770,17
407,249	1582,17
407,467	1894,17
407,685	1905,17
407,903	1680,17
408,122	1747,17
408,34	1727,17
408,558	1741,17
408,776	1732,17
408,995	1784,17
409,213	1749,17
409,431	1850,17
409,649	1858,17
409,867	1692,17
410,085	1809,17
410,303	1898,17
410,522	1702,17
410,74	1730,17
410,958	1699,17
411,176	1744,17
411,394	1698,17
411,612	1729,17
411,83	1950,17
412,048	1837,17
412,266	1785,17
412,484	1695,17
412,702	2003,17
412,92	1653,17
413,138	1858,17
413,356	1761,17
413,573	1973,17
413,791	2189,17
414,009	1891,17
414,227	1978,17
414,445	1796,17
414,663	1768,17
414,881	1817,17
415,098	1858,17
415,316	1811,17
415,534	2055,17
415,752	1776,17
415,969	1980,17
416,187	1493,17
416,405	1686,17
416,623	1875,17
416,84	1617,17
417,058	1792,17
417,276	2097,17
417,493	1834,17
417,711	1790,17
417,928	1820,17
418,146	1722,17
418,364	1825,17
418,581	1733,17
418,799	1658,17
419,016	1598,17
419,234	1699,17
419,451	2258,17
419,669	1814,17
419,886	1806,17
420,104	1722,17
420,321	1731,17
420,539	1671,17
420,756	2024,17
420,974	1699,17
421,191	1657,17
421,408	1925,17
421,626	1798,17
421,843	1766,17
422,06	1805,17
422,278	1725,17
422,495	1837,17
422,712	1857,17
422,93	1859,17
423,147	1777,17
423,364	1787,17
423,581	1905,17
423,799	1711,17
424,016	1798,17
424,233	1777,17
424,45	1864,17
424,667	1786,17
424,884	1698,17
425,102	1717,17
425,319	1643,17
425,536	1688,17
425,753	1881,17
425,97	1709,17
426,187	1775,17
426,404	1693,17
426,621	2012,17
426,838	1841,17
427,055	1887,17
427,272	1707,17
427,489	1804,17
427,706	1689,17
427,923	1717,17
428,14	1801,17
428,357	2056,17
428,574	1860,17
428,791	1778,17
429,008	1722,17
429,224	1700,17
429,441	1631,17
429,658	2091,17
429,875	1909,17
430,092	1777,17
430,308	1940,17
430,525	1697,17
430,742	1771,17
430,959	1840,17
431,175	1765,17
431,392	1748,17
431,609	1902,17
431,826	1810,17
432,042	1683,17
432,259	1725,17
432,476	2099,17
432,692	1694,17
432,909	1785,17
433,125	1760,17
433,342	1711,17
433,559	1697,17
433,775	1774,17
433,992	1590,17
434,208	1748,17
434,425	1848,17
434,641	1962,17
434,858	1964,17
435,074	1794,17
435,291	1793,17
435,507	1627,17
435,723	1701,17
435,94	1759,17
436,156	1767,17
436,373	1939,17
436,589	1795,17
436,805	1794,17
437,022	1721,17
437,238	1793,17
437,454	1837,17
437,671	1736,17
437,887	1789,17
438,103	1736,17
438,319	1710,17
438,536	1955,17
438,752	1761,17
438,968	1825,17
439,184	1779,17
439,4	1716,17
439,616	1828,17
439,833	1955,17
440,049	1740,17
440,265	1917,17
440,481	1736,17
440,697	1804,17
440,913	1832,17
441,129	1766,17
441,345	1892,17
441,561	1791,17
441,777	1683,17
441,993	1755,17
442,209	1695,17
442,425	1946,17
442,641	1664,17
442,857	1777,17
443,073	1852,17
443,289	1708,17
443,505	1881,17
443,721	1856,17
443,937	1784,17
444,152	1730,17
444,368	1876,17
444,584	1743,17
444,8	1935,17
445,016	1760,17
445,231	1749,17
445,447	1952,17
445,663	1837,17
445,879	1702,17
446,094	1945,17
446,31	1922,17
446,526	1795,17
446,742	1865,17
446,957	1776,17
447,173	1811,17
447,388	1867,17
447,604	2038,17
447,82	1854,17
448,035	1898,17
448,251	1759,17
448,466	1840,17
448,682	1619,17
448,897	1576,17
449,113	1887,17
449,328	1916,17
449,544	1659,17
449,759	2112,17
449,975	1652,17
450,19	1775,17
450,406	1840,17
450,621	1730,17
450,836	1722,17
451,052	1764,17
451,267	1626,17
451,483	1793,17
451,698	1633,17
451,913	1751,17
452,129	1695,17
452,344	1639,17
452,559	1970,17
452,774	1802,17
452,99	1700,17
453,205	1830,17
453,42	1744,17
453,635	1939,17
453,85	1714,17
454,066	1814,17
454,281	1841,17
454,496	1856,17
454,711	1869,17
454,926	1868,17
455,141	1679,17
455,356	1791,17
455,571	1694,17
455,786	1835,17
456,001	1760,17
456,217	1648,17
456,432	1876,17
456,647	1776,17
456,861	1773,17
457,076	1803,17
457,291	1924,17
457,506	1813,17
457,721	1689,17
457,936	1823,17
458,151	1724,17
458,366	1977,17
458,581	1744,17
458,796	2016,17
459,01	1797,17
459,225	1841,17
459,44	1675,17
459,655	1819,17
459,87	1672,17
460,084	1748,17
460,299	1782,17
460,514	1781,17
460,729	2241,17
460,943	1641,17
461,158	1712,17
461,373	1918,17
461,587	1764,17
461,802	1688,17
462,016	2016,17
462,231	1809,17
462,446	1654,17
462,66	1717,17
462,875	1809,17
463,089	1776,17
463,304	1830,17
463,518	1712,17
463,733	1756,17
463,947	1800,17
464,162	1691,17
464,376	1748,17
464,591	1944,17
464,805	1705,17
465,02	1906,17
465,234	1860,17
465,448	1798,17
465,663	1823,17
465,877	1817,17
466,091	1726,17
466,306	1973,17
466,52	1961,17
466,734	1816,17
466,949	1747,17
467,163	1825,17
467,377	1733,17
467,591	1825,17
467,806	1774,17
468,02	1692,17
468,234	1633,17
468,448	1878,17
468,662	1786,17
468,876	2067,17
469,091	1746,17
469,305	1828,17
469,519	1725,17
469,733	1703,17
469,947	1795,17
470,161	2038,17
470,375	1551,17
470,589	1870,17
470,803	1827,17
471,017	1779,17
471,231	1756,17
471,445	1912,17
471,659	1853,17
471,873	1859,17
472,087	1698,17
472,301	1837,17
472,515	1705,17
472,728	1666,17
472,942	1702,17
473,156	1769,17
473,37	1728,17
473,584	1668,17
473,798	1828,17
474,011	1835,17
474,225	1763,17
474,439	1838,17
474,653	1846,17
474,866	1817,17
475,08	1829,17
475,294	1911,17
475,507	1584,17
475,721	1913,17
475,935	1827,17
476,148	1671,17
476,362	1640,17
476,576	1695,17
476,789	1787,17
477,003	1886,17
477,216	1834,17
477,43	1692,17
477,643	1815,17
477,857	1877,17
478,07	1699,17
478,284	1861,17
478,497	1724,17
478,711	1723,17
478,924	1719,17
479,138	1767,17
479,351	1768,17
479,564	1641,17
479,778	1824,17
479,991	1612,17
480,204	1717,17
480,418	2053,17
480,631	1713,17
480,844	1907,17
481,058	1681,17
481,271	1822,17
481,484	1836,17
481,697	1740,17
481,911	1824,17
482,124	1714,17
482,337	1758,17
482,55	1861,17
482,763	1716,17
482,976	1839,17
483,19	1522,17
483,403	1779,17
483,616	1804,17
483,829	1849,17
484,042	1768,17
484,255	1783,17
484,468	1940,17
484,681	1733,17
484,894	1766,17
485,107	1958,17
485,32	1714,17
485,533	1650,17
485,746	1873,17
485,959	1757,17
486,172	1745,17
486,385	1670,17
486,598	1835,17
486,81	1746,17
487,023	1728,17
487,236	1963,17
487,449	1823,17
487,662	1763,17
487,875	1721,17
488,087	1833,17
488,3	1799,17
488,513	1572,17
488,726	1639,17
488,938	1776,17
489,151	1818,17
489,364	1714,17
489,576	1691,17
489,789	1816,17
490,002	1804,17
490,214	1746,17
490,427	1590,17
490,64	1728,17
490,852	1813,17
491,065	1715,17
491,277	1800,17
491,49	1811,17
491,702	1625,17
491,915	1813,17
492,127	2141,17
492,34	1805,17
492,552	1765,17
492,765	1965,17
492,977	2013,17
493,19	1831,17
493,402	1775,17
493,614	1792,17
493,827	1762,17
494,039	1780,17
494,251	1899,17
494,464	1872,17
494,676	1643,17
494,888	1776,17
495,101	1718,17
495,313	1778,17
495,525	1751,17
495,737	1755,17
495,95	1794,17
496,162	1782,17
496,374	1760,17
496,586	1788,17
496,798	1781,17
497,01	1729,17
497,222	1704,17
497,435	1922,17
497,647	1702,17
497,859	1710,17
498,071	1781,17
498,283	1675,17
498,495	1744,17
498,707	2009,17
498,919	1675,17
499,131	1887,17
499,343	1713,17
499,555	1739,17
499,767	1858,17
499,979	1729,17
500,191	1921,17
500,402	1692,17
500,614	1826,17
500,826	1985,17
501,038	1642,17
501,25	1797,17
501,462	1764,17
501,673	1765,17
501,885	1694,17
502,097	2028,17
502,309	1844,17
502,521	1823,17
502,732	1758,17
502,944	1771,17
503,156	1624,17
503,367	1741,17
503,579	1684,17
503,791	1728,17
504,002	1767,17
504,214	1882,17
504,425	2104,17
504,637	1977,17
504,849	1786,17
505,06	1854,17
505,272	1909,17
505,483	1734,17
505,695	1828,17
505,906	1609,17
506,118	1809,17
506,329	1772,17
506,541	1712,17
506,752	1913,17
506,963	1787,17
507,175	1698,17
507,386	1930,17
507,598	1861,17
507,809	1687,17
508,02	1690,17
508,232	1954,17
508,443	1655,17
508,654	1950,17
508,865	1977,17
509,077	1605,17
509,288	1777,17
509,499	2049,17
509,71	1632,17
509,922	1881,17
510,133	1775,17
510,344	1967,17
510,555	1747,17
510,766	1839,17
510,977	1605,17
511,188	1739,17
511,4	1718,17
511,611	1698,17
511,822	1843,17
512,033	1788,17
512,244	1871,17
512,455	1761,17
512,666	1773,17
512,877	1854,17
513,088	1772,17
513,299	1881,17
513,51	1879,17
513,721	1768,17
513,931	1856,17
514,142	1815,17
514,353	1940,17
514,564	1561,17
514,775	1785,17
514,986	1824,17
515,196	1800,17
515,407	1686,17
515,618	1865,17
515,829	1584,17
516,04	1828,17
516,25	1700,17
516,461	1565,17
516,672	1811,17
516,882	1603,17
517,093	1859,17
517,304	1660,17
517,514	1667,17
517,725	1827,17
517,936	1670,17
518,146	1708,17
518,357	1803,17
518,567	1588,17
518,778	2015,17
518,988	1721,17
519,199	1901,17
519,409	1699,17
519,62	1857,17
519,83	1819,17
520,041	1898,17
520,251	1834,17
520,462	1858,17
520,672	1840,17
520,882	1743,17
521,093	1871,17
521,303	1912,17
521,513	1774,17
521,724	2932,17
521,934	1556,17
522,144	1765,17
522,355	1777,17
522,565	1806,17
522,775	1789,17
522,985	1810,17
523,196	1743,17
523,406	1789,17
523,616	1895,17
523,826	1738,17
524,036	2620,17
524,246	1746,17
524,457	1748,17
524,667	1497,17
524,877	1777,17
525,087	1762,17
525,297	1835,17
525,507	1973,17
525,717	1591,17
525,927	1853,17
526,137	1719,17
526,347	1839,17
526,557	1711,17
526,767	1779,17
526,977	2022,17
527,187	1807,17
527,397	1765,17
527,607	1683,17
527,816	1787,17
528,026	1766,17
528,236	1818,17
528,446	1751,17
528,656	1734,17
528,865	1935,17
529,075	1756,17
529,285	1739,17
529,495	1924,17
529,704	1830,17
529,914	1691,17
530,124	1839,17
530,334	1715,17
530,543	1745,17
530,753	2159,17
530,963	2215,17
531,172	1745,17
531,382	1702,17
531,591	2051,17
531,801	1568,17
532,01	1689,17
532,22	1819,17
532,43	1789,17
532,639	2057,17
532,849	1792,17
533,058	1705,17
533,267	1985,17
533,477	2015,17
533,686	1721,17
533,896	1854,17
534,105	1832,17
534,315	1659,17
534,524	1770,17
534,733	1795,17
534,943	2062,17
535,152	1896,17
535,361	1626,17
535,57	1746,17
535,78	1872,17
535,989	1809,17
536,198	1857,17
536,407	1806,17
536,617	1874,17
536,826	1848,17
537,035	1918,17
537,244	1807,17
537,453	1591,17
537,662	1746,17
537,872	1982,17
538,081	1768,17
538,29	1750,17
538,499	1698,17
538,708	1743,17
538,917	1821,17
539,126	1855,17
539,335	1812,17
539,544	2288,17
539,753	1697,17
539,962	1829,17
540,171	1713,17
540,38	1918,17
540,589	1980,17
540,797	1985,17
541,006	1764,17
541,215	1717,17
541,424	2058,17
541,633	1945,17
541,842	1725,17
542,05	2049,17
542,259	1682,17
542,468	1766,17
542,677	1857,17
542,885	1762,17
543,094	1851,17
543,303	1627,17
543,512	1824,17
543,72	1876,17
543,929	1914,17
544,138	1734,17
544,346	1712,17
544,555	1789,17
544,763	1793,17
544,972	1780,17
545,18	1681,17
545,389	1806,17
545,598	1748,17
545,806	1874,17
546,015	1728,17
546,223	1759,17
546,431	1815,17
546,64	1714,17
546,848	1690,17
547,057	1744,17
547,265	1716,17
547,474	1706,17
547,682	1781,17
547,89	1772,17
548,099	1856,17
548,307	1724,17
548,515	1908,17
548,723	1943,17
548,932	1810,17
549,14	1833,17
549,348	1791,17
549,556	1792,17
549,765	1836,17
549,973	1665,17
550,181	1790,17
550,389	1867,17
550,597	1902,17
550,805	1602,17
551,014	1911,17
551,222	4391,17
551,43	1650,17
551,638	1756,17
551,846	1901,17
552,054	1921,17
552,262	1944,17
552,47	1680,17
552,678	1755,17
552,886	1747,17
553,094	1638,17
553,302	1667,17
553,51	1760,17
553,717	1878,17
553,925	1627,17
554,133	2060,17
554,341	1676,17
554,549	1707,17
554,757	1599,17
554,965	1791,17
555,172	1773,17
555,38	2070,17
555,588	1639,17
555,796	1742,17
556,003	1974,17
556,211	1771,17
556,419	1825,17
556,626	1915,17
556,834	1760,17
557,042	1788,17
557,249	1795,17
557,457	1808,17
557,664	1611,17
557,872	1586,17
558,08	1833,17
558,287	1895,17
558,495	1881,17
558,702	1650,17
558,91	1819,17
559,117	1783,17
559,325	1785,17
559,532	1738,17
559,74	2037,17
559,947	1788,17
560,154	1858,17
560,362	1770,17
560,569	1748,17
560,776	1805,17
560,984	1804,17
561,191	1661,17
561,398	1795,17
561,606	2283,17
561,813	1951,17
562,02	1910,17
562,227	1657,17
562,435	1735,17
562,642	1867,17
562,849	1890,17
563,056	1767,17
563,263	1740,17
563,471	1927,17
563,678	1875,17
563,885	1791,17
564,092	1805,17
564,299	1848,17
564,506	1880,17
564,713	1773,17
564,92	1770,17
565,127	1931,17
565,334	1851,17
565,541	2072,17
565,748	1835,17
565,955	1757,17
566,162	1806,17
566,369	1962,17
566,576	2072,17
566,783	1861,17
566,99	1706,17
567,196	1921,17
567,403	1856,17
567,61	1897,17
567,817	1756,17
568,024	1747,17
568,23	1876,17
568,437	1760,17
568,644	1647,17
568,851	1774,17
569,057	2022,17
569,264	1915,17
569,471	1714,17
569,677	1706,17
569,884	1815,17
570,091	1968,17
570,297	2855,17
570,504	2010,17
570,71	1685,17
570,917	1662,17
571,123	1728,17
571,33	1783,17
571,536	1738,17
571,743	2038,17
571,949	1764,17
572,156	1965,17
572,362	2048,17
572,569	1698,17
572,775	1732,17
572,982	1923,17
573,188	1786,17
573,394	1670,17
573,601	1762,17
573,807	1749,17
574,013	2065,17
574,22	1835,17
574,426	1705,17
574,632	1904,17
574,838	1671,17
575,045	1707,17
575,251	1897,17
575,457	1848,17
575,663	1931,17
575,869	1741,17
576,076	1685,17
576,282	1866,17
576,488	1709,17
576,694	1791,17
576,9	1631,17
577,106	1685,17
577,312	1715,17
577,518	1826,17
577,724	1828,17
577,93	1789,17
578,136	1754,17
578,342	1802,17
578,548	1769,17
578,754	1740,17
578,96	1724,17
579,166	1487,17
579,372	1995,17
579,578	1694,17
579,784	1835,17
579,989	1717,17
580,195	1670,17
580,401	1837,17
580,607	1906,17
580,813	1756,17
581,018	1790,17
581,224	1819,17
581,43	1728,17
581,636	1731,17
581,841	1929,17
582,047	1813,17
582,253	1835,17
582,458	1801,17
582,664	1735,17
582,869	1777,17
583,075	1688,17
583,281	2101,17
583,486	1877,17
583,692	1829,17
583,897	1896,17
584,103	1859,17
584,308	1908,17
584,514	1779,17
584,719	1878,17
584,925	1858,17
585,13	1790,17
585,335	1840,17
585,541	1846,17
585,746	1834,17
585,952	1740,17
586,157	1788,17
586,362	1811,17
586,568	1738,17
586,773	1787,17
586,978	1725,17
587,183	1834,17
587,389	1783,17
587,594	1706,17
587,799	2142,17
588,004	1845,17
588,21	1856,17
588,415	1696,17
588,62	1860,17
588,825	2006,17
589,03	1792,17
589,235	2392,17
589,44	1881,17
589,645	1747,17
589,85	1891,17
590,055	2010,17
590,26	1788,17
590,465	1800,17
590,67	1834,17
590,875	2004,17
591,08	1930,17
591,285	1811,17
591,49	1865,17
591,695	1607,17
591,9	1847,17
592,105	1812,17
592,31	1666,17
592,515	2097,17
592,719	1731,17
592,924	1757,17
593,129	1720,17
593,334	1777,17
593,539	1705,17
593,743	1935,17
593,948	1752,17
594,153	1844,17
594,357	2049,17
594,562	1733,17
594,767	2261,17
594,971	1670,17
595,176	1788,17
595,381	1919,17
595,585	1776,17
595,79	2022,17
595,994	1698,17
596,199	2292,17
596,403	1598,17
596,608	1652,17
596,812	1764,17
597,017	1928,17
597,221	2076,17
597,426	1988,17
597,63	1814,17
597,835	1595,17
598,039	1742,17
598,243	1685,17
598,448	2023,17
598,652	1847,17
598,856	1781,17
599,061	1923,17
599,265	1750,17
599,469	1767,17
599,673	1903,17
599,878	1863,17
600,082	1746,17
600,286	2037,17
600,49	1889,17
600,695	1825,17
600,899	1774,17
601,103	1862,17
601,307	1950,17
601,511	1807,17
601,715	1669,17
601,919	1649,17
602,123	1959,17
602,327	1814,17
602,531	1801,17
602,735	1915,17
602,939	1951,17
603,143	1692,17
603,347	1889,17
603,551	1788,17
603,755	1837,17
603,959	1807,17
604,163	1850,17
604,367	1763,17
604,571	1655,17
604,775	1618,17
604,978	1840,17
605,182	1476,17
605,386	1776,17
605,59	1701,17
605,793	1794,17
605,997	2071,17
606,201	1939,17
606,405	1701,17
606,608	1894,17
606,812	1863,17
607,016	1920,17
607,219	1790,17
607,423	1708,17
607,627	1960,17
607,83	1775,17
608,034	1711,17
608,237	1843,17
608,441	1674,17
608,644	1828,17
608,848	1777,17
609,051	1856,17
609,255	1652,17
609,458	1939,17
609,662	1808,17
609,865	1853,17
610,069	1721,17
610,272	1662,17
610,475	1732,17
610,679	1745,17
610,882	1814,17
611,085	1799,17
611,289	1853,17
611,492	1740,17
611,695	1767,17
611,898	1796,17
612,102	1897,17
612,305	1759,17
612,508	1875,17
612,711	1988,17
612,914	1804,17
613,118	1873,17
613,321	2138,17
613,524	1585,17
613,727	1811,17
613,93	1825,17
614,133	1826,17
614,336	1877,17
614,539	1778,17
614,742	1661,17
614,945	2004,17
615,148	1965,17
615,351	1798,17
615,554	1973,17
615,757	1769,17
615,96	1892,17
616,163	1724,17
616,366	1906,17
616,569	1762,17
616,772	2012,17
616,974	1847,17
617,177	2012,17
617,38	1814,17
617,583	2017,17
617,786	1720,17
617,988	1694,17
618,191	1943,17
618,394	1741,17
618,596	1705,17
618,799	1768,17
619,002	1874,17
619,204	1834,17
619,407	1887,17
619,61	1648,17
619,812	1647,17
620,015	1799,17
620,217	2004,17
620,42	1737,17
620,623	1775,17
620,825	1843,17
621,028	1988,17
621,23	1905,17
621,432	1862,17
621,635	1939,17
621,837	1862,17
622,04	1560,17
622,242	1900,17
622,445	1857,17
622,647	1839,17
622,849	1885,17
623,052	1633,17
623,254	1847,17
623,456	1583,17
623,658	1940,17
623,861	1937,17
624,063	1827,17
624,265	1794,17
624,467	1882,17
624,67	1667,17
624,872	1911,17
625,074	1903,17
625,276	1786,17
625,478	1969,17
625,68	1562,17
625,882	1691,17
626,084	1702,17
626,287	1924,17
626,489	1915,17
626,691	1810,17
626,893	1826,17
627,095	1934,17
627,297	1853,17
627,499	1758,17
627,7	1635,17
627,902	1678,17
628,104	1610,17
628,306	1707,17
628,508	1716,17
628,71	1791,17
628,912	1851,17
629,114	2067,17
629,315	1846,17
629,517	1740,17
629,719	1740,17
629,921	1813,17
630,122	1631,17
630,324	1642,17
630,526	2036,17
630,728	1753,17
630,929	1751,17
631,131	1759,17
631,332	2010,17
631,534	1897,17
631,736	1975,17
631,937	1627,17
632,139	1840,17
632,34	1935,17
632,542	1882,17
632,743	1881,17
632,945	1758,17
633,146	1843,17
633,348	1890,17
633,549	1837,17
633,751	1769,17
633,952	1853,17
634,154	1873,17
634,355	1748,17
634,556	1762,17
634,758	1819,17
634,959	1769,17
635,16	1916,17
635,362	1760,17
635,563	1911,17
635,764	1854,17
635,965	1862,17
636,167	1788,17
636,368	1792,17
636,569	1729,17
636,77	1925,17
636,971	1750,17
637,172	1879,17
637,374	1680,17
637,575	2058,17
637,776	1712,17
637,977	1603,17
638,178	1877,17
638,379	1792,17
638,58	1990,17
638,781	1717,17
638,982	1973,17
639,183	1813,17
639,384	1780,17
639,585	1796,17
639,786	1680,17
639,987	1702,17
640,187	1932,17
640,388	1833,17
640,589	1675,17
640,79	1750,17
640,991	1768,17
641,192	1948,17
641,392	1673,17
641,593	1720,17
641,794	1608,17
641,995	1739,17
642,195	1609,17
642,396	1804,17
642,597	1524,17
642,797	1671,17
642,998	1881,17
643,199	1757,17
643,399	1883,17
643,6	1623,17
643,8	1593,17
644,001	1850,17
644,202	1849,17
644,402	1640,17
644,603	1892,17
644,803	1675,17
645,004	1820,17
645,204	1629,17
645,404	1795,17
645,605	2080,17
645,805	1673,17
646,006	1653,17
646,206	2156,17
646,406	1689,17
646,607	1587,17
646,807	1528,17
647,007	-186,83
647,208	83,17
647,408	-138,83
647,608	74,17
