200,697	923,5
200,927	-11,5
201,158	7,5
201,388	6,5
201,618	1583,5
201,849	1406,5
202,079	1564,5
202,309	1536,5
202,539	1686,5
202,77	1256,5
203	1533,5
203,23	1645,5
203,46	1603,5
203,691	1595,5
203,921	1461,5
204,151	1589,5
204,381	1567,5
204,611	1646,5
204,841	1542,5
205,071	1554,5
205,302	1736,5
205,532	1721,5
205,762	3872,5
205,992	1560,5
206,222	1566,5
206,452	1633,5
206,682	1574,5
206,912	1702,5
207,142	1675,5
207,372	1635,5
207,602	1487,5
207,832	1555,5
208,062	1765,5
208,292	1666,5
208,522	1430,5
208,752	1641,5
208,982	1715,5
209,212	1726,5
209,442	1557,5
209,672	1585,5
209,902	1577,5
210,131	1632,5
210,361	1459,5
210,591	1687,5
210,821	1580,5
211,051	1813,5
211,281	1635,5
211,51	1648,5
211,74	1646,5
211,97	1600,5
212,2	1583,5
212,429	1973,5
212,659	1647,5
212,889	1626,5
213,119	1515,5
213,348	1575,5
213,578	1674,5
213,808	1705,5
214,037	1742,5
214,267	1744,5
214,497	1710,5
214,726	1607,5
214,956	1598,5
215,186	1592,5
215,415	1667,5
215,645	1639,5
215,874	1738,5
216,104	1540,5
216,333	1741,5
216,563	1727,5
216,792	1686,5
217,022	1705,5
217,251	1774,5
217,481	1644,5
217,71	1681,5
217,94	1721,5
218,169	1640,5
218,399	1709,5
218,628	1533,5
218,858	1862,5
219,087	1670,5
219,316	1671,5
219,546	1640,5
219,775	1720,5
220,004	1835,5
220,234	1581,5
220,463	1712,5
220,692	1700,5
220,922	1608,5
221,151	1736,5
221,38	1689,5
221,61	2090,5
221,839	2054,5
222,068	1760,5
222,297	1777,5
222,526	1726,5
222,756	1869,5
222,985	1747,5
223,214	1787,5
223,443	1702,5
223,672	2253,5
223,902	1673,5
224,131	1645,5
224,36	1940,5
224,589	1644,5
224,818	1700,5
225,047	1833,5
225,276	1635,5
225,505	1992,5
225,734	1770,5
225,963	1632,5
226,192	1712,5
226,421	1698,5
226,65	1731,5
226,879	1930,5
227,108	1766,5
227,337	1846,5
227,566	1980,5
227,795	1837,5
228,024	1778,5
228,253	1687,5
228,482	1622,5
228,711	1854,5
228,94	1655,5
229,168	1776,5
229,397	1728,5
229,626	1800,5
229,855	1790,5
230,084	1753,5
230,313	1659,5
230,541	1821,5
230,77	1723,5
230,999	1686,5
231,228	2094,5
231,456	1927,5
231,685	1868,5
231,914	2007,5
232,143	1908,5
232,371	1890,5
232,6	1728,5
232,829	1854,5
233,057	1878,5
233,286	1849,5
233,515	1818,5
233,743	1902,5
233,972	1796,5
234,2	1932,5
234,429	1878,5
234,658	1987,5
234,886	1758,5
235,115	1870,5
235,343	1917,5
235,572	1822,5
235,8	2029,5
236,029	2170,5
236,257	1805,5
236,486	1944,5
236,714	1925,5
236,943	2088,5
237,171	1864,5
237,399	1901,5
237,628	2077,5
237,856	2251,5
238,085	1928,5
238,313	1862,5
238,541	1910,5
238,77	2200,5
238,998	1899,5
239,226	2101,5
239,455	1945,5
239,683	2100,5
239,911	1883,5
240,14	2116,5
240,368	2050,5
240,596	1956,5
240,824	2005,5
241,053	1882,5
241,281	1932,5
241,509	1973,5
241,737	1836,5
241,965	1903,5
242,193	2047,5
242,422	1833,5
242,65	2005,5
242,878	2019,5
243,106	1998,5
243,334	1997,5
243,562	2056,5
243,79	2103,5
244,018	2063,5
244,246	2051,5
244,474	2012,5
244,702	2075,5
244,93	2133,5
245,158	2016,5
245,386	1896,5
245,614	2112,5
245,842	2120,5
246,07	2006,5
246,298	2217,5
246,526	2498,5
246,754	2018,5
246,982	2165,5
247,21	2104,5
247,438	1938,5
247,666	2077,5
247,893	2035,5
248,121	2014,5
248,349	1992,5
248,577	2088,5
248,805	2197,5
249,033	2042,5
249,26	2177,5
249,488	2022,5
249,716	2177,5
249,944	2042,5
250,171	2044,5
250,399	1987,5
250,627	2229,5
250,854	2074,5
251,082	2056,5
251,31	2118,5
251,537	2106,5
251,765	2467,5
251,993	2148,5
252,22	2452,5
252,448	1976,5
252,676	2253,5
252,903	2161,5
253,131	2447,5
253,358	2064,5
253,586	2035,5
253,813	1986,5
254,041	2137,5
254,268	2192,5
254,496	1937,5
254,723	2069,5
254,951	2161,5
255,178	2129,5
255,406	2167,5
255,633	2088,5
255,86	2272,5
256,088	2120,5
256,315	2101,5
256,543	2235,5
256,77	2245,5
256,997	2106,5
257,225	2245,5
257,452	2055,5
257,679	2111,5
257,907	2266,5
258,134	2077,5
258,361	2186,5
258,588	2070,5
258,816	2121,5
259,043	1989,5
259,27	2054,5
259,497	2163,5
259,725	2070,5
259,952	2327,5
260,179	2132,5
260,406	2180,5
260,633	1956,5
260,86	2096,5
261,088	2126,5
261,315	2160,5
261,542	2066,5
261,769	2022,5
261,996	2456,5
262,223	2290,5
262,45	2359,5
262,677	2026,5
262,904	2099,5
263,131	2266,5
263,358	2137,5
263,585	2210,5
263,812	2522,5
264,039	2325,5
264,266	2096,5
264,493	2220,5
264,72	2122,5
264,947	2168,5
265,174	2293,5
265,401	2328,5
265,627	2286,5
265,854	2188,5
266,081	2183,5
266,308	1960,5
266,535	2199,5
266,762	2152,5
266,988	2148,5
267,215	2263,5
267,442	2139,5
267,669	2238,5
267,896	2176,5
268,122	2259,5
268,349	2189,5
268,576	2004,5
268,802	2095,5
269,029	2125,5
269,256	2259,5
269,482	1995,5
269,709	2117,5
269,936	2178,5
270,162	2336,5
270,389	2163,5
270,616	2147,5
270,842	2168,5
271,069	2257,5
271,295	2213,5
271,522	2045,5
271,748	2140,5
271,975	2293,5
272,201	2293,5
272,428	2137,5
272,654	2152,5
272,881	2494,5
273,107	2176,5
273,334	2229,5
273,56	2287,5
273,787	2118,5
274,013	2239,5
274,239	2502,5
274,466	2069,5
274,692	2268,5
274,918	2294,5
275,145	2336,5
275,371	2251,5
275,597	2418,5
275,824	2307,5
276,05	2372,5
276,276	2400,5
276,503	2307,5
276,729	2346,5
276,955	2290,5
277,181	2409,5
277,407	2386,5
277,634	2578,5
277,86	2409,5
278,086	2566,5
278,312	2439,5
278,538	2459,5
278,764	2523,5
278,991	2724,5
279,217	2504,5
279,443	2518,5
279,669	2703,5
279,895	2800,5
280,121	2794,5
280,347	2890,5
280,573	2842,5
280,799	2902,5
281,025	3207,5
281,251	2885,5
281,477	3174,5
281,703	3061,5
281,929	3112,5
282,155	3186,5
282,381	3335,5
282,607	3317,5
282,833	3367,5
283,059	3439,5
283,285	3428,5
283,51	3447,5
283,736	3211,5
283,962	3628,5
284,188	3574,5
284,414	3543,5
284,64	3768,5
284,865	3718,5
285,091	3688,5
285,317	4014,5
285,543	3878,5
285,768	3932,5
285,994	3922,5
286,22	4154,5
286,446	4048,5
286,671	3802,5
286,897	3948,5
287,123	4050,5
287,348	3959,5
287,574	4583,5
287,799	4266,5
288,025	4060,5
288,251	4561,5
288,476	4199,5
288,702	4219,5
288,927	4235,5
289,153	4186,5
289,378	4557,5
289,604	4376,5
289,829	4467,5
290,055	4292,5
290,28	4381,5
290,506	4385,5
290,731	4409,5
290,957	4535,5
291,182	4622,5
291,408	4648,5
291,633	4555,5
291,858	4537,5
292,084	4653,5
292,309	4533,5
292,535	4642,5
292,76	4751,5
292,985	4728,5
293,211	4730,5
293,436	4641,5
293,661	4646,5
293,886	4747,5
294,112	4756,5
294,337	4841,5
294,562	4664,5
294,787	4938,5
295,013	4820,5
295,238	4921,5
295,463	5053,5
295,688	5090,5
295,913	4968,5
296,138	4950,5
296,364	4909,5
296,589	5046,5
296,814	4758,5
297,039	4856,5
297,264	5009,5
297,489	4877,5
297,714	4800,5
297,939	4817,5
298,164	5014,5
298,389	5100,5
298,614	5001,5
298,839	5136,5
299,064	5225,5
299,289	5131,5
299,514	5369,5
299,739	5261,5
299,964	5214,5
300,189	5204,5
300,414	5312,5
300,639	5467,5
300,863	5342,5
301,088	5723,5
301,313	5363,5
301,538	5411,5
301,763	5359,5
301,988	5491,5
302,212	5493,5
302,437	6027,5
302,662	5395,5
302,887	5512,5
303,111	5442,5
303,336	5606,5
303,561	5548,5
303,786	5480,5
304,01	5676,5
304,235	5529,5
304,46	5393,5
304,684	5465,5
304,909	5522,5
305,134	5294,5
305,358	5532,5
305,583	5406,5
305,807	5591,5
306,032	5103,5
306,256	5423,5
306,481	5358,5
306,706	5359,5
306,93	5302,5
307,155	5731,5
307,379	5393,5
307,604	5456,5
307,828	5548,5
308,052	5741,5
308,277	5636,5
308,501	5798,5
308,726	5608,5
308,95	5783,5
309,175	5647,5
309,399	5712,5
309,623	5636,5
309,848	5452,5
310,072	5523,5
310,296	6048,5
310,521	5559,5
310,745	5501,5
310,969	5850,5
311,193	5794,5
311,418	5688,5
311,642	5606,5
311,866	5479,5
312,09	5701,5
312,315	5656,5
312,539	5715,5
312,763	5590,5
312,987	5624,5
313,211	5573,5
313,435	5494,5
313,659	5616,5
313,884	5790,5
314,108	5654,5
314,332	5650,5
314,556	5450,5
314,78	5873,5
315,004	5679,5
315,228	5733,5
315,452	5673,5
315,676	5499,5
315,9	5600,5
316,124	5392,5
316,348	5484,5
316,572	5550,5
316,796	5650,5
317,02	5437,5
317,244	5578,5
317,468	5407,5
317,691	5696,5
317,915	5565,5
318,139	5461,5
318,363	5745,5
318,587	5524,5
318,811	5391,5
319,034	5468,5
319,258	5565,5
319,482	5636,5
319,706	5405,5
319,93	5344,5
320,153	5340,5
320,377	5382,5
320,601	5318,5
320,824	5112,5
321,048	5502,5
321,272	5705,5
321,495	5429,5
321,719	5456,5
321,943	5337,5
322,166	5376,5
322,39	5434,5
322,614	5503,5
322,837	5428,5
323,061	5336,5
323,284	5580,5
323,508	5486,5
323,731	5322,5
323,955	5402,5
324,178	5362,5
324,402	5477,5
324,625	5436,5
324,849	5274,5
325,072	5436,5
325,296	5398,5
325,519	5218,5
325,743	5294,5
325,966	5489,5
326,189	5438,5
326,413	5406,5
326,636	5598,5
326,859	5397,5
327,083	5526,5
327,306	4941,5
327,529	5187,5
327,753	5069,5
327,976	5271,5
328,199	5126,5
328,422	5219,5
328,646	5278,5
328,869	5068,5
329,092	5242,5
329,315	5352,5
329,538	5155,5
329,762	5301,5
329,985	5133,5
330,208	5215,5
330,431	5297,5
330,654	5283,5
330,877	5246,5
331,1	5388,5
331,323	5181,5
331,546	5411,5
331,769	5339,5
331,993	5174,5
332,216	5441,5
332,439	5237,5
332,662	5317,5
332,885	5210,5
333,107	5045,5
333,33	5136,5
333,553	5428,5
333,776	5123,5
333,999	5258,5
334,222	5152,5
334,445	5176,5
334,668	5197,5
334,891	5416,5
335,114	5052,5
335,336	5246,5
335,559	5246,5
335,782	5476,5
336,005	5112,5
336,228	5224,5
336,45	5168,5
336,673	5188,5
336,896	5267,5
337,119	5124,5
337,341	5019,5
337,564	4990,5
337,787	5143,5
338,009	5014,5
338,232	5129,5
338,455	5152,5
338,677	5068,5
338,9	5083,5
339,122	5167,5
339,345	4890,5
339,568	4856,5
339,79	4791,5
340,013	5186,5
340,235	5079,5
340,458	4913,5
340,68	5034,5
340,903	4865,5
341,125	4962,5
341,348	4921,5
341,57	4721,5
341,793	5010,5
342,015	4697,5
342,238	4765,5
342,46	4885,5
342,682	4934,5
342,905	4763,5
343,127	4832,5
343,349	4721,5
343,572	4842,5
343,794	4643,5
344,016	4565,5
344,239	4542,5
344,461	4590,5
344,683	4480,5
344,905	4625,5
345,128	4614,5
345,35	4653,5
345,572	4890,5
345,794	5064,5
346,017	4554,5
346,239	4869,5
346,461	4737,5
346,683	4685,5
346,905	4946,5
347,127	4694,5
347,349	4743,5
347,571	4771,5
347,793	4932,5
348,016	4746,5
348,238	4809,5
348,46	4670,5
348,682	4652,5
348,904	4710,5
349,126	4873,5
349,348	4761,5
349,57	4595,5
349,792	4744,5
350,014	4710,5
350,235	4616,5
350,457	4830,5
350,679	4658,5
350,901	4427,5
351,123	4566,5
351,345	4606,5
351,567	4628,5
351,789	4586,5
352,01	4568,5
352,232	4568,5
352,454	4440,5
352,676	4561,5
352,897	4397,5
353,119	4427,5
353,341	4253,5
353,563	4421,5
353,784	4246,5
354,006	4363,5
354,228	4342,5
354,449	4290,5
354,671	4465,5
354,893	4463,5
355,114	4452,5
355,336	4438,5
355,558	4412,5
355,779	4401,5
356,001	4493,5
356,222	4446,5
356,444	4292,5
356,665	5051,5
356,887	4341,5
357,108	4422,5
357,33	4367,5
357,551	4525,5
357,773	4478,5
357,994	4366,5
358,216	4212,5
358,437	4315,5
358,659	4480,5
358,88	4287,5
359,101	4400,5
359,323	4423,5
359,544	4186,5
359,765	4212,5
359,987	4259,5
360,208	4332,5
360,429	4264,5
360,651	4228,5
360,872	4404,5
361,093	4224,5
361,314	4284,5
361,536	4190,5
361,757	4255,5
361,978	4188,5
362,199	4074,5
362,42	4078,5
362,642	4200,5
362,863	4168,5
363,084	4069,5
363,305	4176,5
363,526	4044,5
363,747	4090,5
363,968	4118,5
364,189	4162,5
364,41	4126,5
364,631	3916,5
364,852	4199,5
365,073	4107,5
365,294	4072,5
365,515	3865,5
365,736	4153,5
365,957	4020,5
366,178	4021,5
366,399	4079,5
366,62	4091,5
366,841	4163,5
367,062	4109,5
367,283	4107,5
367,504	3964,5
367,724	3971,5
367,945	3833,5
368,166	4124,5
368,387	4126,5
368,608	3974,5
368,828	4120,5
369,049	3966,5
369,27	3972,5
369,491	3982,5
369,711	4012,5
369,932	4149,5
370,153	3980,5
370,373	4086,5
370,594	4147,5
370,815	4072,5
371,035	4112,5
371,256	3841,5
371,477	3915,5
371,697	3939,5
371,918	3794,5
372,138	4201,5
372,359	4112,5
372,579	3763,5
372,8	3980,5
373,02	3934,5
373,241	3950,5
373,461	3936,5
373,682	3984,5
373,902	3952,5
374,123	3877,5
374,343	4018,5
374,564	3892,5
374,784	3900,5
375,004	3947,5
375,225	3852,5
375,445	3782,5
375,666	4012,5
375,886	3704,5
376,106	3586,5
376,326	3785,5
376,547	3912,5
376,767	4032,5
376,987	3851,5
377,208	3915,5
377,428	3881,5
377,648	3939,5
377,868	4047,5
378,088	4211,5
378,309	4150,5
378,529	3940,5
378,749	4130,5
378,969	3898,5
379,189	4036,5
379,409	3973,5
379,629	3883,5
379,849	4030,5
380,069	3742,5
380,29	3815,5
380,51	3905,5
380,73	3973,5
380,95	4102,5
381,17	3888,5
381,39	3662,5
381,61	3799,5
381,829	3823,5
382,049	3866,5
382,269	3807,5
382,489	3860,5
382,709	3855,5
382,929	3813,5
383,149	3764,5
383,369	4129,5
383,589	3796,5
383,808	3768,5
384,028	3737,5
384,248	3836,5
384,468	3759,5
384,688	3778,5
384,907	3719,5
385,127	3727,5
385,347	3896,5
385,567	3749,5
385,786	3836,5
386,006	3761,5
386,226	3909,5
386,445	3791,5
386,665	3846,5
386,885	3954,5
387,104	3894,5
387,324	3882,5
387,543	3933,5
387,763	4112,5
387,982	4017,5
388,202	3940,5
388,422	3949,5
388,641	3914,5
388,861	3920,5
389,08	3987,5
389,3	3819,5
389,519	4054,5
389,738	3960,5
389,958	3890,5
390,177	3810,5
390,397	3933,5
390,616	3847,5
390,836	4054,5
391,055	3894,5
391,274	3981,5
391,494	3890,5
391,713	3936,5
391,932	4113,5
392,151	4011,5
392,371	4037,5
392,59	4142,5
392,809	4194,5
393,029	4041,5
393,248	4088,5
393,467	3719,5
393,686	3805,5
393,905	4892,5
394,124	3715,5
394,344	3884,5
394,563	3897,5
394,782	3755,5
395,001	3756,5
395,22	3754,5
395,439	3772,5
395,658	3715,5
395,877	3832,5
396,096	3791,5
396,315	4032,5
396,534	3856,5
396,753	4052,5
396,972	3764,5
397,191	4035,5
397,41	4056,5
397,629	4026,5
397,848	4055,5
398,067	4123,5
398,286	3977,5
398,505	4072,5
398,724	4232,5
398,943	4498,5
399,161	3781,5
399,38	3897,5
399,599	3870,5
399,818	3866,5
400,037	3985,5
400,255	3857,5
400,474	3741,5
400,693	3873,5
400,912	3978,5
401,13	3826,5
401,349	3882,5
401,568	3678,5
401,786	3869,5
402,005	3765,5
402,224	3639,5
402,442	3773,5
402,661	3759,5
402,88	3698,5
403,098	3587,5
403,317	3650,5
403,535	3744,5
403,754	3631,5
403,972	3750,5
404,191	3672,5
404,409	3802,5
404,628	4423,5
404,846	3804,5
405,065	3831,5
405,283	3862,5
405,502	3743,5
405,72	3735,5
405,938	3691,5
406,157	3464,5
406,375	3507,5
406,594	3748,5
406,812	3630,5
407,03	3585,5
407,249	3416,5
407,467	3647,5
407,685	3580,5
407,903	3657,5
408,122	3821,5
408,34	3668,5
408,558	3663,5
408,776	3655,5
408,995	3693,5
409,213	3581,5
409,431	3814,5
409,649	3755,5
409,867	3538,5
410,085	3632,5
410,303	3520,5
410,522	3488,5
410,74	3382,5
410,958	3510,5
411,176	3537,5
411,394	3520,5
411,612	3541,5
411,83	3633,5
412,048	3655,5
412,266	3554,5
412,484	3688,5
412,702	3791,5
412,92	3543,5
413,138	3785,5
413,356	3389,5
413,573	3747,5
413,791	3845,5
414,009	3514,5
414,227	3742,5
414,445	3500,5
414,663	3508,5
414,881	3496,5
415,098	3379,5
415,316	3530,5
415,534	3795,5
415,752	3505,5
415,969	3676,5
416,187	3370,5
416,405	3424,5
416,623	3621,5
416,84	3479,5
417,058	3420,5
417,276	3545,5
417,493	3456,5
417,711	3383,5
417,928	3504,5
418,146	3432,5
418,364	3558,5
418,581	3421,5
418,799	3416,5
419,016	3333,5
419,234	3400,5
419,451	4072,5
419,669	3440,5
419,886	3495,5
420,104	3425,5
420,321	3571,5
420,539	3580,5
420,756	3766,5
420,974	3684,5
421,191	3648,5
421,408	3763,5
421,626	3741,5
421,843	3677,5
422,06	3928,5
422,278	3354,5
422,495	3727,5
422,712	3607,5
422,93	3565,5
423,147	3615,5
423,364	3552,5
423,581	3664,5
423,799	3547,5
424,016	3589,5
424,233	3495,5
424,45	3477,5
424,667	3642,5
424,884	3500,5
425,102	3605,5
425,319	3420,5
425,536	3404,5
425,753	3542,5
425,97	3350,5
426,187	3486,5
426,404	3327,5
426,621	3687,5
426,838	3704,5
427,055	3492,5
427,272	3544,5
427,489	3596,5
427,706	3503,5
427,923	3436,5
428,14	3511,5
428,357	3662,5
428,574	3556,5
428,791	3620,5
429,008	3588,5
429,224	3496,5
429,441	3496,5
429,658	3859,5
429,875	3996,5
430,092	3802,5
430,308	3812,5
430,525	3670,5
430,742	3716,5
430,959	3677,5
431,175	3546,5
431,392	3414,5
431,609	3454,5
431,826	3358,5
432,042	3242,5
432,259	3314,5
432,476	3567,5
432,692	3112,5
432,909	3308,5
433,125	3493,5
433,342	3400,5
433,559	3726,5
433,775	3526,5
433,992	3396,5
434,208	3405,5
434,425	3385,5
434,641	3501,5
434,858	3644,5
435,074	3392,5
435,291	3320,5
435,507	3401,5
435,723	3441,5
435,94	3459,5
436,156	3428,5
436,373	3580,5
436,589	3417,5
436,805	3422,5
437,022	3312,5
437,238	3232,5
437,454	3357,5
437,671	3387,5
437,887	3374,5
438,103	3354,5
438,319	3336,5
438,536	3464,5
438,752	3356,5
438,968	3289,5
439,184	3371,5
439,4	3302,5
439,616	3183,5
439,833	3415,5
440,049	3514,5
440,265	3434,5
440,481	3219,5
440,697	3486,5
440,913	3647,5
441,129	3585,5
441,345	3638,5
441,561	3548,5
441,777	3509,5
441,993	3486,5
442,209	3256,5
442,425	3516,5
442,641	3644,5
442,857	3498,5
443,073	3583,5
443,289	3559,5
443,505	3577,5
443,721	3535,5
443,937	3460,5
444,152	3448,5
444,368	3439,5
444,584	3318,5
444,8	3633,5
445,016	3349,5
445,231	3390,5
445,447	3575,5
445,663	3452,5
445,879	3384,5
446,094	3533,5
446,31	3523,5
446,526	3371,5
446,742	3428,5
446,957	3338,5
447,173	3370,5
447,388	3478,5
447,604	3461,5
447,82	3242,5
448,035	3278,5
448,251	3294,5
448,466	3346,5
448,682	3172,5
448,897	3056,5
449,113	3460,5
449,328	3561,5
449,544	3315,5
449,759	3598,5
449,975	3153,5
450,19	3223,5
450,406	3153,5
450,621	3166,5
450,836	3155,5
451,052	3086,5
451,267	3072,5
451,483	3141,5
451,698	3271,5
451,913	3199,5
452,129	3001,5
452,344	2980,5
452,559	3281,5
452,774	3148,5
452,99	3142,5
453,205	3117,5
453,42	3233,5
453,635	3299,5
453,85	2989,5
454,066	3156,5
454,281	3125,5
454,496	3151,5
454,711	3128,5
454,926	3214,5
455,141	3026,5
455,356	3087,5
455,571	2996,5
455,786	3127,5
456,001	3002,5
456,217	2785,5
456,432	3066,5
456,647	3059,5
456,861	3062,5
457,076	3012,5
457,291	3229,5
457,506	3176,5
457,721	3154,5
457,936	3317,5
458,151	3154,5
458,366	3196,5
458,581	3050,5
458,796	3462,5
459,01	3206,5
459,225	3137,5
459,44	2950,5
459,655	3122,5
459,87	3080,5
460,084	3012,5
460,299	3105,5
460,514	3095,5
460,729	3513,5
460,943	2905,5
461,158	2882,5
461,373	3072,5
461,587	2926,5
461,802	2758,5
462,016	2910,5
462,231	2865,5
462,446	2904,5
462,66	2734,5
462,875	2894,5
463,089	2927,5
463,304	2960,5
463,518	2936,5
463,733	3022,5
463,947	2988,5
464,162	2963,5
464,376	3063,5
464,591	3218,5
464,805	2984,5
465,02	3238,5
465,234	3172,5
465,448	3193,5
465,663	3134,5
465,877	3090,5
466,091	2963,5
466,306	3104,5
466,52	3240,5
466,734	2749,5
466,949	2820,5
467,163	2953,5
467,377	2854,5
467,591	2861,5
467,806	2835,5
468,02	2755,5
468,234	2670,5
468,448	2878,5
468,662	2794,5
468,876	2952,5
469,091	2706,5
469,305	2722,5
469,519	2648,5
469,733	2563,5
469,947	2619,5
470,161	2886,5
470,375	2534,5
470,589	2713,5
470,803	2661,5
471,017	2754,5
471,231	2633,5
471,445	2526,5
471,659	2678,5
471,873	2689,5
472,087	2560,5
472,301	2736,5
472,515	2645,5
472,728	2582,5
472,942	2618,5
473,156	2816,5
473,37	2646,5
473,584	2622,5
473,798	2706,5
474,011	2757,5
474,225	2648,5
474,439	2760,5
474,653	2837,5
474,866	2778,5
475,08	2813,5
475,294	2846,5
475,507	2673,5
475,721	2846,5
475,935	2786,5
476,148	2507,5
476,362	2435,5
476,576	2721,5
476,789	2694,5
477,003	2751,5
477,216	2716,5
477,43	2645,5
477,643	2724,5
477,857	2941,5
478,07	2737,5
478,284	2798,5
478,497	2587,5
478,711	2619,5
478,924	2535,5
479,138	2575,5
479,351	2667,5
479,564	2693,5
479,778	2752,5
479,991	2592,5
480,204	2686,5
480,418	2828,5
480,631	2874,5
480,844	2794,5
481,058	2691,5
481,271	2798,5
481,484	2852,5
481,697	2712,5
481,911	2782,5
482,124	2726,5
482,337	2694,5
482,55	2665,5
482,763	2662,5
482,976	2774,5
483,19	2613,5
483,403	2646,5
483,616	2782,5
483,829	2842,5
484,042	2779,5
484,255	2878,5
484,468	2696,5
484,681	2783,5
484,894	2902,5
485,107	4161,5
485,32	5224,5
485,533	5775,5
485,746	5333,5
485,959	4721,5
486,172	4263,5
486,385	3516,5
486,598	3338,5
486,81	2841,5
487,023	2880,5
487,236	2933,5
487,449	2778,5
487,662	2651,5
487,875	2620,5
488,087	2669,5
488,3	2604,5
488,513	2456,5
488,726	2489,5
488,938	2695,5
489,151	2628,5
489,364	2566,5
489,576	2242,5
489,789	2538,5
490,002	2561,5
490,214	2544,5
490,427	2422,5
490,64	2509,5
490,852	2567,5
491,065	2452,5
491,277	2563,5
491,49	2544,5
491,702	2362,5
491,915	2569,5
492,127	2547,5
492,34	2562,5
492,552	2413,5
492,765	2611,5
492,977	2685,5
493,19	2522,5
493,402	2663,5
493,614	2745,5
493,827	2556,5
494,039	2445,5
494,251	2545,5
494,464	2624,5
494,676	2328,5
494,888	2458,5
495,101	2340,5
495,313	2446,5
495,525	2482,5
495,737	2705,5
495,95	2609,5
496,162	2664,5
496,374	2600,5
496,586	2453,5
496,798	2581,5
497,01	2425,5
497,222	2260,5
497,435	2539,5
497,647	2260,5
497,859	2387,5
498,071	2385,5
498,283	2480,5
498,495	2595,5
498,707	2711,5
498,919	2422,5
499,131	2633,5
499,343	2363,5
499,555	2376,5
499,767	2471,5
499,979	2463,5
500,191	2549,5
500,402	2313,5
500,614	2528,5
500,826	2532,5
501,038	2442,5
501,25	2509,5
501,462	2334,5
501,673	2510,5
501,885	2377,5
502,097	2397,5
502,309	2560,5
502,521	2543,5
502,732	2446,5
502,944	2413,5
503,156	2340,5
503,367	2363,5
503,579	2265,5
503,791	2399,5
504,002	2434,5
504,214	2498,5
504,425	2641,5
504,637	2581,5
504,849	2329,5
505,06	2446,5
505,272	2482,5
505,483	2357,5
505,695	2418,5
505,906	2270,5
506,118	2445,5
506,329	2325,5
506,541	2263,5
506,752	2462,5
506,963	2266,5
507,175	2070,5
507,386	2433,5
507,598	2480,5
507,809	2233,5
508,02	2338,5
508,232	2358,5
508,443	2182,5
508,654	2542,5
508,865	2392,5
509,077	2169,5
509,288	2235,5
509,499	2505,5
509,71	2277,5
509,922	2368,5
510,133	2278,5
510,344	2477,5
510,555	2259,5
510,766	2346,5
510,977	2320,5
511,188	2305,5
511,4	2159,5
511,611	2120,5
511,822	2395,5
512,033	2196,5
512,244	2281,5
512,455	2318,5
512,666	2121,5
512,877	2336,5
513,088	2246,5
513,299	2271,5
513,51	2250,5
513,721	2144,5
513,931	2248,5
514,142	2298,5
514,353	2333,5
514,564	2132,5
514,775	2193,5
514,986	2257,5
515,196	2363,5
515,407	2154,5
515,618	2225,5
515,829	2323,5
516,04	2077,5
516,25	2141,5
516,461	2098,5
516,672	2200,5
516,882	2148,5
517,093	2215,5
517,304	2028,5
517,514	2079,5
517,725	2222,5
517,936	2036,5
518,146	1994,5
518,357	2192,5
518,567	2137,5
518,778	2505,5
518,988	2091,5
519,199	2382,5
519,409	2117,5
519,62	2062,5
519,83	2203,5
520,041	2164,5
520,251	2148,5
520,462	2150,5
520,672	2035,5
520,882	2164,5
521,093	2176,5
521,303	2253,5
521,513	2145,5
521,724	3190,5
521,934	1985,5
522,144	2090,5
522,355	2033,5
522,565	2124,5
522,775	2017,5
522,985	2083,5
523,196	2106,5
523,406	2050,5
523,616	2309,5
523,826	2026,5
524,036	2935,5
524,246	2094,5
524,457	2010,5
524,667	2071,5
524,877	2154,5
525,087	2067,5
525,297	2227,5
525,507	2093,5
525,717	1992,5
525,927	2114,5
526,137	2058,5
526,347	2118,5
526,557	2002,5
526,767	2142,5
526,977	2333,5
527,187	2087,5
527,397	1967,5
527,607	2013,5
527,816	2049,5
528,026	2028,5
528,236	2115,5
528,446	2372,5
528,656	2257,5
528,865	2315,5
529,075	2080,5
529,285	2396,5
529,495	2161,5
529,704	2119,5
529,914	2079,5
530,124	2082,5
530,334	2027,5
530,543	1921,5
530,753	2389,5
530,963	2408,5
531,172	2062,5
531,382	1992,5
531,591	2299,5
531,801	1931,5
532,01	2000,5
532,22	2067,5
532,43	2195,5
532,639	2351,5
532,849	2126,5
533,058	2027,5
533,267	2436,5
533,477	1962,5
533,686	2040,5
533,896	2067,5
534,105	2116,5
534,315	2235,5
534,524	2087,5
534,733	2091,5
534,943	2215,5
535,152	2162,5
535,361	1966,5
535,57	1993,5
535,78	2095,5
535,989	1956,5
536,198	1955,5
536,407	1978,5
536,617	2092,5
536,826	2131,5
537,035	2112,5
537,244	2081,5
537,453	1792,5
537,662	2001,5
537,872	2202,5
538,081	1928,5
538,29	1881,5
538,499	1979,5
538,708	2010,5
538,917	2111,5
539,126	2036,5
539,335	2080,5
539,544	2605,5
539,753	1872,5
539,962	2092,5
540,171	1979,5
540,38	2153,5
540,589	2060,5
540,797	2170,5
541,006	2054,5
541,215	1948,5
541,424	2228,5
541,633	2103,5
541,842	1957,5
542,05	2247,5
542,259	2264,5
542,468	2019,5
542,677	2113,5
542,885	2076,5
543,094	2066,5
543,303	1914,5
543,512	2142,5
543,72	2190,5
543,929	2122,5
544,138	2001,5
544,346	1880,5
544,555	1970,5
544,763	2110,5
544,972	2002,5
545,18	1931,5
545,389	1930,5
545,598	1929,5
545,806	2309,5
546,015	2165,5
546,223	1964,5
546,431	2097,5
546,64	2029,5
546,848	1888,5
547,057	2132,5
547,265	2043,5
547,474	1979,5
547,682	2062,5
547,89	2145,5
548,099	2079,5
548,307	1991,5
548,515	2148,5
548,723	2055,5
548,932	1944,5
549,14	2059,5
549,348	2080,5
549,556	1915,5
549,765	1932,5
549,973	1852,5
550,181	2105,5
550,389	1966,5
550,597	2144,5
550,805	1934,5
551,014	1982,5
551,222	4540,5
551,43	1833,5
551,638	1943,5
551,846	2096,5
552,054	2195,5
552,262	2167,5
552,47	1863,5
552,678	1932,5
552,886	1909,5
553,094	1883,5
553,302	2036,5
553,51	1986,5
553,717	2089,5
553,925	1824,5
554,133	2284,5
554,341	1915,5
554,549	1896,5
554,757	1942,5
554,965	1962,5
555,172	1997,5
555,38	2175,5
555,588	1943,5
555,796	1934,5
556,003	2062,5
556,211	1891,5
556,419	1931,5
556,626	2013,5
556,834	1872,5
557,042	1922,5
557,249	2012,5
557,457	1893,5
557,664	1737,5
557,872	1913,5
558,08	1810,5
558,287	1984,5
558,495	2012,5
558,702	1811,5
558,91	1970,5
559,117	1900,5
559,325	2081,5
559,532	1886,5
559,74	2326,5
559,947	1917,5
560,154	2089,5
560,362	1854,5
560,569	1918,5
560,776	1897,5
560,984	1981,5
561,191	1981,5
561,398	1984,5
561,606	2370,5
561,813	2057,5
562,02	1756,5
562,227	1808,5
562,435	1889,5
562,642	1980,5
562,849	1964,5
563,056	1678,5
563,263	1950,5
563,471	2072,5
563,678	1967,5
563,885	1929,5
564,092	1744,5
564,299	1926,5
564,506	1970,5
564,713	1855,5
564,92	2003,5
565,127	1996,5
565,334	1879,5
565,541	2201,5
565,748	1994,5
565,955	1944,5
566,162	1928,5
566,369	1974,5
566,576	2068,5
566,783	2071,5
566,99	1950,5
567,196	2150,5
567,403	1966,5
567,61	2138,5
567,817	2093,5
568,024	2016,5
568,23	2048,5
568,437	2037,5
568,644	2005,5
568,851	2027,5
569,057	2462,5
569,264	2326,5
569,471	2113,5
569,677	2203,5
569,884	2248,5
570,091	2299,5
570,297	3166,5
570,504	2365,5
570,71	2187,5
570,917	2238,5
571,123	2213,5
571,33	2275,5
571,536	2156,5
571,743	2359,5
571,949	2184,5
572,156	1979,5
572,362	2385,5
572,569	2029,5
572,775	2317,5
572,982	2389,5
573,188	2243,5
573,394	2146,5
573,601	2171,5
573,807	2141,5
574,013	2533,5
574,22	2273,5
574,426	2109,5
574,632	2264,5
574,838	2197,5
575,045	2059,5
575,251	2141,5
575,457	2083,5
575,663	2256,5
575,869	2234,5
576,076	2072,5
576,282	2294,5
576,488	2274,5
576,694	2234,5
576,9	2144,5
577,106	2236,5
577,312	2309,5
577,518	2506,5
577,724	2325,5
577,93	2285,5
578,136	2196,5
578,342	2179,5
578,548	2052,5
578,754	2045,5
578,96	2042,5
579,166	2044,5
579,372	2357,5
579,578	2216,5
579,784	2250,5
579,989	2118,5
580,195	2085,5
580,401	2273,5
580,607	2179,5
580,813	2341,5
581,018	2530,5
581,224	2429,5
581,43	2486,5
581,636	2379,5
581,841	2422,5
582,047	2223,5
582,253	2278,5
582,458	2165,5
582,664	1998,5
582,869	2020,5
583,075	1820,5
583,281	2291,5
583,486	2028,5
583,692	1928,5
583,897	2197,5
584,103	2086,5
584,308	2200,5
584,514	2077,5
584,719	2277,5
584,925	2430,5
585,13	2046,5
585,335	2184,5
585,541	1912,5
585,746	2022,5
585,952	1910,5
586,157	1926,5
586,362	1944,5
586,568	1998,5
586,773	2126,5
586,978	2068,5
587,183	2076,5
587,389	2099,5
587,594	1946,5
587,799	1967,5
588,004	2105,5
588,21	2043,5
588,415	1799,5
588,62	1938,5
588,825	2046,5
589,03	1876,5
589,235	2358,5
589,44	2066,5
589,645	1840,5
589,85	1963,5
590,055	2018,5
590,26	1889,5
590,465	1921,5
590,67	1926,5
590,875	1988,5
591,08	1959,5
591,285	1926,5
591,49	1897,5
591,695	1844,5
591,9	1885,5
592,105	1901,5
592,31	1924,5
592,515	2251,5
592,719	1807,5
592,924	1812,5
593,129	1903,5
593,334	1930,5
593,539	1684,5
593,743	2046,5
593,948	1864,5
594,153	1997,5
594,357	2070,5
594,562	1849,5
594,767	2276,5
594,971	1682,5
595,176	1721,5
595,381	1931,5
595,585	1798,5
595,79	2045,5
595,994	1696,5
596,199	2192,5
596,403	1592,5
596,608	1788,5
596,812	1776,5
597,017	1846,5
597,221	2048,5
597,426	1861,5
597,63	1814,5
597,835	1739,5
598,039	1790,5
598,243	1771,5
598,448	2145,5
598,652	1838,5
598,856	1830,5
599,061	1910,5
599,265	1837,5
599,469	1693,5
599,673	1878,5
599,878	1900,5
600,082	1779,5
600,286	1863,5
600,49	1865,5
600,695	1632,5
600,899	1810,5
601,103	1825,5
601,307	1932,5
601,511	1784,5
601,715	1738,5
601,919	1722,5
602,123	1891,5
602,327	1889,5
602,531	1737,5
602,735	1946,5
602,939	1921,5
603,143	1674,5
603,347	1850,5
603,551	1846,5
603,755	1787,5
603,959	1776,5
604,163	1785,5
604,367	1803,5
604,571	1723,5
604,775	1841,5
604,978	1772,5
605,182	1712,5
605,386	1841,5
605,59	1779,5
605,793	1462,5
605,997	1957,5
606,201	1846,5
606,405	1708,5
606,608	1808,5
606,812	1744,5
607,016	1818,5
607,219	1753,5
607,423	1698,5
607,627	1945,5
607,83	1840,5
608,034	1746,5
608,237	1822,5
608,441	1674,5
608,644	1852,5
608,848	1877,5
609,051	1806,5
609,255	1672,5
609,458	1873,5
609,662	1846,5
609,865	1868,5
610,069	1587,5
610,272	1658,5
610,475	1528,5
610,679	1712,5
610,882	1763,5
611,085	1977,5
611,289	1880,5
611,492	1772,5
611,695	1751,5
611,898	1655,5
612,102	1831,5
612,305	1758,5
612,508	1813,5
612,711	1906,5
612,914	1700,5
613,118	1777,5
613,321	1878,5
613,524	1678,5
613,727	1666,5
613,93	1714,5
614,133	1847,5
614,336	1967,5
614,539	1792,5
614,742	1644,5
614,945	1746,5
615,148	1837,5
615,351	1824,5
615,554	1725,5
615,757	1661,5
615,96	1801,5
616,163	1663,5
616,366	1892,5
616,569	1790,5
616,772	1927,5
616,974	1707,5
617,177	1887,5
617,38	1794,5
617,583	1780,5
617,786	1643,5
617,988	1596,5
618,191	1926,5
618,394	1637,5
618,596	1657,5
618,799	1544,5
619,002	1807,5
619,204	1846,5
619,407	1798,5
619,61	1592,5
619,812	1692,5
620,015	1643,5
620,217	1833,5
620,42	1704,5
620,623	1687,5
620,825	1737,5
621,028	1846,5
621,23	1882,5
621,432	1800,5
621,635	1876,5
621,837	1828,5
622,04	1721,5
622,242	1657,5
622,445	1711,5
622,647	1911,5
622,849	1704,5
623,052	1652,5
623,254	1859,5
623,456	1529,5
623,658	1900,5
623,861	1869,5
624,063	1765,5
624,265	1721,5
624,467	1890,5
624,67	1642,5
624,872	1793,5
625,074	1959,5
625,276	1824,5
625,478	1928,5
625,68	1641,5
625,882	1676,5
626,084	1781,5
626,287	1951,5
626,489	1844,5
626,691	1704,5
626,893	1768,5
627,095	1768,5
627,297	1820,5
627,499	1724,5
627,7	1528,5
627,902	1577,5
628,104	1533,5
628,306	1570,5
628,508	1610,5
628,71	1778,5
628,912	1732,5
629,114	1967,5
629,315	1747,5
629,517	1695,5
629,719	1617,5
629,921	1737,5
630,122	1711,5
630,324	1686,5
630,526	1834,5
630,728	1741,5
630,929	1716,5
631,131	1418,5
631,332	1920,5
631,534	1801,5
631,736	1696,5
631,937	1635,5
632,139	1704,5
632,34	1729,5
632,542	2072,5
632,743	1796,5
632,945	1597,5
633,146	1766,5
633,348	1797,5
633,549	1726,5
633,751	1637,5
633,952	1754,5
634,154	1603,5
634,355	1529,5
634,556	1667,5
634,758	1695,5
634,959	1647,5
635,16	1730,5
635,362	1664,5
635,563	1770,5
635,764	1838,5
635,965	1807,5
636,167	1696,5
636,368	1601,5
636,569	1726,5
636,77	1820,5
636,971	1605,5
637,172	1749,5
637,374	1593,5
637,575	1851,5
637,776	1545,5
637,977	1520,5
638,178	1724,5
638,379	1658,5
638,58	1714,5
638,781	1541,5
638,982	1683,5
639,183	1686,5
639,384	1758,5
639,585	1951,5
639,786	1602,5
639,987	1679,5
640,187	1870,5
640,388	1742,5
640,589	1621,5
640,79	1646,5
640,991	1694,5
641,192	1738,5
641,392	1562,5
641,593	1687,5
641,794	1474,5
641,995	1549,5
642,195	1385,5
642,396	1604,5
642,597	1548,5
642,797	1589,5
642,998	1765,5
643,199	1591,5
643,399	1736,5
643,6	1592,5
643,8	1573,5
644,001	1840,5
644,202	1684,5
644,402	1566,5
644,603	1779,5
644,803	1701,5
645,004	1611,5
645,204	1534,5
645,404	1707,5
645,605	1988,5
645,805	1545,5
646,006	1573,5
646,206	2045,5
646,406	1617,5
646,607	1465,5
646,807	1426,5
647,007	34,5
647,208	-11,5
647,408	8,5
647,608	-45,5
