200,697	939,33
200,927	-226,67
201,158	71,33
201,388	-32,67
201,618	1480,33
201,849	1702,33
202,079	1603,33
202,309	1605,33
202,539	1604,33
202,77	1396,33
203	1664,33
203,23	1619,33
203,46	1696,33
203,691	1625,33
203,921	1621,33
204,151	1636,33
204,381	1643,33
204,611	1663,33
204,841	1570,33
205,071	1548,33
205,302	1699,33
205,532	1679,33
205,762	3855,33
205,992	1522,33
206,222	1631,33
206,452	1657,33
206,682	1575,33
206,912	1692,33
207,142	1707,33
207,372	1672,33
207,602	1533,33
207,832	1625,33
208,062	1719,33
208,292	1673,33
208,522	1460,33
208,752	1680,33
208,982	1568,33
209,212	1788,33
209,442	1580,33
209,672	1637,33
209,902	1589,33
210,131	1729,33
210,361	1519,33
210,591	1941,33
210,821	1667,33
211,051	1723,33
211,281	1653,33
211,51	1597,33
211,74	1722,33
211,97	1655,33
212,2	1709,33
212,429	1903,33
212,659	1665,33
212,889	1672,33
213,119	1521,33
213,348	1561,33
213,578	1761,33
213,808	1709,33
214,037	1769,33
214,267	1686,33
214,497	1656,33
214,726	1628,33
214,956	1547,33
215,186	1609,33
215,415	1602,33
215,645	1700,33
215,874	1729,33
216,104	1553,33
216,333	1642,33
216,563	1544,33
216,792	1697,33
217,022	1848,33
217,251	1737,33
217,481	1578,33
217,71	1587,33
217,94	1622,33
218,169	1700,33
218,399	1684,33
218,628	1607,33
218,858	1779,33
219,087	1618,33
219,316	1772,33
219,546	1571,33
219,775	1611,33
220,004	1858,33
220,234	1562,33
220,463	1649,33
220,692	1674,33
220,922	1514,33
221,151	1727,33
221,38	1649,33
221,61	1992,33
221,839	2021,33
222,068	1656,33
222,297	1798,33
222,526	1754,33
222,756	1730,33
222,985	1814,33
223,214	1720,33
223,443	1649,33
223,672	2205,33
223,902	1539,33
224,131	1593,33
224,36	1912,33
224,589	1580,33
224,818	1675,33
225,047	1679,33
225,276	1549,33
225,505	1974,33
225,734	1712,33
225,963	1611,33
226,192	1789,33
226,421	1690,33
226,65	1684,33
226,879	1797,33
227,108	1783,33
227,337	1791,33
227,566	1940,33
227,795	1706,33
228,024	1709,33
228,253	1815,33
228,482	1589,33
228,711	1774,33
228,94	1608,33
229,168	1723,33
229,397	1667,33
229,626	1792,33
229,855	1686,33
230,084	1645,33
230,313	1582,33
230,541	1755,33
230,77	1729,33
230,999	1568,33
231,228	1821,33
231,456	1759,33
231,685	1644,33
231,914	1814,33
232,143	1627,33
232,371	1629,33
232,6	1652,33
232,829	1672,33
233,057	1763,33
233,286	1771,33
233,515	1547,33
233,743	1603,33
233,972	1646,33
234,2	1721,33
234,429	1711,33
234,658	1789,33
234,886	1585,33
235,115	1667,33
235,343	1741,33
235,572	1620,33
235,8	1769,33
236,029	1989,33
236,257	1581,33
236,486	1773,33
236,714	1811,33
236,943	1791,33
237,171	1617,33
237,399	1635,33
237,628	1560,33
237,856	1783,33
238,085	1894,33
238,313	1575,33
238,541	1679,33
238,77	1999,33
238,998	1606,33
239,226	1838,33
239,455	1728,33
239,683	1674,33
239,911	1661,33
240,14	2008,33
240,368	1810,33
240,596	1665,33
240,824	1745,33
241,053	1677,33
241,281	1727,33
241,509	1707,33
241,737	1708,33
241,965	1641,33
242,193	1558,33
242,422	1606,33
242,65	1590,33
242,878	1689,33
243,106	1853,33
243,334	1694,33
243,562	1766,33
243,79	1748,33
244,018	1783,33
244,246	1636,33
244,474	1704,33
244,702	1635,33
244,93	1719,33
245,158	1708,33
245,386	1648,33
245,614	1740,33
245,842	1839,33
246,07	1696,33
246,298	1771,33
246,526	2242,33
246,754	1619,33
246,982	1677,33
247,21	1747,33
247,438	1679,33
247,666	1683,33
247,893	1671,33
248,121	1613,33
248,349	1598,33
248,577	1617,33
248,805	1745,33
249,033	1611,33
249,26	1717,33
249,488	1603,33
249,716	1618,33
249,944	1669,33
250,171	1620,33
250,399	1624,33
250,627	1830,33
250,854	1721,33
251,082	1664,33
251,31	1679,33
251,537	1691,33
251,765	1948,33
251,993	1617,33
252,22	1887,33
252,448	1642,33
252,676	1643,33
252,903	1783,33
253,131	2022,33
253,358	1559,33
253,586	1612,33
253,813	1680,33
254,041	1728,33
254,268	1706,33
254,496	1552,33
254,723	1665,33
254,951	1711,33
255,178	1702,33
255,406	1667,33
255,633	1629,33
255,86	1868,33
256,088	1740,33
256,315	1585,33
256,543	1773,33
256,77	1775,33
256,997	1679,33
257,225	1694,33
257,452	1653,33
257,679	1636,33
257,907	1805,33
258,134	1633,33
258,361	1810,33
258,588	1681,33
258,816	1718,33
259,043	1718,33
259,27	1678,33
259,497	1751,33
259,725	1575,33
259,952	1683,33
260,179	1577,33
260,406	1737,33
260,633	1557,33
260,86	1649,33
261,088	1622,33
261,315	1876,33
261,542	1627,33
261,769	1615,33
261,996	2135,33
262,223	1894,33
262,45	1907,33
262,677	1542,33
262,904	1687,33
263,131	1807,33
263,358	1652,33
263,585	1743,33
263,812	2046,33
264,039	1841,33
264,266	1655,33
264,493	1700,33
264,72	1634,33
264,947	1670,33
265,174	1946,33
265,401	1802,33
265,627	1902,33
265,854	1787,33
266,081	1872,33
266,308	1740,33
266,535	1684,33
266,762	1645,33
266,988	1761,33
267,215	1753,33
267,442	1601,33
267,669	1884,33
267,896	1627,33
268,122	1866,33
268,349	1755,33
268,576	1350,33
268,802	1719,33
269,029	1640,33
269,256	1740,33
269,482	1656,33
269,709	1665,33
269,936	1719,33
270,162	1871,33
270,389	1639,33
270,616	1767,33
270,842	1860,33
271,069	1789,33
271,295	1612,33
271,522	1829,33
271,748	1699,33
271,975	1855,33
272,201	1831,33
272,428	1682,33
272,654	1626,33
272,881	1947,33
273,107	1607,33
273,334	1614,33
273,56	1944,33
273,787	1617,33
274,013	1664,33
274,239	1978,33
274,466	1746,33
274,692	1800,33
274,918	1784,33
275,145	1724,33
275,371	1733,33
275,597	1693,33
275,824	1761,33
276,05	1695,33
276,276	1783,33
276,503	1613,33
276,729	1710,33
276,955	1933,33
277,181	1717,33
277,407	1709,33
277,634	1798,33
277,86	1702,33
278,086	1874,33
278,312	1692,33
278,538	1662,33
278,764	1736,33
278,991	1885,33
279,217	1651,33
279,443	1639,33
279,669	1667,33
279,895	1835,33
280,121	1717,33
280,347	1669,33
280,573	1637,33
280,799	1871,33
281,025	2066,33
281,251	1576,33
281,477	1826,33
281,703	1580,33
281,929	1724,33
282,155	1702,33
282,381	1725,33
282,607	1717,33
282,833	1731,33
283,059	1746,33
283,285	1620,33
283,51	1651,33
283,736	1509,33
283,962	1676,33
284,188	1685,33
284,414	1659,33
284,64	1705,33
284,865	1720,33
285,091	1537,33
285,317	1797,33
285,543	1803,33
285,768	1779,33
285,994	1705,33
286,22	2000,33
286,446	1736,33
286,671	1629,33
286,897	1732,33
287,123	1640,33
287,348	1622,33
287,574	2273,33
287,799	1710,33
288,025	1728,33
288,251	1875,33
288,476	1703,33
288,702	1646,33
288,927	1640,33
289,153	1712,33
289,378	1892,33
289,604	1725,33
289,829	1707,33
290,055	1438,33
290,28	1863,33
290,506	1657,33
290,731	1634,33
290,957	1774,33
291,182	1721,33
291,408	1901,33
291,633	1772,33
291,858	1645,33
292,084	1741,33
292,309	1599,33
292,535	1649,33
292,76	1759,33
292,985	1732,33
293,211	1638,33
293,436	1548,33
293,661	1576,33
293,886	1672,33
294,112	1746,33
294,337	1703,33
294,562	1509,33
294,787	1728,33
295,013	1666,33
295,238	1687,33
295,463	1748,33
295,688	1844,33
295,913	1666,33
296,138	1754,33
296,364	1675,33
296,589	1748,33
296,814	1637,33
297,039	1605,33
297,264	1821,33
297,489	1794,33
297,714	1720,33
297,939	1623,33
298,164	1677,33
298,389	1879,33
298,614	1608,33
298,839	1666,33
299,064	1810,33
299,289	1725,33
299,514	1723,33
299,739	1611,33
299,964	1650,33
300,189	1651,33
300,414	1767,33
300,639	1802,33
300,863	1706,33
301,088	2063,33
301,313	1713,33
301,538	1727,33
301,763	1711,33
301,988	1638,33
302,212	1739,33
302,437	2110,33
302,662	1581,33
302,887	1704,33
303,111	1634,33
303,336	1779,33
303,561	1778,33
303,786	1813,33
304,01	1737,33
304,235	1828,33
304,46	1610,33
304,684	1682,33
304,909	1756,33
305,134	1435,33
305,358	1781,33
305,583	1770,33
305,807	1969,33
306,032	1575,33
306,256	1775,33
306,481	1739,33
306,706	1617,33
306,93	1562,33
307,155	2031,33
307,379	1643,33
307,604	1718,33
307,828	1640,33
308,052	1883,33
308,277	1725,33
308,501	1747,33
308,726	1689,33
308,95	1746,33
309,175	1547,33
309,399	1798,33
309,623	1712,33
309,848	1652,33
310,072	1672,33
310,296	2008,33
310,521	1674,33
310,745	1615,33
310,969	1931,33
311,193	1807,33
311,418	1741,33
311,642	1640,33
311,866	1711,33
312,09	1683,33
312,315	1669,33
312,539	1743,33
312,763	1657,33
312,987	1801,33
313,211	1474,33
313,435	1823,33
313,659	1749,33
313,884	1939,33
314,108	1838,33
314,332	1633,33
314,556	1603,33
314,78	1854,33
315,004	1763,33
315,228	1828,33
315,452	1711,33
315,676	1667,33
315,9	1791,33
316,124	1516,33
316,348	1679,33
316,572	1770,33
316,796	1814,33
317,02	1662,33
317,244	1708,33
317,468	1581,33
317,691	1876,33
317,915	1738,33
318,139	1541,33
318,363	2080,33
318,587	1910,33
318,811	1638,33
319,034	1543,33
319,258	1872,33
319,482	1698,33
319,706	1814,33
319,93	1721,33
320,153	1689,33
320,377	1757,33
320,601	1685,33
320,824	1616,33
321,048	1819,33
321,272	1804,33
321,495	1677,33
321,719	1748,33
321,943	1644,33
322,166	1698,33
322,39	1683,33
322,614	1793,33
322,837	1858,33
323,061	1631,33
323,284	1750,33
323,508	1731,33
323,731	1791,33
323,955	1660,33
324,178	1660,33
324,402	1757,33
324,625	1678,33
324,849	1612,33
325,072	1859,33
325,296	1779,33
325,519	1742,33
325,743	1658,33
325,966	1828,33
326,189	1863,33
326,413	1753,33
326,636	2038,33
326,859	1786,33
327,083	2037,33
327,306	1511,33
327,529	1521,33
327,753	1617,33
327,976	1671,33
328,199	1804,33
328,422	1774,33
328,646	1743,33
328,869	1642,33
329,092	1750,33
329,315	1867,33
329,538	1641,33
329,762	1733,33
329,985	1617,33
330,208	1628,33
330,431	1733,33
330,654	1801,33
330,877	1688,33
331,1	1820,33
331,323	1580,33
331,546	1862,33
331,769	1831,33
331,993	1489,33
332,216	1739,33
332,439	1664,33
332,662	1715,33
332,885	1720,33
333,107	1522,33
333,33	1652,33
333,553	1894,33
333,776	1648,33
333,999	1684,33
334,222	1593,33
334,445	1589,33
334,668	1607,33
334,891	1803,33
335,114	1545,33
335,336	1691,33
335,559	1772,33
335,782	1989,33
336,005	1658,33
336,228	1672,33
336,45	1626,33
336,673	1508,33
336,896	1684,33
337,119	1754,33
337,341	1697,33
337,564	1684,33
337,787	1723,33
338,009	1547,33
338,232	1757,33
338,455	1793,33
338,677	1693,33
338,9	1696,33
339,122	1736,33
339,345	1516,33
339,568	1497,33
339,79	1630,33
340,013	1746,33
340,235	1819,33
340,458	1670,33
340,68	1789,33
340,903	1650,33
341,125	1662,33
341,348	1703,33
341,57	1553,33
341,793	1817,33
342,015	1578,33
342,238	1711,33
342,46	1699,33
342,682	1827,33
342,905	1641,33
343,127	1777,33
343,349	1710,33
343,572	1889,33
343,794	1541,33
344,016	1595,33
344,239	1807,33
344,461	1640,33
344,683	1596,33
344,905	1633,33
345,128	1573,33
345,35	1649,33
345,572	1786,33
345,794	1736,33
346,017	1565,33
346,239	1685,33
346,461	1445,33
346,683	1653,33
346,905	1743,33
347,127	1567,33
347,349	1643,33
347,571	1674,33
347,793	1801,33
348,016	1701,33
348,238	1651,33
348,46	1709,33
348,682	1586,33
348,904	1727,33
349,126	1692,33
349,348	1730,33
349,57	1568,33
349,792	1631,33
350,014	1767,33
350,235	1652,33
350,457	2047,33
350,679	1734,33
350,901	1584,33
351,123	1639,33
351,345	1618,33
351,567	1653,33
351,789	1705,33
352,01	1709,33
352,232	1713,33
352,454	1629,33
352,676	1739,33
352,897	1495,33
353,119	1642,33
353,341	1673,33
353,563	1655,33
353,784	1593,33
354,006	1690,33
354,228	1588,33
354,449	1640,33
354,671	1820,33
354,893	1813,33
355,114	1635,33
355,336	1757,33
355,558	1741,33
355,779	1645,33
356,001	1765,33
356,222	1709,33
356,444	1679,33
356,665	2102,33
356,887	1645,33
357,108	1610,33
357,33	1619,33
357,551	1749,33
357,773	1699,33
357,994	1671,33
358,216	1585,33
358,437	1807,33
358,659	1717,33
358,88	1601,33
359,101	1710,33
359,323	1791,33
359,544	1609,33
359,765	1583,33
359,987	1604,33
360,208	1647,33
360,429	1693,33
360,651	1408,33
360,872	1927,33
361,093	1661,33
361,314	1640,33
361,536	1631,33
361,757	1658,33
361,978	1589,33
362,199	1484,33
362,42	1549,33
362,642	1659,33
362,863	1793,33
363,084	1602,33
363,305	1685,33
363,526	1640,33
363,747	1606,33
363,968	1620,33
364,189	1612,33
364,41	1577,33
364,631	1529,33
364,852	1734,33
365,073	1868,33
365,294	1653,33
365,515	1560,33
365,736	1640,33
365,957	1728,33
366,178	1643,33
366,399	1642,33
366,62	1735,33
366,841	1744,33
367,062	1698,33
367,283	1613,33
367,504	1777,33
367,724	1541,33
367,945	1555,33
368,166	1825,33
368,387	1605,33
368,608	1649,33
368,828	1807,33
369,049	1540,33
369,27	1567,33
369,491	1631,33
369,711	1681,33
369,932	2012,33
370,153	1696,33
370,373	1756,33
370,594	1807,33
370,815	1714,33
371,035	1827,33
371,256	1485,33
371,477	1737,33
371,697	1613,33
371,918	1536,33
372,138	1740,33
372,359	1836,33
372,579	1592,33
372,8	1623,33
373,02	1666,33
373,241	1656,33
373,461	1625,33
373,682	1673,33
373,902	1649,33
374,123	1573,33
374,343	1701,33
374,564	1605,33
374,784	1606,33
375,004	1742,33
375,225	1583,33
375,445	1594,33
375,666	1887,33
375,886	1565,33
376,106	1532,33
376,326	1617,33
376,547	1895,33
376,767	1737,33
376,987	1583,33
377,208	1622,33
377,428	1573,33
377,648	1652,33
377,868	1740,33
378,088	1719,33
378,309	1747,33
378,529	1773,33
378,749	1643,33
378,969	1662,33
379,189	1620,33
379,409	1703,33
379,629	1620,33
379,849	1635,33
380,069	1606,33
380,29	1541,33
380,51	1618,33
380,73	1616,33
380,95	1892,33
381,17	1692,33
381,39	1658,33
381,61	1497,33
381,829	1548,33
382,049	1602,33
382,269	1570,33
382,489	1504,33
382,709	1624,33
382,929	1701,33
383,149	1613,33
383,369	2074,33
383,589	1633,33
383,808	1738,33
384,028	1600,33
384,248	1721,33
384,468	1625,33
384,688	1621,33
384,907	1661,33
385,127	1572,33
385,347	1707,33
385,567	1596,33
385,786	1774,33
386,006	1612,33
386,226	1695,33
386,445	1515,33
386,665	1622,33
386,885	1699,33
387,104	1559,33
387,324	1636,33
387,543	1599,33
387,763	1642,33
387,982	1676,33
388,202	1643,33
388,422	1611,33
388,641	1543,33
388,861	1677,33
389,08	1731,33
389,3	1611,33
389,519	1799,33
389,738	1758,33
389,958	1662,33
390,177	1629,33
390,397	1713,33
390,616	1699,33
390,836	1755,33
391,055	1650,33
391,274	1689,33
391,494	1583,33
391,713	1609,33
391,932	1725,33
392,151	1588,33
392,371	1583,33
392,59	1558,33
392,809	1840,33
393,029	1704,33
393,248	1803,33
393,467	1490,33
393,686	1546,33
393,905	2713,33
394,124	1583,33
394,344	1688,33
394,563	1725,33
394,782	1583,33
395,001	1711,33
395,22	1635,33
395,439	1686,33
395,658	1569,33
395,877	1713,33
396,096	1615,33
396,315	1755,33
396,534	1569,33
396,753	1699,33
396,972	1479,33
397,191	1675,33
397,41	1513,33
397,629	1557,33
397,848	1526,33
398,067	1636,33
398,286	1592,33
398,505	1531,33
398,724	1790,33
398,943	2130,33
399,161	1530,33
399,38	1689,33
399,599	1703,33
399,818	1695,33
400,037	1794,33
400,255	1622,33
400,474	1640,33
400,693	1489,33
400,912	1859,33
401,13	1675,33
401,349	1605,33
401,568	1549,33
401,786	1713,33
402,005	1722,33
402,224	1701,33
402,442	1743,33
402,661	1673,33
402,88	1661,33
403,098	1558,33
403,317	1608,33
403,535	1615,33
403,754	1542,33
403,972	1659,33
404,191	1569,33
404,409	1643,33
404,628	2332,33
404,846	1668,33
405,065	1719,33
405,283	1669,33
405,502	1593,33
405,72	1687,33
405,938	1611,33
406,157	1550,33
406,375	1401,33
406,594	1745,33
406,812	1672,33
407,03	1580,33
407,249	1429,33
407,467	1668,33
407,685	1718,33
407,903	1515,33
408,122	1750,33
408,34	1660,33
408,558	1643,33
408,776	1566,33
408,995	1671,33
409,213	1682,33
409,431	1717,33
409,649	1698,33
409,867	1842,33
410,085	1657,33
410,303	1670,33
410,522	1519,33
410,74	1544,33
410,958	1738,33
411,176	1646,33
411,394	1585,33
411,612	1607,33
411,83	1859,33
412,048	1708,33
412,266	1564,33
412,484	1613,33
412,702	1871,33
412,92	1521,33
413,138	1713,33
413,356	1476,33
413,573	1799,33
413,791	1974,33
414,009	1688,33
414,227	1858,33
414,445	1719,33
414,663	1639,33
414,881	1723,33
415,098	1695,33
415,316	1655,33
415,534	2110,33
415,752	1589,33
415,969	1804,33
416,187	1500,33
416,405	1585,33
416,623	1734,33
416,84	1496,33
417,058	1612,33
417,276	1832,33
417,493	1652,33
417,711	1616,33
417,928	1734,33
418,146	1572,33
418,364	1712,33
418,581	1679,33
418,799	1563,33
419,016	1460,33
419,234	1553,33
419,451	2122,33
419,669	1699,33
419,886	1659,33
420,104	1625,33
420,321	1688,33
420,539	1583,33
420,756	1804,33
420,974	1652,33
421,191	1581,33
421,408	1719,33
421,626	1693,33
421,843	1624,33
422,06	1631,33
422,278	1575,33
422,495	1601,33
422,712	1636,33
422,93	1712,33
423,147	1685,33
423,364	1625,33
423,581	1711,33
423,799	1609,33
424,016	1669,33
424,233	1656,33
424,45	1653,33
424,667	1523,33
424,884	1486,33
425,102	1739,33
425,319	1555,33
425,536	1601,33
425,753	1780,33
425,97	1658,33
426,187	1654,33
426,404	1627,33
426,621	1838,33
426,838	1816,33
427,055	1698,33
427,272	1613,33
427,489	1625,33
427,706	1585,33
427,923	1450,33
428,14	1592,33
428,357	1833,33
428,574	1648,33
428,791	1660,33
429,008	1657,33
429,224	1436,33
429,441	1399,33
429,658	1671,33
429,875	1839,33
430,092	1708,33
430,308	1751,33
430,525	1734,33
430,742	1702,33
430,959	1680,33
431,175	1690,33
431,392	1547,33
431,609	1770,33
431,826	1674,33
432,042	1547,33
432,259	1608,33
432,476	1895,33
432,692	1564,33
432,909	1639,33
433,125	1608,33
433,342	1581,33
433,559	1531,33
433,775	1774,33
433,992	1459,33
434,208	1440,33
434,425	1580,33
434,641	1732,33
434,858	1839,33
435,074	1669,33
435,291	1606,33
435,507	1552,33
435,723	1651,33
435,94	1603,33
436,156	1671,33
436,373	1817,33
436,589	1647,33
436,805	1675,33
437,022	1587,33
437,238	1568,33
437,454	1635,33
437,671	1659,33
437,887	1610,33
438,103	1700,33
438,319	1680,33
438,536	1728,33
438,752	1651,33
438,968	1623,33
439,184	1628,33
439,4	1527,33
439,616	1505,33
439,833	1731,33
440,049	1587,33
440,265	1784,33
440,481	1627,33
440,697	1714,33
440,913	1670,33
441,129	1625,33
441,345	1763,33
441,561	1583,33
441,777	1604,33
441,993	1676,33
442,209	1573,33
442,425	1743,33
442,641	1673,33
442,857	1718,33
443,073	1684,33
443,289	1606,33
443,505	1701,33
443,721	1700,33
443,937	1636,33
444,152	1594,33
444,368	1653,33
444,584	1579,33
444,8	1773,33
445,016	1624,33
445,231	1639,33
445,447	1855,33
445,663	1711,33
445,879	1637,33
446,094	1815,33
446,31	1709,33
446,526	1674,33
446,742	1680,33
446,957	1597,33
447,173	1492,33
447,388	1666,33
447,604	1809,33
447,82	1587,33
448,035	1679,33
448,251	1605,33
448,466	1730,33
448,682	1587,33
448,897	1510,33
449,113	1674,33
449,328	1723,33
449,544	1485,33
449,759	2027,33
449,975	1485,33
450,19	1557,33
450,406	1662,33
450,621	1608,33
450,836	1576,33
451,052	1608,33
451,267	1526,33
451,483	1643,33
451,698	1371,33
451,913	1599,33
452,129	1640,33
452,344	1546,33
452,559	1805,33
452,774	1746,33
452,99	1553,33
453,205	1633,33
453,42	1576,33
453,635	1807,33
453,85	1551,33
454,066	1679,33
454,281	1657,33
454,496	1706,33
454,711	1703,33
454,926	1833,33
455,141	1591,33
455,356	1654,33
455,571	1585,33
455,786	1695,33
456,001	1610,33
456,217	1391,33
456,432	1642,33
456,647	1719,33
456,861	1716,33
457,076	1620,33
457,291	1751,33
457,506	1600,33
457,721	1615,33
457,936	1668,33
458,151	1547,33
458,366	1851,33
458,581	1589,33
458,796	1876,33
459,01	1616,33
459,225	1674,33
459,44	1483,33
459,655	1718,33
459,87	1498,33
460,084	1518,33
460,299	1739,33
460,514	1597,33
460,729	2119,33
460,943	1461,33
461,158	1507,33
461,373	1707,33
461,587	1625,33
461,802	1569,33
462,016	1753,33
462,231	1591,33
462,446	1697,33
462,66	1589,33
462,875	1648,33
463,089	1609,33
463,304	1759,33
463,518	1642,33
463,733	1670,33
463,947	1549,33
464,162	1623,33
464,376	1582,33
464,591	1779,33
464,805	1585,33
465,02	1806,33
465,234	1669,33
465,448	1696,33
465,663	1746,33
465,877	1641,33
466,091	1495,33
466,306	1823,33
466,52	2046,33
466,734	1637,33
466,949	1653,33
467,163	1792,33
467,377	1669,33
467,591	1723,33
467,806	1594,33
468,02	1579,33
468,234	1485,33
468,448	1739,33
468,662	1644,33
468,876	1855,33
469,091	1593,33
469,305	1682,33
469,519	1644,33
469,733	1598,33
469,947	1635,33
470,161	1844,33
470,375	1519,33
470,589	1801,33
470,803	1683,33
471,017	1665,33
471,231	1640,33
471,445	1754,33
471,659	1671,33
471,873	1698,33
472,087	1462,33
472,301	1733,33
472,515	1591,33
472,728	1402,33
472,942	1463,33
473,156	1591,33
473,37	1573,33
473,584	1535,33
473,798	1625,33
474,011	1735,33
474,225	1897,33
474,439	1724,33
474,653	1672,33
474,866	1702,33
475,08	1701,33
475,294	1754,33
475,507	1535,33
475,721	1635,33
475,935	1693,33
476,148	1519,33
476,362	1543,33
476,576	1553,33
476,789	1616,33
477,003	1661,33
477,216	1675,33
477,43	1592,33
477,643	1668,33
477,857	1778,33
478,07	1601,33
478,284	1652,33
478,497	1447,33
478,711	1549,33
478,924	1539,33
479,138	1614,33
479,351	1684,33
479,564	1503,33
479,778	1561,33
479,991	1518,33
480,204	1578,33
480,418	1777,33
480,631	1531,33
480,844	1724,33
481,058	1554,33
481,271	1531,33
481,484	1663,33
481,697	1825,33
481,911	1648,33
482,124	1685,33
482,337	1660,33
482,55	1591,33
482,763	1553,33
482,976	1537,33
483,19	1589,33
483,403	1551,33
483,616	1674,33
483,829	1697,33
484,042	1593,33
484,255	1603,33
484,468	1637,33
484,681	1516,33
484,894	1631,33
485,107	1749,33
485,32	1555,33
485,533	1524,33
485,746	1736,33
485,959	1585,33
486,172	1697,33
486,385	1462,33
486,598	1613,33
486,81	1595,33
487,023	1604,33
487,236	1801,33
487,449	1573,33
487,662	1641,33
487,875	1643,33
488,087	1705,33
488,3	1627,33
488,513	1465,33
488,726	1438,33
488,938	1711,33
489,151	1707,33
489,364	1568,33
489,576	1619,33
489,789	1679,33
490,002	1695,33
490,214	1713,33
490,427	1495,33
490,64	1567,33
490,852	1639,33
491,065	1560,33
491,277	1692,33
491,49	1668,33
491,702	1526,33
491,915	1748,33
492,127	1594,33
492,34	1657,33
492,552	1641,33
492,765	1755,33
492,977	1924,33
493,19	1662,33
493,402	1763,33
493,614	1689,33
493,827	1675,33
494,039	1609,33
494,251	1591,33
494,464	1775,33
494,676	1492,33
494,888	1608,33
495,101	1582,33
495,313	1627,33
495,525	1618,33
495,737	1752,33
495,95	1636,33
496,162	1626,33
496,374	1551,33
496,586	1621,33
496,798	1669,33
497,01	1662,33
497,222	1550,33
497,435	1794,33
497,647	1561,33
497,859	1648,33
498,071	1510,33
498,283	1628,33
498,495	1630,33
498,707	1833,33
498,919	1542,33
499,131	1735,33
499,343	1336,33
499,555	1656,33
499,767	1759,33
499,979	1612,33
500,191	1720,33
500,402	1609,33
500,614	1629,33
500,826	1783,33
501,038	1475,33
501,25	1681,33
501,462	1562,33
501,673	1658,33
501,885	1555,33
502,097	1733,33
502,309	1725,33
502,521	1766,33
502,732	1597,33
502,944	1684,33
503,156	1472,33
503,367	1568,33
503,579	1543,33
503,791	1685,33
504,002	1669,33
504,214	1772,33
504,425	1943,33
504,637	1835,33
504,849	1584,33
505,06	1912,33
505,272	1759,33
505,483	1631,33
505,695	1633,33
505,906	1534,33
506,118	1617,33
506,329	1585,33
506,541	1638,33
506,752	1705,33
506,963	1619,33
507,175	1494,33
507,386	1860,33
507,598	1708,33
507,809	1337,33
508,02	1673,33
508,232	1751,33
508,443	1523,33
508,654	1868,33
508,865	1753,33
509,077	1516,33
509,288	1717,33
509,499	1879,33
509,71	1454,33
509,922	1792,33
510,133	1649,33
510,344	1826,33
510,555	1553,33
510,766	1737,33
510,977	1519,33
511,188	1585,33
511,4	1588,33
511,611	1567,33
511,822	1676,33
512,033	1668,33
512,244	1694,33
512,455	1695,33
512,666	1692,33
512,877	1679,33
513,088	1629,33
513,299	1697,33
513,51	1663,33
513,721	1618,33
513,931	1673,33
514,142	1831,33
514,353	1809,33
514,564	1579,33
514,775	1644,33
514,986	1719,33
515,196	1756,33
515,407	1592,33
515,618	1462,33
515,829	1661,33
516,04	1740,33
516,25	1580,33
516,461	1562,33
516,672	1644,33
516,882	1565,33
517,093	1609,33
517,304	1444,33
517,514	1554,33
517,725	1715,33
517,936	1542,33
518,146	1425,33
518,357	1692,33
518,567	1344,33
518,778	1871,33
518,988	1567,33
519,199	1862,33
519,409	1620,33
519,62	1741,33
519,83	1636,33
520,041	1687,33
520,251	1671,33
520,462	1705,33
520,672	1633,33
520,882	1705,33
521,093	1691,33
521,303	1831,33
521,513	1653,33
521,724	2759,33
521,934	1540,33
522,144	1660,33
522,355	1617,33
522,565	1388,33
522,775	1675,33
522,985	1627,33
523,196	1582,33
523,406	1591,33
523,616	1784,33
523,826	1594,33
524,036	2476,33
524,246	1627,33
524,457	1529,33
524,667	1482,33
524,877	1804,33
525,087	1625,33
525,297	1557,33
525,507	1697,33
525,717	1521,33
525,927	1694,33
526,137	1623,33
526,347	1685,33
526,557	1553,33
526,767	1745,33
526,977	1930,33
527,187	1629,33
527,397	1536,33
527,607	1551,33
527,816	1685,33
528,026	1643,33
528,236	1547,33
528,446	1725,33
528,656	1681,33
528,865	1840,33
529,075	1634,33
529,285	1573,33
529,495	1724,33
529,704	1685,33
529,914	1586,33
530,124	1723,33
530,334	1551,33
530,543	1559,33
530,753	1973,33
530,963	2079,33
531,172	1635,33
531,382	1616,33
531,591	1908,33
531,801	1564,33
532,01	1631,33
532,22	1586,33
532,43	1659,33
532,639	1953,33
532,849	1712,33
533,058	1623,33
533,267	1796,33
533,477	1645,33
533,686	1566,33
533,896	1572,33
534,105	1652,33
534,315	1710,33
534,524	1584,33
534,733	1580,33
534,943	1833,33
535,152	1774,33
535,361	1551,33
535,57	1667,33
535,78	1641,33
535,989	1561,33
536,198	1822,33
536,407	1673,33
536,617	1707,33
536,826	1787,33
537,035	1699,33
537,244	1610,33
537,453	1503,33
537,662	1635,33
537,872	1788,33
538,081	1629,33
538,29	1569,33
538,499	1596,33
538,708	1550,33
538,917	1660,33
539,126	1657,33
539,335	1732,33
539,544	2133,33
539,753	1551,33
539,962	1653,33
540,171	1695,33
540,38	1791,33
540,589	1656,33
540,797	1795,33
541,006	1583,33
541,215	1593,33
541,424	1840,33
541,633	1668,33
541,842	1546,33
542,05	1809,33
542,259	1723,33
542,468	1727,33
542,677	1704,33
542,885	1653,33
543,094	1704,33
543,303	1750,33
543,512	1727,33
543,72	1715,33
543,929	1737,33
544,138	1620,33
544,346	1544,33
544,555	1800,33
544,763	1687,33
544,972	1513,33
545,18	1537,33
545,389	1658,33
545,598	1566,33
545,806	1816,33
546,015	1630,33
546,223	1626,33
546,431	1639,33
546,64	1468,33
546,848	1648,33
547,057	1657,33
547,265	1508,33
547,474	1591,33
547,682	1652,33
547,89	1714,33
548,099	1673,33
548,307	1594,33
548,515	1888,33
548,723	1703,33
548,932	1718,33
549,14	1676,33
549,348	1760,33
549,556	1634,33
549,765	1610,33
549,973	1521,33
550,181	1725,33
550,389	1746,33
550,597	1764,33
550,805	1577,33
551,014	1830,33
551,222	4181,33
551,43	1546,33
551,638	1666,33
551,846	1905,33
552,054	1698,33
552,262	1832,33
552,47	1543,33
552,678	1566,33
552,886	1579,33
553,094	1631,33
553,302	1644,33
553,51	1545,33
553,717	1791,33
553,925	1633,33
554,133	1962,33
554,341	1578,33
554,549	1681,33
554,757	1538,33
554,965	1596,33
555,172	1590,33
555,38	1903,33
555,588	1568,33
555,796	1690,33
556,003	1771,33
556,211	1600,33
556,419	1661,33
556,626	1734,33
556,834	1602,33
557,042	1680,33
557,249	1596,33
557,457	1647,33
557,664	1452,33
557,872	1596,33
558,08	1583,33
558,287	1794,33
558,495	1776,33
558,702	1528,33
558,91	1720,33
559,117	1646,33
559,325	1661,33
559,532	1642,33
559,74	1824,33
559,947	1576,33
560,154	1778,33
560,362	1567,33
560,569	1446,33
560,776	1599,33
560,984	1690,33
561,191	1690,33
561,398	1697,33
561,606	2063,33
561,813	1896,33
562,02	1545,33
562,227	1559,33
562,435	1652,33
562,642	1938,33
562,849	1761,33
563,056	1509,33
563,263	1583,33
563,471	1792,33
563,678	1734,33
563,885	1590,33
564,092	1684,33
564,299	1734,33
564,506	1701,33
564,713	1644,33
564,92	1582,33
565,127	1754,33
565,334	1739,33
565,541	2015,33
565,748	1853,33
565,955	1640,33
566,162	1671,33
566,369	1680,33
566,576	1735,33
566,783	1749,33
566,99	1551,33
567,196	1760,33
567,403	1654,33
567,61	1813,33
567,817	1638,33
568,024	1691,33
568,23	1705,33
568,437	1584,33
568,644	1589,33
568,851	1635,33
569,057	1902,33
569,264	1916,33
569,471	1559,33
569,677	1691,33
569,884	1752,33
570,091	1879,33
570,297	2907,33
570,504	1646,33
570,71	1754,33
570,917	1673,33
571,123	1555,33
571,33	1687,33
571,536	1563,33
571,743	1875,33
571,949	1622,33
572,156	1602,33
572,362	1870,33
572,569	1667,33
572,775	1649,33
572,982	1781,33
573,188	1665,33
573,394	1595,33
573,601	1577,33
573,807	1493,33
574,013	1816,33
574,22	1687,33
574,426	1529,33
574,632	1773,33
574,838	1631,33
575,045	1646,33
575,251	1676,33
575,457	1689,33
575,663	1803,33
575,869	1678,33
576,076	1588,33
576,282	1692,33
576,488	1601,33
576,694	1654,33
576,9	1515,33
577,106	1568,33
577,312	1601,33
577,518	1746,33
577,724	1755,33
577,93	1743,33
578,136	1575,33
578,342	1625,33
578,548	1659,33
578,754	1593,33
578,96	1680,33
579,166	1695,33
579,372	1934,33
579,578	1655,33
579,784	1706,33
579,989	1573,33
580,195	1607,33
580,401	1637,33
580,607	1717,33
580,813	1731,33
581,018	1686,33
581,224	1653,33
581,43	1693,33
581,636	1584,33
581,841	1773,33
582,047	1683,33
582,253	1832,33
582,458	1807,33
582,664	1588,33
582,869	1808,33
583,075	1537,33
583,281	1957,33
583,486	1711,33
583,692	1573,33
583,897	1793,33
584,103	1711,33
584,308	1783,33
584,514	1610,33
584,719	1724,33
584,925	1700,33
585,13	1632,33
585,335	1636,33
585,541	1671,33
585,746	1532,33
585,952	1554,33
586,157	1672,33
586,362	1640,33
586,568	1643,33
586,773	1749,33
586,978	1618,33
587,183	1607,33
587,389	1783,33
587,594	1695,33
587,799	1708,33
588,004	1830,33
588,21	1805,33
588,415	1567,33
588,62	1710,33
588,825	1885,33
589,03	1626,33
589,235	2099,33
589,44	1815,33
589,645	1589,33
589,85	1774,33
590,055	1928,33
590,26	1607,33
590,465	1740,33
590,67	1627,33
590,875	1966,33
591,08	1739,33
591,285	1606,33
591,49	1745,33
591,695	1726,33
591,9	1622,33
592,105	1613,33
592,31	1563,33
592,515	1953,33
592,719	1589,33
592,924	1581,33
593,129	1631,33
593,334	1708,33
593,539	1582,33
593,743	1859,33
593,948	1655,33
594,153	1633,33
594,357	1931,33
594,562	1735,33
594,767	2100,33
594,971	1578,33
595,176	1626,33
595,381	1858,33
595,585	1665,33
595,79	1887,33
595,994	1701,33
596,199	2187,33
596,403	1439,33
596,608	1501,33
596,812	1634,33
597,017	1747,33
597,221	1874,33
597,426	1930,33
597,63	1702,33
597,835	1628,33
598,039	1600,33
598,243	1637,33
598,448	1943,33
598,652	1690,33
598,856	1684,33
599,061	1735,33
599,265	1729,33
599,469	1630,33
599,673	1701,33
599,878	1869,33
600,082	1641,33
600,286	1735,33
600,49	1691,33
600,695	1475,33
600,899	1637,33
601,103	1720,33
601,307	1807,33
601,511	1696,33
601,715	1479,33
601,919	1516,33
602,123	1859,33
602,327	1663,33
602,531	1711,33
602,735	1780,33
602,939	1736,33
603,143	1527,33
603,347	1767,33
603,551	1603,33
603,755	1672,33
603,959	1731,33
604,163	1701,33
604,367	1726,33
604,571	1634,33
604,775	1571,33
604,978	1675,33
605,182	1558,33
605,386	1729,33
605,59	1645,33
605,793	1617,33
605,997	1799,33
606,201	1667,33
606,405	1695,33
606,608	1813,33
606,812	1710,33
607,016	1764,33
607,219	1608,33
607,423	1625,33
607,627	1754,33
607,83	1502,33
608,034	1573,33
608,237	1625,33
608,441	1571,33
608,644	1736,33
608,848	1717,33
609,051	1681,33
609,255	1651,33
609,458	1804,33
609,662	1601,33
609,865	1692,33
610,069	1645,33
610,272	1553,33
610,475	1585,33
610,679	1727,33
610,882	1625,33
611,085	1640,33
611,289	1835,33
611,492	1820,33
611,695	1609,33
611,898	1658,33
612,102	1747,33
612,305	1727,33
612,508	1677,33
612,711	1777,33
612,914	1668,33
613,118	1734,33
613,321	1810,33
613,524	1541,33
613,727	1588,33
613,93	1653,33
614,133	1698,33
614,336	1799,33
614,539	1619,33
614,742	1582,33
614,945	1615,33
615,148	1749,33
615,351	1665,33
615,554	1770,33
615,757	1674,33
615,96	1730,33
616,163	1394,33
616,366	1871,33
616,569	1683,33
616,772	1844,33
616,974	1640,33
617,177	1778,33
617,38	1728,33
617,583	1708,33
617,786	1593,33
617,988	1584,33
618,191	1842,33
618,394	1602,33
618,596	1562,33
618,799	1641,33
619,002	1691,33
619,204	1668,33
619,407	1633,33
619,61	1594,33
619,812	1669,33
620,015	1546,33
620,217	1842,33
620,42	1669,33
620,623	1703,33
620,825	1684,33
621,028	1830,33
621,23	1825,33
621,432	1763,33
621,635	1911,33
621,837	1687,33
622,04	1621,33
622,242	1715,33
622,445	1680,33
622,647	1715,33
622,849	1775,33
623,052	1486,33
623,254	1742,33
623,456	1551,33
623,658	1757,33
623,861	1746,33
624,063	1616,33
624,265	1681,33
624,467	1803,33
624,67	1375,33
624,872	1791,33
625,074	1790,33
625,276	1752,33
625,478	1827,33
625,68	1510,33
625,882	1565,33
626,084	1676,33
626,287	1877,33
626,489	1763,33
626,691	1746,33
626,893	1691,33
627,095	1771,33
627,297	1705,33
627,499	1593,33
627,7	1486,33
627,902	1533,33
628,104	1530,33
628,306	1510,33
628,508	1611,33
628,71	1598,33
628,912	1716,33
629,114	1950,33
629,315	1696,33
629,517	1603,33
629,719	1683,33
629,921	1652,33
630,122	1708,33
630,324	1567,33
630,526	1747,33
630,728	1689,33
630,929	1645,33
631,131	1599,33
631,332	1848,33
631,534	1794,33
631,736	1757,33
631,937	1549,33
632,139	1641,33
632,34	1679,33
632,542	1767,33
632,743	1729,33
632,945	1415,33
633,146	1946,33
633,348	1679,33
633,549	1701,33
633,751	1608,33
633,952	1683,33
634,154	1566,33
634,355	1566,33
634,556	1661,33
634,758	1569,33
634,959	1627,33
635,16	1801,33
635,362	1634,33
635,563	1793,33
635,764	1695,33
635,965	1676,33
636,167	1674,33
636,368	1628,33
636,569	1609,33
636,77	1865,33
636,971	1613,33
637,172	1730,33
637,374	1556,33
637,575	1838,33
637,776	1574,33
637,977	1660,33
638,178	1775,33
638,379	1685,33
638,58	1519,33
638,781	1503,33
638,982	1698,33
639,183	1637,33
639,384	1601,33
639,585	1632,33
639,786	1523,33
639,987	1608,33
640,187	1777,33
640,388	1773,33
640,589	1584,33
640,79	1645,33
640,991	1647,33
641,192	1894,33
641,392	1482,33
641,593	1478,33
641,794	1516,33
641,995	1546,33
642,195	1552,33
642,396	1521,33
642,597	1487,33
642,797	1648,33
642,998	1730,33
643,199	1564,33
643,399	1730,33
643,6	1517,33
643,8	1516,33
644,001	1655,33
644,202	1662,33
644,402	1630,33
644,603	1735,33
644,803	1495,33
645,004	1670,33
645,204	1558,33
645,404	1671,33
645,605	2005,33
645,805	1530,33
646,006	1543,33
646,206	2044,33
646,406	1709,33
646,607	1495,33
646,807	1313,33
647,007	36,33
647,208	33,33
647,408	-58,67
647,608	-49,67
