200,697	990,67
200,927	56,67
201,158	8,67
201,388	-18,33
201,618	1585,67
201,849	1444,67
202,079	1644,67
202,309	1579,67
202,539	1512,67
202,77	1563,67
203	1688,67
203,23	1630,67
203,46	1668,67
203,691	1664,67
203,921	1699,67
204,151	1635,67
204,381	1620,67
204,611	1743,67
204,841	1572,67
205,071	1598,67
205,302	1802,67
205,532	1755,67
205,762	3960,67
205,992	1577,67
206,222	1626,67
206,452	1735,67
206,682	1643,67
206,912	1757,67
207,142	1799,67
207,372	1653,67
207,602	1551,67
207,832	1679,67
208,062	1619,67
208,292	1795,67
208,522	1510,67
208,752	1696,67
208,982	1631,67
209,212	1985,67
209,442	1652,67
209,672	1694,67
209,902	1644,67
210,131	1737,67
210,361	1557,67
210,591	1853,67
210,821	1649,67
211,051	1797,67
211,281	1667,67
211,51	1768,67
211,74	1706,67
211,97	1668,67
212,2	1834,67
212,429	1981,67
212,659	1704,67
212,889	1739,67
213,119	1568,67
213,348	1646,67
213,578	1819,67
213,808	1778,67
214,037	1787,67
214,267	1815,67
214,497	1784,67
214,726	1577,67
214,956	1606,67
215,186	1682,67
215,415	1782,67
215,645	1655,67
215,874	1733,67
216,104	1599,67
216,333	1696,67
216,563	1718,67
216,792	1766,67
217,022	1787,67
217,251	1730,67
217,481	1595,67
217,71	1668,67
217,94	1711,67
218,169	1712,67
218,399	1822,67
218,628	1691,67
218,858	1657,67
219,087	1767,67
219,316	1774,67
219,546	1715,67
219,775	1751,67
220,004	2051,67
220,234	1607,67
220,463	1774,67
220,692	1758,67
220,922	1696,67
221,151	1796,67
221,38	1652,67
221,61	2052,67
221,839	1970,67
222,068	1737,67
222,297	1850,67
222,526	1781,67
222,756	1904,67
222,985	1854,67
223,214	1734,67
223,443	1769,67
223,672	2210,67
223,902	1637,67
224,131	1696,67
224,36	1845,67
224,589	1622,67
224,818	1755,67
225,047	1693,67
225,276	1753,67
225,505	1950,67
225,734	1736,67
225,963	1612,67
226,192	1732,67
226,421	1747,67
226,65	1756,67
226,879	1769,67
227,108	1779,67
227,337	1894,67
227,566	1866,67
227,795	1750,67
228,024	1774,67
228,253	1718,67
228,482	1459,67
228,711	1748,67
228,94	1605,67
229,168	1723,67
229,397	1764,67
229,626	1517,67
229,855	1613,67
230,084	1665,67
230,313	1612,67
230,541	1817,67
230,77	1743,67
230,999	1579,67
231,228	2161,67
231,456	1829,67
231,685	1714,67
231,914	1911,67
232,143	1769,67
232,371	1775,67
232,6	1670,67
232,829	1697,67
233,057	1863,67
233,286	1734,67
233,515	1767,67
233,743	1782,67
233,972	1673,67
234,2	1782,67
234,429	1705,67
234,658	1918,67
234,886	1626,67
235,115	1778,67
235,343	1825,67
235,572	1714,67
235,8	1725,67
236,029	1977,67
236,257	1694,67
236,486	1860,67
236,714	2035,67
236,943	1860,67
237,171	1656,67
237,399	1745,67
237,628	1844,67
237,856	1879,67
238,085	1872,67
238,313	1681,67
238,541	1777,67
238,77	2069,67
238,998	1521,67
239,226	1862,67
239,455	1678,67
239,683	1707,67
239,911	1696,67
240,14	1878,67
240,368	1877,67
240,596	1723,67
240,824	1797,67
241,053	1714,67
241,281	1707,67
241,509	1797,67
241,737	1687,67
241,965	1640,67
242,193	1686,67
242,422	1666,67
242,65	1689,67
242,878	1799,67
243,106	1684,67
243,334	1625,67
243,562	1816,67
243,79	1814,67
244,018	1809,67
244,246	1689,67
244,474	1699,67
244,702	1712,67
244,93	1716,67
245,158	1742,67
245,386	1663,67
245,614	1788,67
245,842	1874,67
246,07	1787,67
246,298	1715,67
246,526	2279,67
246,754	1691,67
246,982	1821,67
247,21	1772,67
247,438	1606,67
247,666	1841,67
247,893	1721,67
248,121	1669,67
248,349	1646,67
248,577	1879,67
248,805	1904,67
249,033	1703,67
249,26	1797,67
249,488	1671,67
249,716	1744,67
249,944	1689,67
250,171	1699,67
250,399	1483,67
250,627	1955,67
250,854	1712,67
251,082	1704,67
251,31	1787,67
251,537	1693,67
251,765	1922,67
251,993	1665,67
252,22	2059,67
252,448	1656,67
252,676	1843,67
252,903	1803,67
253,131	2079,67
253,358	1700,67
253,586	1821,67
253,813	1654,67
254,041	1738,67
254,268	1791,67
254,496	1588,67
254,723	1803,67
254,951	1752,67
255,178	1780,67
255,406	1743,67
255,633	1471,67
255,86	1881,67
256,088	1694,67
256,315	1684,67
256,543	1913,67
256,77	1748,67
256,997	1732,67
257,225	1701,67
257,452	1671,67
257,679	1724,67
257,907	1872,67
258,134	1577,67
258,361	1892,67
258,588	1719,67
258,816	1817,67
259,043	1663,67
259,27	1734,67
259,497	1807,67
259,725	1693,67
259,952	1799,67
260,179	1700,67
260,406	1829,67
260,633	1700,67
260,86	1743,67
261,088	1699,67
261,315	1938,67
261,542	1631,67
261,769	1655,67
261,996	2070,67
262,223	1887,67
262,45	1956,67
262,677	1598,67
262,904	1723,67
263,131	1791,67
263,358	1721,67
263,585	1796,67
263,812	2069,67
264,039	1872,67
264,266	1641,67
264,493	1807,67
264,72	1678,67
264,947	1761,67
265,174	2069,67
265,401	1783,67
265,627	1895,67
265,854	1743,67
266,081	1779,67
266,308	1767,67
266,535	1953,67
266,762	1744,67
266,988	1804,67
267,215	1809,67
267,442	1733,67
267,669	1889,67
267,896	1742,67
268,122	1880,67
268,349	1834,67
268,576	1585,67
268,802	1692,67
269,029	1733,67
269,256	1783,67
269,482	1790,67
269,709	1676,67
269,936	1775,67
270,162	1942,67
270,389	1772,67
270,616	1839,67
270,842	1926,67
271,069	1844,67
271,295	1726,67
271,522	1602,67
271,748	1864,67
271,975	1851,67
272,201	1877,67
272,428	1780,67
272,654	1725,67
272,881	2091,67
273,107	1656,67
273,334	1776,67
273,56	1899,67
273,787	1734,67
274,013	1791,67
274,239	2046,67
274,466	1903,67
274,692	1739,67
274,918	1801,67
275,145	1795,67
275,371	1768,67
275,597	1943,67
275,824	1812,67
276,05	1758,67
276,276	1893,67
276,503	1711,67
276,729	1799,67
276,955	1698,67
277,181	1802,67
277,407	1765,67
277,634	1819,67
277,86	1769,67
278,086	1843,67
278,312	1815,67
278,538	1722,67
278,764	2010,67
278,991	1819,67
279,217	1727,67
279,443	1810,67
279,669	1732,67
279,895	1856,67
280,121	1735,67
280,347	1688,67
280,573	1680,67
280,799	1693,67
281,025	1937,67
281,251	1646,67
281,477	1861,67
281,703	1681,67
281,929	1589,67
282,155	1728,67
282,381	1777,67
282,607	1741,67
282,833	1758,67
283,059	1813,67
283,285	1644,67
283,51	1687,67
283,736	1635,67
283,962	1508,67
284,188	1717,67
284,414	1682,67
284,64	1809,67
284,865	1809,67
285,091	1623,67
285,317	1824,67
285,543	1684,67
285,768	1709,67
285,994	1769,67
286,22	1936,67
286,446	1963,67
286,671	1672,67
286,897	1860,67
287,123	1677,67
287,348	1703,67
287,574	2247,67
287,799	1831,67
288,025	1704,67
288,251	2022,67
288,476	1735,67
288,702	1744,67
288,927	1769,67
289,153	1739,67
289,378	1884,67
289,604	1741,67
289,829	1805,67
290,055	1719,67
290,28	1746,67
290,506	1807,67
290,731	1675,67
290,957	1830,67
291,182	1795,67
291,408	1911,67
291,633	1779,67
291,858	1709,67
292,084	1758,67
292,309	1548,67
292,535	1810,67
292,76	1931,67
292,985	1690,67
293,211	1618,67
293,436	1711,67
293,661	1630,67
293,886	1699,67
294,112	1764,67
294,337	1746,67
294,562	1546,67
294,787	1857,67
295,013	1719,67
295,238	1720,67
295,463	1821,67
295,688	1990,67
295,913	1751,67
296,138	1788,67
296,364	1760,67
296,589	1811,67
296,814	1643,67
297,039	1741,67
297,264	1865,67
297,489	1810,67
297,714	1781,67
297,939	1665,67
298,164	1672,67
298,389	1821,67
298,614	1641,67
298,839	1738,67
299,064	1850,67
299,289	1769,67
299,514	1790,67
299,739	1767,67
299,964	1713,67
300,189	1760,67
300,414	1855,67
300,639	1757,67
300,863	1739,67
301,088	2097,67
301,313	1765,67
301,538	1785,67
301,763	1688,67
301,988	1804,67
302,212	1806,67
302,437	2185,67
302,662	1883,67
302,887	1741,67
303,111	1774,67
303,336	1822,67
303,561	1771,67
303,786	1717,67
304,01	1816,67
304,235	1856,67
304,46	1797,67
304,684	1739,67
304,909	1770,67
305,134	1654,67
305,358	1883,67
305,583	1713,67
305,807	1990,67
306,032	1574,67
306,256	1889,67
306,481	1725,67
306,706	1641,67
306,93	1675,67
307,155	1813,67
307,379	1831,67
307,604	1731,67
307,828	1622,67
308,052	1898,67
308,277	1731,67
308,501	1834,67
308,726	1837,67
308,95	1825,67
309,175	1687,67
309,399	1899,67
309,623	1737,67
309,848	1529,67
310,072	1589,67
310,296	2068,67
310,521	1696,67
310,745	1634,67
310,969	2006,67
311,193	1861,67
311,418	1780,67
311,642	1688,67
311,866	1735,67
312,09	1499,67
312,315	1795,67
312,539	1781,67
312,763	1690,67
312,987	1837,67
313,211	1602,67
313,435	1978,67
313,659	1627,67
313,884	1908,67
314,108	1903,67
314,332	1912,67
314,556	1749,67
314,78	2039,67
315,004	1843,67
315,228	1885,67
315,452	1831,67
315,676	1836,67
315,9	1804,67
316,124	1585,67
316,348	1755,67
316,572	1879,67
316,796	1875,67
317,02	1725,67
317,244	1801,67
317,468	1685,67
317,691	1940,67
317,915	1883,67
318,139	1697,67
318,363	2163,67
318,587	1748,67
318,811	1663,67
319,034	1581,67
319,258	1918,67
319,482	1936,67
319,706	1851,67
319,93	1797,67
320,153	1586,67
320,377	1832,67
320,601	1690,67
320,824	1610,67
321,048	1953,67
321,272	1704,67
321,495	1968,67
321,719	1863,67
321,943	1726,67
322,166	1757,67
322,39	1715,67
322,614	1775,67
322,837	1981,67
323,061	1767,67
323,284	1783,67
323,508	1812,67
323,731	1639,67
323,955	1665,67
324,178	1698,67
324,402	1800,67
324,625	1722,67
324,849	1659,67
325,072	1781,67
325,296	1841,67
325,519	1679,67
325,743	1592,67
325,966	1859,67
326,189	1916,67
326,413	1689,67
326,636	2122,67
326,859	1761,67
327,083	2068,67
327,306	1529,67
327,529	1717,67
327,753	1644,67
327,976	1742,67
328,199	1775,67
328,422	1592,67
328,646	1889,67
328,869	1647,67
329,092	1724,67
329,315	1927,67
329,538	1698,67
329,762	1825,67
329,985	1669,67
330,208	1643,67
330,431	1821,67
330,654	1979,67
330,877	1654,67
331,1	1863,67
331,323	1700,67
331,546	1885,67
331,769	1817,67
331,993	1623,67
332,216	1762,67
332,439	1511,67
332,662	1755,67
332,885	1683,67
333,107	1562,67
333,33	1783,67
333,553	1881,67
333,776	1702,67
333,999	1788,67
334,222	1678,67
334,445	1618,67
334,668	1692,67
334,891	1770,67
335,114	1633,67
335,336	1769,67
335,559	1751,67
335,782	2036,67
336,005	1706,67
336,228	1674,67
336,45	1765,67
336,673	1656,67
336,896	1783,67
337,119	1763,67
337,341	1695,67
337,564	1688,67
337,787	1848,67
338,009	1663,67
338,232	1789,67
338,455	1803,67
338,677	1758,67
338,9	1745,67
339,122	1847,67
339,345	1598,67
339,568	1603,67
339,79	1716,67
340,013	1745,67
340,235	1823,67
340,458	1625,67
340,68	1805,67
340,903	1618,67
341,125	1712,67
341,348	1662,67
341,57	1573,67
341,793	2015,67
342,015	1523,67
342,238	1809,67
342,46	1711,67
342,682	1767,67
342,905	1739,67
343,127	1827,67
343,349	1738,67
343,572	1830,67
343,794	1670,67
344,016	1629,67
344,239	1766,67
344,461	1763,67
344,683	1637,67
344,905	1665,67
345,128	1644,67
345,35	1599,67
345,572	1779,67
345,794	1919,67
346,017	1731,67
346,239	1734,67
346,461	1675,67
346,683	1677,67
346,905	1726,67
347,127	1734,67
347,349	1666,67
347,571	1664,67
347,793	1841,67
348,016	1727,67
348,238	1836,67
348,46	1653,67
348,682	1589,67
348,904	1878,67
349,126	1779,67
349,348	1822,67
349,57	1635,67
349,792	1704,67
350,014	1825,67
350,235	1671,67
350,457	2588,67
350,679	1704,67
350,901	1581,67
351,123	1604,67
351,345	1679,67
351,567	1698,67
351,789	1792,67
352,01	1771,67
352,232	1747,67
352,454	1620,67
352,676	1830,67
352,897	1696,67
353,119	1682,67
353,341	1758,67
353,563	1670,67
353,784	1650,67
354,006	1739,67
354,228	1682,67
354,449	1687,67
354,671	1871,67
354,893	1819,67
355,114	1729,67
355,336	1787,67
355,558	1735,67
355,779	1693,67
356,001	1693,67
356,222	1807,67
356,444	1702,67
356,665	2421,67
356,887	1645,67
357,108	1666,67
357,33	1652,67
357,551	1849,67
357,773	1716,67
357,994	1700,67
358,216	1575,67
358,437	1737,67
358,659	1841,67
358,88	1673,67
359,101	1735,67
359,323	1791,67
359,544	1637,67
359,765	1591,67
359,987	1653,67
360,208	1798,67
360,429	1748,67
360,651	1703,67
360,872	1985,67
361,093	1685,67
361,314	1764,67
361,536	1692,67
361,757	1797,67
361,978	1577,67
362,199	1625,67
362,42	1592,67
362,642	1613,67
362,863	1730,67
363,084	1568,67
363,305	1696,67
363,526	1711,67
363,747	1833,67
363,968	1746,67
364,189	1919,67
364,41	1693,67
364,631	1578,67
364,852	1834,67
365,073	1649,67
365,294	1701,67
365,515	1613,67
365,736	1783,67
365,957	1698,67
366,178	1626,67
366,399	1753,67
366,62	1757,67
366,841	1822,67
367,062	1733,67
367,283	1677,67
367,504	1778,67
367,724	1651,67
367,945	1526,67
368,166	1798,67
368,387	1725,67
368,608	1659,67
368,828	1852,67
369,049	1573,67
369,27	1654,67
369,491	1653,67
369,711	1823,67
369,932	1876,67
370,153	1727,67
370,373	1823,67
370,594	1893,67
370,815	1719,67
371,035	1874,67
371,256	1598,67
371,477	1649,67
371,697	1696,67
371,918	1570,67
372,138	1766,67
372,359	1947,67
372,579	1550,67
372,8	1722,67
373,02	1717,67
373,241	1691,67
373,461	1804,67
373,682	1695,67
373,902	1673,67
374,123	1571,67
374,343	1817,67
374,564	1706,67
374,784	1621,67
375,004	1793,67
375,225	1599,67
375,445	1674,67
375,666	1899,67
375,886	1614,67
376,106	1586,67
376,326	1930,67
376,547	1994,67
376,767	1855,67
376,987	1663,67
377,208	1653,67
377,428	1613,67
377,648	1758,67
377,868	1754,67
378,088	1881,67
378,309	1831,67
378,529	1795,67
378,749	1695,67
378,969	1573,67
379,189	1771,67
379,409	1474,67
379,629	1659,67
379,849	1799,67
380,069	1626,67
380,29	1607,67
380,51	1618,67
380,73	1761,67
380,95	1951,67
381,17	1802,67
381,39	1712,67
381,61	1683,67
381,829	1655,67
382,049	1703,67
382,269	1711,67
382,489	1667,67
382,709	1748,67
382,929	1751,67
383,149	1669,67
383,369	2051,67
383,589	1741,67
383,808	1807,67
384,028	1727,67
384,248	1782,67
384,468	1664,67
384,688	1687,67
384,907	1642,67
385,127	1693,67
385,347	1672,67
385,567	1603,67
385,786	1825,67
386,006	1659,67
386,226	1449,67
386,445	1637,67
386,665	1661,67
386,885	1791,67
387,104	1652,67
387,324	1667,67
387,543	1632,67
387,763	1679,67
387,982	1735,67
388,202	1469,67
388,422	1698,67
388,641	1596,67
388,861	1790,67
389,08	1795,67
389,3	1696,67
389,519	1844,67
389,738	1702,67
389,958	1776,67
390,177	1717,67
390,397	1677,67
390,616	1756,67
390,836	1629,67
391,055	1705,67
391,274	1745,67
391,494	1631,67
391,713	1629,67
391,932	1710,67
392,151	1651,67
392,371	1646,67
392,59	1740,67
392,809	1827,67
393,029	1622,67
393,248	1842,67
393,467	1544,67
393,686	1607,67
393,905	2791,67
394,124	1616,67
394,344	1763,67
394,563	1972,67
394,782	1649,67
395,001	1799,67
395,22	1650,67
395,439	1772,67
395,658	1608,67
395,877	1720,67
396,096	1669,67
396,315	1821,67
396,534	1612,67
396,753	1788,67
396,972	1514,67
397,191	1644,67
397,41	1699,67
397,629	1584,67
397,848	1660,67
398,067	1735,67
398,286	1615,67
398,505	1627,67
398,724	1791,67
398,943	2298,67
399,161	1548,67
399,38	1713,67
399,599	1767,67
399,818	1613,67
400,037	1933,67
400,255	1689,67
400,474	1615,67
400,693	1769,67
400,912	1884,67
401,13	1695,67
401,349	1686,67
401,568	1614,67
401,786	1845,67
402,005	1765,67
402,224	1853,67
402,442	1710,67
402,661	1715,67
402,88	1630,67
403,098	1638,67
403,317	1657,67
403,535	1620,67
403,754	1308,67
403,972	1759,67
404,191	1617,67
404,409	1557,67
404,628	2324,67
404,846	1761,67
405,065	1805,67
405,283	1714,67
405,502	1677,67
405,72	1684,67
405,938	1620,67
406,157	1577,67
406,375	1572,67
406,594	1738,67
406,812	1718,67
407,03	1672,67
407,249	1492,67
407,467	1688,67
407,685	1836,67
407,903	1585,67
408,122	1799,67
408,34	1763,67
408,558	1686,67
408,776	1740,67
408,995	1699,67
409,213	1702,67
409,431	1839,67
409,649	1739,67
409,867	1565,67
410,085	1655,67
410,303	1674,67
410,522	1626,67
410,74	1626,67
410,958	1570,67
411,176	1689,67
411,394	1509,67
411,612	1557,67
411,83	1899,67
412,048	1723,67
412,266	1662,67
412,484	1658,67
412,702	1886,67
412,92	1684,67
413,138	1813,67
413,356	1653,67
413,573	1814,67
413,791	1960,67
414,009	1778,67
414,227	1943,67
414,445	1712,67
414,663	1681,67
414,881	1705,67
415,098	1751,67
415,316	1776,67
415,534	2014,67
415,752	1633,67
415,969	1846,67
416,187	1586,67
416,405	1655,67
416,623	1789,67
416,84	1513,67
417,058	1697,67
417,276	1808,67
417,493	1680,67
417,711	1638,67
417,928	1854,67
418,146	1886,67
418,364	1784,67
418,581	1686,67
418,799	1614,67
419,016	1546,67
419,234	1640,67
419,451	2247,67
419,669	1709,67
419,886	1703,67
420,104	1599,67
420,321	1581,67
420,539	1669,67
420,756	1725,67
420,974	1687,67
421,191	1616,67
421,408	1719,67
421,626	1700,67
421,843	1695,67
422,06	1627,67
422,278	1606,67
422,495	1756,67
422,712	1697,67
422,93	1803,67
423,147	1739,67
423,364	1742,67
423,581	1747,67
423,799	1593,67
424,016	1784,67
424,233	1679,67
424,45	1572,67
424,667	1669,67
424,884	1534,67
425,102	1719,67
425,319	1583,67
425,536	1640,67
425,753	1763,67
425,97	1632,67
426,187	1728,67
426,404	1622,67
426,621	1960,67
426,838	1861,67
427,055	1795,67
427,272	1615,67
427,489	1700,67
427,706	1601,67
427,923	1629,67
428,14	1688,67
428,357	1892,67
428,574	1666,67
428,791	1693,67
429,008	1696,67
429,224	1407,67
429,441	1457,67
429,658	1598,67
429,875	1835,67
430,092	1733,67
430,308	1795,67
430,525	1752,67
430,742	1696,67
430,959	1859,67
431,175	1761,67
431,392	1559,67
431,609	1786,67
431,826	1743,67
432,042	1610,67
432,259	1657,67
432,476	2023,67
432,692	1603,67
432,909	1649,67
433,125	1689,67
433,342	1748,67
433,559	1731,67
433,775	1634,67
433,992	1574,67
434,208	1557,67
434,425	1671,67
434,641	1824,67
434,858	1889,67
435,074	1729,67
435,291	1682,67
435,507	1706,67
435,723	1651,67
435,94	1927,67
436,156	1638,67
436,373	1955,67
436,589	1642,67
436,805	1643,67
437,022	1632,67
437,238	1613,67
437,454	1660,67
437,671	1704,67
437,887	1656,67
438,103	1649,67
438,319	1559,67
438,536	2067,67
438,752	1736,67
438,968	1728,67
439,184	1707,67
439,4	1704,67
439,616	1631,67
439,833	1846,67
440,049	1605,67
440,265	1835,67
440,481	1663,67
440,697	1667,67
440,913	1745,67
441,129	1620,67
441,345	1767,67
441,561	1763,67
441,777	1611,67
441,993	1725,67
442,209	1595,67
442,425	1773,67
442,641	1712,67
442,857	1777,67
443,073	1662,67
443,289	1689,67
443,505	1718,67
443,721	1702,67
443,937	1719,67
444,152	1639,67
444,368	1708,67
444,584	1658,67
444,8	1831,67
445,016	1668,67
445,231	1528,67
445,447	1863,67
445,663	1704,67
445,879	1612,67
446,094	1857,67
446,31	1814,67
446,526	1723,67
446,742	1754,67
446,957	1720,67
447,173	1578,67
447,388	1826,67
447,604	1625,67
447,82	1691,67
448,035	1752,67
448,251	1655,67
448,466	1763,67
448,682	1623,67
448,897	1526,67
449,113	1758,67
449,328	1785,67
449,544	1582,67
449,759	2043,67
449,975	1566,67
450,19	1668,67
450,406	1655,67
450,621	1557,67
450,836	1714,67
451,052	1643,67
451,267	1718,67
451,483	1656,67
451,698	1552,67
451,913	1695,67
452,129	1682,67
452,344	1552,67
452,559	1809,67
452,774	1718,67
452,99	1648,67
453,205	1772,67
453,42	1839,67
453,635	1792,67
453,85	1879,67
454,066	1800,67
454,281	1975,67
454,496	1825,67
454,711	1769,67
454,926	1777,67
455,141	1603,67
455,356	1649,67
455,571	1653,67
455,786	1753,67
456,001	1663,67
456,217	1496,67
456,432	1661,67
456,647	1762,67
456,861	1729,67
457,076	1731,67
457,291	1846,67
457,506	1743,67
457,721	1685,67
457,936	1788,67
458,151	1603,67
458,366	1875,67
458,581	1603,67
458,796	1936,67
459,01	1671,67
459,225	1700,67
459,44	1559,67
459,655	1694,67
459,87	1601,67
460,084	1605,67
460,299	1821,67
460,514	1696,67
460,729	2118,67
460,943	1609,67
461,158	1528,67
461,373	1793,67
461,587	1706,67
461,802	1624,67
462,016	1810,67
462,231	1638,67
462,446	1790,67
462,66	1719,67
462,875	1686,67
463,089	1677,67
463,304	1713,67
463,518	1603,67
463,733	1664,67
463,947	1790,67
464,162	1642,67
464,376	1624,67
464,591	1892,67
464,805	1677,67
465,02	1575,67
465,234	1772,67
465,448	1663,67
465,663	1727,67
465,877	1719,67
466,091	1639,67
466,306	1773,67
466,52	1966,67
466,734	1704,67
466,949	1495,67
467,163	1726,67
467,377	1671,67
467,591	1752,67
467,806	1676,67
468,02	1595,67
468,234	1551,67
468,448	1793,67
468,662	1719,67
468,876	1870,67
469,091	1627,67
469,305	1816,67
469,519	1605,67
469,733	1629,67
469,947	1669,67
470,161	1917,67
470,375	1538,67
470,589	1772,67
470,803	1639,67
471,017	1742,67
471,231	1743,67
471,445	1602,67
471,659	1909,67
471,873	1750,67
472,087	1702,67
472,301	1672,67
472,515	1609,67
472,728	1674,67
472,942	1558,67
473,156	1645,67
473,37	1648,67
473,584	1598,67
473,798	1727,67
474,011	1692,67
474,225	1644,67
474,439	2063,67
474,653	1765,67
474,866	1693,67
475,08	1724,67
475,294	1762,67
475,507	1578,67
475,721	1649,67
475,935	1779,67
476,148	1577,67
476,362	1547,67
476,576	1632,67
476,789	1673,67
477,003	1700,67
477,216	1675,67
477,43	1692,67
477,643	1671,67
477,857	1792,67
478,07	1758,67
478,284	1744,67
478,497	1551,67
478,711	1637,67
478,924	1663,67
479,138	1671,67
479,351	1684,67
479,564	1518,67
479,778	1676,67
479,991	1588,67
480,204	1628,67
480,418	1880,67
480,631	1558,67
480,844	1817,67
481,058	1525,67
481,271	1704,67
481,484	1715,67
481,697	1690,67
481,911	1650,67
482,124	1653,67
482,337	1719,67
482,55	1615,67
482,763	1511,67
482,976	1783,67
483,19	1574,67
483,403	1514,67
483,616	1741,67
483,829	1710,67
484,042	1704,67
484,255	1723,67
484,468	1709,67
484,681	1697,67
484,894	1643,67
485,107	1824,67
485,32	1556,67
485,533	1580,67
485,746	1777,67
485,959	1561,67
486,172	1687,67
486,385	1516,67
486,598	1735,67
486,81	1466,67
487,023	1639,67
487,236	1833,67
487,449	1719,67
487,662	1633,67
487,875	1693,67
488,087	1759,67
488,3	1705,67
488,513	1511,67
488,726	1527,67
488,938	1793,67
489,151	1739,67
489,364	1837,67
489,576	1670,67
489,789	1739,67
490,002	1580,67
490,214	1700,67
490,427	1572,67
490,64	1643,67
490,852	1755,67
491,065	1693,67
491,277	1695,67
491,49	1743,67
491,702	1738,67
491,915	1802,67
492,127	1710,67
492,34	1764,67
492,552	1731,67
492,765	1846,67
492,977	1878,67
493,19	1650,67
493,402	1706,67
493,614	1639,67
493,827	1701,67
494,039	1696,67
494,251	1692,67
494,464	1777,67
494,676	1595,67
494,888	1686,67
495,101	1685,67
495,313	1702,67
495,525	1700,67
495,737	1835,67
495,95	1700,67
496,162	1706,67
496,374	1679,67
496,586	1679,67
496,798	1732,67
497,01	1742,67
497,222	1593,67
497,435	1796,67
497,647	1641,67
497,859	1667,67
498,071	1717,67
498,283	1482,67
498,495	1666,67
498,707	1887,67
498,919	1836,67
499,131	1853,67
499,343	1583,67
499,555	1622,67
499,767	1759,67
499,979	1681,67
500,191	1835,67
500,402	1696,67
500,614	1702,67
500,826	1784,67
501,038	1503,67
501,25	1658,67
501,462	1631,67
501,673	1745,67
501,885	1584,67
502,097	1823,67
502,309	1726,67
502,521	1820,67
502,732	1626,67
502,944	1639,67
503,156	1539,67
503,367	1639,67
503,579	1559,67
503,791	1718,67
504,002	1659,67
504,214	1771,67
504,425	1875,67
504,637	1898,67
504,849	1712,67
505,06	1619,67
505,272	1808,67
505,483	1717,67
505,695	1685,67
505,906	1605,67
506,118	1686,67
506,329	1631,67
506,541	1582,67
506,752	1803,67
506,963	1776,67
507,175	1522,67
507,386	1875,67
507,598	1819,67
507,809	1494,67
508,02	1621,67
508,232	1732,67
508,443	1583,67
508,654	1907,67
508,865	1761,67
509,077	1584,67
509,288	1742,67
509,499	1931,67
509,71	1616,67
509,922	1957,67
510,133	1647,67
510,344	1900,67
510,555	1705,67
510,766	1702,67
510,977	1678,67
511,188	1695,67
511,4	1816,67
511,611	1647,67
511,822	1725,67
512,033	1704,67
512,244	1759,67
512,455	1710,67
512,666	1661,67
512,877	1794,67
513,088	1836,67
513,299	1747,67
513,51	1784,67
513,721	1713,67
513,931	1784,67
514,142	1814,67
514,353	1896,67
514,564	1628,67
514,775	1678,67
514,986	1720,67
515,196	1796,67
515,407	1657,67
515,618	1710,67
515,829	1540,67
516,04	1683,67
516,25	1607,67
516,461	1727,67
516,672	1574,67
516,882	1601,67
517,093	1966,67
517,304	1529,67
517,514	1485,67
517,725	1827,67
517,936	1645,67
518,146	1558,67
518,357	1726,67
518,567	1578,67
518,778	1768,67
518,988	1619,67
519,199	1874,67
519,409	1623,67
519,62	1739,67
519,83	1636,67
520,041	1704,67
520,251	1737,67
520,462	1769,67
520,672	1655,67
520,882	1697,67
521,093	1766,67
521,303	1838,67
521,513	1692,67
521,724	2733,67
521,934	1543,67
522,144	1768,67
522,355	1668,67
522,565	1694,67
522,775	1652,67
522,985	1660,67
523,196	1683,67
523,406	1575,67
523,616	1821,67
523,826	1678,67
524,036	2551,67
524,246	1605,67
524,457	1474,67
524,667	1629,67
524,877	1786,67
525,087	1627,67
525,297	1730,67
525,507	1878,67
525,717	1498,67
525,927	1687,67
526,137	1659,67
526,347	1745,67
526,557	1579,67
526,767	1628,67
526,977	1956,67
527,187	1701,67
527,397	1652,67
527,607	1547,67
527,816	1713,67
528,026	1713,67
528,236	1679,67
528,446	1718,67
528,656	1711,67
528,865	1881,67
529,075	1656,67
529,285	1650,67
529,495	1746,67
529,704	1751,67
529,914	1774,67
530,124	1677,67
530,334	1570,67
530,543	1752,67
530,753	2021,67
530,963	2113,67
531,172	1577,67
531,382	1644,67
531,591	1948,67
531,801	1562,67
532,01	1742,67
532,22	1692,67
532,43	1741,67
532,639	1981,67
532,849	1717,67
533,058	1662,67
533,267	1814,67
533,477	1637,67
533,686	1613,67
533,896	1703,67
534,105	1522,67
534,315	1777,67
534,524	1703,67
534,733	1622,67
534,943	1933,67
535,152	1801,67
535,361	1608,67
535,57	1505,67
535,78	1693,67
535,989	1677,67
536,198	1562,67
536,407	1687,67
536,617	1789,67
536,826	1734,67
537,035	1823,67
537,244	1669,67
537,453	1508,67
537,662	1606,67
537,872	1838,67
538,081	1792,67
538,29	1605,67
538,499	1683,67
538,708	1635,67
538,917	1741,67
539,126	1712,67
539,335	1854,67
539,544	2234,67
539,753	1613,67
539,962	1742,67
540,171	1717,67
540,38	1835,67
540,589	1688,67
540,797	1858,67
541,006	1673,67
541,215	1629,67
541,424	1849,67
541,633	1684,67
541,842	1445,67
542,05	1839,67
542,259	1699,67
542,468	1702,67
542,677	1755,67
542,885	1843,67
543,094	1811,67
543,303	1705,67
543,512	1702,67
543,72	1773,67
543,929	1782,67
544,138	1526,67
544,346	1546,67
544,555	1533,67
544,763	1712,67
544,972	1909,67
545,18	1633,67
545,389	1756,67
545,598	1649,67
545,806	1822,67
546,015	1748,67
546,223	1691,67
546,431	1664,67
546,64	1591,67
546,848	1647,67
547,057	1740,67
547,265	1610,67
547,474	1641,67
547,682	1720,67
547,89	1721,67
548,099	1742,67
548,307	1659,67
548,515	1851,67
548,723	1815,67
548,932	1658,67
549,14	1790,67
549,348	1840,67
549,556	1598,67
549,765	1772,67
549,973	1546,67
550,181	1691,67
550,389	1812,67
550,597	2056,67
550,805	1686,67
551,014	1819,67
551,222	4225,67
551,43	1583,67
551,638	1745,67
551,846	1865,67
552,054	1807,67
552,262	1851,67
552,47	1640,67
552,678	1631,67
552,886	1640,67
553,094	1561,67
553,302	1737,67
553,51	1711,67
553,717	1632,67
553,925	1554,67
554,133	2000,67
554,341	1642,67
554,549	1706,67
554,757	1668,67
554,965	1653,67
555,172	1691,67
555,38	2022,67
555,588	1547,67
555,796	1705,67
556,003	1738,67
556,211	1652,67
556,419	1754,67
556,626	1812,67
556,834	1706,67
557,042	1636,67
557,249	1712,67
557,457	1640,67
557,664	1536,67
557,872	1675,67
558,08	1634,67
558,287	1804,67
558,495	1806,67
558,702	1644,67
558,91	1755,67
559,117	1760,67
559,325	1660,67
559,532	1684,67
559,74	1910,67
559,947	1657,67
560,154	1835,67
560,362	1444,67
560,569	1597,67
560,776	1616,67
560,984	1797,67
561,191	1741,67
561,398	1572,67
561,606	2191,67
561,813	1718,67
562,02	1528,67
562,227	1654,67
562,435	1655,67
562,642	1789,67
562,849	1777,67
563,056	1813,67
563,263	1610,67
563,471	1830,67
563,678	1806,67
563,885	1709,67
564,092	1781,67
564,299	1796,67
564,506	1809,67
564,713	1695,67
564,92	1695,67
565,127	1743,67
565,334	1767,67
565,541	2018,67
565,748	1755,67
565,955	1684,67
566,162	1738,67
566,369	1799,67
566,576	1820,67
566,783	1772,67
566,99	1632,67
567,196	1780,67
567,403	1728,67
567,61	1822,67
567,817	1579,67
568,024	1715,67
568,23	1725,67
568,437	1639,67
568,644	1660,67
568,851	1893,67
569,057	1967,67
569,264	1803,67
569,471	1636,67
569,677	1666,67
569,884	1779,67
570,091	1918,67
570,297	2709,67
570,504	1994,67
570,71	1719,67
570,917	1471,67
571,123	1631,67
571,33	1735,67
571,536	1625,67
571,743	1971,67
571,949	1687,67
572,156	1683,67
572,362	1903,67
572,569	1633,67
572,775	1746,67
572,982	1802,67
573,188	1729,67
573,394	1648,67
573,601	1664,67
573,807	1607,67
574,013	1915,67
574,22	1753,67
574,426	1625,67
574,632	1692,67
574,838	1718,67
575,045	1651,67
575,251	1655,67
575,457	1834,67
575,663	1952,67
575,869	1675,67
576,076	1611,67
576,282	1757,67
576,488	1541,67
576,694	1681,67
576,9	1488,67
577,106	1613,67
577,312	1637,67
577,518	1512,67
577,724	1746,67
577,93	1741,67
578,136	1661,67
578,342	1704,67
578,548	1712,67
578,754	1694,67
578,96	1695,67
579,166	1660,67
579,372	1997,67
579,578	1846,67
579,784	1823,67
579,989	1741,67
580,195	1638,67
580,401	1688,67
580,607	1680,67
580,813	1785,67
581,018	1720,67
581,224	1751,67
581,43	1724,67
581,636	1701,67
581,841	1759,67
582,047	1830,67
582,253	1638,67
582,458	1724,67
582,664	1674,67
582,869	1765,67
583,075	1517,67
583,281	2012,67
583,486	1799,67
583,692	1621,67
583,897	1805,67
584,103	1695,67
584,308	1791,67
584,514	1693,67
584,719	1781,67
584,925	1663,67
585,13	1793,67
585,335	1725,67
585,541	1755,67
585,746	1751,67
585,952	1636,67
586,157	1535,67
586,362	1669,67
586,568	1706,67
586,773	1816,67
586,978	1737,67
587,183	1834,67
587,389	1778,67
587,594	1648,67
587,799	1747,67
588,004	1907,67
588,21	1645,67
588,415	1597,67
588,62	1753,67
588,825	1877,67
589,03	1751,67
589,235	2171,67
589,44	1863,67
589,645	1684,67
589,85	1841,67
590,055	1950,67
590,26	1734,67
590,465	1665,67
590,67	1831,67
590,875	1937,67
591,08	1825,67
591,285	1749,67
591,49	1770,67
591,695	1874,67
591,9	1706,67
592,105	1729,67
592,31	1688,67
592,515	1993,67
592,719	1642,67
592,924	1612,67
593,129	1707,67
593,334	1769,67
593,539	1928,67
593,743	1887,67
593,948	1746,67
594,153	1717,67
594,357	1962,67
594,562	1777,67
594,767	2334,67
594,971	1613,67
595,176	1757,67
595,381	1796,67
595,585	1739,67
595,79	1922,67
595,994	1764,67
596,199	2215,67
596,403	1446,67
596,608	1741,67
596,812	1658,67
597,017	1875,67
597,221	1983,67
597,426	1869,67
597,63	1739,67
597,835	1636,67
598,039	1613,67
598,243	1702,67
598,448	2005,67
598,652	1751,67
598,856	1702,67
599,061	1773,67
599,265	1642,67
599,469	1636,67
599,673	1775,67
599,878	1791,67
600,082	1672,67
600,286	1688,67
600,49	1795,67
600,695	1517,67
600,899	1740,67
601,103	1905,67
601,307	1855,67
601,511	1669,67
601,715	1629,67
601,919	1654,67
602,123	1671,67
602,327	1794,67
602,531	1730,67
602,735	1798,67
602,939	1843,67
603,143	1627,67
603,347	1967,67
603,551	1693,67
603,755	1719,67
603,959	1732,67
604,163	1647,67
604,367	1649,67
604,571	1681,67
604,775	1767,67
604,978	1696,67
605,182	1397,67
605,386	1864,67
605,59	1657,67
605,793	1631,67
605,997	1834,67
606,201	1773,67
606,405	1752,67
606,608	1831,67
606,812	1747,67
607,016	1812,67
607,219	1610,67
607,423	1657,67
607,627	1982,67
607,83	1701,67
608,034	1575,67
608,237	1714,67
608,441	1647,67
608,644	1655,67
608,848	1871,67
609,051	1799,67
609,255	1635,67
609,458	1836,67
609,662	1738,67
609,865	1790,67
610,069	1633,67
610,272	1641,67
610,475	1486,67
610,679	1647,67
610,882	1686,67
611,085	1688,67
611,289	1805,67
611,492	1712,67
611,695	1683,67
611,898	1500,67
612,102	1774,67
612,305	1742,67
612,508	1728,67
612,711	1837,67
612,914	1672,67
613,118	1734,67
613,321	1802,67
613,524	1616,67
613,727	1561,67
613,93	1689,67
614,133	1783,67
614,336	1755,67
614,539	1681,67
614,742	1672,67
614,945	1698,67
615,148	1775,67
615,351	1759,67
615,554	1847,67
615,757	1644,67
615,96	1713,67
616,163	1728,67
616,366	1842,67
616,569	1681,67
616,772	1895,67
616,974	1655,67
617,177	1961,67
617,38	1717,67
617,583	1738,67
617,786	1646,67
617,988	1623,67
618,191	1914,67
618,394	1646,67
618,596	1574,67
618,799	1680,67
619,002	1953,67
619,204	1815,67
619,407	1751,67
619,61	1630,67
619,812	1715,67
620,015	1635,67
620,217	1879,67
620,42	1660,67
620,623	1768,67
620,825	1770,67
621,028	1716,67
621,23	1875,67
621,432	1787,67
621,635	1883,67
621,837	1812,67
622,04	1620,67
622,242	1893,67
622,445	1713,67
622,647	1725,67
622,849	1860,67
623,052	1613,67
623,254	1762,67
623,456	1470,67
623,658	1860,67
623,861	1827,67
624,063	1700,67
624,265	1703,67
624,467	1828,67
624,67	1634,67
624,872	1725,67
625,074	1944,67
625,276	1846,67
625,478	1808,67
625,68	1515,67
625,882	1605,67
626,084	1715,67
626,287	1879,67
626,489	1781,67
626,691	1768,67
626,893	1741,67
627,095	1764,67
627,297	1851,67
627,499	1651,67
627,7	1607,67
627,902	1618,67
628,104	1565,67
628,306	1619,67
628,508	1627,67
628,71	1548,67
628,912	1844,67
629,114	1956,67
629,315	1679,67
629,517	1912,67
629,719	1641,67
629,921	1591,67
630,122	1773,67
630,324	1624,67
630,526	1829,67
630,728	1649,67
630,929	1766,67
631,131	1640,67
631,332	1894,67
631,534	1864,67
631,736	1769,67
631,937	1628,67
632,139	1720,67
632,34	1720,67
632,542	1911,67
632,743	1919,67
632,945	1693,67
633,146	1779,67
633,348	1786,67
633,549	1708,67
633,751	1623,67
633,952	1760,67
634,154	1577,67
634,355	1545,67
634,556	1755,67
634,758	1715,67
634,959	1660,67
635,16	1793,67
635,362	1669,67
635,563	1759,67
635,764	1655,67
635,965	1788,67
636,167	1669,67
636,368	1689,67
636,569	1688,67
636,77	1848,67
636,971	1650,67
637,172	1540,67
637,374	1621,67
637,575	1905,67
637,776	1621,67
637,977	1565,67
638,178	1759,67
638,379	1708,67
638,58	1781,67
638,781	1499,67
638,982	1641,67
639,183	1740,67
639,384	1664,67
639,585	1659,67
639,786	1597,67
639,987	1607,67
640,187	1751,67
640,388	1765,67
640,589	1620,67
640,79	1631,67
640,991	1703,67
641,192	1817,67
641,392	1605,67
641,593	1662,67
641,794	1567,67
641,995	1644,67
642,195	1537,67
642,396	1572,67
642,597	1512,67
642,797	1668,67
642,998	1796,67
643,199	1727,67
643,399	1720,67
643,6	1526,67
643,8	1640,67
644,001	1706,67
644,202	1861,67
644,402	1703,67
644,603	1780,67
644,803	1561,67
645,004	1694,67
645,204	1539,67
645,404	1603,67
645,605	2031,67
645,805	1556,67
646,006	1606,67
646,206	2146,67
646,406	1671,67
646,607	1615,67
646,807	1404,67
647,007	40,67
647,208	58,67
647,408	-145,33
647,608	55,67
