200,697	968,83
200,927	-25,17
201,158	23,83
201,388	31,83
201,618	1532,83
201,849	1474,83
202,079	1601,83
202,309	1519,83
202,539	1696,83
202,77	1512,83
203	1744,83
203,23	1659,83
203,46	1644,83
203,691	1663,83
203,921	1623,83
204,151	1634,83
204,381	1514,83
204,611	1675,83
204,841	1589,83
205,071	1595,83
205,302	1735,83
205,532	1689,83
205,762	3864,83
205,992	1570,83
206,222	1621,83
206,452	1704,83
206,682	1618,83
206,912	1762,83
207,142	1741,83
207,372	1901,83
207,602	1469,83
207,832	1661,83
208,062	1778,83
208,292	1699,83
208,522	1663,83
208,752	1617,83
208,982	1641,83
209,212	1916,83
209,442	1686,83
209,672	1544,83
209,902	1689,83
210,131	1632,83
210,361	1628,83
210,591	1701,83
210,821	1587,83
211,051	1793,83
211,281	1696,83
211,51	1691,83
211,74	1743,83
211,97	1604,83
212,2	1671,83
212,429	1968,83
212,659	1670,83
212,889	1691,83
213,119	1584,83
213,348	1610,83
213,578	1776,83
213,808	1816,83
214,037	1780,83
214,267	1752,83
214,497	1738,83
214,726	1635,83
214,956	1532,83
215,186	1632,83
215,415	1695,83
215,645	1685,83
215,874	1783,83
216,104	1548,83
216,333	1676,83
216,563	1756,83
216,792	1732,83
217,022	1595,83
217,251	1744,83
217,481	1587,83
217,71	1698,83
217,94	1667,83
218,169	1767,83
218,399	1773,83
218,628	1626,83
218,858	1819,83
219,087	1564,83
219,316	1722,83
219,546	1788,83
219,775	1811,83
220,004	1832,83
220,234	1636,83
220,463	1751,83
220,692	1701,83
220,922	1740,83
221,151	1751,83
221,38	1805,83
221,61	2108,83
221,839	2034,83
222,068	1676,83
222,297	1812,83
222,526	1765,83
222,756	1770,83
222,985	1832,83
223,214	1767,83
223,443	1635,83
223,672	2244,83
223,902	1660,83
224,131	1730,83
224,36	1804,83
224,589	1650,83
224,818	1736,83
225,047	1839,83
225,276	1734,83
225,505	2106,83
225,734	1815,83
225,963	1707,83
226,192	1805,83
226,421	1658,83
226,65	1807,83
226,879	1828,83
227,108	1970,83
227,337	1860,83
227,566	2013,83
227,795	1520,83
228,024	1795,83
228,253	1776,83
228,482	1746,83
228,711	1756,83
228,94	1725,83
229,168	1619,83
229,397	1808,83
229,626	1872,83
229,855	1784,83
230,084	1788,83
230,313	1742,83
230,541	2040,83
230,77	1808,83
230,999	1716,83
231,228	2124,83
231,456	1979,83
231,685	1921,83
231,914	1964,83
232,143	1912,83
232,371	2020,83
232,6	1914,83
232,829	1896,83
233,057	2114,83
233,286	1970,83
233,515	1923,83
233,743	1940,83
233,972	1890,83
234,2	2011,83
234,429	1910,83
234,658	2062,83
234,886	1873,83
235,115	1985,83
235,343	2066,83
235,572	1964,83
235,8	2070,83
236,029	2208,83
236,257	1898,83
236,486	2045,83
236,714	2187,83
236,943	2125,83
237,171	2021,83
237,399	2256,83
237,628	2226,83
237,856	2241,83
238,085	1889,83
238,313	1946,83
238,541	2131,83
238,77	2559,83
238,998	2027,83
239,226	2248,83
239,455	2149,83
239,683	2249,83
239,911	2165,83
240,14	2360,83
240,368	2335,83
240,596	2207,83
240,824	2295,83
241,053	2246,83
241,281	2212,83
241,509	2234,83
241,737	2251,83
241,965	2155,83
242,193	2246,83
242,422	2245,83
242,65	2193,83
242,878	2252,83
243,106	2302,83
243,334	2367,83
243,562	2349,83
243,79	2475,83
244,018	2415,83
244,246	2362,83
244,474	2444,83
244,702	2337,83
244,93	2420,83
245,158	2484,83
245,386	2393,83
245,614	2582,83
245,842	2579,83
246,07	2434,83
246,298	2590,83
246,526	2955,83
246,754	2443,83
246,982	2603,83
247,21	2576,83
247,438	2652,83
247,666	2514,83
247,893	2643,83
248,121	2504,83
248,349	2576,83
248,577	2717,83
248,805	2770,83
249,033	2622,83
249,26	2676,83
249,488	2720,83
249,716	2716,83
249,944	2693,83
250,171	2692,83
250,399	2752,83
250,627	2992,83
250,854	2730,83
251,082	2728,83
251,31	2927,83
251,537	2898,83
251,765	3096,83
251,993	2618,83
252,22	3211,83
252,448	2804,83
252,676	3000,83
252,903	2983,83
253,131	3249,83
253,358	2914,83
253,586	2904,83
253,813	2880,83
254,041	3085,83
254,268	3106,83
254,496	2923,83
254,723	3020,83
254,951	3224,83
255,178	3108,83
255,406	3089,83
255,633	3162,83
255,86	3332,83
256,088	3107,83
256,315	3232,83
256,543	3354,83
256,77	3315,83
256,997	2953,83
257,225	3256,83
257,452	3174,83
257,679	3442,83
257,907	3282,83
258,134	3338,83
258,361	3435,83
258,588	3303,83
258,816	3420,83
259,043	3256,83
259,27	3329,83
259,497	3476,83
259,725	3348,83
259,952	3508,83
260,179	3298,83
260,406	3483,83
260,633	3448,83
260,86	3535,83
261,088	3522,83
261,315	3777,83
261,542	3606,83
261,769	3560,83
261,996	3887,83
262,223	3784,83
262,45	3828,83
262,677	3468,83
262,904	3668,83
263,131	3831,83
263,358	3680,83
263,585	3766,83
263,812	4080,83
264,039	3893,83
264,266	3704,83
264,493	3645,83
264,72	3723,83
264,947	3783,83
265,174	3948,83
265,401	3942,83
265,627	4047,83
265,854	3911,83
266,081	3928,83
266,308	3804,83
266,535	3792,83
266,762	3872,83
266,988	3905,83
267,215	3972,83
267,442	3994,83
267,669	4015,83
267,896	3952,83
268,122	4048,83
268,349	4044,83
268,576	3754,83
268,802	3924,83
269,029	3928,83
269,256	4103,83
269,482	3960,83
269,709	3903,83
269,936	4001,83
270,162	4140,83
270,389	3984,83
270,616	4183,83
270,842	4233,83
271,069	4132,83
271,295	4138,83
271,522	4010,83
271,748	4066,83
271,975	4249,83
272,201	4339,83
272,428	4169,83
272,654	4215,83
272,881	4525,83
273,107	4185,83
273,334	4377,83
273,56	4378,83
273,787	4282,83
274,013	4325,83
274,239	4708,83
274,466	4463,83
274,692	4434,83
274,918	4499,83
275,145	4491,83
275,371	4313,83
275,597	4671,83
275,824	4352,83
276,05	4599,83
276,276	4577,83
276,503	4527,83
276,729	4314,83
276,955	4446,83
277,181	4657,83
277,407	4548,83
277,634	4704,83
277,86	4656,83
278,086	4728,83
278,312	4598,83
278,538	4528,83
278,764	4751,83
278,991	4810,83
279,217	4489,83
279,443	4546,83
279,669	4516,83
279,895	4676,83
280,121	4522,83
280,347	4584,83
280,573	4647,83
280,799	4668,83
281,025	4870,83
281,251	4733,83
281,477	4964,83
281,703	4834,83
281,929	4948,83
282,155	4974,83
282,381	5083,83
282,607	5082,83
282,833	5070,83
283,059	5235,83
283,285	5122,83
283,51	5211,83
283,736	5036,83
283,962	5294,83
284,188	5388,83
284,414	5427,83
284,64	5533,83
284,865	5659,83
285,091	5388,83
285,317	5675,83
285,543	5790,83
285,768	5653,83
285,994	5756,83
286,22	6035,83
286,446	5828,83
286,671	5618,83
286,897	5758,83
287,123	5704,83
287,348	5700,83
287,574	6336,83
287,799	5746,83
288,025	5743,83
288,251	5995,83
288,476	5802,83
288,702	5820,83
288,927	5894,83
289,153	5871,83
289,378	6072,83
289,604	5965,83
289,829	6078,83
290,055	5950,83
290,28	6198,83
290,506	6268,83
290,731	6256,83
290,957	6412,83
291,182	6496,83
291,408	6667,83
291,633	6757,83
291,858	6782,83
292,084	6876,83
292,309	6927,83
292,535	7085,83
292,76	7411,83
292,985	7317,83
293,211	7572,83
293,436	7541,83
293,661	7594,83
293,886	7865,83
294,112	8116,83
294,337	8097,83
294,562	8114,83
294,787	8502,83
295,013	8460,83
295,238	8465,83
295,463	8624,83
295,688	8902,83
295,913	8826,83
296,138	8802,83
296,364	8817,83
296,589	8954,83
296,814	8715,83
297,039	8784,83
297,264	8880,83
297,489	8984,83
297,714	9160,83
297,939	8798,83
298,164	9093,83
298,389	9327,83
298,614	9304,83
298,839	9380,83
299,064	9751,83
299,289	9653,83
299,514	9828,83
299,739	9978,83
299,964	9790,83
300,189	9942,83
300,414	10199,83
300,639	10284,83
300,863	10086,83
301,088	10624,83
301,313	10280,83
301,538	10263,83
301,763	10211,83
301,988	10710,83
302,212	10389,83
302,437	10943,83
302,662	10289,83
302,887	10497,83
303,111	10434,83
303,336	10591,83
303,561	10764,83
303,786	10529,83
304,01	10655,83
304,235	10715,83
304,46	10430,83
304,684	10559,83
304,909	10544,83
305,134	10177,83
305,358	10533,83
305,583	10266,83
305,807	10530,83
306,032	10015,83
306,256	10268,83
306,481	10241,83
306,706	10124,83
306,93	10200,83
307,155	10631,83
307,379	10469,83
307,604	10600,83
307,828	10602,83
308,052	10750,83
308,277	10846,83
308,501	11050,83
308,726	10984,83
308,95	10969,83
309,175	10953,83
309,399	11081,83
309,623	10903,83
309,848	10824,83
310,072	10783,83
310,296	11338,83
310,521	11026,83
310,745	11007,83
310,969	11309,83
311,193	11092,83
311,418	10804,83
311,642	10953,83
311,866	11134,83
312,09	11066,83
312,315	11033,83
312,539	11053,83
312,763	10972,83
312,987	10945,83
313,211	11123,83
313,435	11058,83
313,659	11052,83
313,884	11412,83
314,108	11231,83
314,332	11330,83
314,556	11154,83
314,78	11320,83
315,004	11139,83
315,228	11106,83
315,452	11161,83
315,676	11256,83
315,9	11158,83
316,124	10866,83
316,348	10921,83
316,572	10978,83
316,796	11120,83
317,02	10964,83
317,244	11054,83
317,468	10981,83
317,691	11177,83
317,915	10942,83
318,139	10972,83
318,363	11433,83
318,587	10948,83
318,811	10813,83
319,034	10914,83
319,258	11066,83
319,482	11141,83
319,706	10994,83
319,93	10823,83
320,153	10887,83
320,377	10974,83
320,601	10652,83
320,824	10795,83
321,048	11176,83
321,272	10968,83
321,495	11045,83
321,719	11220,83
321,943	10997,83
322,166	11188,83
322,39	10904,83
322,614	11032,83
322,837	11362,83
323,061	11132,83
323,284	11292,83
323,508	11315,83
323,731	10995,83
323,955	11154,83
324,178	11259,83
324,402	11404,83
324,625	11237,83
324,849	11228,83
325,072	11458,83
325,296	11469,83
325,519	11309,83
325,743	11296,83
325,966	11436,83
326,189	11469,83
326,413	11218,83
326,636	11532,83
326,859	11266,83
327,083	11471,83
327,306	10978,83
327,529	10953,83
327,753	10801,83
327,976	11180,83
328,199	11055,83
328,422	11008,83
328,646	11005,83
328,869	10912,83
329,092	11064,83
329,315	11363,83
329,538	11066,83
329,762	11294,83
329,985	11177,83
330,208	11233,83
330,431	11191,83
330,654	11429,83
330,877	11395,83
331,1	11395,83
331,323	11441,83
331,546	11491,83
331,769	11427,83
331,993	11223,83
332,216	11555,83
332,439	11413,83
332,662	11463,83
332,885	11439,83
333,107	11170,83
333,33	11254,83
333,553	11609,83
333,776	11402,83
333,999	11411,83
334,222	11422,83
334,445	11326,83
334,668	11496,83
334,891	11325,83
335,114	11247,83
335,336	11461,83
335,559	11395,83
335,782	11715,83
336,005	11498,83
336,228	11475,83
336,45	11392,83
336,673	11329,83
336,896	11315,83
337,119	11455,83
337,341	11454,83
337,564	11132,83
337,787	11454,83
338,009	11349,83
338,232	11342,83
338,455	11401,83
338,677	11411,83
338,9	11292,83
339,122	11307,83
339,345	11252,83
339,568	11067,83
339,79	11313,83
340,013	11328,83
340,235	11327,83
340,458	11043,83
340,68	11396,83
340,903	11059,83
341,125	11042,83
341,348	11173,83
341,57	10985,83
341,793	11242,83
342,015	10929,83
342,238	10833,83
342,46	11202,83
342,682	11012,83
342,905	10667,83
343,127	10925,83
343,349	10675,83
343,572	10776,83
343,794	10475,83
344,016	10553,83
344,239	10735,83
344,461	10780,83
344,683	10542,83
344,905	10637,83
345,128	10606,83
345,35	10644,83
345,572	10856,83
345,794	11001,83
346,017	10948,83
346,239	10937,83
346,461	10868,83
346,683	10931,83
346,905	11068,83
347,127	11032,83
347,349	11028,83
347,571	11054,83
347,793	11286,83
348,016	11075,83
348,238	10969,83
348,46	10920,83
348,682	10933,83
348,904	11113,83
349,126	10937,83
349,348	10975,83
349,57	10897,83
349,792	10815,83
350,014	10806,83
350,235	11129,83
350,457	11318,83
350,679	10916,83
350,901	10788,83
351,123	10838,83
351,345	10832,83
351,567	10805,83
351,789	10638,83
352,01	10805,83
352,232	10661,83
352,454	10502,83
352,676	10614,83
352,897	10285,83
353,119	10140,83
353,341	10151,83
353,563	9993,83
353,784	9920,83
354,006	10053,83
354,228	9962,83
354,449	10066,83
354,671	10471,83
354,893	10556,83
355,114	10455,83
355,336	10606,83
355,558	10578,83
355,779	10699,83
356,001	10792,83
356,222	10776,83
356,444	10667,83
356,665	11144,83
356,887	10598,83
357,108	10636,83
357,33	10681,83
357,551	10903,83
357,773	10642,83
357,994	10745,83
358,216	10532,83
358,437	10864,83
358,659	10732,83
358,88	10558,83
359,101	10702,83
359,323	10696,83
359,544	10707,83
359,765	10463,83
359,987	10676,83
360,208	10640,83
360,429	10683,83
360,651	10610,83
360,872	10913,83
361,093	10591,83
361,314	10704,83
361,536	10604,83
361,757	10589,83
361,978	10534,83
362,199	10556,83
362,42	10287,83
362,642	10584,83
362,863	10676,83
363,084	10537,83
363,305	10512,83
363,526	10652,83
363,747	10443,83
363,968	10458,83
364,189	10599,83
364,41	10349,83
364,631	10339,83
364,852	10411,83
365,073	10315,83
365,294	10323,83
365,515	10284,83
365,736	10423,83
365,957	10392,83
366,178	10446,83
366,399	10672,83
366,62	10618,83
366,841	10745,83
367,062	10910,83
367,283	10733,83
367,504	10682,83
367,724	10572,83
367,945	10520,83
368,166	10806,83
368,387	10740,83
368,608	10643,83
368,828	10517,83
369,049	10568,83
369,27	10619,83
369,491	10672,83
369,711	10635,83
369,932	10735,83
370,153	10776,83
370,373	10815,83
370,594	10987,83
370,815	10847,83
371,035	10958,83
371,256	10498,83
371,477	10616,83
371,697	10834,83
371,918	10605,83
372,138	10703,83
372,359	10894,83
372,579	10546,83
372,8	10683,83
373,02	10675,83
373,241	10609,83
373,461	10760,83
373,682	10695,83
373,902	10708,83
374,123	10713,83
374,343	10862,83
374,564	10709,83
374,784	10746,83
375,004	10760,83
375,225	10452,83
375,445	10476,83
375,666	10595,83
375,886	10262,83
376,106	10261,83
376,326	10429,83
376,547	10633,83
376,767	10750,83
376,987	10780,83
377,208	10931,83
377,428	11032,83
377,648	11390,83
377,868	11322,83
378,088	11752,83
378,309	11706,83
378,529	11643,83
378,749	11691,83
378,969	11590,83
379,189	11802,83
379,409	11419,83
379,629	11321,83
379,849	11421,83
380,069	11342,83
380,29	11119,83
380,51	11407,83
380,73	11402,83
380,95	11489,83
381,17	11182,83
381,39	11158,83
381,61	10954,83
381,829	11089,83
382,049	11195,83
382,269	11149,83
382,489	11191,83
382,709	11032,83
382,929	10974,83
383,149	10956,83
383,369	11355,83
383,589	10869,83
383,808	11022,83
384,028	10967,83
384,248	11025,83
384,468	11013,83
384,688	11150,83
384,907	11153,83
385,127	11231,83
385,347	11294,83
385,567	11275,83
385,786	11411,83
386,006	11375,83
386,226	11514,83
386,445	11670,83
386,665	11690,83
386,885	11868,83
387,104	12159,83
387,324	12078,83
387,543	12144,83
387,763	12284,83
387,982	12412,83
388,202	12379,83
388,422	12220,83
388,641	12056,83
388,861	12073,83
389,08	12001,83
389,3	11807,83
389,519	11998,83
389,738	11868,83
389,958	11826,83
390,177	12000,83
390,397	12015,83
390,616	12042,83
390,836	12254,83
391,055	12194,83
391,274	12221,83
391,494	12164,83
391,713	12434,83
391,932	12721,83
392,151	12847,83
392,371	13058,83
392,59	12977,83
392,809	13233,83
393,029	12924,83
393,248	12577,83
393,467	11943,83
393,686	11790,83
393,905	12934,83
394,124	11770,83
394,344	11957,83
394,563	12155,83
394,782	11945,83
395,001	12040,83
395,22	12031,83
395,439	12100,83
395,658	12057,83
395,877	12199,83
396,096	12174,83
396,315	12266,83
396,534	12360,83
396,753	12487,83
396,972	12420,83
397,191	12717,83
397,41	12995,83
397,629	13138,83
397,848	13451,83
398,067	13382,83
398,286	13366,83
398,505	13289,83
398,724	13297,83
398,943	13345,83
399,161	12393,83
399,38	12380,83
399,599	12321,83
399,818	12171,83
400,037	12119,83
400,255	12011,83
400,474	11929,83
400,693	11847,83
400,912	12122,83
401,13	11863,83
401,349	11744,83
401,568	11568,83
401,786	11664,83
402,005	11563,83
402,224	11404,83
402,442	11461,83
402,661	11401,83
402,88	11256,83
403,098	11137,83
403,317	11282,83
403,535	11230,83
403,754	11159,83
403,972	11249,83
404,191	11188,83
404,409	11300,83
404,628	12180,83
404,846	11652,83
405,065	11778,83
405,283	11748,83
405,502	11877,83
405,72	11480,83
405,938	11208,83
406,157	10906,83
406,375	10837,83
406,594	10900,83
406,812	10681,83
407,03	10639,83
407,249	10422,83
407,467	10460,83
407,685	10787,83
407,903	10603,83
408,122	11115,83
408,34	10744,83
408,558	11058,83
408,776	10894,83
408,995	10797,83
409,213	10784,83
409,431	10808,83
409,649	10736,83
409,867	10622,83
410,085	10581,83
410,303	10510,83
410,522	10205,83
410,74	10279,83
410,958	10084,83
411,176	10289,83
411,394	10104,83
411,612	10064,83
411,83	10506,83
412,048	10287,83
412,266	10374,83
412,484	10464,83
412,702	10726,83
412,92	10328,83
413,138	10254,83
413,356	10054,83
413,573	10132,83
413,791	10112,83
414,009	9821,83
414,227	9853,83
414,445	9719,83
414,663	9632,83
414,881	9656,83
415,098	9682,83
415,316	9612,83
415,534	9892,83
415,752	9572,83
415,969	9814,83
416,187	9457,83
416,405	9616,83
416,623	9693,83
416,84	9480,83
417,058	9504,83
417,276	9616,83
417,493	9443,83
417,711	9506,83
417,928	9366,83
418,146	9289,83
418,364	9407,83
418,581	9422,83
418,799	9312,83
419,016	9298,83
419,234	9456,83
419,451	9994,83
419,669	9511,83
419,886	9579,83
420,104	9500,83
420,321	9632,83
420,539	9767,83
420,756	10191,83
420,974	10133,83
421,191	10083,83
421,408	10461,83
421,626	10561,83
421,843	10113,83
422,06	10202,83
422,278	9818,83
422,495	9778,83
422,712	9644,83
422,93	9808,83
423,147	9666,83
423,364	9488,83
423,581	9335,83
423,799	9123,83
424,016	9119,83
424,233	9170,83
424,45	9297,83
424,667	9341,83
424,884	9251,83
425,102	9661,83
425,319	8931,83
425,536	8841,83
425,753	8956,83
425,97	8670,83
426,187	8564,83
426,404	8542,83
426,621	9135,83
426,838	9223,83
427,055	9303,83
427,272	9143,83
427,489	9217,83
427,706	9017,83
427,923	8915,83
428,14	8783,83
428,357	9091,83
428,574	8945,83
428,791	9106,83
429,008	9284,83
429,224	9588,83
429,441	9642,83
429,658	10002,83
429,875	10285,83
430,092	10170,83
430,308	9949,83
430,525	9824,83
430,742	9432,83
430,959	9340,83
431,175	8964,83
431,392	8552,83
431,609	8468,83
431,826	8347,83
432,042	7996,83
432,259	7993,83
432,476	8252,83
432,692	8084,83
432,909	8089,83
433,125	8504,83
433,342	8827,83
433,559	9000,83
433,775	8967,83
433,992	8780,83
434,208	8438,83
434,425	8126,83
434,641	8177,83
434,858	8324,83
435,074	8160,83
435,291	7914,83
435,507	8098,83
435,723	8207,83
435,94	8149,83
436,156	8258,83
436,373	8481,83
436,589	8271,83
436,805	8220,83
437,022	8031,83
437,238	7858,83
437,454	7929,83
437,671	8004,83
437,887	8048,83
438,103	7999,83
438,319	8172,83
438,536	8248,83
438,752	8132,83
438,968	8026,83
439,184	7934,83
439,4	7754,83
439,616	7720,83
439,833	8044,83
440,049	7584,83
440,265	7904,83
440,481	7993,83
440,697	8391,83
440,913	8643,83
441,129	8802,83
441,345	8868,83
441,561	8863,83
441,777	8496,83
441,993	8465,83
442,209	8167,83
442,425	8212,83
442,641	8209,83
442,857	8309,83
443,073	8439,83
443,289	8104,83
443,505	8426,83
443,721	8463,83
443,937	8292,83
444,152	8318,83
444,368	8031,83
444,584	8071,83
444,8	8127,83
445,016	8033,83
445,231	7968,83
445,447	8061,83
445,663	7992,83
445,879	7926,83
446,094	8024,83
446,31	8050,83
446,526	8017,83
446,742	7849,83
446,957	7733,83
447,173	7778,83
447,388	7729,83
447,604	7835,83
447,82	7560,83
448,035	7547,83
448,251	7587,83
448,466	7640,83
448,682	7651,83
448,897	7361,83
449,113	7738,83
449,328	7676,83
449,544	7472,83
449,759	7872,83
449,975	7414,83
450,19	7448,83
450,406	7452,83
450,621	7356,83
450,836	7342,83
451,052	7209,83
451,267	7164,83
451,483	7161,83
451,698	6978,83
451,913	7144,83
452,129	7159,83
452,344	7146,83
452,559	7211,83
452,774	6971,83
452,99	6910,83
453,205	6912,83
453,42	7001,83
453,635	6968,83
453,85	6723,83
454,066	6823,83
454,281	6800,83
454,496	6838,83
454,711	6867,83
454,926	7017,83
455,141	6871,83
455,356	6871,83
455,571	6770,83
455,786	6809,83
456,001	6568,83
456,217	6564,83
456,432	6724,83
456,647	6768,83
456,861	6843,83
457,076	6798,83
457,291	7064,83
457,506	6945,83
457,721	6937,83
457,936	7256,83
458,151	7093,83
458,366	7353,83
458,581	7130,83
458,796	7181,83
459,01	7085,83
459,225	7177,83
459,44	7012,83
459,655	6898,83
459,87	6810,83
460,084	6866,83
460,299	6949,83
460,514	6855,83
460,729	7335,83
460,943	6779,83
461,158	6753,83
461,373	6686,83
461,587	6258,83
461,802	6183,83
462,016	6344,83
462,231	6064,83
462,446	6292,83
462,66	6126,83
462,875	6348,83
463,089	6502,83
463,304	6563,83
463,518	6661,83
463,733	6774,83
463,947	6761,83
464,162	6761,83
464,376	6916,83
464,591	7298,83
464,805	6886,83
465,02	7179,83
465,234	7273,83
465,448	7397,83
465,663	7256,83
465,877	7138,83
466,091	6741,83
466,306	6843,83
466,52	6764,83
466,734	6400,83
466,949	6174,83
467,163	6251,83
467,377	6237,83
467,591	6329,83
467,806	6351,83
468,02	6135,83
468,234	6039,83
468,448	6226,83
468,662	6211,83
468,876	6172,83
469,091	5852,83
469,305	5738,83
469,519	5791,83
469,733	5532,83
469,947	5643,83
470,161	5809,83
470,375	5552,83
470,589	5765,83
470,803	5628,83
471,017	5714,83
471,231	5665,83
471,445	5698,83
471,659	5701,83
471,873	5779,83
472,087	5766,83
472,301	6010,83
472,515	5885,83
472,728	5990,83
472,942	6122,83
473,156	6182,83
473,37	6138,83
473,584	6165,83
473,798	6142,83
474,011	5958,83
474,225	6105,83
474,439	6216,83
474,653	6336,83
474,866	6534,83
475,08	6415,83
475,294	6461,83
475,507	6257,83
475,721	6235,83
475,935	6326,83
476,148	6177,83
476,362	6033,83
476,576	6090,83
476,789	6078,83
477,003	6120,83
477,216	6127,83
477,43	6476,83
477,643	6390,83
477,857	6715,83
478,07	6534,83
478,284	6497,83
478,497	6378,83
478,711	6359,83
478,924	6585,83
479,138	6213,83
479,351	6541,83
479,564	6514,83
479,778	6806,83
479,991	6914,83
480,204	6848,83
480,418	6813,83
480,631	6688,83
480,844	6791,83
481,058	6859,83
481,271	7023,83
481,484	7104,83
481,697	6958,83
481,911	7025,83
482,124	6804,83
482,337	6748,83
482,55	6669,83
482,763	6678,83
482,976	6916,83
483,19	6671,83
483,403	6771,83
483,616	6957,83
483,829	7169,83
484,042	7340,83
484,255	7700,83
484,468	7471,83
484,681	7542,83
484,894	7903,83
485,107	11298,83
485,32	18049,83
485,533	22312,83
485,746	20858,83
485,959	18249,83
486,172	15776,83
486,385	12551,83
486,598	10370,83
486,81	8807,83
487,023	7975,83
487,236	7901,83
487,449	7476,83
487,662	7011,83
487,875	6808,83
488,087	6764,83
488,3	6682,83
488,513	6539,83
488,726	6568,83
488,938	6815,83
489,151	6582,83
489,364	6741,83
489,576	6754,83
489,789	6638,83
490,002	6668,83
490,214	6626,83
490,427	6463,83
490,64	6658,83
490,852	6701,83
491,065	6454,83
491,277	6509,83
491,49	6481,83
491,702	6328,83
491,915	6516,83
492,127	6456,83
492,34	6540,83
492,552	6474,83
492,765	6559,83
492,977	6734,83
493,19	6747,83
493,402	6590,83
493,614	6534,83
493,827	6585,83
494,039	6720,83
494,251	6628,83
494,464	6600,83
494,676	6397,83
494,888	6142,83
495,101	5985,83
495,313	6125,83
495,525	6327,83
495,737	6852,83
495,95	6967,83
496,162	7025,83
496,374	6978,83
496,586	6608,83
496,798	6406,83
497,01	6252,83
497,222	5970,83
497,435	6022,83
497,647	5942,83
497,859	5993,83
498,071	6031,83
498,283	6140,83
498,495	6245,83
498,707	6539,83
498,919	6209,83
499,131	6641,83
499,343	6254,83
499,555	6480,83
499,767	6409,83
499,979	6135,83
500,191	6339,83
500,402	6027,83
500,614	6200,83
500,826	6432,83
501,038	6392,83
501,25	6399,83
501,462	6251,83
501,673	6407,83
501,885	6471,83
502,097	6613,83
502,309	6354,83
502,521	6442,83
502,732	6182,83
502,944	6309,83
503,156	6317,83
503,367	6012,83
503,579	5981,83
503,791	5970,83
504,002	5911,83
504,214	6005,83
504,425	6172,83
504,637	6098,83
504,849	6005,83
505,06	5966,83
505,272	6089,83
505,483	5722,83
505,695	5761,83
505,906	5813,83
506,118	5972,83
506,329	5839,83
506,541	5584,83
506,752	5520,83
506,963	5410,83
507,175	5203,83
507,386	5712,83
507,598	5675,83
507,809	5420,83
508,02	5637,83
508,232	5668,83
508,443	5259,83
508,654	5805,83
508,865	5280,83
509,077	5101,83
509,288	5202,83
509,499	5413,83
509,71	5174,83
509,922	5373,83
510,133	5189,83
510,344	5283,83
510,555	5038,83
510,766	5335,83
510,977	5120,83
511,188	5030,83
511,4	5060,83
511,611	4870,83
511,822	4915,83
512,033	4821,83
512,244	4911,83
512,455	4834,83
512,666	4785,83
512,877	4921,83
513,088	4806,83
513,299	4772,83
513,51	4798,83
513,721	4734,83
513,931	4622,83
514,142	4752,83
514,353	4744,83
514,564	4522,83
514,775	4513,83
514,986	4455,83
515,196	4575,83
515,407	4420,83
515,618	4869,83
515,829	4564,83
516,04	4569,83
516,25	4544,83
516,461	4528,83
516,672	4619,83
516,882	4420,83
517,093	4470,83
517,304	4489,83
517,514	4256,83
517,725	4449,83
517,936	4130,83
518,146	4270,83
518,357	4374,83
518,567	4411,83
518,778	4842,83
518,988	4396,83
519,199	4660,83
519,409	4216,83
519,62	4348,83
519,83	4183,83
520,041	4099,83
520,251	4159,83
520,462	4126,83
520,672	4125,83
520,882	4176,83
521,093	4046,83
521,303	4316,83
521,513	4099,83
521,724	5026,83
521,934	3854,83
522,144	3971,83
522,355	4011,83
522,565	4008,83
522,775	3958,83
522,985	3980,83
523,196	3930,83
523,406	3939,83
523,616	4109,83
523,826	3998,83
524,036	4280,83
524,246	3856,83
524,457	3932,83
524,667	3774,83
524,877	3858,83
525,087	3745,83
525,297	4001,83
525,507	3877,83
525,717	3768,83
525,927	3813,83
526,137	3928,83
526,347	3912,83
526,557	3807,83
526,767	3893,83
526,977	4152,83
527,187	3814,83
527,397	3660,83
527,607	3612,83
527,816	3811,83
528,026	3763,83
528,236	4092,83
528,446	4089,83
528,656	4010,83
528,865	4229,83
529,075	3902,83
529,285	3795,83
529,495	3876,83
529,704	3871,83
529,914	3755,83
530,124	3758,83
530,334	3656,83
530,543	3636,83
530,753	3958,83
530,963	4078,83
531,172	3588,83
531,382	3612,83
531,591	3850,83
531,801	3442,83
532,01	3691,83
532,22	3500,83
532,43	3711,83
532,639	4140,83
532,849	3793,83
533,058	3584,83
533,267	4163,83
533,477	3813,83
533,686	3732,83
533,896	3788,83
534,105	3805,83
534,315	3914,83
534,524	3769,83
534,733	3877,83
534,943	3832,83
535,152	3796,83
535,361	3596,83
535,57	3594,83
535,78	3602,83
535,989	3470,83
536,198	3429,83
536,407	3372,83
536,617	3431,83
536,826	3372,83
537,035	3651,83
537,244	3400,83
537,453	3396,83
537,662	3670,83
537,872	3839,83
538,081	3742,83
538,29	3513,83
538,499	3428,83
538,708	3653,83
538,917	3680,83
539,126	3739,83
539,335	3754,83
539,544	4166,83
539,753	3561,83
539,962	3574,83
540,171	3569,83
540,38	3789,83
540,589	3723,83
540,797	3883,83
541,006	3726,83
541,215	3628,83
541,424	3871,83
541,633	3720,83
541,842	3790,83
542,05	4005,83
542,259	3907,83
542,468	3853,83
542,677	3878,83
542,885	3820,83
543,094	3816,83
543,303	3596,83
543,512	3789,83
543,72	4084,83
543,929	3936,83
544,138	3911,83
544,346	3799,83
544,555	3943,83
544,763	4087,83
544,972	3804,83
545,18	3791,83
545,389	3768,83
545,598	3661,83
545,806	3857,83
546,015	3720,83
546,223	3682,83
546,431	3788,83
546,64	3661,83
546,848	3802,83
547,057	3876,83
547,265	4066,83
547,474	4031,83
547,682	4156,83
547,89	4292,83
548,099	4106,83
548,307	3929,83
548,515	4142,83
548,723	3934,83
548,932	3715,83
549,14	3752,83
549,348	3954,83
549,556	3716,83
549,765	3779,83
549,973	3628,83
550,181	3785,83
550,389	3849,83
550,597	3886,83
550,805	3642,83
551,014	3798,83
551,222	6417,83
551,43	3848,83
551,638	4105,83
551,846	4378,83
552,054	4242,83
552,262	4346,83
552,47	3881,83
552,678	3827,83
552,886	3954,83
553,094	3887,83
553,302	4037,83
553,51	4006,83
553,717	4048,83
553,925	3806,83
554,133	3979,83
554,341	3742,83
554,549	3899,83
554,757	3942,83
554,965	4055,83
555,172	4150,83
555,38	4414,83
555,588	4036,83
555,796	4241,83
556,003	4171,83
556,211	3931,83
556,419	3993,83
556,626	3925,83
556,834	3889,83
557,042	3925,83
557,249	3937,83
557,457	4054,83
557,664	3780,83
557,872	3905,83
558,08	3764,83
558,287	3973,83
558,495	3971,83
558,702	3769,83
558,91	3898,83
559,117	4024,83
559,325	4004,83
559,532	4072,83
559,74	4417,83
559,947	4189,83
560,154	4422,83
560,362	4200,83
560,569	4095,83
560,776	4249,83
560,984	4590,83
561,191	4436,83
561,398	4264,83
561,606	4595,83
561,813	4306,83
562,02	4048,83
562,227	4041,83
562,435	4301,83
562,642	4424,83
562,849	4420,83
563,056	4405,83
563,263	4406,83
563,471	4685,83
563,678	4577,83
563,885	4612,83
564,092	4712,83
564,299	4573,83
564,506	4586,83
564,713	4596,83
564,92	4752,83
565,127	4835,83
565,334	4692,83
565,541	5152,83
565,748	4904,83
565,955	4786,83
566,162	4973,83
566,369	5042,83
566,576	5268,83
566,783	5367,83
566,99	5326,83
567,196	5706,83
567,403	5519,83
567,61	5541,83
567,817	5433,83
568,024	5747,83
568,23	5943,83
568,437	5866,83
568,644	6024,83
568,851	6276,83
569,057	6694,83
569,264	6809,83
569,471	7035,83
569,677	6938,83
569,884	6966,83
570,091	6971,83
570,297	7953,83
570,504	7435,83
570,71	7497,83
570,917	7614,83
571,123	7464,83
571,33	7451,83
571,536	7739,83
571,743	7980,83
571,949	7500,83
572,156	7082,83
572,362	7146,83
572,569	7169,83
572,775	7640,83
572,982	8191,83
573,188	8293,83
573,394	8042,83
573,601	8222,83
573,807	8387,83
574,013	8791,83
574,22	8568,83
574,426	8334,83
574,632	8649,83
574,838	8562,83
575,045	8345,83
575,251	7986,83
575,457	8036,83
575,663	8148,83
575,869	8205,83
576,076	8546,83
576,282	8910,83
576,488	9047,83
576,694	8962,83
576,9	8617,83
577,106	9355,83
577,312	9956,83
577,518	10492,83
577,724	10145,83
577,93	9764,83
578,136	9183,83
578,342	9209,83
578,548	8954,83
578,754	8448,83
578,96	8698,83
579,166	9023,83
579,372	9552,83
579,578	9484,83
579,784	9510,83
579,989	9479,83
580,195	9573,83
580,401	9337,83
580,607	9435,83
580,813	10374,83
581,018	11574,83
581,224	12098,83
581,43	11487,83
581,636	11166,83
581,841	11020,83
582,047	10596,83
582,253	10132,83
582,458	9570,83
582,664	9298,83
582,869	9046,83
583,075	8839,83
583,281	9118,83
583,486	8924,83
583,692	9198,83
583,897	9520,83
584,103	9497,83
584,308	9588,83
584,514	9930,83
584,719	10368,83
584,925	10148,83
585,13	9769,83
585,335	9847,83
585,541	9707,83
585,746	9437,83
585,952	9080,83
586,157	8969,83
586,362	8840,83
586,568	9219,83
586,773	9449,83
586,978	9550,83
587,183	9541,83
587,389	9493,83
587,594	9278,83
587,799	9083,83
588,004	8983,83
588,21	9127,83
588,415	8697,83
588,62	8644,83
588,825	8476,83
589,03	8261,83
589,235	8884,83
589,44	8587,83
589,645	8331,83
589,85	8407,83
590,055	8455,83
590,26	8186,83
590,465	8140,83
590,67	8071,83
590,875	8140,83
591,08	8146,83
591,285	7918,83
591,49	8009,83
591,695	7891,83
591,9	7700,83
592,105	7916,83
592,31	8255,83
592,515	8760,83
592,719	8209,83
592,924	7993,83
593,129	7860,83
593,334	7972,83
593,539	7871,83
593,743	7742,83
593,948	7413,83
594,153	7257,83
594,357	7665,83
594,562	7600,83
594,767	8033,83
594,971	7302,83
595,176	7327,83
595,381	7558,83
595,585	7137,83
595,79	7233,83
595,994	6852,83
596,199	7201,83
596,403	6524,83
596,608	6720,83
596,812	6895,83
597,017	6929,83
597,221	7082,83
597,426	6930,83
597,63	6725,83
597,835	6625,83
598,039	6620,83
598,243	6549,83
598,448	6999,83
598,652	6903,83
598,856	6700,83
599,061	6578,83
599,265	6362,83
599,469	6376,83
599,673	6508,83
599,878	6531,83
600,082	6291,83
600,286	6237,83
600,49	6253,83
600,695	6036,83
600,899	6167,83
601,103	6145,83
601,307	6106,83
601,511	5938,83
601,715	5894,83
601,919	5686,83
602,123	5886,83
602,327	5805,83
602,531	5934,83
602,735	5965,83
602,939	6039,83
603,143	5778,83
603,347	5771,83
603,551	5644,83
603,755	5591,83
603,959	5305,83
604,163	5560,83
604,367	5381,83
604,571	5362,83
604,775	5453,83
604,978	5464,83
605,182	5287,83
605,386	5365,83
605,59	5408,83
605,793	5285,83
605,997	5307,83
606,201	5206,83
606,405	5141,83
606,608	5179,83
606,812	5011,83
607,016	5236,83
607,219	4998,83
607,423	4930,83
607,627	5098,83
607,83	4868,83
608,034	4736,83
608,237	4792,83
608,441	4671,83
608,644	4835,83
608,848	4802,83
609,051	4677,83
609,255	4589,83
609,458	4892,83
609,662	4674,83
609,865	4667,83
610,069	4341,83
610,272	4332,83
610,475	4372,83
610,679	4620,83
610,882	4416,83
611,085	4403,83
611,289	4498,83
611,492	4347,83
611,695	4068,83
611,898	4042,83
612,102	4327,83
612,305	4271,83
612,508	4155,83
612,711	4392,83
612,914	4124,83
613,118	4102,83
613,321	4196,83
613,524	4049,83
613,727	4100,83
613,93	3910,83
614,133	4100,83
614,336	3999,83
614,539	3987,83
614,742	3794,83
614,945	3928,83
615,148	4072,83
615,351	4008,83
615,554	4035,83
615,757	3809,83
615,96	3867,83
616,163	3762,83
616,366	3880,83
616,569	3712,83
616,772	3879,83
616,974	3747,83
617,177	3888,83
617,38	3701,83
617,583	3768,83
617,786	3572,83
617,988	3498,83
618,191	3725,83
618,394	3338,83
618,596	3435,83
618,799	3499,83
619,002	3535,83
619,204	3362,83
619,407	3500,83
619,61	3413,83
619,812	3453,83
620,015	3501,83
620,217	3556,83
620,42	3410,83
620,623	3296,83
620,825	3133,83
621,028	3634,83
621,23	3495,83
621,432	3497,83
621,635	3582,83
621,837	3399,83
622,04	3191,83
622,242	3390,83
622,445	3415,83
622,647	3499,83
622,849	3554,83
623,052	3217,83
623,254	3491,83
623,456	3265,83
623,658	3467,83
623,861	3425,83
624,063	3296,83
624,265	3225,83
624,467	3424,83
624,67	3073,83
624,872	3208,83
625,074	3326,83
625,276	3273,83
625,478	3188,83
625,68	2964,83
625,882	2878,83
626,084	3104,83
626,287	3209,83
626,489	3103,83
626,691	3040,83
626,893	3199,83
627,095	2939,83
627,297	2997,83
627,499	3190,83
627,7	2634,83
627,902	2649,83
628,104	2592,83
628,306	2742,83
628,508	2546,83
628,71	2753,83
628,912	2863,83
629,114	3057,83
629,315	2749,83
629,517	2677,83
629,719	2615,83
629,921	2729,83
630,122	2679,83
630,324	2607,83
630,526	2804,83
630,728	2703,83
630,929	2563,83
631,131	2512,83
631,332	2760,83
631,534	2698,83
631,736	2673,83
631,937	2454,83
632,139	2538,83
632,34	2548,83
632,542	2523,83
632,743	2610,83
632,945	2340,83
633,146	2527,83
633,348	2554,83
633,549	2435,83
633,751	2388,83
633,952	2382,83
634,154	2311,83
634,355	2239,83
634,556	2407,83
634,758	2275,83
634,959	2302,83
635,16	2272,83
635,362	2308,83
635,563	2322,83
635,764	2254,83
635,965	2191,83
636,167	2151,83
636,368	2171,83
636,569	2137,83
636,77	2286,83
636,971	2147,83
637,172	2255,83
637,374	2059,83
637,575	2313,83
637,776	2204,83
637,977	2054,83
638,178	2162,83
638,379	2086,83
638,58	2129,83
638,781	1893,83
638,982	2129,83
639,183	2044,83
639,384	1938,83
639,585	1992,83
639,786	1826,83
639,987	1947,83
640,187	2167,83
640,388	2076,83
640,589	1868,83
640,79	1971,83
640,991	2084,83
641,192	2100,83
641,392	1860,83
641,593	1854,83
641,794	1797,83
641,995	1830,83
642,195	1671,83
642,396	1775,83
642,597	1755,83
642,797	1854,83
642,998	1923,83
643,199	1812,83
643,399	1874,83
643,6	1948,83
643,8	1692,83
644,001	1787,83
644,202	1850,83
644,402	1897,83
644,603	1865,83
644,803	1676,83
645,004	1847,83
645,204	1431,83
645,404	1837,83
645,605	2036,83
645,805	1611,83
646,006	1702,83
646,206	2030,83
646,406	1663,83
646,607	1402,83
646,807	1444,83
647,007	-50,17
647,208	-37,17
647,408	36,83
647,608	-5,17
