200,697	927,5
200,927	-12,5
201,158	-0,5
201,388	5,5
201,618	1620,5
201,849	1489,5
202,079	1717,5
202,309	1619,5
202,539	1766,5
202,77	1622,5
203	1740,5
203,23	1708,5
203,46	1688,5
203,691	1824,5
203,921	1771,5
204,151	1722,5
204,381	1655,5
204,611	1781,5
204,841	1676,5
205,071	1649,5
205,302	1837,5
205,532	1817,5
205,762	3854,5
205,992	1650,5
206,222	1701,5
206,452	1703,5
206,682	1688,5
206,912	1802,5
207,142	1820,5
207,372	1755,5
207,602	1640,5
207,832	1726,5
208,062	1846,5
208,292	1776,5
208,522	1571,5
208,752	1736,5
208,982	1662,5
209,212	1877,5
209,442	1695,5
209,672	1677,5
209,902	1665,5
210,131	1866,5
210,361	1670,5
210,591	1712,5
210,821	1675,5
211,051	1905,5
211,281	1768,5
211,51	1783,5
211,74	1851,5
211,97	1689,5
212,2	1767,5
212,429	2057,5
212,659	1805,5
212,889	1793,5
213,119	1677,5
213,348	1683,5
213,578	1893,5
213,808	1871,5
214,037	1873,5
214,267	1796,5
214,497	1789,5
214,726	1675,5
214,956	1692,5
215,186	1759,5
215,415	1816,5
215,645	1777,5
215,874	1873,5
216,104	1686,5
216,333	1783,5
216,563	1817,5
216,792	1780,5
217,022	1907,5
217,251	1815,5
217,481	1691,5
217,71	1820,5
217,94	1764,5
218,169	1850,5
218,399	1872,5
218,628	1769,5
218,858	1887,5
219,087	1867,5
219,316	1864,5
219,546	1791,5
219,775	1821,5
220,004	1957,5
220,234	1749,5
220,463	1852,5
220,692	1820,5
220,922	1772,5
221,151	1854,5
221,38	1797,5
221,61	2241,5
221,839	2059,5
222,068	1775,5
222,297	1942,5
222,526	1897,5
222,756	1926,5
222,985	1942,5
223,214	1841,5
223,443	1846,5
223,672	2325,5
223,902	1765,5
224,131	1893,5
224,36	1982,5
224,589	1787,5
224,818	1874,5
225,047	1981,5
225,276	1852,5
225,505	2110,5
225,734	1951,5
225,963	1802,5
226,192	1872,5
226,421	1857,5
226,65	1947,5
226,879	1971,5
227,108	2049,5
227,337	2025,5
227,566	2135,5
227,795	1929,5
228,024	1949,5
228,253	1919,5
228,482	1757,5
228,711	1977,5
228,94	1856,5
229,168	1952,5
229,397	1938,5
229,626	2003,5
229,855	1876,5
230,084	1838,5
230,313	1820,5
230,541	2138,5
230,77	1944,5
230,999	1859,5
231,228	2272,5
231,456	2063,5
231,685	1955,5
231,914	2101,5
232,143	1986,5
232,371	2012,5
232,6	2001,5
232,829	2014,5
233,057	2087,5
233,286	2037,5
233,515	2042,5
233,743	2051,5
233,972	1921,5
234,2	2080,5
234,429	1970,5
234,658	2131,5
234,886	1884,5
235,115	2047,5
235,343	2122,5
235,572	1985,5
235,8	2151,5
236,029	2353,5
236,257	1985,5
236,486	2150,5
236,714	2154,5
236,943	2145,5
237,171	2053,5
237,399	2072,5
237,628	2172,5
237,856	2217,5
238,085	2133,5
238,313	2000,5
238,541	2131,5
238,77	2482,5
238,998	2036,5
239,226	2137,5
239,455	2143,5
239,683	2201,5
239,911	2062,5
240,14	2261,5
240,368	2265,5
240,596	2142,5
240,824	2194,5
241,053	2170,5
241,281	2109,5
241,509	2162,5
241,737	2133,5
241,965	2092,5
242,193	2102,5
242,422	2075,5
242,65	2122,5
242,878	2097,5
243,106	2176,5
243,334	2150,5
243,562	2248,5
243,79	2249,5
244,018	2233,5
244,246	2205,5
244,474	2175,5
244,702	2093,5
244,93	2242,5
245,158	2194,5
245,386	2130,5
245,614	2227,5
245,842	2318,5
246,07	2141,5
246,298	2353,5
246,526	2681,5
246,754	2129,5
246,982	2194,5
247,21	2298,5
247,438	2193,5
247,666	2189,5
247,893	2199,5
248,121	2225,5
248,349	2121,5
248,577	2285,5
248,805	2356,5
249,033	2203,5
249,26	2292,5
249,488	2202,5
249,716	2294,5
249,944	2282,5
250,171	2177,5
250,399	2233,5
250,627	2390,5
250,854	2321,5
251,082	2203,5
251,31	2343,5
251,537	2260,5
251,765	2482,5
251,993	2182,5
252,22	2582,5
252,448	2176,5
252,676	2335,5
252,903	2325,5
253,131	2660,5
253,358	2220,5
253,586	2117,5
253,813	2137,5
254,041	2342,5
254,268	2263,5
254,496	2118,5
254,723	2235,5
254,951	2291,5
255,178	2335,5
255,406	2261,5
255,633	2335,5
255,86	2482,5
256,088	2285,5
256,315	2239,5
256,543	2434,5
256,77	2295,5
256,997	2292,5
257,225	2340,5
257,452	2206,5
257,679	2253,5
257,907	2416,5
258,134	2247,5
258,361	2406,5
258,588	2287,5
258,816	2362,5
259,043	2199,5
259,27	2328,5
259,497	2362,5
259,725	2206,5
259,952	2250,5
260,179	2180,5
260,406	2317,5
260,633	2232,5
260,86	2303,5
261,088	2243,5
261,315	2511,5
261,542	2239,5
261,769	2230,5
261,996	2610,5
262,223	2482,5
262,45	2528,5
262,677	2149,5
262,904	2254,5
263,131	2383,5
263,358	2316,5
263,585	2338,5
263,812	2623,5
264,039	2506,5
264,266	2250,5
264,493	2297,5
264,72	2234,5
264,947	2307,5
265,174	2533,5
265,401	2410,5
265,627	2444,5
265,854	2359,5
266,081	2382,5
266,308	2317,5
266,535	2316,5
266,762	2241,5
266,988	2321,5
267,215	2355,5
267,442	2332,5
267,669	2465,5
267,896	2370,5
268,122	2470,5
268,349	2365,5
268,576	2174,5
268,802	2308,5
269,029	2266,5
269,256	2385,5
269,482	2276,5
269,709	2272,5
269,936	2298,5
270,162	2502,5
270,389	2278,5
270,616	2353,5
270,842	2477,5
271,069	2393,5
271,295	2349,5
271,522	2247,5
271,748	2300,5
271,975	2406,5
272,201	2477,5
272,428	2332,5
272,654	2292,5
272,881	2605,5
273,107	2239,5
273,334	2325,5
273,56	2445,5
273,787	2298,5
274,013	2373,5
274,239	2641,5
274,466	2385,5
274,692	2360,5
274,918	2451,5
275,145	2388,5
275,371	2358,5
275,597	2506,5
275,824	2465,5
276,05	2401,5
276,276	2457,5
276,503	2317,5
276,729	2398,5
276,955	2308,5
277,181	2386,5
277,407	2313,5
277,634	2505,5
277,86	2475,5
278,086	2508,5
278,312	2383,5
278,538	2328,5
278,764	2403,5
278,991	2511,5
279,217	2324,5
279,443	2322,5
279,669	2319,5
279,895	2506,5
280,121	2339,5
280,347	2401,5
280,573	2370,5
280,799	2305,5
281,025	2570,5
281,251	2334,5
281,477	2584,5
281,703	2340,5
281,929	2392,5
282,155	2355,5
282,381	2494,5
282,607	2432,5
282,833	2445,5
283,059	2481,5
283,285	2390,5
283,51	2414,5
283,736	2322,5
283,962	2474,5
284,188	2537,5
284,414	2413,5
284,64	2501,5
284,865	2532,5
285,091	2477,5
285,317	2601,5
285,543	2601,5
285,768	2524,5
285,994	2536,5
286,22	2750,5
286,446	2609,5
286,671	2378,5
286,897	2517,5
287,123	2420,5
287,348	2446,5
287,574	3023,5
287,799	2552,5
288,025	2464,5
288,251	2764,5
288,476	2519,5
288,702	2572,5
288,927	2528,5
289,153	2467,5
289,378	2687,5
289,604	2604,5
289,829	2538,5
290,055	2489,5
290,28	2584,5
290,506	2650,5
290,731	2512,5
290,957	2656,5
291,182	2662,5
291,408	2731,5
291,633	2679,5
291,858	2577,5
292,084	2593,5
292,309	2480,5
292,535	2566,5
292,76	2666,5
292,985	2593,5
293,211	2531,5
293,436	2419,5
293,661	2413,5
293,886	2514,5
294,112	2572,5
294,337	2591,5
294,562	2417,5
294,787	2645,5
295,013	2556,5
295,238	2522,5
295,463	2661,5
295,688	2791,5
295,913	2592,5
296,138	2639,5
296,364	2493,5
296,589	2635,5
296,814	2450,5
297,039	2501,5
297,264	2636,5
297,489	2541,5
297,714	2579,5
297,939	2508,5
298,164	2520,5
298,389	2609,5
298,614	2513,5
298,839	2559,5
299,064	2679,5
299,289	2616,5
299,514	2700,5
299,739	2665,5
299,964	2561,5
300,189	2585,5
300,414	2637,5
300,639	2785,5
300,863	2548,5
301,088	3039,5
301,313	2617,5
301,538	2558,5
301,763	2581,5
301,988	2677,5
302,212	2708,5
302,437	3075,5
302,662	2532,5
302,887	2610,5
303,111	2636,5
303,336	2721,5
303,561	2709,5
303,786	2583,5
304,01	2757,5
304,235	2758,5
304,46	2529,5
304,684	2637,5
304,909	2663,5
305,134	2574,5
305,358	2669,5
305,583	2674,5
305,807	2861,5
306,032	2436,5
306,256	2614,5
306,481	2614,5
306,706	2590,5
306,93	2496,5
307,155	2848,5
307,379	2627,5
307,604	2671,5
307,828	2573,5
308,052	2830,5
308,277	2666,5
308,501	2642,5
308,726	2801,5
308,95	2717,5
309,175	2579,5
309,399	2748,5
309,623	2638,5
309,848	2566,5
310,072	2505,5
310,296	3003,5
310,521	2640,5
310,745	2539,5
310,969	2899,5
311,193	2780,5
311,418	2651,5
311,642	2593,5
311,866	2647,5
312,09	2676,5
312,315	2661,5
312,539	2681,5
312,763	2621,5
312,987	2810,5
313,211	2645,5
313,435	2775,5
313,659	2684,5
313,884	2889,5
314,108	2757,5
314,332	2753,5
314,556	2567,5
314,78	2887,5
315,004	2676,5
315,228	2797,5
315,452	2689,5
315,676	2725,5
315,9	2688,5
316,124	2405,5
316,348	2638,5
316,572	2724,5
316,796	2662,5
317,02	2584,5
317,244	2714,5
317,468	2474,5
317,691	2845,5
317,915	2681,5
318,139	2565,5
318,363	3042,5
318,587	2603,5
318,811	2557,5
319,034	2480,5
319,258	2779,5
319,482	2835,5
319,706	2638,5
319,93	2586,5
320,153	2588,5
320,377	2665,5
320,601	2501,5
320,824	2446,5
321,048	2764,5
321,272	2758,5
321,495	2601,5
321,719	2625,5
321,943	2612,5
322,166	2611,5
322,39	2623,5
322,614	2705,5
322,837	2692,5
323,061	2511,5
323,284	2691,5
323,508	2686,5
323,731	2585,5
323,955	2609,5
324,178	2601,5
324,402	2703,5
324,625	2611,5
324,849	2498,5
325,072	2647,5
325,296	2659,5
325,519	2540,5
325,743	2579,5
325,966	2763,5
326,189	2750,5
326,413	2610,5
326,636	2923,5
326,859	2690,5
327,083	2961,5
327,306	2463,5
327,529	2545,5
327,753	2459,5
327,976	2705,5
328,199	2665,5
328,422	2598,5
328,646	2616,5
328,869	2466,5
329,092	2647,5
329,315	2795,5
329,538	2508,5
329,762	2663,5
329,985	2525,5
330,208	2531,5
330,431	2669,5
330,654	2722,5
330,877	2608,5
331,1	2708,5
331,323	2558,5
331,546	2765,5
331,769	2675,5
331,993	2448,5
332,216	2589,5
332,439	2613,5
332,662	2677,5
332,885	2606,5
333,107	2467,5
333,33	2489,5
333,553	2702,5
333,776	2519,5
333,999	2609,5
334,222	2487,5
334,445	2579,5
334,668	2570,5
334,891	2655,5
335,114	2396,5
335,336	2577,5
335,559	2619,5
335,782	2880,5
336,005	2538,5
336,228	2526,5
336,45	2495,5
336,673	2500,5
336,896	2601,5
337,119	2583,5
337,341	2537,5
337,564	2571,5
337,787	2663,5
338,009	2519,5
338,232	2688,5
338,455	2703,5
338,677	2618,5
338,9	2528,5
339,122	2669,5
339,345	2389,5
339,568	2480,5
339,79	2550,5
340,013	2644,5
340,235	2654,5
340,458	2488,5
340,68	2666,5
340,903	2483,5
341,125	2497,5
341,348	2534,5
341,57	2454,5
341,793	2755,5
342,015	2377,5
342,238	2518,5
342,46	2586,5
342,682	2727,5
342,905	2441,5
343,127	2565,5
343,349	2535,5
343,572	2632,5
343,794	2418,5
344,016	2518,5
344,239	2543,5
344,461	2428,5
344,683	2513,5
344,905	2457,5
345,128	2420,5
345,35	2520,5
345,572	2665,5
345,794	2719,5
346,017	2559,5
346,239	2541,5
346,461	2470,5
346,683	2528,5
346,905	2573,5
347,127	2585,5
347,349	2522,5
347,571	2580,5
347,793	2722,5
348,016	2571,5
348,238	2627,5
348,46	2538,5
348,682	2516,5
348,904	2640,5
349,126	2561,5
349,348	2617,5
349,57	2485,5
349,792	2544,5
350,014	2617,5
350,235	2617,5
350,457	2776,5
350,679	2638,5
350,901	2403,5
351,123	2494,5
351,345	2531,5
351,567	2633,5
351,789	2548,5
352,01	2628,5
352,232	2540,5
352,454	2454,5
352,676	2632,5
352,897	2529,5
353,119	2476,5
353,341	2573,5
353,563	2472,5
353,784	2438,5
354,006	2545,5
354,228	2495,5
354,449	2480,5
354,671	2685,5
354,893	2692,5
355,114	2570,5
355,336	2565,5
355,558	2613,5
355,779	2470,5
356,001	2627,5
356,222	2578,5
356,444	2490,5
356,665	3084,5
356,887	2522,5
357,108	2504,5
357,33	2505,5
357,551	2683,5
357,773	2554,5
357,994	2550,5
358,216	2462,5
358,437	2729,5
358,659	2663,5
358,88	2502,5
359,101	2601,5
359,323	2608,5
359,544	2541,5
359,765	2468,5
359,987	2604,5
360,208	2547,5
360,429	2579,5
360,651	2536,5
360,872	2810,5
361,093	2580,5
361,314	2582,5
361,536	2605,5
361,757	2538,5
361,978	2533,5
362,199	2464,5
362,42	2427,5
362,642	2546,5
362,863	2705,5
363,084	2631,5
363,305	2603,5
363,526	2558,5
363,747	2468,5
363,968	2556,5
364,189	2750,5
364,41	2554,5
364,631	2436,5
364,852	2690,5
365,073	2604,5
365,294	2577,5
365,515	2466,5
365,736	2614,5
365,957	2598,5
366,178	2604,5
366,399	2619,5
366,62	2738,5
366,841	2696,5
367,062	2625,5
367,283	2607,5
367,504	2651,5
367,724	2469,5
367,945	2499,5
368,166	2726,5
368,387	2646,5
368,608	2569,5
368,828	2737,5
369,049	2524,5
369,27	2588,5
369,491	2618,5
369,711	2737,5
369,932	2770,5
370,153	2763,5
370,373	2733,5
370,594	2814,5
370,815	2705,5
371,035	2847,5
371,256	2492,5
371,477	2586,5
371,697	2619,5
371,918	2518,5
372,138	2758,5
372,359	2851,5
372,579	2570,5
372,8	2672,5
373,02	2737,5
373,241	2695,5
373,461	2783,5
373,682	2681,5
373,902	2638,5
374,123	2632,5
374,343	2838,5
374,564	2690,5
374,784	2649,5
375,004	2777,5
375,225	2619,5
375,445	2725,5
375,666	2941,5
375,886	2615,5
376,106	2659,5
376,326	2674,5
376,547	2910,5
376,767	2853,5
376,987	2673,5
377,208	2790,5
377,428	2689,5
377,648	2873,5
377,868	2823,5
378,088	3033,5
378,309	2998,5
378,529	2997,5
378,749	2946,5
378,969	2823,5
379,189	2937,5
379,409	2935,5
379,629	2812,5
379,849	2876,5
380,069	2828,5
380,29	2816,5
380,51	2865,5
380,73	2995,5
380,95	3116,5
381,17	2959,5
381,39	2950,5
381,61	2828,5
381,829	2869,5
382,049	2889,5
382,269	2838,5
382,489	2974,5
382,709	2924,5
382,929	3026,5
383,149	2956,5
383,369	3284,5
383,589	2863,5
383,808	3031,5
384,028	2984,5
384,248	3022,5
384,468	3002,5
384,688	3031,5
384,907	3017,5
385,127	3042,5
385,347	3145,5
385,567	3039,5
385,786	3209,5
386,006	3117,5
386,226	3145,5
386,445	3116,5
386,665	3186,5
386,885	3279,5
387,104	3218,5
387,324	3281,5
387,543	3253,5
387,763	3299,5
387,982	3480,5
388,202	3429,5
388,422	3399,5
388,641	3405,5
388,861	3437,5
389,08	3515,5
389,3	3364,5
389,519	3606,5
389,738	3457,5
389,958	3525,5
390,177	3428,5
390,397	3615,5
390,616	3629,5
390,836	3709,5
391,055	3597,5
391,274	3799,5
391,494	3633,5
391,713	3682,5
391,932	3828,5
392,151	3869,5
392,371	3932,5
392,59	3985,5
392,809	4078,5
393,029	4035,5
393,248	4066,5
393,467	3741,5
393,686	3842,5
393,905	5057,5
394,124	3869,5
394,344	3979,5
394,563	4138,5
394,782	4001,5
395,001	4081,5
395,22	3942,5
395,439	4187,5
395,658	4128,5
395,877	4337,5
396,096	4129,5
396,315	4395,5
396,534	4270,5
396,753	4484,5
396,972	4359,5
397,191	4577,5
397,41	4606,5
397,629	4721,5
397,848	4697,5
398,067	4913,5
398,286	4844,5
398,505	4880,5
398,724	5034,5
398,943	5490,5
399,161	4671,5
399,38	4874,5
399,599	4866,5
399,818	4757,5
400,037	4945,5
400,255	4830,5
400,474	4888,5
400,693	4953,5
400,912	5017,5
401,13	4906,5
401,349	4916,5
401,568	4750,5
401,786	5100,5
402,005	5047,5
402,224	4987,5
402,442	5043,5
402,661	5010,5
402,88	4955,5
403,098	4919,5
403,317	5101,5
403,535	5105,5
403,754	4987,5
403,972	5209,5
404,191	5102,5
404,409	5245,5
404,628	6056,5
404,846	5464,5
405,065	5521,5
405,283	5524,5
405,502	5541,5
405,72	5536,5
405,938	5386,5
406,157	5339,5
406,375	5367,5
406,594	5512,5
406,812	5412,5
407,03	5374,5
407,249	5123,5
407,467	5461,5
407,685	5618,5
407,903	5445,5
408,122	5946,5
408,34	5830,5
408,558	5818,5
408,776	5633,5
408,995	5742,5
409,213	5703,5
409,431	5871,5
409,649	5850,5
409,867	5695,5
410,085	5740,5
410,303	5762,5
410,522	5555,5
410,74	5616,5
410,958	5562,5
411,176	5699,5
411,394	5675,5
411,612	5701,5
411,83	5956,5
412,048	5923,5
412,266	5912,5
412,484	5969,5
412,702	6177,5
412,92	5867,5
413,138	6048,5
413,356	5911,5
413,573	5979,5
413,791	6164,5
414,009	5790,5
414,227	5969,5
414,445	5718,5
414,663	5736,5
414,881	5742,5
415,098	5713,5
415,316	5809,5
415,534	6172,5
415,752	5771,5
415,969	5974,5
416,187	5674,5
416,405	5810,5
416,623	6008,5
416,84	5707,5
417,058	5813,5
417,276	5981,5
417,493	5837,5
417,711	5825,5
417,928	5843,5
418,146	5801,5
418,364	5914,5
418,581	5847,5
418,799	5686,5
419,016	5827,5
419,234	5859,5
419,451	6433,5
419,669	5885,5
419,886	5900,5
420,104	6019,5
420,321	6046,5
420,539	6186,5
420,756	6455,5
420,974	6426,5
421,191	6441,5
421,408	6647,5
421,626	6675,5
421,843	6497,5
422,06	6389,5
422,278	6125,5
422,495	6281,5
422,712	6270,5
422,93	6227,5
423,147	6264,5
423,364	6109,5
423,581	6270,5
423,799	5982,5
424,016	5955,5
424,233	6081,5
424,45	6059,5
424,667	6146,5
424,884	6055,5
425,102	6226,5
425,319	5862,5
425,536	5898,5
425,753	6042,5
425,97	5823,5
426,187	5757,5
426,404	5824,5
426,621	6120,5
426,838	6247,5
427,055	6228,5
427,272	6216,5
427,489	6176,5
427,706	5992,5
427,923	5941,5
428,14	5963,5
428,357	6269,5
428,574	6125,5
428,791	6203,5
429,008	6246,5
429,224	6394,5
429,441	6517,5
429,658	6809,5
429,875	7030,5
430,092	6848,5
430,308	6838,5
430,525	6696,5
430,742	6469,5
430,959	6418,5
431,175	6123,5
431,392	5919,5
431,609	5840,5
431,826	5865,5
432,042	5551,5
432,259	5610,5
432,476	6065,5
432,692	5596,5
432,909	5737,5
433,125	6122,5
433,342	6331,5
433,559	6346,5
433,775	6230,5
433,992	6037,5
434,208	5749,5
434,425	5762,5
434,641	5930,5
434,858	6083,5
435,074	5909,5
435,291	5916,5
435,507	5774,5
435,723	5918,5
435,94	5974,5
436,156	5978,5
436,373	6201,5
436,589	6028,5
436,805	5984,5
437,022	5812,5
437,238	5762,5
437,454	5840,5
437,671	5742,5
437,887	5918,5
438,103	5895,5
438,319	5881,5
438,536	6053,5
438,752	5965,5
438,968	5880,5
439,184	5868,5
439,4	5737,5
439,616	5586,5
439,833	5832,5
440,049	5653,5
440,265	5928,5
440,481	5900,5
440,697	6147,5
440,913	6448,5
441,129	6518,5
441,345	6577,5
441,561	6435,5
441,777	6258,5
441,993	6223,5
442,209	5961,5
442,425	6198,5
442,641	6001,5
442,857	6282,5
443,073	6211,5
443,289	6247,5
443,505	6302,5
443,721	6286,5
443,937	6231,5
444,152	5941,5
444,368	6052,5
444,584	5925,5
444,8	6125,5
445,016	5904,5
445,231	5802,5
445,447	6141,5
445,663	5973,5
445,879	5878,5
446,094	6133,5
446,31	6141,5
446,526	5931,5
446,742	5879,5
446,957	5814,5
447,173	5873,5
447,388	5818,5
447,604	5877,5
447,82	5740,5
448,035	5747,5
448,251	5706,5
448,466	5857,5
448,682	5659,5
448,897	5667,5
449,113	5828,5
449,328	5891,5
449,544	5538,5
449,759	6043,5
449,975	5604,5
450,19	5567,5
450,406	5619,5
450,621	5476,5
450,836	5497,5
451,052	5570,5
451,267	5365,5
451,483	5472,5
451,698	5255,5
451,913	5554,5
452,129	5497,5
452,344	5260,5
452,559	5579,5
452,774	5342,5
452,99	5225,5
453,205	5375,5
453,42	5366,5
453,635	5323,5
453,85	5076,5
454,066	5268,5
454,281	5184,5
454,496	5311,5
454,711	5366,5
454,926	5524,5
455,141	5320,5
455,356	5225,5
455,571	5165,5
455,786	5196,5
456,001	5060,5
456,217	4950,5
456,432	5126,5
456,647	5163,5
456,861	5214,5
457,076	5210,5
457,291	5442,5
457,506	5284,5
457,721	5359,5
457,936	5420,5
458,151	5393,5
458,366	5627,5
458,581	5358,5
458,796	5708,5
459,01	5459,5
459,225	5413,5
459,44	5313,5
459,655	5367,5
459,87	5267,5
460,084	5197,5
460,299	5263,5
460,514	5290,5
460,729	5672,5
460,943	5068,5
461,158	4974,5
461,373	5079,5
461,587	4792,5
461,802	4724,5
462,016	4868,5
462,231	4691,5
462,446	4866,5
462,66	4747,5
462,875	4934,5
463,089	4946,5
463,304	5030,5
463,518	5043,5
463,733	5168,5
463,947	5199,5
464,162	5126,5
464,376	5281,5
464,591	5506,5
464,805	5153,5
465,02	5430,5
465,234	5488,5
465,448	5590,5
465,663	5461,5
465,877	5306,5
466,091	4960,5
466,306	5230,5
466,52	5211,5
466,734	4888,5
466,949	4786,5
467,163	4829,5
467,377	4704,5
467,591	4778,5
467,806	4713,5
468,02	4619,5
468,234	4584,5
468,448	4761,5
468,662	4555,5
468,876	4716,5
469,091	4409,5
469,305	4483,5
469,519	4263,5
469,733	4199,5
469,947	4257,5
470,161	4473,5
470,375	4174,5
470,589	4383,5
470,803	4348,5
471,017	4334,5
471,231	4287,5
471,445	4199,5
471,659	4361,5
471,873	4283,5
472,087	4250,5
472,301	4573,5
472,515	4321,5
472,728	4417,5
472,942	4387,5
473,156	4592,5
473,37	4387,5
473,584	4361,5
473,798	4459,5
474,011	4385,5
474,225	4327,5
474,439	4509,5
474,653	4617,5
474,866	4603,5
475,08	4659,5
475,294	4683,5
475,507	4490,5
475,721	4497,5
475,935	4549,5
476,148	4441,5
476,362	4218,5
476,576	4208,5
476,789	4333,5
477,003	4428,5
477,216	4380,5
477,43	4453,5
477,643	4519,5
477,857	4706,5
478,07	4480,5
478,284	4562,5
478,497	4382,5
478,711	4360,5
478,924	4440,5
479,138	4417,5
479,351	4425,5
479,564	4382,5
479,778	4696,5
479,991	4479,5
480,204	4598,5
480,418	4685,5
480,631	4457,5
480,844	4714,5
481,058	4651,5
481,271	4615,5
481,484	4725,5
481,697	4555,5
481,911	4559,5
482,124	4530,5
482,337	4447,5
482,55	4421,5
482,763	4365,5
482,976	4455,5
483,19	4346,5
483,403	4421,5
483,616	4631,5
483,829	4695,5
484,042	4750,5
484,255	4746,5
484,468	4902,5
484,681	4742,5
484,894	5037,5
485,107	7459,5
485,32	10904,5
485,533	12625,5
485,746	11615,5
485,959	9964,5
486,172	8634,5
486,385	6926,5
486,598	5819,5
486,81	5121,5
487,023	4862,5
487,236	4844,5
487,449	4645,5
487,662	4346,5
487,875	4209,5
488,087	4221,5
488,3	4216,5
488,513	4013,5
488,726	4071,5
488,938	4331,5
489,151	4260,5
489,364	4180,5
489,576	4219,5
489,789	4182,5
490,002	4236,5
490,214	4117,5
490,427	3902,5
490,64	4161,5
490,852	4220,5
491,065	4037,5
491,277	4141,5
491,49	4065,5
491,702	3933,5
491,915	4090,5
492,127	4113,5
492,34	4061,5
492,552	4056,5
492,765	4104,5
492,977	4264,5
493,19	4092,5
493,402	4084,5
493,614	4031,5
493,827	3997,5
494,039	4097,5
494,251	4009,5
494,464	4143,5
494,676	3837,5
494,888	3826,5
495,101	3788,5
495,313	3745,5
495,525	3949,5
495,737	4187,5
495,95	4225,5
496,162	4195,5
496,374	4174,5
496,586	4000,5
496,798	3916,5
497,01	3735,5
497,222	3659,5
497,435	3853,5
497,647	3689,5
497,859	3726,5
498,071	3866,5
498,283	3780,5
498,495	3900,5
498,707	4125,5
498,919	3876,5
499,131	4140,5
499,343	3807,5
499,555	3894,5
499,767	3966,5
499,979	3743,5
500,191	3880,5
500,402	3749,5
500,614	3955,5
500,826	4018,5
501,038	3844,5
501,25	3947,5
501,462	3830,5
501,673	3960,5
501,885	3913,5
502,097	4068,5
502,309	3996,5
502,521	3995,5
502,732	3796,5
502,944	3870,5
503,156	3818,5
503,367	3784,5
503,579	3715,5
503,791	3713,5
504,002	3682,5
504,214	3848,5
504,425	3949,5
504,637	3891,5
504,849	3697,5
505,06	3749,5
505,272	3849,5
505,483	3656,5
505,695	3678,5
505,906	3676,5
506,118	3754,5
506,329	3643,5
506,541	3529,5
506,752	3659,5
506,963	3451,5
507,175	3363,5
507,386	3749,5
507,598	3711,5
507,809	3497,5
508,02	3654,5
508,232	3647,5
508,443	3407,5
508,654	3706,5
508,865	3489,5
509,077	3325,5
509,288	3414,5
509,499	3676,5
509,71	3370,5
509,922	3594,5
510,133	3396,5
510,344	3566,5
510,555	3418,5
510,766	3494,5
510,977	3372,5
511,188	3345,5
511,4	3365,5
511,611	3275,5
511,822	3322,5
512,033	3322,5
512,244	3329,5
512,455	3308,5
512,666	3318,5
512,877	3381,5
513,088	3274,5
513,299	3323,5
513,51	3343,5
513,721	3236,5
513,931	3272,5
514,142	3388,5
514,353	3412,5
514,564	3169,5
514,775	3154,5
514,986	3213,5
515,196	3295,5
515,407	3201,5
515,618	3175,5
515,829	3158,5
516,04	3225,5
516,25	3143,5
516,461	3213,5
516,672	3276,5
516,882	3086,5
517,093	3259,5
517,304	3090,5
517,514	3003,5
517,725	3193,5
517,936	3013,5
518,146	2993,5
518,357	3168,5
518,567	3126,5
518,778	3522,5
518,988	3240,5
519,199	3421,5
519,409	3087,5
519,62	3196,5
519,83	3033,5
520,041	3012,5
520,251	3141,5
520,462	3103,5
520,672	3057,5
520,882	3098,5
521,093	3143,5
521,303	3169,5
521,513	3043,5
521,724	4191,5
521,934	2861,5
522,144	3011,5
522,355	3012,5
522,565	3010,5
522,775	2976,5
522,985	3015,5
523,196	3017,5
523,406	2999,5
523,616	3191,5
523,826	2992,5
524,036	3377,5
524,246	2973,5
524,457	2858,5
524,667	2791,5
524,877	2911,5
525,087	2955,5
525,297	3116,5
525,507	3139,5
525,717	2815,5
525,927	3023,5
526,137	2913,5
526,347	3010,5
526,557	2899,5
526,767	3030,5
526,977	3269,5
527,187	2953,5
527,397	2870,5
527,607	2845,5
527,816	2893,5
528,026	2902,5
528,236	3065,5
528,446	3193,5
528,656	3138,5
528,865	3314,5
529,075	3016,5
529,285	3036,5
529,495	3070,5
529,704	3006,5
529,914	2891,5
530,124	2991,5
530,334	2859,5
530,543	2868,5
530,753	3218,5
530,963	3296,5
531,172	2965,5
531,382	2843,5
531,591	3212,5
531,801	2754,5
532,01	2849,5
532,22	2891,5
532,43	2924,5
532,639	3217,5
532,849	3061,5
533,058	2965,5
533,267	3241,5
533,477	2909,5
533,686	2975,5
533,896	2962,5
534,105	3017,5
534,315	3051,5
534,524	2946,5
534,733	2961,5
534,943	3091,5
535,152	3074,5
535,361	2793,5
535,57	2808,5
535,78	2849,5
535,989	2778,5
536,198	2711,5
536,407	2689,5
536,617	2798,5
536,826	2812,5
537,035	2838,5
537,244	2712,5
537,453	2618,5
537,662	2850,5
537,872	3044,5
538,081	2857,5
538,29	2829,5
538,499	2774,5
538,708	2819,5
538,917	2889,5
539,126	2945,5
539,335	2921,5
539,544	3389,5
539,753	2707,5
539,962	2806,5
540,171	2781,5
540,38	2990,5
540,589	2852,5
540,797	3005,5
541,006	2881,5
541,215	2786,5
541,424	3058,5
541,633	2809,5
541,842	2782,5
542,05	3014,5
542,259	2951,5
542,468	2908,5
542,677	2898,5
542,885	2832,5
543,094	2856,5
543,303	2831,5
543,512	2953,5
543,72	3000,5
543,929	3016,5
544,138	2891,5
544,346	2807,5
544,555	2895,5
544,763	3001,5
544,972	2848,5
545,18	2711,5
545,389	2750,5
545,598	2654,5
545,806	2749,5
546,015	2751,5
546,223	2731,5
546,431	2821,5
546,64	2674,5
546,848	2761,5
547,057	2893,5
547,265	2844,5
547,474	2961,5
547,682	2978,5
547,89	3012,5
548,099	2957,5
548,307	2813,5
548,515	2931,5
548,723	2851,5
548,932	2649,5
549,14	2715,5
549,348	2851,5
549,556	2653,5
549,765	2599,5
549,973	2566,5
550,181	2701,5
550,389	2716,5
550,597	2762,5
550,805	2535,5
551,014	2770,5
551,222	6723,5
551,43	2619,5
551,638	2862,5
551,846	2996,5
552,054	2954,5
552,262	2911,5
552,47	2693,5
552,678	2568,5
552,886	2635,5
553,094	2603,5
553,302	2776,5
553,51	2742,5
553,717	2736,5
553,925	2503,5
554,133	2884,5
554,341	2465,5
554,549	2664,5
554,757	2634,5
554,965	2672,5
555,172	2696,5
555,38	3035,5
555,588	2649,5
555,796	2777,5
556,003	2872,5
556,211	2542,5
556,419	2604,5
556,626	2642,5
556,834	2534,5
557,042	2563,5
557,249	2657,5
557,457	2571,5
557,664	2377,5
557,872	2435,5
558,08	2433,5
558,287	2563,5
558,495	2534,5
558,702	2371,5
558,91	2504,5
559,117	2454,5
559,325	2477,5
559,532	2478,5
559,74	2792,5
559,947	2621,5
560,154	2733,5
560,362	2552,5
560,569	2619,5
560,776	2552,5
560,984	2643,5
561,191	2532,5
561,398	2500,5
561,606	2862,5
561,813	2551,5
562,02	2251,5
562,227	2243,5
562,435	2482,5
562,642	2503,5
562,849	2517,5
563,056	2458,5
563,263	2445,5
563,471	2617,5
563,678	2543,5
563,885	2494,5
564,092	2561,5
564,299	2566,5
564,506	2556,5
564,713	2449,5
564,92	2476,5
565,127	2588,5
565,334	2459,5
565,541	2787,5
565,748	2548,5
565,955	2441,5
566,162	2436,5
566,369	2556,5
566,576	2674,5
566,783	2686,5
566,99	2658,5
567,196	2753,5
567,403	2627,5
567,61	2745,5
567,817	2595,5
568,024	2755,5
568,23	2848,5
568,437	2734,5
568,644	2750,5
568,851	2889,5
569,057	3265,5
569,264	3372,5
569,471	3178,5
569,677	3212,5
569,884	3146,5
570,091	3253,5
570,297	4168,5
570,504	3465,5
570,71	3309,5
570,917	3286,5
571,123	3189,5
571,33	3322,5
571,536	3426,5
571,743	3508,5
571,949	3044,5
572,156	2846,5
572,362	3013,5
572,569	2833,5
572,775	3198,5
572,982	3418,5
573,188	3358,5
573,394	3165,5
573,601	3177,5
573,807	3303,5
574,013	3674,5
574,22	3384,5
574,426	3163,5
574,632	3420,5
574,838	3254,5
575,045	3053,5
575,251	2916,5
575,457	2937,5
575,663	2994,5
575,869	2986,5
576,076	3058,5
576,282	3304,5
576,488	3247,5
576,694	3271,5
576,9	2992,5
577,106	3325,5
577,312	3719,5
577,518	3908,5
577,724	3691,5
577,93	3469,5
578,136	3135,5
578,342	3119,5
578,548	2879,5
578,754	2782,5
578,96	2762,5
579,166	2957,5
579,372	3329,5
579,578	3094,5
579,784	3193,5
579,989	3130,5
580,195	3018,5
580,401	2961,5
580,607	3074,5
580,813	3556,5
581,018	4173,5
581,224	4223,5
581,43	3966,5
581,636	3719,5
581,841	3737,5
582,047	3429,5
582,253	3202,5
582,458	2957,5
582,664	2755,5
582,869	2618,5
583,075	2460,5
583,281	2823,5
583,486	2602,5
583,692	2627,5
583,897	2962,5
584,103	2783,5
584,308	2906,5
584,514	3030,5
584,719	3226,5
584,925	3193,5
585,13	3017,5
585,335	2996,5
585,541	2887,5
585,746	2739,5
585,952	2502,5
586,157	2498,5
586,362	2581,5
586,568	2651,5
586,773	2898,5
586,978	2793,5
587,183	2777,5
587,389	2765,5
587,594	2555,5
587,799	2604,5
588,004	2641,5
588,21	2598,5
588,415	2367,5
588,62	2389,5
588,825	2432,5
589,03	2227,5
589,235	2811,5
589,44	2455,5
589,645	2245,5
589,85	2388,5
590,055	2481,5
590,26	2217,5
590,465	2190,5
590,67	2315,5
590,875	2298,5
591,08	2305,5
591,285	2187,5
591,49	2234,5
591,695	2175,5
591,9	2117,5
592,105	2225,5
592,31	2368,5
592,515	2756,5
592,719	2303,5
592,924	2227,5
593,129	2286,5
593,334	2296,5
593,539	2197,5
593,743	2333,5
593,948	2057,5
594,153	2063,5
594,357	2369,5
594,562	2143,5
594,767	2665,5
594,971	2056,5
595,176	2116,5
595,381	2209,5
595,585	2094,5
595,79	2239,5
595,994	1894,5
596,199	2506,5
596,403	1773,5
596,608	1971,5
596,812	2044,5
597,017	2201,5
597,221	2231,5
597,426	2078,5
597,63	1989,5
597,835	1934,5
598,039	1913,5
598,243	1975,5
598,448	2364,5
598,652	2167,5
598,856	2143,5
599,061	2123,5
599,265	2020,5
599,469	1970,5
599,673	2143,5
599,878	2230,5
600,082	2025,5
600,286	2067,5
600,49	2105,5
600,695	1868,5
600,899	2005,5
601,103	2044,5
601,307	2162,5
601,511	2033,5
601,715	1924,5
601,919	1854,5
602,123	2213,5
602,327	2036,5
602,531	2059,5
602,735	2201,5
602,939	2235,5
603,143	1994,5
603,347	2079,5
603,551	2027,5
603,755	1981,5
603,959	2026,5
604,163	2031,5
604,367	1925,5
604,571	1892,5
604,775	2101,5
604,978	2019,5
605,182	1890,5
605,386	2093,5
605,59	2018,5
605,793	1983,5
605,997	2068,5
606,201	2056,5
606,405	1989,5
606,608	2051,5
606,812	2018,5
607,016	2122,5
607,219	1911,5
607,423	1920,5
607,627	2093,5
607,83	1959,5
608,034	1882,5
608,237	2036,5
608,441	1881,5
608,644	2017,5
608,848	2053,5
609,051	1958,5
609,255	1870,5
609,458	2082,5
609,662	1990,5
609,865	2071,5
610,069	1847,5
610,272	1785,5
610,475	1849,5
610,679	1840,5
610,882	1913,5
611,085	1955,5
611,289	2033,5
611,492	1889,5
611,695	1794,5
611,898	1855,5
612,102	2014,5
612,305	1914,5
612,508	1912,5
612,711	2077,5
612,914	1869,5
613,118	1988,5
613,321	1990,5
613,524	1854,5
613,727	1857,5
613,93	1835,5
614,133	1963,5
614,336	1953,5
614,539	1854,5
614,742	1810,5
614,945	1887,5
615,148	2006,5
615,351	1900,5
615,554	2000,5
615,757	1804,5
615,96	1919,5
616,163	1794,5
616,366	2014,5
616,569	1878,5
616,772	2121,5
616,974	1935,5
617,177	2085,5
617,38	1889,5
617,583	1948,5
617,786	1819,5
617,988	1774,5
618,191	2032,5
618,394	1779,5
618,596	1713,5
618,799	1791,5
619,002	1889,5
619,204	1946,5
619,407	1862,5
619,61	1840,5
619,812	1815,5
620,015	1849,5
620,217	2084,5
620,42	1842,5
620,623	1818,5
620,825	1847,5
621,028	2038,5
621,23	1979,5
621,432	1937,5
621,635	2058,5
621,837	1944,5
622,04	1877,5
622,242	1887,5
622,445	1899,5
622,647	1918,5
622,849	2044,5
623,052	1735,5
623,254	1951,5
623,456	1745,5
623,658	2026,5
623,861	2050,5
624,063	1929,5
624,265	1965,5
624,467	1996,5
624,67	1723,5
624,872	1897,5
625,074	2112,5
625,276	2003,5
625,478	1988,5
625,68	1685,5
625,882	1781,5
626,084	1882,5
626,287	2031,5
626,489	1970,5
626,691	1867,5
626,893	1931,5
627,095	1913,5
627,297	1916,5
627,499	1784,5
627,7	1660,5
627,902	1703,5
628,104	1703,5
628,306	1781,5
628,508	1798,5
628,71	1837,5
628,912	1879,5
629,114	2185,5
629,315	1857,5
629,517	1804,5
629,719	1743,5
629,921	1829,5
630,122	1865,5
630,324	1782,5
630,526	1971,5
630,728	1858,5
630,929	1802,5
631,131	1749,5
631,332	2069,5
631,534	2046,5
631,736	1868,5
631,937	1696,5
632,139	1922,5
632,34	1833,5
632,542	1962,5
632,743	1898,5
632,945	1710,5
633,146	1876,5
633,348	1874,5
633,549	1825,5
633,751	1727,5
633,952	1836,5
634,154	1700,5
634,355	1641,5
634,556	1801,5
634,758	1772,5
634,959	1736,5
635,16	1926,5
635,362	1796,5
635,563	1897,5
635,764	1865,5
635,965	1871,5
636,167	1816,5
636,368	1787,5
636,569	1780,5
636,77	1962,5
636,971	1737,5
637,172	1894,5
637,374	1702,5
637,575	1976,5
637,776	1679,5
637,977	1690,5
638,178	1882,5
638,379	1825,5
638,58	1876,5
638,781	1676,5
638,982	1789,5
639,183	1777,5
639,384	1759,5
639,585	1778,5
639,786	1707,5
639,987	1714,5
640,187	1899,5
640,388	1899,5
640,589	1674,5
640,79	1691,5
640,991	1795,5
641,192	1933,5
641,392	1709,5
641,593	1701,5
641,794	1650,5
641,995	1681,5
642,195	1607,5
642,396	1691,5
642,597	1637,5
642,797	1710,5
642,998	1865,5
643,199	1716,5
643,399	1907,5
643,6	1641,5
643,8	1599,5
644,001	1788,5
644,202	1756,5
644,402	1746,5
644,603	1846,5
644,803	1641,5
645,004	1791,5
645,204	1601,5
645,404	1785,5
645,605	2121,5
645,805	1669,5
646,006	1646,5
646,206	2226,5
646,406	1663,5
646,607	1563,5
646,807	1519,5
647,007	-17,5
647,208	3,5
647,408	0,5
647,608	8,5
