200,697	463
200,927	310
201,158	4
201,388	498
201,618	938
201,849	1462,67
202,079	1473,67
202,309	1560,67
202,539	1536
202,77	1563,67
203	1552,33
203,23	1570
203,46	1563,33
203,691	1588,33
203,921	1599,33
204,151	1608,67
204,381	1548,33
204,611	1543,33
204,841	1518,67
205,071	1582,67
205,302	1631,67
205,532	2247,67
205,762	2176,67
205,992	2113
206,222	1456,67
206,452	1493,67
206,682	1530
206,912	1613,67
207,142	1627
207,372	1591,67
207,602	1540,33
207,832	1568,67
208,062	1603,33
208,292	1576,67
208,522	1553,33
208,752	1525,67
208,982	1620
209,212	1606,33
209,442	1637,33
209,672	1538
209,902	1619
210,131	1549,67
210,361	1609
210,591	1513,33
210,821	1618,67
211,051	1598,33
211,281	1627,33
211,51	1605,33
211,74	1603,67
211,97	1613,33
212,2	1684,67
212,429	1737,67
212,659	1784,67
212,889	1642,33
213,119	1609
213,348	1599,33
213,578	1677
213,808	1726,33
214,037	1789,67
214,267	1768
214,497	1702
214,726	1566
214,956	1519
215,186	1544,67
215,415	1616,67
215,645	1660
215,874	1658
216,104	1610
216,333	1614,33
216,563	1615,67
216,792	1667,33
217,022	1668
217,251	1637,33
217,481	1604
217,71	1583
217,94	1625,33
218,169	1623,33
218,399	1600,67
218,628	1627,67
218,858	1658,33
219,087	1698,33
219,316	1698
219,546	1669
219,775	1749,33
220,004	1711,33
220,234	1717
220,463	1652
220,692	1638,33
220,922	1649
221,151	1616,67
221,38	1761,33
221,61	1816
221,839	1838,67
222,068	1752,33
222,297	1709,67
222,526	1736,33
222,756	1746
222,985	1738,33
223,214	1709,33
223,443	1862,67
223,672	1805,33
223,902	1812
224,131	1665,33
224,36	1659,67
224,589	1569,33
224,818	1551,67
225,047	1580,33
225,276	1784
225,505	1829,67
225,734	1823,33
225,963	1711
226,192	1604
226,421	1625,67
226,65	1670
226,879	1737,67
227,108	1809,67
227,337	1847
227,566	1840,67
227,795	1811
228,024	1754,67
228,253	1691,33
228,482	1756,33
228,711	1712,67
228,94	1743,33
229,168	1651,33
229,397	1701,33
229,626	1731,67
229,855	1723
230,084	1685
230,313	1735
230,541	1777,33
230,77	1776,67
230,999	1806,67
231,228	1838,67
231,456	1876,33
231,685	1843,33
231,914	1820
232,143	1856,67
232,371	1861,67
232,6	1875,33
232,829	1885
233,057	1826,67
233,286	1848,33
233,515	1840,67
233,743	1865,33
233,972	1821,67
234,2	1805
234,429	1848
234,658	1774,67
234,886	1800,67
235,115	1788
235,343	1897,67
235,572	1928
235,8	2042
236,029	2044,33
236,257	2075
236,486	2036,33
236,714	2103,33
236,943	2055,33
237,171	2013,67
237,399	1992,33
237,628	2047,67
237,856	2101,33
238,085	2086,67
238,313	2081,33
238,541	2172
238,77	2167,33
238,998	2191
239,226	2066
239,455	2111,67
239,683	2101,67
239,911	2202,67
240,14	2245,33
240,368	2255
240,596	2238,67
240,824	2218,33
241,053	2202
241,281	2150,67
241,509	2128,33
241,737	2112,33
241,965	2102
242,193	2113,67
242,422	2150,33
242,65	2256,67
242,878	2278,33
243,106	2319
243,334	2292,33
243,562	2251,33
243,79	2262,33
244,018	2229,33
244,246	2357,33
244,474	2359
244,702	2367,33
244,93	2339,67
245,158	2334,67
245,386	2375,33
245,614	2404,33
245,842	2412,67
246,07	2431,33
246,298	2523,33
246,526	2504
246,754	2488
246,982	2372,67
247,21	2374,67
247,438	2387,33
247,666	2380,67
247,893	2412,33
248,121	2382
248,349	2410,33
248,577	2494
248,805	2525
249,033	2528,33
249,26	2468
249,488	2488
249,716	2470,33
249,944	2445,67
250,171	2437,33
250,399	2479,33
250,627	2525,67
250,854	2516
251,082	2510
251,31	2499,33
251,537	2600
251,765	2554
251,993	2698,33
252,22	2592
252,448	2665,33
252,676	2541,33
252,903	2643
253,131	2606,33
253,358	2561,67
253,586	2455,33
253,813	2406
254,041	2466,67
254,268	2472,67
254,496	2526,33
254,723	2498,33
254,951	2525,33
255,178	2562
255,406	2596,67
255,633	2688
255,86	2668,67
256,088	2644,33
256,315	2618,67
256,543	2640,67
256,77	2674,33
256,997	2631,67
257,225	2597,33
257,452	2585,67
257,679	2656,67
257,907	2654,33
258,134	2668
258,361	2595,67
258,588	2609
258,816	2565,67
259,043	2570,67
259,27	2594
259,497	2593,33
259,725	2588,67
259,952	2531
260,179	2574,67
260,406	2580,33
260,633	2644,33
260,86	2629,67
261,088	2688,33
261,315	2657,67
261,542	2550
261,769	2597
261,996	2643
262,223	2812,67
262,45	2593
262,677	2536
262,904	2495,33
263,131	2662,33
263,358	2713,33
263,585	2797,67
263,812	2799
264,039	2782,67
264,266	2696,67
264,493	2654,33
264,72	2666
264,947	2699,33
265,174	2752,33
265,401	2793,67
265,627	2752,67
265,854	2737,67
266,081	2708,33
266,308	2712,67
266,535	2665,33
266,762	2676
266,988	2690,67
267,215	2683
267,442	2700
267,669	2687,33
267,896	2788,67
268,122	2770
268,349	2714,33
268,576	2627
268,802	2610,33
269,029	2681,67
269,256	2654,67
269,482	2617,67
269,709	2593,67
269,936	2678
270,162	2693,33
270,389	2732,67
270,616	2740,67
270,842	2799,67
271,069	2866,33
271,295	2805
271,522	2758
271,748	2707
271,975	2822
272,201	2859
272,428	2835,67
272,654	2794,67
272,881	2771,33
273,107	2731,67
273,334	2760,33
273,56	2816,33
273,787	2905
274,013	2973,33
274,239	2970,67
274,466	2949,33
274,692	2864
274,918	2863,67
275,145	2918,67
275,371	2988
275,597	3069
275,824	3052
276,05	3056
276,276	2980,67
276,503	2957,67
276,729	2882
276,955	2895,33
277,181	2926,33
277,407	2988,67
277,634	3014,67
277,86	3039,33
278,086	2985
278,312	2959,33
278,538	2948,67
278,764	2987
278,991	2982,33
279,217	2961,67
279,443	2940,67
279,669	2984,33
279,895	2980
280,121	2994
280,347	2967,67
280,573	2963,67
280,799	3054,67
281,025	3068,67
281,251	3177,33
281,477	3112,33
281,703	3123,67
281,929	3033,33
282,155	3089,33
282,381	3136,33
282,607	3210,33
282,833	3186,33
283,059	3197,33
283,285	3245,67
283,51	3189,67
283,736	3242
283,962	3288,33
284,188	3395
284,414	3409,33
284,64	3381,33
284,865	3405,67
285,091	3441,67
285,317	3497,33
285,543	3540,33
285,768	3569,67
285,994	3623,67
286,22	3640,33
286,446	3579,33
286,671	3543
286,897	3534,67
287,123	3588,67
287,348	3769,67
287,574	3844,33
287,799	3870
288,025	3781
288,251	3772,67
288,476	3773,67
288,702	3728,67
288,927	3730,67
289,153	3816
289,378	3844
289,604	3868
289,829	3727
290,055	3722
290,28	3761
290,506	3896
290,731	3982,67
290,957	4018
291,182	4101,67
291,408	4064,33
291,633	4089,33
291,858	4120
292,084	4121,67
292,309	4026,67
292,535	3990,67
292,76	4042,33
292,985	4098,67
293,211	4035,33
293,436	3978,67
293,661	4015
293,886	4081,67
294,112	4132,67
294,337	4138
294,562	4173,67
294,787	4205,33
295,013	4210
295,238	4217,67
295,463	4283,33
295,688	4298,67
295,913	4334
296,138	4272,33
296,364	4255,33
296,589	4159,33
296,814	4116,67
297,039	4167
297,264	4149
297,489	4169,33
297,714	4097,33
297,939	4131
298,164	4168,33
298,389	4178
298,614	4213
298,839	4287,67
299,064	4375
299,289	4456,67
299,514	4425,33
299,739	4426
299,964	4439
300,189	4501
300,414	4543
300,639	4467,67
300,863	4535,67
301,088	4485,67
301,313	4542,33
301,538	4486,33
301,763	4523
301,988	4505,67
302,212	4647,33
302,437	4603,33
302,662	4636,67
302,887	4450,33
303,111	4588,33
303,336	4618,67
303,561	4614,67
303,786	4596
304,01	4608,33
304,235	4622,67
304,46	4527,67
304,684	4502,67
304,909	4496,67
305,134	4545,33
305,358	4526,67
305,583	4602
305,807	4523,67
306,032	4522,67
306,256	4459
306,481	4510
306,706	4480,67
306,93	4580
307,155	4628,33
307,379	4695,67
307,604	4607
307,828	4670,67
308,052	4695,33
308,277	4790,33
308,501	4833,67
308,726	4791
308,95	4730
309,175	4705,67
309,399	4781,33
309,623	4749,33
309,848	4640
310,072	4691,67
310,296	4829,67
310,521	4864,67
310,745	4917,67
310,969	4864,67
311,193	4957,33
311,418	4835
311,642	4800,67
311,866	4783,67
312,09	4800,33
312,315	4837,67
312,539	4779
312,763	4795,67
312,987	4737
313,211	4753,67
313,435	4684
313,659	4749
313,884	4743
314,108	4818,67
314,332	4748,33
314,556	4807,67
314,78	4765,33
315,004	4822
315,228	4768
315,452	4766
315,676	4729,33
315,9	4641,67
316,124	4583,33
316,348	4566,67
316,572	4627,67
316,796	4633
317,02	4563,67
317,244	4475
317,468	4572,33
317,691	4605,33
317,915	4621
318,139	4627,33
318,363	4638,67
318,587	4649
318,811	4424,33
319,034	4461,33
319,258	4539
319,482	4633,33
319,706	4562,67
319,93	4482,33
320,153	4432,67
320,377	4397,67
320,601	4338,67
320,824	4428,67
321,048	4481,33
321,272	4539,33
321,495	4485
321,719	4444,67
321,943	4447
322,166	4435
322,39	4485
322,614	4544,67
322,837	4450,33
323,061	4435,67
323,284	4452,33
323,508	4501,33
323,731	4482,33
323,955	4424
324,178	4434
324,402	4425,67
324,625	4373
324,849	4454,67
325,072	4435,33
325,296	4458,67
325,519	4446,67
325,743	4487,33
325,966	4506,67
326,189	4461
326,413	4518,33
326,636	4507,67
326,859	4603,67
327,083	4467,67
327,306	4396,33
327,529	4209
327,753	4252,67
327,976	4190,33
328,199	4243
328,422	4203
328,646	4233,67
328,869	4255,67
329,092	4202
329,315	4205,67
329,538	4209,67
329,762	4235,33
329,985	4270,67
330,208	4250
330,431	4341,67
330,654	4346
330,877	4373
331,1	4311
331,323	4341,33
331,546	4366
331,769	4349,67
331,993	4253,33
332,216	4156
332,439	4174,33
332,662	4216,67
332,885	4183
333,107	4138
333,33	4199,33
333,553	4228,67
333,776	4236,67
333,999	4130,67
334,222	4149
334,445	4161,33
334,668	4214,67
334,891	4177,67
335,114	4187
335,336	4174,67
335,559	4290
335,782	4271,33
336,005	4254,67
336,228	4206,67
336,45	4174
336,673	4221,67
336,896	4199
337,119	4183,67
337,341	4158,33
337,564	4145
337,787	4139,33
338,009	4163,33
338,232	4186
338,455	4220,33
338,677	4184
338,9	4155,33
339,122	4085,33
339,345	3971,33
339,568	3945,67
339,79	4017,33
340,013	4099,67
340,235	4052,33
340,458	4019
340,68	3986,33
340,903	4009
341,125	3969,67
341,348	3934,67
341,57	3976,67
341,793	3949,67
342,015	3968
342,238	3930
342,46	3990,67
342,682	3955,33
342,905	3931,67
343,127	3875
343,349	3898
343,572	3846
343,794	3824
344,016	3808,67
344,239	3782,33
344,461	3758
344,683	3704,33
344,905	3683,33
345,128	3770
345,35	3826,33
345,572	3927,67
345,794	3873,67
346,017	3896,67
346,239	3844,67
346,461	3904
346,683	3930
346,905	3943,33
347,127	3871
347,349	3825
347,571	3869,67
347,793	3946,33
348,016	3933,33
348,238	3860
348,46	3764,33
348,682	3794
348,904	3808
349,126	3828
349,348	3732
349,57	3686
349,792	3686
350,014	3728,67
350,235	3846,67
350,457	3771,67
350,679	3715,33
350,901	3576,33
351,123	3604,67
351,345	3663,67
351,567	3710,67
351,789	3723,67
352,01	3684,67
352,232	3663,33
352,454	3647
352,676	3605,67
352,897	3536,33
353,119	3526,67
353,341	3486,67
353,563	3460,67
353,784	3435,33
354,006	3445,33
354,228	3464,67
354,449	3492
354,671	3608,67
354,893	3644,67
355,114	3649,33
355,336	3573,67
355,558	3549,67
355,779	3486,67
356,001	3454,33
356,222	3461
356,444	3632,67
356,665	3643
356,887	3650,67
357,108	3468,33
357,33	3509
357,551	3526
357,773	3569,33
357,994	3474,33
358,216	3496,33
358,437	3511
358,659	3551
358,88	3460,67
359,101	3446,67
359,323	3445
359,544	3466
359,765	3458,33
359,987	3453,67
360,208	3491
360,429	3438,33
360,651	3494,67
360,872	3454
361,093	3487,33
361,314	3415,33
361,536	3407
361,757	3378,33
361,978	3351
362,199	3276,33
362,42	3265
362,642	3325,33
362,863	3367,67
363,084	3380,67
363,305	3326,67
363,526	3286,33
363,747	3277,67
363,968	3338,33
364,189	3370
364,41	3306
364,631	3250,33
364,852	3213,67
365,073	3243,67
365,294	3176,67
365,515	3242
365,736	3265,33
365,957	3265,67
366,178	3340,67
366,399	3366,33
366,62	3434,67
366,841	3337,33
367,062	3322,67
367,283	3340,33
367,504	3294,67
367,724	3248,33
367,945	3239,67
368,166	3277
368,387	3288
368,608	3283,33
368,828	3213,67
369,049	3174
369,27	3128,67
369,491	3183,67
369,711	3272,67
369,932	3281,67
370,153	3312,67
370,373	3328,67
370,594	3288,67
370,815	3301,67
371,035	3184,33
371,256	3200
371,477	3156,33
371,697	3145,67
371,918	3173,67
372,138	3234,67
372,359	3243,33
372,579	3220,33
372,8	3156
373,02	3199
373,241	3214,67
373,461	3205,33
373,682	3208
373,902	3139
374,123	3256,33
374,343	3253
374,564	3264,67
374,784	3149,67
375,004	3095,33
375,225	3085,33
375,445	3087
375,666	3101,67
375,886	3082
376,106	3010,33
376,326	3096
376,547	3187,67
376,767	3221,33
376,987	3151,33
377,208	3117
377,428	3165,33
377,648	3201
377,868	3321
378,088	3340,33
378,309	3396,33
378,529	3315
378,749	3250
378,969	3201
379,189	3179,33
379,409	3175,67
379,629	3193,67
379,849	3178
380,069	3182,67
380,29	3140
380,51	3172
380,73	3247,67
380,95	3250,67
381,17	3234
381,39	3129,67
381,61	3114,33
381,829	3077,67
382,049	3053
382,269	3085
382,489	3050,33
382,709	3116,33
382,929	3074,33
383,149	3208
383,369	3168,33
383,589	3177
383,808	3080
384,028	3122,33
384,248	3106
384,468	3107,33
384,688	3010
384,907	2986
385,127	3015,33
385,347	3089
385,567	3158,67
385,786	3106,67
386,006	3135,33
386,226	3038,67
386,445	3066
386,665	3097,67
386,885	3164
387,104	3094
387,324	3036,67
387,543	3105
387,763	3173,33
387,982	3212
388,202	3169,33
388,422	3182,33
388,641	3181,67
388,861	3218
389,08	3194,67
389,3	3229
389,519	3162
389,738	3178,33
389,958	3132
390,177	3187,33
390,397	3181,33
390,616	3207
390,836	3169,33
391,055	3198,67
391,274	3164,67
391,494	3164
391,713	3195,67
391,932	3246,33
392,151	3280
392,371	3242
392,59	3248,67
392,809	3285
393,029	3356,67
393,248	3207
393,467	3092
393,686	3354
393,905	3456,67
394,124	3470
394,344	3130,67
394,563	3105,33
394,782	3093,33
395,001	3057,33
395,22	3065,33
395,439	3061,33
395,658	3107,33
395,877	3080
396,096	3189,67
396,315	3133,67
396,534	3279
396,753	3183,67
396,972	3243,67
397,191	3158
397,41	3212,67
397,629	3223
397,848	3249,33
398,067	3247
398,286	3260,33
398,505	3280,33
398,724	3476,33
398,943	3391
399,161	3357
399,38	3160,67
399,599	3194
399,818	3206,67
400,037	3174,67
400,255	3086,67
400,474	3026,67
400,693	3042,33
400,912	3074
401,13	3040
401,349	2974,33
401,568	3070,67
401,786	3104
402,005	3104
402,224	3021
402,442	3024,33
402,661	3032
402,88	2997,33
403,098	3000,67
403,317	3017,33
403,535	3004
403,754	2975,33
403,972	2936,33
404,191	2973
404,409	3214,33
404,628	3268,33
404,846	3331,67
405,065	3101,67
405,283	3001,33
405,502	2969
405,72	2901
405,938	2951
406,157	2877,33
406,375	2898
406,594	2879
406,812	2929
407,03	2864,33
407,249	2877
407,467	2886,33
407,685	2955,67
407,903	3007,67
408,122	3022,67
408,34	3042,33
408,558	2982,33
408,776	2930,33
408,995	2911,67
409,213	2969,33
409,431	2970,33
409,649	2945
409,867	2901
410,085	2933,33
410,303	2889,67
410,522	2849
410,74	2761,33
410,958	2792
411,176	2795,33
411,394	2843,67
411,612	2916,33
411,83	2960,67
412,048	2971,67
412,266	2899
412,484	2953,33
412,702	2921,67
412,92	2959,67
413,138	2875
413,356	2929,67
413,573	3023,67
413,791	3060,67
414,009	3105,67
414,227	2938
414,445	2906
414,663	2801,33
414,881	2895,67
415,098	2889,67
415,316	3010,67
415,534	2959
415,752	2988
415,969	2842,67
416,187	2808,33
416,405	2775,67
416,623	2767,67
416,84	2807,33
417,058	2832,67
417,276	2875,33
417,493	2840,33
417,711	2823,67
417,928	2817
418,146	2845
418,364	2790,67
418,581	2762,33
418,799	2710,67
419,016	2689
419,234	2914,33
419,451	2962,33
419,669	3008
419,886	2801
420,104	2792,33
420,321	2831,33
420,539	2943
420,756	2989,67
420,974	3001,67
421,191	3037,33
421,408	3095,67
421,626	3110,33
421,843	3015
422,06	2922,33
422,278	2919
422,495	2888,33
422,712	2938,67
422,93	2946
423,147	2934
423,364	2955
423,581	2903,33
423,799	2868,67
424,016	2786,67
424,233	2787
424,45	2839,33
424,667	2836,67
424,884	2883
425,102	2851,67
425,319	2846,33
425,536	2835
425,753	2832,67
425,97	2834,67
426,187	2783,67
426,404	2890,33
426,621	2943
426,838	2994,67
427,055	2935
427,272	2899,67
427,489	2815,33
427,706	2797
427,923	2787,33
428,14	2907,33
428,357	2927,33
428,574	2945
428,791	2914
429,008	2927
429,224	2931
429,441	2943
429,658	3049,33
429,875	3134
430,092	3189
430,308	3128,33
430,525	3109,33
430,742	3048
430,959	2968,67
431,175	2876,33
431,392	2852,33
431,609	2813,33
431,826	2766
432,042	2699,67
432,259	2793,33
432,476	2811,33
432,692	2822
432,909	2864,67
433,125	2873,33
433,342	2970,33
433,559	2910
433,775	2933,67
433,992	2822,67
434,208	2738,33
434,425	2754
434,641	2872,67
434,858	2913
435,074	2878
435,291	2788,33
435,507	2751,67
435,723	2741,33
435,94	2758,67
436,156	2856,33
436,373	2931
436,589	2942,67
436,805	2881
437,022	2806,67
437,238	2797
437,454	2782
437,671	2814,33
437,887	2773
438,103	2766,33
438,319	2816,33
438,536	2873,67
438,752	2890
438,968	2844
439,184	2803,33
439,4	2683
439,616	2692,67
439,833	2676,33
440,049	2852
440,265	2819,67
440,481	2919
440,697	2928,67
440,913	2980
441,129	3004,33
441,345	3035,67
441,561	3081,33
441,777	3006,33
441,993	2928,67
442,209	2920
442,425	2905,67
442,641	2933,33
442,857	2913,67
443,073	2936,33
443,289	2938,33
443,505	2961
443,721	2964,67
443,937	2944
444,152	2886
444,368	2868,67
444,584	2936,33
444,8	2937
445,016	2941
445,231	2912,33
445,447	2932,33
445,663	2924
445,879	2927
446,094	2938,33
446,31	2970,67
446,526	2934,67
446,742	2862
446,957	2847,67
447,173	2861,67
447,388	2947
447,604	2927,67
447,82	2929,33
448,035	2889
448,251	2924,33
448,466	2837
448,682	2779,33
448,897	2776
449,113	2864
449,328	2858,67
449,544	2951
449,759	2876,67
449,975	2909,67
450,19	2786,67
450,406	2824
450,621	2809,67
450,836	2782,33
451,052	2742,33
451,267	2719
451,483	2677,67
451,698	2692,33
451,913	2715,33
452,129	2721,33
452,344	2760,67
452,559	2770
452,774	2780,33
452,99	2755
453,205	2769,67
453,42	2810,33
453,635	2769,33
453,85	2756,67
454,066	2745
454,281	2829
454,496	2835,33
454,711	2876,33
454,926	2796,67
455,141	2769
455,356	2685
455,571	2719,33
455,786	2774,33
456,001	2788,33
456,217	2773,33
456,432	2727,33
456,647	2759
456,861	2748,33
457,076	2785,67
457,291	2780,67
457,506	2755
457,721	2751,67
457,936	2783
458,151	2887,33
458,366	2888,33
458,581	2956,67
458,796	2898,33
459,01	2892
459,225	2842,67
459,44	2865,67
459,655	2810,33
459,87	2726
460,084	2719,67
460,299	2765
460,514	2945
460,729	2870
460,943	2808
461,158	2669,67
461,373	2687,67
461,587	2686,33
461,802	2712,33
462,016	2692,33
462,231	2726
462,446	2646,67
462,66	2672
462,875	2687,33
463,089	2725
463,304	2754,33
463,518	2746
463,733	2784
463,947	2804
464,162	2821,67
464,376	2878,67
464,591	2877,33
464,805	2853,67
465,02	2821
465,234	2879,67
465,448	2968,33
465,663	2957,67
465,877	2877,67
466,091	2865,33
466,306	2843,33
466,52	2821,67
466,734	2736
466,949	2702,33
467,163	2740,67
467,377	2776
467,591	2752,33
467,806	2695,33
468,02	2612
468,234	2630,67
468,448	2628
468,662	2769,33
468,876	2788,67
469,091	2712,33
469,305	2589,33
469,519	2502,67
469,733	2561,67
469,947	2609,67
470,161	2586,67
470,375	2612,33
470,589	2544
470,803	2616,67
471,017	2592,67
471,231	2575
471,445	2568,33
471,659	2578,33
471,873	2595,33
472,087	2636
472,301	2631,33
472,515	2643,33
472,728	2583,33
472,942	2636,67
473,156	2672,33
473,37	2688,33
473,584	2657,67
473,798	2710,33
474,011	2732,67
474,225	2758,67
474,439	2709
474,653	2749,67
474,866	2772
475,08	2809,67
475,294	2748
475,507	2765
475,721	2768,33
475,935	2771
476,148	2661
476,362	2618,33
476,576	2641,67
476,789	2721
477,003	2786,67
477,216	2775
477,43	2782,67
477,643	2826
477,857	2857,67
478,07	2865,67
478,284	2738,33
478,497	2726,33
478,711	2684,33
478,924	2732
479,138	2752
479,351	2763,67
479,564	2805,67
479,778	2798,67
479,991	2833,67
480,204	2842,33
480,418	2841,67
480,631	2878
480,844	2856
481,058	2905,33
481,271	2928
481,484	2965,33
481,697	2971,33
481,911	2890,67
482,124	2844,33
482,337	2818,33
482,55	2884,33
482,763	2920
482,976	2932,33
483,19	2928,67
483,403	2952,33
483,616	3007,67
483,829	3031
484,042	3125
484,255	3173
484,468	3177
484,681	3134,33
484,894	3417,67
485,107	4252
485,32	5420
485,533	6225,33
485,746	6282
485,959	5679,33
486,172	4953,33
486,385	4331,67
486,598	3834
486,81	3456,33
487,023	3252,33
487,236	3157,67
487,449	3086,33
487,662	3007
487,875	2971
488,087	2980,33
488,3	2917,33
488,513	2870
488,726	2843
488,938	2897,33
489,151	2937
489,364	2952
489,576	2965
489,789	2997,33
490,002	2999
490,214	2885,33
490,427	2857,67
490,64	2880,33
490,852	2934,33
491,065	2921
491,277	2898,33
491,49	2823,67
491,702	2852,33
491,915	2850
492,127	2949,67
492,34	2938
492,552	2996,33
492,765	3049,67
492,977	3032
493,19	3012,33
493,402	2979
493,614	3000
493,827	2983
494,039	2957
494,251	2958
494,464	2910,67
494,676	2916,33
494,888	2865,33
495,101	2886,33
495,313	2891,33
495,525	2988,67
495,737	3047,33
495,95	3111,67
496,162	3106,33
496,374	3081
496,586	3069,33
496,798	3030,33
497,01	2984,67
497,222	2966,67
497,435	2921,33
497,647	2905,67
497,859	2922,33
498,071	2957,33
498,283	3001
498,495	3027
498,707	3037,67
498,919	3124
499,131	3060
499,343	3041,33
499,555	3050,33
499,767	3067,67
499,979	3131
500,191	3034
500,402	3070
500,614	3119,67
500,826	3127,33
501,038	3148,67
501,25	3067
501,462	3111,33
501,673	3075,67
501,885	3208,67
502,097	3202
502,309	3260
502,521	3145,67
502,732	3184,67
502,944	3110,33
503,156	3119,67
503,367	3046,67
503,579	3019,67
503,791	3002
504,002	3061,67
504,214	3200,67
504,425	3368,67
504,637	3334
504,849	3221,67
505,06	3096
505,272	3115
505,483	3153,67
505,695	3097,33
505,906	3122
506,118	3103,33
506,329	3100
506,541	3085,33
506,752	3057,33
506,963	3015,67
507,175	3097
507,386	3146
507,598	3149,67
507,809	3057,33
508,02	3091,67
508,232	3097,33
508,443	3123,33
508,654	3116,33
508,865	3105,67
509,077	3021,67
509,288	3014,67
509,499	3028,33
509,71	3088,33
509,922	3022,67
510,133	3119
510,344	3088
510,555	3118,33
510,766	3070,33
510,977	3048,67
511,188	3009
511,4	2965,33
511,611	2970,33
511,822	2970,33
512,033	2990,67
512,244	2947
512,455	2970,33
512,666	2990,33
512,877	3040,67
513,088	3025,67
513,299	2986,33
513,51	2912,33
513,721	2913,33
513,931	2986,33
514,142	3092,33
514,353	3046,33
514,564	2957
514,775	2903
514,986	2922,67
515,196	2906
515,407	2938,67
515,618	2969
515,829	3029,33
516,04	3007
516,25	2957
516,461	2956,67
516,672	2939,33
516,882	3025,67
517,093	3007
517,304	2971,67
517,514	2934
517,725	2886,33
517,936	2916,33
518,146	2916,33
518,357	2957
518,567	3085,67
518,778	3079
518,988	3164,67
519,199	3040,33
519,409	3020,67
519,62	2926,33
519,83	2941
520,041	2948,67
520,251	2967
520,462	2958
520,672	2991
520,882	2995,67
521,093	3058,33
521,303	3021,33
521,513	3342,33
521,724	3198,67
521,934	3185,33
522,144	2726,67
522,355	2912
522,565	2920,67
522,775	3054
522,985	2946,67
523,196	2912,67
523,406	2938,67
523,616	2932,33
523,826	3053,33
524,036	2997
524,246	2989,33
524,457	2832,33
524,667	2857,67
524,877	2842,67
525,087	2948,67
525,297	2965,33
525,507	2953,33
525,717	2915,67
525,927	2817,33
526,137	2879,67
526,347	2847
526,557	2924,33
526,767	3004,67
526,977	3011,33
527,187	2961,33
527,397	2833,67
527,607	2851,67
527,816	2875,67
528,026	3008,67
528,236	3067,33
528,446	3148,33
528,656	3161,67
528,865	3148
529,075	3113
529,285	3044,33
529,495	3041
529,704	2998
529,914	3005
530,124	2941
530,334	2947
530,543	2993
530,753	3126,67
530,963	3135,33
531,172	3003
531,382	2973,33
531,591	2939
531,801	2951,67
532,01	2864,33
532,22	2915,33
532,43	3057,33
532,639	3122
532,849	3154,33
533,058	3158,67
533,267	3143,67
533,477	3153,33
533,686	3038
533,896	3023,67
534,105	3031,67
534,315	3052
534,524	3116
534,733	3216
534,943	3232,33
535,152	3127,67
535,361	2956,33
535,57	2886,33
535,78	2863
535,989	2826,67
536,198	2786,67
536,407	2796,67
536,617	2809,67
536,826	2861,67
537,035	2851
537,244	2819,33
537,453	2821,33
537,662	2939,33
537,872	3022,33
538,081	3007,67
538,29	2919,67
538,499	2951
538,708	2974
538,917	3010
539,126	3008
539,335	3187,33
539,544	3132,67
539,753	3083
539,962	2921,33
540,171	3041
540,38	3042,67
540,589	3080,67
540,797	2991
541,006	2973
541,215	3017,33
541,424	3078,33
541,633	3110
541,842	3069
542,05	3034,67
542,259	3077
542,468	3058,67
542,677	3060,67
542,885	3045
543,094	3029
543,303	3055,67
543,512	3080,67
543,72	3154,33
543,929	3125,33
544,138	3059,33
544,346	2977,33
544,555	3021,33
544,763	3044
544,972	2996,33
545,18	2941
545,389	2881,33
545,598	2926
545,806	2888
546,015	2894
546,223	2872,33
546,431	2843,67
546,64	2900
546,848	2966
547,057	3046
547,265	3078
547,474	3113
547,682	3189,67
547,89	3189,67
548,099	3112
548,307	3015
548,515	2929
548,723	2845,33
548,932	2792
549,14	2830
549,348	2853
549,556	2850,67
549,765	2783
549,973	2813
550,181	2845,67
550,389	2871,67
550,597	2790,33
550,805	2796
551,014	4152
551,222	4168,67
551,43	4197,67
551,638	2951,33
551,846	3102
552,054	3204,33
552,262	3107,33
552,47	2997,67
552,678	2841
552,886	2797,67
553,094	2824,33
553,302	2840,67
553,51	2932
553,717	2824
553,925	2899,67
554,133	2749,67
554,341	2776,33
554,549	2662,33
554,757	2787
554,965	2857
555,172	3007
555,38	2968
555,588	2965
555,796	2915
556,003	2837,67
556,211	2807,67
556,419	2727
556,626	2732
556,834	2691,67
557,042	2573,67
557,249	2675,33
557,457	2608
557,664	2656
557,872	2517,33
558,08	2564,67
558,287	2565,33
558,495	2539,67
558,702	2538
558,91	2496,67
559,117	2550,33
559,325	2501,33
559,532	2608
559,74	2613,33
559,947	2746
560,154	2707,33
560,362	2758,33
560,569	2743
560,776	2645,33
560,984	2591,33
561,191	2523,33
561,398	2700
561,606	2699,33
561,813	2615,67
562,02	2428,33
562,227	2408,67
562,435	2498,67
562,642	2557
562,849	2558,33
563,056	2526,67
563,263	2559,33
563,471	2582
563,678	2595,33
563,885	2585,67
564,092	2586,67
564,299	2616
564,506	2555,67
564,713	2558
564,92	2563,33
565,127	2583,33
565,334	2644,33
565,541	2557
565,748	2636,33
565,955	2537,33
566,162	2601,33
566,369	2585,33
566,576	2673,67
566,783	2716,33
566,99	2786,33
567,196	2816
567,403	2873,67
567,61	2830,33
567,817	2834,33
568,024	2861
568,23	2909,67
568,437	2929,67
568,644	2965,67
568,851	3154,67
569,057	3376,67
569,264	3535
569,471	3590,33
569,677	3575,67
569,884	3556,33
570,091	3802
570,297	3870,33
570,504	3932
570,71	3671,33
570,917	3576,33
571,123	3552
571,33	3620,33
571,536	3786,33
571,743	3700,67
571,949	3463
572,156	3192,33
572,362	3100
572,569	3229
572,775	3440,33
572,982	3614,33
573,188	3661,33
573,394	3575,33
573,601	3596,67
573,807	3767
574,013	3891
574,22	3725,33
574,426	3654,33
574,632	3529,67
574,838	3589,67
575,045	3359
575,251	3231,33
575,457	3185
575,663	3187,67
575,869	3289,33
576,076	3402,33
576,282	3497,67
576,488	3548,33
576,694	3481,67
576,9	3528,67
577,106	3692,33
577,312	4062,33
577,518	4238,33
577,724	4184
577,93	3904,67
578,136	3614,67
578,342	3381,67
578,548	3183,67
578,754	3081,33
578,96	3108,67
579,166	3327
579,372	3460
579,578	3497
579,784	3378,33
579,989	3336
580,195	3268
580,401	3264,33
580,607	3425
580,813	3858,67
581,018	4373,33
581,224	4578,33
581,43	4502,33
581,636	4320,67
581,841	4151
582,047	3893,33
582,253	3524,33
582,458	3217,33
582,664	2941
582,869	2825,33
583,075	2736,33
583,281	2769,33
583,486	2751,33
583,692	2860,33
583,897	2922,33
584,103	3025,33
584,308	3110,67
584,514	3322
584,719	3448
584,925	3450,33
585,13	3306,33
585,335	3198,33
585,541	3077,67
585,746	2904,67
585,952	2708,33
586,157	2614,33
586,362	2637
586,568	2779
586,773	2889,33
586,978	2975
587,183	2978
587,389	2890
587,594	2795
587,799	2719,67
588,004	2740
588,21	2667,67
588,415	2567
588,62	2462
588,825	2404
589,03	2513,33
589,235	2553,67
589,44	2552,33
589,645	2428
589,85	2411,67
590,055	2392,67
590,26	2328,67
590,465	2227,33
590,67	2255
590,875	2281,33
591,08	2268,33
591,285	2187,33
591,49	2112
591,695	2078
591,9	2074,67
592,105	2167,33
592,31	2424,67
592,515	2544,33
592,719	2536
592,924	2391
593,129	2356
593,334	2294,33
593,539	2312
593,743	2214,67
593,948	2172,33
594,153	2133,33
594,357	2165,67
594,562	2340,67
594,767	2206,33
594,971	2216,67
595,176	2122,33
595,381	2162
595,585	2189
595,79	2055,67
595,994	2177,67
596,199	2027,33
596,403	2035
596,608	1875,33
596,812	1985
597,017	2096,33
597,221	2148,33
597,426	2090,33
597,63	1965,67
597,835	1900,67
598,039	1864
598,243	2003,67
598,448	2099
598,652	2171,67
598,856	2077
599,061	2021,67
599,265	2012,33
599,469	2062,33
599,673	2037,67
599,878	2001
600,082	1846
600,286	1927,67
600,49	1919,67
600,695	2002,67
600,899	1947,33
601,103	2010,67
601,307	2021
601,511	1962,67
601,715	1870,67
601,919	1906,67
602,123	1940,33
602,327	1994,33
602,531	2005,33
602,735	2076,33
602,939	2095,33
603,143	2084,67
603,347	2025,33
603,551	1986,67
603,755	1925
603,959	1923,67
604,163	1916,67
604,367	1928
604,571	1945,67
604,775	1959
604,978	1944
605,182	1923,67
605,386	1930,67
605,59	1923
605,793	1950,67
605,997	1966,33
606,201	1989,67
606,405	1976,67
606,608	1948,67
606,812	1990,33
607,016	1941,67
607,219	1887,67
607,423	1880,67
607,627	1866,33
607,83	1866,67
608,034	1821
608,237	1774,33
608,441	1848,33
608,644	1960,33
608,848	1964
609,051	1895
609,255	1834,67
609,458	1899,67
609,662	1974,67
609,865	1879,33
610,069	1810,33
610,272	1741
610,475	1781,33
610,679	1834,33
610,882	1876,67
611,085	1916,67
611,289	1924,67
611,492	1876,67
611,695	1767,67
611,898	1781,33
612,102	1801,67
612,305	1872
612,508	1884
612,711	1853
612,914	1848,67
613,118	1825,33
613,321	1834,67
613,524	1798
613,727	1763,67
613,93	1796,67
614,133	1829,67
614,336	1830
614,539	1777,33
614,742	1752
614,945	1802,67
615,148	1846
615,351	1907
615,554	1813,67
615,757	1839,67
615,96	1771,67
616,163	1865,33
616,366	1823,33
616,569	1826
616,772	1793,67
616,974	1812,67
617,177	1858
617,38	1894
617,583	1848,33
617,786	1752
617,988	1763,33
618,191	1760,67
618,394	1765,67
618,596	1670,33
618,799	1704,67
619,002	1772,33
619,204	1819,67
619,407	1787
619,61	1756,33
619,812	1733,33
620,015	1822
620,217	1849,33
620,42	1832,67
620,623	1755,67
620,825	1777,33
621,028	1826,67
621,23	1865,33
621,432	1895,67
621,635	1893
621,837	1852,67
622,04	1770,33
622,242	1738,33
622,445	1778,33
622,647	1847
622,849	1803
623,052	1813,67
623,254	1710,67
623,456	1788
623,658	1778
623,861	1823,67
624,063	1910
624,265	1926
624,467	1901
624,67	1808
624,872	1820,67
625,074	1864,33
625,276	1895
625,478	1869,67
625,68	1716,33
625,882	1666,33
626,084	1680,33
626,287	1845
626,489	1845,67
626,691	1809,67
626,893	1807,67
627,095	1817,33
627,297	1800,33
627,499	1701,33
627,7	1627,67
627,902	1571,33
628,104	1611,33
628,306	1647,33
628,508	1701,33
628,71	1722,67
628,912	1814,67
629,114	1794
629,315	1778
629,517	1674
629,719	1672,67
629,921	1675,67
630,122	1658,67
630,324	1726,33
630,526	1763,33
630,728	1770,67
630,929	1702,67
631,131	1761,67
631,332	1818,67
631,534	1861,67
631,736	1732,67
631,937	1705,33
632,139	1694
632,34	1754,33
632,542	1686,67
632,743	1627
632,945	1609
633,146	1680
633,348	1687
633,549	1689,33
633,751	1666,67
633,952	1639,33
634,154	1608,33
634,355	1582,33
634,556	1629,67
634,758	1633,33
634,959	1687
635,16	1677,33
635,362	1692,67
635,563	1671
635,764	1709,33
635,965	1718
636,167	1708,67
636,368	1686,33
636,569	1705
636,77	1669
636,971	1713
637,172	1650,33
637,374	1746,67
637,575	1673,33
637,776	1631
637,977	1598,67
638,178	1608,33
638,379	1692
638,58	1622
638,781	1633,33
638,982	1603
639,183	1621,67
639,384	1601,67
639,585	1587,67
639,786	1601
639,987	1650,67
640,187	1697,33
640,388	1662,33
640,589	1604
640,79	1563,67
640,991	1674
641,192	1672
641,392	1658,33
641,593	1541
641,794	1594
641,995	1574,67
642,195	1601,33
642,396	1419,33
642,597	1486,33
642,797	1556
642,998	1654,33
643,199	1643
643,399	1533,67
643,6	1515,33
643,8	1508,67
644,001	1551
644,202	1597,33
644,402	1612
644,603	1571,67
644,803	1609,33
645,004	1517,67
645,204	1582,67
645,404	1644,33
645,605	1680,67
645,805	1661
646,006	1698,67
646,206	1697
646,406	1635,33
646,607	1446,33
646,807	935
647,007	459,33
647,208	-6,33
647,408	3,33
647,608	12
