200,697	961,67
200,927	60,67
201,158	70,67
201,388	64,67
201,618	1136,67
201,849	1128,67
202,079	1434,67
202,309	1195,67
202,539	1356,67
202,77	1463,67
203	1353,67
203,23	1343,67
203,46	1283,67
203,691	1319,67
203,921	1334,67
204,151	1453,67
204,381	1263,67
204,611	1342,67
204,841	1244,67
205,071	1284,67
205,302	1413,67
205,532	1423,67
205,762	3201,67
205,992	1262,67
206,222	1230,67
206,452	1365,67
206,682	1310,67
206,912	1477,67
207,142	1453,67
207,372	1369,67
207,602	1359,67
207,832	1335,67
208,062	1414,67
208,292	1378,67
208,522	1194,67
208,752	1382,67
208,982	1306,67
209,212	1449,67
209,442	1306,67
209,672	1269,67
209,902	1298,67
210,131	1402,67
210,361	1257,67
210,591	1444,67
210,821	1315,67
211,051	1431,67
211,281	1463,67
211,51	1699,67
211,74	1382,67
211,97	1356,67
212,2	1322,67
212,429	1567,67
212,659	1301,67
212,889	1404,67
213,119	1304,67
213,348	1265,67
213,578	1476,67
213,808	1456,67
214,037	1469,67
214,267	1378,67
214,497	1392,67
214,726	1362,67
214,956	1282,67
215,186	1345,67
215,415	1380,67
215,645	1454,67
215,874	1402,67
216,104	1267,67
216,333	1323,67
216,563	1495,67
216,792	1400,67
217,022	1297,67
217,251	1542,67
217,481	1272,67
217,71	1392,67
217,94	1390,67
218,169	1378,67
218,399	1323,67
218,628	1355,67
218,858	1543,67
219,087	1442,67
219,316	1394,67
219,546	1359,67
219,775	1403,67
220,004	1421,67
220,234	1394,67
220,463	1392,67
220,692	1439,67
220,922	1295,67
221,151	1342,67
221,38	1405,67
221,61	1732,67
221,839	1810,67
222,068	1331,67
222,297	1525,67
222,526	1459,67
222,756	1477,67
222,985	1515,67
223,214	1419,67
223,443	1447,67
223,672	1844,67
223,902	1393,67
224,131	1409,67
224,36	1554,67
224,589	1338,67
224,818	1423,67
225,047	1522,67
225,276	1439,67
225,505	1679,67
225,734	1419,67
225,963	1530,67
226,192	1453,67
226,421	1404,67
226,65	1711,67
226,879	1384,67
227,108	1602,67
227,337	1598,67
227,566	1677,67
227,795	1497,67
228,024	1545,67
228,253	1493,67
228,482	1390,67
228,711	1577,67
228,94	1418,67
229,168	1504,67
229,397	1513,67
229,626	1529,67
229,855	1512,67
230,084	1506,67
230,313	1407,67
230,541	1690,67
230,77	1472,67
230,999	1455,67
231,228	1850,67
231,456	1582,67
231,685	1528,67
231,914	1575,67
232,143	1580,67
232,371	1645,67
232,6	1702,67
232,829	1600,67
233,057	1720,67
233,286	1658,67
233,515	1622,67
233,743	1712,67
233,972	1654,67
234,2	1750,67
234,429	1614,67
234,658	1857,67
234,886	1662,67
235,115	1720,67
235,343	1821,67
235,572	1820,67
235,8	1858,67
236,029	1987,67
236,257	1695,67
236,486	1869,67
236,714	1823,67
236,943	1880,67
237,171	1777,67
237,399	1786,67
237,628	1894,67
237,856	1900,67
238,085	1870,67
238,313	1838,67
238,541	1938,67
238,77	2114,67
238,998	1776,67
239,226	1981,67
239,455	1903,67
239,683	1949,67
239,911	2121,67
240,14	1856,67
240,368	2038,67
240,596	1954,67
240,824	2012,67
241,053	1917,67
241,281	2009,67
241,509	2055,67
241,737	2006,67
241,965	1938,67
242,193	2001,67
242,422	2026,67
242,65	2057,67
242,878	2085,67
243,106	2126,67
243,334	2136,67
243,562	2217,67
243,79	2194,67
244,018	2201,67
244,246	2200,67
244,474	2163,67
244,702	2182,67
244,93	2338,67
245,158	2296,67
245,386	2164,67
245,614	2320,67
245,842	2097,67
246,07	2226,67
246,298	2426,67
246,526	2709,67
246,754	2214,67
246,982	2356,67
247,21	2516,67
247,438	2391,67
247,666	2301,67
247,893	2439,67
248,121	2380,67
248,349	2362,67
248,577	2402,67
248,805	2596,67
249,033	2393,67
249,26	2545,67
249,488	2322,67
249,716	2581,67
249,944	2443,67
250,171	2407,67
250,399	2375,67
250,627	2649,67
250,854	2553,67
251,082	2486,67
251,31	2576,67
251,537	2591,67
251,765	2769,67
251,993	2498,67
252,22	2866,67
252,448	2485,67
252,676	2653,67
252,903	2714,67
253,131	2889,67
253,358	2594,67
253,586	2675,67
253,813	2543,67
254,041	2597,67
254,268	2694,67
254,496	2796,67
254,723	2685,67
254,951	2815,67
255,178	2742,67
255,406	2911,67
255,633	2701,67
255,86	2906,67
256,088	2752,67
256,315	2687,67
256,543	2888,67
256,77	2807,67
256,997	2799,67
257,225	2853,67
257,452	2728,67
257,679	2740,67
257,907	2894,67
258,134	2756,67
258,361	2831,67
258,588	2882,67
258,816	2795,67
259,043	2794,67
259,27	2836,67
259,497	2899,67
259,725	2750,67
259,952	3018,67
260,179	2693,67
260,406	2838,67
260,633	2869,67
260,86	2857,67
261,088	2842,67
261,315	2999,67
261,542	2872,67
261,769	2722,67
261,996	3082,67
262,223	2978,67
262,45	3022,67
262,677	2608,67
262,904	2656,67
263,131	2923,67
263,358	2752,67
263,585	2879,67
263,812	3275,67
264,039	2872,67
264,266	2847,67
264,493	2833,67
264,72	2710,67
264,947	2753,67
265,174	2909,67
265,401	2858,67
265,627	2885,67
265,854	2796,67
266,081	2797,67
266,308	2787,67
266,535	2695,67
266,762	2760,67
266,988	2753,67
267,215	2728,67
267,442	2666,67
267,669	2835,67
267,896	2779,67
268,122	2942,67
268,349	2765,67
268,576	2545,67
268,802	2590,67
269,029	2656,67
269,256	2707,67
269,482	2670,67
269,709	2659,67
269,936	2590,67
270,162	2743,67
270,389	2648,67
270,616	2704,67
270,842	2786,67
271,069	2717,67
271,295	2704,67
271,522	2593,67
271,748	2687,67
271,975	2775,67
272,201	2767,67
272,428	2753,67
272,654	2648,67
272,881	2862,67
273,107	2580,67
273,334	2482,67
273,56	2736,67
273,787	2592,67
274,013	2798,67
274,239	3135,67
274,466	2701,67
274,692	2746,67
274,918	2718,67
275,145	2696,67
275,371	2770,67
275,597	2831,67
275,824	2685,67
276,05	2770,67
276,276	2836,67
276,503	2636,67
276,729	2781,67
276,955	2656,67
277,181	2720,67
277,407	2733,67
277,634	2768,67
277,86	2812,67
278,086	2813,67
278,312	2707,67
278,538	2657,67
278,764	2729,67
278,991	2810,67
279,217	2557,67
279,443	2640,67
279,669	2657,67
279,895	2769,67
280,121	2626,67
280,347	2679,67
280,573	2670,67
280,799	2629,67
281,025	2868,67
281,251	2690,67
281,477	2807,67
281,703	2604,67
281,929	2692,67
282,155	2659,67
282,381	2874,67
282,607	2787,67
282,833	2807,67
283,059	2862,67
283,285	2784,67
283,51	2662,67
283,736	2654,67
283,962	2890,67
284,188	2776,67
284,414	2792,67
284,64	2841,67
284,865	2838,67
285,091	2724,67
285,317	2899,67
285,543	2909,67
285,768	2845,67
285,994	2816,67
286,22	3030,67
286,446	2869,67
286,671	2701,67
286,897	2821,67
287,123	2801,67
287,348	2890,67
287,574	3325,67
287,799	2883,67
288,025	2788,67
288,251	2975,67
288,476	2984,67
288,702	2809,67
288,927	2918,67
289,153	2800,67
289,378	2902,67
289,604	2941,67
289,829	2937,67
290,055	2828,67
290,28	2903,67
290,506	2979,67
290,731	2888,67
290,957	2993,67
291,182	3059,67
291,408	3061,67
291,633	2943,67
291,858	2910,67
292,084	2940,67
292,309	2929,67
292,535	2898,67
292,76	3017,67
292,985	2988,67
293,211	2598,67
293,436	2850,67
293,661	2832,67
293,886	2878,67
294,112	2981,67
294,337	2957,67
294,562	2830,67
294,787	3060,67
295,013	2970,67
295,238	2856,67
295,463	3002,67
295,688	3127,67
295,913	2918,67
296,138	3054,67
296,364	2940,67
296,589	2912,67
296,814	2625,67
297,039	2860,67
297,264	2925,67
297,489	2846,67
297,714	3011,67
297,939	2657,67
298,164	2877,67
298,389	3031,67
298,614	2811,67
298,839	2936,67
299,064	3031,67
299,289	3002,67
299,514	3018,67
299,739	2957,67
299,964	2963,67
300,189	3011,67
300,414	3166,67
300,639	3164,67
300,863	3045,67
301,088	3357,67
301,313	3106,67
301,538	3267,67
301,763	3063,67
301,988	3187,67
302,212	3148,67
302,437	3410,67
302,662	3208,67
302,887	3024,67
303,111	3141,67
303,336	3312,67
303,561	3208,67
303,786	3026,67
304,01	3197,67
304,235	3110,67
304,46	3025,67
304,684	3076,67
304,909	3130,67
305,134	2949,67
305,358	3100,67
305,583	3127,67
305,807	3264,67
306,032	2709,67
306,256	3098,67
306,481	3098,67
306,706	3031,67
306,93	3038,67
307,155	3321,67
307,379	3059,67
307,604	3072,67
307,828	3097,67
308,052	3342,67
308,277	3267,67
308,501	3239,67
308,726	3367,67
308,95	3245,67
309,175	3293,67
309,399	3340,67
309,623	3343,67
309,848	3193,67
310,072	3204,67
310,296	3613,67
310,521	3439,67
310,745	3459,67
310,969	3597,67
311,193	3567,67
311,418	3508,67
311,642	3438,67
311,866	3521,67
312,09	3555,67
312,315	3520,67
312,539	3649,67
312,763	3579,67
312,987	3698,67
313,211	3664,67
313,435	3835,67
313,659	3778,67
313,884	4122,67
314,108	4035,67
314,332	4130,67
314,556	4047,67
314,78	4327,67
315,004	4254,67
315,228	4321,67
315,452	4472,67
315,676	4478,67
315,9	4533,67
316,124	4490,67
316,348	4777,67
316,572	4587,67
316,796	5020,67
317,02	5012,67
317,244	5035,67
317,468	5061,67
317,691	5622,67
317,915	5447,67
318,139	5418,67
318,363	5973,67
318,587	5748,67
318,811	5717,67
319,034	5954,67
319,258	6071,67
319,482	6170,67
319,706	6282,67
319,93	6302,67
320,153	6137,67
320,377	6490,67
320,601	6578,67
320,824	6537,67
321,048	6928,67
321,272	7043,67
321,495	6900,67
321,719	7242,67
321,943	7317,67
322,166	7303,67
322,39	7530,67
322,614	7575,67
322,837	7655,67
323,061	7555,67
323,284	7911,67
323,508	7958,67
323,731	7973,67
323,955	8094,67
324,178	8064,67
324,402	8151,67
324,625	8208,67
324,849	8225,67
325,072	8366,67
325,296	8543,67
325,519	8538,67
325,743	8367,67
325,966	8718,67
326,189	8696,67
326,413	8527,67
326,636	9002,67
326,859	8850,67
327,083	8883,67
327,306	8634,67
327,529	8641,67
327,753	8598,67
327,976	8798,67
328,199	8814,67
328,422	8740,67
328,646	8829,67
328,869	8778,67
329,092	8950,67
329,315	9082,67
329,538	9188,67
329,762	9179,67
329,985	9167,67
330,208	9098,67
330,431	9356,67
330,654	9659,67
330,877	9518,67
331,1	9554,67
331,323	9484,67
331,546	9536,67
331,769	9560,67
331,993	9565,67
332,216	9552,67
332,439	9537,67
332,662	9705,67
332,885	9610,67
333,107	9502,67
333,33	9558,67
333,553	9776,67
333,776	9803,67
333,999	9824,67
334,222	9610,67
334,445	9714,67
334,668	9753,67
334,891	9786,67
335,114	9555,67
335,336	9725,67
335,559	9788,67
335,782	10018,67
336,005	9825,67
336,228	9782,67
336,45	9681,67
336,673	9750,67
336,896	9876,67
337,119	9770,67
337,341	9795,67
337,564	9920,67
337,787	9970,67
338,009	9844,67
338,232	9972,67
338,455	10045,67
338,677	9760,67
338,9	9848,67
339,122	9944,67
339,345	9747,67
339,568	9775,67
339,79	9808,67
340,013	9631,67
340,235	9848,67
340,458	9796,67
340,68	10052,67
340,903	9862,67
341,125	9881,67
341,348	9866,67
341,57	9839,67
341,793	10101,67
342,015	9627,67
342,238	9827,67
342,46	9880,67
342,682	9774,67
342,905	9718,67
343,127	10038,67
343,349	9597,67
343,572	9724,67
343,794	9645,67
344,016	9600,67
344,239	9600,67
344,461	9764,67
344,683	9653,67
344,905	9758,67
345,128	9794,67
345,35	9992,67
345,572	10069,67
345,794	10070,67
346,017	10040,67
346,239	10119,67
346,461	10159,67
346,683	10173,67
346,905	10332,67
347,127	10246,67
347,349	10367,67
347,571	10354,67
347,793	10508,67
348,016	10312,67
348,238	10431,67
348,46	10411,67
348,682	10330,67
348,904	10406,67
349,126	10444,67
349,348	10412,67
349,57	10349,67
349,792	10341,67
350,014	10365,67
350,235	10417,67
350,457	10663,67
350,679	10463,67
350,901	10440,67
351,123	10449,67
351,345	10311,67
351,567	10548,67
351,789	10536,67
352,01	10443,67
352,232	10455,67
352,454	10090,67
352,676	10375,67
352,897	10217,67
353,119	9904,67
353,341	9850,67
353,563	9743,67
353,784	9464,67
354,006	9721,67
354,228	9832,67
354,449	9870,67
354,671	10150,67
354,893	10310,67
355,114	10435,67
355,336	10385,67
355,558	10581,67
355,779	10542,67
356,001	10574,67
356,222	10588,67
356,444	10557,67
356,665	11166,67
356,887	10671,67
357,108	10632,67
357,33	10546,67
357,551	10900,67
357,773	10652,67
357,994	10767,67
358,216	10670,67
358,437	10796,67
358,659	11035,67
358,88	10738,67
359,101	10704,67
359,323	10884,67
359,544	10894,67
359,765	10720,67
359,987	10693,67
360,208	10798,67
360,429	10775,67
360,651	10691,67
360,872	10977,67
361,093	10849,67
361,314	10917,67
361,536	10751,67
361,757	10848,67
361,978	10738,67
362,199	10696,67
362,42	10733,67
362,642	10861,67
362,863	11111,67
363,084	11130,67
363,305	10791,67
363,526	10810,67
363,747	10839,67
363,968	10760,67
364,189	10922,67
364,41	10841,67
364,631	10713,67
364,852	10875,67
365,073	10690,67
365,294	10806,67
365,515	10658,67
365,736	10990,67
365,957	10977,67
366,178	10910,67
366,399	10888,67
366,62	11182,67
366,841	11133,67
367,062	11130,67
367,283	11276,67
367,504	11162,67
367,724	11092,67
367,945	10998,67
368,166	11296,67
368,387	11248,67
368,608	11330,67
368,828	11320,67
369,049	11209,67
369,27	11493,67
369,491	11237,67
369,711	11303,67
369,932	11249,67
370,153	11232,67
370,373	11266,67
370,594	11314,67
370,815	11391,67
371,035	11406,67
371,256	11238,67
371,477	11199,67
371,697	11346,67
371,918	11082,67
372,138	11230,67
372,359	11301,67
372,579	11148,67
372,8	11336,67
373,02	11331,67
373,241	11202,67
373,461	11338,67
373,682	11363,67
373,902	11279,67
374,123	11241,67
374,343	11552,67
374,564	11248,67
374,784	11291,67
375,004	11384,67
375,225	11102,67
375,445	11076,67
375,666	11391,67
375,886	10875,67
376,106	10882,67
376,326	10961,67
376,547	11311,67
376,767	11332,67
376,987	11474,67
377,208	11442,67
377,428	11402,67
377,648	11829,67
377,868	11863,67
378,088	12078,67
378,309	12009,67
378,529	12184,67
378,749	12079,67
378,969	12207,67
379,189	12244,67
379,409	12168,67
379,629	11836,67
379,849	11914,67
380,069	11908,67
380,29	11793,67
380,51	11853,67
380,73	11829,67
380,95	11793,67
381,17	11712,67
381,39	11628,67
381,61	11248,67
381,829	11709,67
382,049	11632,67
382,269	11651,67
382,489	11644,67
382,709	11512,67
382,929	11545,67
383,149	11326,67
383,369	11613,67
383,589	11203,67
383,808	11436,67
384,028	11380,67
384,248	11504,67
384,468	11354,67
384,688	11613,67
384,907	11349,67
385,127	11608,67
385,347	11664,67
385,567	11583,67
385,786	11921,67
386,006	11711,67
386,226	12017,67
386,445	11942,67
386,665	12035,67
386,885	12397,67
387,104	12362,67
387,324	12299,67
387,543	12354,67
387,763	12609,67
387,982	12758,67
388,202	12740,67
388,422	12723,67
388,641	12500,67
388,861	12416,67
389,08	12557,67
389,3	12031,67
389,519	12347,67
389,738	12235,67
389,958	12376,67
390,177	12254,67
390,397	12286,67
390,616	12378,67
390,836	12486,67
391,055	12403,67
391,274	12422,67
391,494	12629,67
391,713	12724,67
391,932	12953,67
392,151	13042,67
392,371	13204,67
392,59	13465,67
392,809	13373,67
393,029	13112,67
393,248	12910,67
393,467	12185,67
393,686	12186,67
393,905	12863,67
394,124	12122,67
394,344	12246,67
394,563	12305,67
394,782	12119,67
395,001	12360,67
395,22	12283,67
395,439	11981,67
395,658	12324,67
395,877	12511,67
396,096	12366,67
396,315	12743,67
396,534	12703,67
396,753	12828,67
396,972	12836,67
397,191	13060,67
397,41	13354,67
397,629	13538,67
397,848	13555,67
398,067	13677,67
398,286	13515,67
398,505	13706,67
398,724	13610,67
398,943	13617,67
399,161	12771,67
399,38	13064,67
399,599	12681,67
399,818	12250,67
400,037	12695,67
400,255	12575,67
400,474	12314,67
400,693	12446,67
400,912	12640,67
401,13	12335,67
401,349	12170,67
401,568	12024,67
401,786	12035,67
402,005	11977,67
402,224	11961,67
402,442	11916,67
402,661	11887,67
402,88	11720,67
403,098	11829,67
403,317	11897,67
403,535	11842,67
403,754	11806,67
403,972	11910,67
404,191	12020,67
404,409	12053,67
404,628	12754,67
404,846	12413,67
405,065	12472,67
405,283	12540,67
405,502	12353,67
405,72	12353,67
405,938	12024,67
406,157	11632,67
406,375	11593,67
406,594	11638,67
406,812	11459,67
407,03	11506,67
407,249	11143,67
407,467	11435,67
407,685	11609,67
407,903	11738,67
408,122	11871,67
408,34	11962,67
408,558	12044,67
408,776	12009,67
408,995	12034,67
409,213	11873,67
409,431	12008,67
409,649	11898,67
409,867	11704,67
410,085	11748,67
410,303	11530,67
410,522	11321,67
410,74	11394,67
410,958	11438,67
411,176	11487,67
411,394	11336,67
411,612	11428,67
411,83	11644,67
412,048	11622,67
412,266	11722,67
412,484	11931,67
412,702	11998,67
412,92	11647,67
413,138	11724,67
413,356	11584,67
413,573	11589,67
413,791	11807,67
414,009	11254,67
414,227	11402,67
414,445	11033,67
414,663	11053,67
414,881	11046,67
415,098	11082,67
415,316	11122,67
415,534	11404,67
415,752	11016,67
415,969	11409,67
416,187	11090,67
416,405	11322,67
416,623	11295,67
416,84	11133,67
417,058	11136,67
417,276	11281,67
417,493	11164,67
417,711	11074,67
417,928	10976,67
418,146	11145,67
418,364	11194,67
418,581	11056,67
418,799	11087,67
419,016	11033,67
419,234	11182,67
419,451	11681,67
419,669	11487,67
419,886	11514,67
420,104	11553,67
420,321	11566,67
420,539	11802,67
420,756	12164,67
420,974	12333,67
421,191	12567,67
421,408	12707,67
421,626	12697,67
421,843	12632,67
422,06	12349,67
422,278	11995,67
422,495	11853,67
422,712	11927,67
422,93	11691,67
423,147	11841,67
423,364	11744,67
423,581	11566,67
423,799	11506,67
424,016	11357,67
424,233	11439,67
424,45	11531,67
424,667	11585,67
424,884	11546,67
425,102	11650,67
425,319	11263,67
425,536	10949,67
425,753	11138,67
425,97	10888,67
426,187	10806,67
426,404	10857,67
426,621	11400,67
426,838	11432,67
427,055	11966,67
427,272	11505,67
427,489	11573,67
427,706	11610,67
427,923	11384,67
428,14	11170,67
428,357	11489,67
428,574	11625,67
428,791	11670,67
429,008	11938,67
429,224	12364,67
429,441	12618,67
429,658	13018,67
429,875	13239,67
430,092	13094,67
430,308	12933,67
430,525	12613,67
430,742	12366,67
430,959	12146,67
431,175	11592,67
431,392	11122,67
431,609	11010,67
431,826	10399,67
432,042	10282,67
432,259	10336,67
432,476	10573,67
432,692	10548,67
432,909	10766,67
433,125	11249,67
433,342	11805,67
433,559	11912,67
433,775	11789,67
433,992	11684,67
434,208	11152,67
434,425	10689,67
434,641	10730,67
434,858	11006,67
435,074	10879,67
435,291	10808,67
435,507	10695,67
435,723	10929,67
435,94	11030,67
436,156	11120,67
436,373	11329,67
436,589	11119,67
436,805	11062,67
437,022	10751,67
437,238	10681,67
437,454	10548,67
437,671	10750,67
437,887	10899,67
438,103	10890,67
438,319	10878,67
438,536	11162,67
438,752	10969,67
438,968	10778,67
439,184	10777,67
439,4	10625,67
439,616	10478,67
439,833	10515,67
440,049	10346,67
440,265	10722,67
440,481	10813,67
440,697	11348,67
440,913	11808,67
441,129	12088,67
441,345	12290,67
441,561	12133,67
441,777	11871,67
441,993	11558,67
442,209	11177,67
442,425	11294,67
442,641	11291,67
442,857	11538,67
443,073	11478,67
443,289	11569,67
443,505	11728,67
443,721	11578,67
443,937	11493,67
444,152	11234,67
444,368	11162,67
444,584	10994,67
444,8	11182,67
445,016	11010,67
445,231	10491,67
445,447	10896,67
445,663	10793,67
445,879	10885,67
446,094	11013,67
446,31	10983,67
446,526	10966,67
446,742	10773,67
446,957	10559,67
447,173	10500,67
447,388	10741,67
447,604	10564,67
447,82	10350,67
448,035	10312,67
448,251	10482,67
448,466	10553,67
448,682	10389,67
448,897	10410,67
449,113	10468,67
449,328	10533,67
449,544	10157,67
449,759	10710,67
449,975	10313,67
450,19	10186,67
450,406	10050,67
450,621	9862,67
450,836	9799,67
451,052	9802,67
451,267	9857,67
451,483	9936,67
451,698	9750,67
451,913	9815,67
452,129	9868,67
452,344	9672,67
452,559	9491,67
452,774	9451,67
452,99	9335,67
453,205	9288,67
453,42	9401,67
453,635	9171,67
453,85	9074,67
454,066	9199,67
454,281	9310,67
454,496	9189,67
454,711	9327,67
454,926	9497,67
455,141	9304,67
455,356	9377,67
455,571	9246,67
455,786	9103,67
456,001	8871,67
456,217	8745,67
456,432	8959,67
456,647	8999,67
456,861	9096,67
457,076	9365,67
457,291	9131,67
457,506	9294,67
457,721	9506,67
457,936	9557,67
458,151	9538,67
458,366	9655,67
458,581	9434,67
458,796	9667,67
459,01	9645,67
459,225	9703,67
459,44	9315,67
459,655	9533,67
459,87	9381,67
460,084	9293,67
460,299	9094,67
460,514	9192,67
460,729	9563,67
460,943	9160,67
461,158	8846,67
461,373	8714,67
461,587	8389,67
461,802	8157,67
462,016	8335,67
462,231	8063,67
462,446	8034,67
462,66	8192,67
462,875	8485,67
463,089	8508,67
463,304	8676,67
463,518	8700,67
463,733	8762,67
463,947	8876,67
464,162	8901,67
464,376	9259,67
464,591	9425,67
464,805	9240,67
465,02	9386,67
465,234	9295,67
465,448	9633,67
465,663	9463,67
465,877	9276,67
466,091	8871,67
466,306	8753,67
466,52	8677,67
466,734	8104,67
466,949	8030,67
467,163	8067,67
467,377	7950,67
467,591	8260,67
467,806	8097,67
468,02	7868,67
468,234	7739,67
468,448	7901,67
468,662	7725,67
468,876	7704,67
469,091	7401,67
469,305	7217,67
469,519	7147,67
469,733	6977,67
469,947	6989,67
470,161	7128,67
470,375	6971,67
470,589	7188,67
470,803	6929,67
471,017	6879,67
471,231	6934,67
471,445	6900,67
471,659	6989,67
471,873	7064,67
472,087	7044,67
472,301	7068,67
472,515	7267,67
472,728	7406,67
472,942	7446,67
473,156	7500,67
473,37	7572,67
473,584	7299,67
473,798	7340,67
474,011	7149,67
474,225	7400,67
474,439	7331,67
474,653	7657,67
474,866	7861,67
475,08	7725,67
475,294	7604,67
475,507	7310,67
475,721	7411,67
475,935	7390,67
476,148	7221,67
476,362	7079,67
476,576	7008,67
476,789	7011,67
477,003	7119,67
477,216	7101,67
477,43	7228,67
477,643	7490,67
477,857	7642,67
478,07	7388,67
478,284	7305,67
478,497	7170,67
478,711	7279,67
478,924	7248,67
479,138	7181,67
479,351	6992,67
479,564	7245,67
479,778	7674,67
479,991	7647,67
480,204	7640,67
480,418	7489,67
480,631	7378,67
480,844	7546,67
481,058	7549,67
481,271	7796,67
481,484	7802,67
481,697	7622,67
481,911	7557,67
482,124	7411,67
482,337	7362,67
482,55	7149,67
482,763	7103,67
482,976	7319,67
483,19	7217,67
483,403	7240,67
483,616	7486,67
483,829	7702,67
484,042	7787,67
484,255	8028,67
484,468	8135,67
484,681	8040,67
484,894	8503,67
485,107	12668,67
485,32	20196,67
485,533	24263,67
485,746	22676,67
485,959	19938,67
486,172	17246,67
486,385	13829,67
486,598	10829,67
486,81	9037,67
487,023	8290,67
487,236	8007,67
487,449	7555,67
487,662	7096,67
487,875	6951,67
488,087	6764,67
488,3	6777,67
488,513	6942,67
488,726	6586,67
488,938	6794,67
489,151	6807,67
489,364	6661,67
489,576	6653,67
489,789	6618,67
490,002	6536,67
490,214	6517,67
490,427	6336,67
490,64	6540,67
490,852	6552,67
491,065	6357,67
491,277	6423,67
491,49	6346,67
491,702	6295,67
491,915	6282,67
492,127	6309,67
492,34	6303,67
492,552	6331,67
492,765	6353,67
492,977	6452,67
493,19	6366,67
493,402	6320,67
493,614	6292,67
493,827	6339,67
494,039	6398,67
494,251	6326,67
494,464	6262,67
494,676	5972,67
494,888	5921,67
495,101	5816,67
495,313	5854,67
495,525	6123,67
495,737	6392,67
495,95	6645,67
496,162	6643,67
496,374	6554,67
496,586	6238,67
496,798	6110,67
497,01	5993,67
497,222	5541,67
497,435	5743,67
497,647	5545,67
497,859	5567,67
498,071	5744,67
498,283	5863,67
498,495	5905,67
498,707	6045,67
498,919	5922,67
499,131	6185,67
499,343	5998,67
499,555	6053,67
499,767	5921,67
499,979	5680,67
500,191	5860,67
500,402	5674,67
500,614	5882,67
500,826	6011,67
501,038	6069,67
501,25	6099,67
501,462	5766,67
501,673	6044,67
501,885	6020,67
502,097	6071,67
502,309	5875,67
502,521	5930,67
502,732	6001,67
502,944	6019,67
503,156	5942,67
503,367	5823,67
503,579	5629,67
503,791	5647,67
504,002	5600,67
504,214	5650,67
504,425	5697,67
504,637	5682,67
504,849	5631,67
505,06	5638,67
505,272	5579,67
505,483	5444,67
505,695	5448,67
505,906	5354,67
506,118	5968,67
506,329	5504,67
506,541	5328,67
506,752	5311,67
506,963	5046,67
507,175	4900,67
507,386	5307,67
507,598	5309,67
507,809	5145,67
508,02	5265,67
508,232	5290,67
508,443	5200,67
508,654	5197,67
508,865	5063,67
509,077	4859,67
509,288	4894,67
509,499	5117,67
509,71	5021,67
509,922	5003,67
510,133	5073,67
510,344	5029,67
510,555	4862,67
510,766	4858,67
510,977	4909,67
511,188	4803,67
511,4	4706,67
511,611	4679,67
511,822	4680,67
512,033	4533,67
512,244	4622,67
512,455	4542,67
512,666	4639,67
512,877	4636,67
513,088	4559,67
513,299	4514,67
513,51	4523,67
513,721	4485,67
513,931	4483,67
514,142	4658,67
514,353	4434,67
514,564	4232,67
514,775	4281,67
514,986	4280,67
515,196	4327,67
515,407	4334,67
515,618	4416,67
515,829	4347,67
516,04	4404,67
516,25	4436,67
516,461	4508,67
516,672	4541,67
516,882	4243,67
517,093	4394,67
517,304	4117,67
517,514	4141,67
517,725	4258,67
517,936	4066,67
518,146	4165,67
518,357	4282,67
518,567	3977,67
518,778	4655,67
518,988	4236,67
519,199	4493,67
519,409	4182,67
519,62	4258,67
519,83	4127,67
520,041	4010,67
520,251	3964,67
520,462	4077,67
520,672	4002,67
520,882	4148,67
521,093	4126,67
521,303	4242,67
521,513	3959,67
521,724	4788,67
521,934	3833,67
522,144	3964,67
522,355	3866,67
522,565	4000,67
522,775	3945,67
522,985	3847,67
523,196	3937,67
523,406	3981,67
523,616	4392,67
523,826	4277,67
524,036	4755,67
524,246	3979,67
524,457	3836,67
524,667	3688,67
524,877	3901,67
525,087	3819,67
525,297	3878,67
525,507	3986,67
525,717	3698,67
525,927	3947,67
526,137	3882,67
526,347	3851,67
526,557	3840,67
526,767	3864,67
526,977	4080,67
527,187	3752,67
527,397	3810,67
527,607	3720,67
527,816	3765,67
528,026	3869,67
528,236	4093,67
528,446	4127,67
528,656	4152,67
528,865	4248,67
529,075	3938,67
529,285	3865,67
529,495	3887,67
529,704	3829,67
529,914	3789,67
530,124	3776,67
530,334	3591,67
530,543	3678,67
530,753	4020,67
530,963	3921,67
531,172	3610,67
531,382	3610,67
531,591	3889,67
531,801	3563,67
532,01	3514,67
532,22	3589,67
532,43	3828,67
532,639	3925,67
532,849	3802,67
533,058	3868,67
533,267	4080,67
533,477	3852,67
533,686	3738,67
533,896	3810,67
534,105	3801,67
534,315	3920,67
534,524	3806,67
534,733	3746,67
534,943	3811,67
535,152	3750,67
535,361	3473,67
535,57	3539,67
535,78	3445,67
535,989	3465,67
536,198	3266,67
536,407	3192,67
536,617	3336,67
536,826	3246,67
537,035	3415,67
537,244	3346,67
537,453	3338,67
537,662	3373,67
537,872	3753,67
538,081	3534,67
538,29	3436,67
538,499	3475,67
538,708	3489,67
538,917	3604,67
539,126	3532,67
539,335	3628,67
539,544	3945,67
539,753	3350,67
539,962	3368,67
540,171	3418,67
540,38	3543,67
540,589	3500,67
540,797	3647,67
541,006	3751,67
541,215	3580,67
541,424	3665,67
541,633	3581,67
541,842	3526,67
542,05	3806,67
542,259	3636,67
542,468	3587,67
542,677	3521,67
542,885	3543,67
543,094	3555,67
543,303	3503,67
543,512	3680,67
543,72	3686,67
543,929	3824,67
544,138	3729,67
544,346	3539,67
544,555	3655,67
544,763	3732,67
544,972	3706,67
545,18	3352,67
545,389	3382,67
545,598	3281,67
545,806	3420,67
546,015	3318,67
546,223	3248,67
546,431	3374,67
546,64	3310,67
546,848	3415,67
547,057	3555,67
547,265	3491,67
547,474	3701,67
547,682	3817,67
547,89	3870,67
548,099	3705,67
548,307	3468,67
548,515	3556,67
548,723	3397,67
548,932	3170,67
549,14	3209,67
549,348	3273,67
549,556	2959,67
549,765	3248,67
549,973	2870,67
550,181	3276,67
550,389	3073,67
550,597	3152,67
550,805	2953,67
551,014	3083,67
551,222	5219,67
551,43	3208,67
551,638	3523,67
551,846	3580,67
552,054	3630,67
552,262	3489,67
552,47	3230,67
552,678	3159,67
552,886	3288,67
553,094	3108,67
553,302	3282,67
553,51	3392,67
553,717	3234,67
553,925	3043,67
554,133	3278,67
554,341	2832,67
554,549	3072,67
554,757	3063,67
554,965	3191,67
555,172	3235,67
555,38	3497,67
555,588	3112,67
555,796	3261,67
556,003	3314,67
556,211	2915,67
556,419	2982,67
556,626	2948,67
556,834	2934,67
557,042	2815,67
557,249	2947,67
557,457	2908,67
557,664	2761,67
557,872	2761,67
558,08	2749,67
558,287	3145,67
558,495	2789,67
558,702	2754,67
558,91	2724,67
559,117	2670,67
559,325	2663,67
559,532	2783,67
559,74	3101,67
559,947	2861,67
560,154	3051,67
560,362	2933,67
560,569	2946,67
560,776	2913,67
560,984	2974,67
561,191	2828,67
561,398	2774,67
561,606	3075,67
561,813	2733,67
562,02	2485,67
562,227	2550,67
562,435	2667,67
562,642	2712,67
562,849	2727,67
563,056	2671,67
563,263	2737,67
563,471	2786,67
563,678	2732,67
563,885	2707,67
564,092	2782,67
564,299	2677,67
564,506	2691,67
564,713	2673,67
564,92	2763,67
565,127	2781,67
565,334	2625,67
565,541	2944,67
565,748	2692,67
565,955	2644,67
566,162	2657,67
566,369	2723,67
566,576	2852,67
566,783	2958,67
566,99	3099,67
567,196	3135,67
567,403	3108,67
567,61	3087,67
567,817	2970,67
568,024	3140,67
568,23	3254,67
568,437	3225,67
568,644	3333,67
568,851	3505,67
569,057	3905,67
569,264	4025,67
569,471	4066,67
569,677	4077,67
569,884	4091,67
570,091	3883,67
570,297	4788,67
570,504	4296,67
570,71	4364,67
570,917	4273,67
571,123	4016,67
571,33	4046,67
571,536	4134,67
571,743	4479,67
571,949	3775,67
572,156	3545,67
572,362	3432,67
572,569	3392,67
572,775	3931,67
572,982	4246,67
573,188	4298,67
573,394	4166,67
573,601	4170,67
573,807	4349,67
574,013	4641,67
574,22	4355,67
574,426	4105,67
574,632	4345,67
574,838	4138,67
575,045	3967,67
575,251	3556,67
575,457	3716,67
575,663	3646,67
575,869	3802,67
576,076	3644,67
576,282	4119,67
576,488	4137,67
576,694	4037,67
576,9	3862,67
577,106	4345,67
577,312	4914,67
577,518	5189,67
577,724	4968,67
577,93	4414,67
578,136	3993,67
578,342	3793,67
578,548	3608,67
578,754	3255,67
578,96	3287,67
579,166	3602,67
579,372	3960,67
579,578	3714,67
579,784	4097,67
579,989	3853,67
580,195	3714,67
580,401	3549,67
580,607	3658,67
580,813	4538,67
581,018	5667,67
581,224	5794,67
581,43	5342,67
581,636	5125,67
581,841	4930,67
582,047	4455,67
582,253	3909,67
582,458	3572,67
582,664	3219,67
582,869	3037,67
583,075	2786,67
583,281	3017,67
583,486	2794,67
583,692	3073,67
583,897	3326,67
584,103	3339,67
584,308	3353,67
584,514	3516,67
584,719	4154,67
584,925	3845,67
585,13	3661,67
585,335	3572,67
585,541	3426,67
585,746	3110,67
585,952	2805,67
586,157	2787,67
586,362	2815,67
586,568	3060,67
586,773	3321,67
586,978	3171,67
587,183	3143,67
587,389	3227,67
587,594	2841,67
587,799	2789,67
588,004	2855,67
588,21	2809,67
588,415	2732,67
588,62	2442,67
588,825	2440,67
589,03	2321,67
589,235	2714,67
589,44	2544,67
589,645	2338,67
589,85	2331,67
590,055	2417,67
590,26	2217,67
590,465	2185,67
590,67	2146,67
590,875	2247,67
591,08	2190,67
591,285	2137,67
591,49	2121,67
591,695	2004,67
591,9	2044,67
592,105	2327,67
592,31	2432,67
592,515	3114,67
592,719	2486,67
592,924	2401,67
593,129	2156,67
593,334	2265,67
593,539	2141,67
593,743	2198,67
593,948	1949,67
594,153	1909,67
594,357	2208,67
594,562	2124,67
594,767	2519,67
594,971	1986,67
595,176	2030,67
595,381	2058,67
595,585	1942,67
595,79	2022,67
595,994	1798,67
596,199	2199,67
596,403	1665,67
596,608	1716,67
596,812	1768,67
597,017	2302,67
597,221	2053,67
597,426	1971,67
597,63	1811,67
597,835	1663,67
598,039	1715,67
598,243	1839,67
598,448	2189,67
598,652	2130,67
598,856	1983,67
599,061	2029,67
599,265	1859,67
599,469	1791,67
599,673	1910,67
599,878	2033,67
600,082	1826,67
600,286	1906,67
600,49	1894,67
600,695	1886,67
600,899	1862,67
601,103	1909,67
601,307	1889,67
601,511	1798,67
601,715	1921,67
601,919	1673,67
602,123	1975,67
602,327	1889,67
602,531	1865,67
602,735	1968,67
602,939	2110,67
603,143	1830,67
603,347	1947,67
603,551	1799,67
603,755	1807,67
603,959	1786,67
604,163	1824,67
604,367	1685,67
604,571	1675,67
604,775	1850,67
604,978	1761,67
605,182	1738,67
605,386	2178,67
605,59	1768,67
605,793	1828,67
605,997	1841,67
606,201	1775,67
606,405	1795,67
606,608	1869,67
606,812	1817,67
607,016	1878,67
607,219	1739,67
607,423	1723,67
607,627	1906,67
607,83	1697,67
608,034	1670,67
608,237	1699,67
608,441	1642,67
608,644	1780,67
608,848	1755,67
609,051	1709,67
609,255	1645,67
609,458	2019,67
609,662	1711,67
609,865	1802,67
610,069	1582,67
610,272	1475,67
610,475	1606,67
610,679	1627,67
610,882	1600,67
611,085	1705,67
611,289	1715,67
611,492	1621,67
611,695	1601,67
611,898	1591,67
612,102	1708,67
612,305	1658,67
612,508	1681,67
612,711	1768,67
612,914	1617,67
613,118	1685,67
613,321	1642,67
613,524	1595,67
613,727	1519,67
613,93	1536,67
614,133	1704,67
614,336	1630,67
614,539	1632,67
614,742	1471,67
614,945	1597,67
615,148	1732,67
615,351	1700,67
615,554	1648,67
615,757	1502,67
615,96	1631,67
616,163	1576,67
616,366	1697,67
616,569	1639,67
616,772	1764,67
616,974	1592,67
617,177	1756,67
617,38	1557,67
617,583	1793,67
617,786	1586,67
617,988	1394,67
618,191	1709,67
618,394	1544,67
618,596	1553,67
618,799	1484,67
619,002	1580,67
619,204	1654,67
619,407	1631,67
619,61	1526,67
619,812	1576,67
620,015	1566,67
620,217	1704,67
620,42	1545,67
620,623	1515,67
620,825	1622,67
621,028	1741,67
621,23	1638,67
621,432	1661,67
621,635	1751,67
621,837	1644,67
622,04	1506,67
622,242	1856,67
622,445	1654,67
622,647	1649,67
622,849	1783,67
623,052	1568,67
623,254	1661,67
623,456	1520,67
623,658	1750,67
623,861	1713,67
624,063	1657,67
624,265	1646,67
624,467	1742,67
624,67	1498,67
624,872	1597,67
625,074	1776,67
625,276	1694,67
625,478	1696,67
625,68	1447,67
625,882	1588,67
626,084	1567,67
626,287	1672,67
626,489	1582,67
626,691	1605,67
626,893	1680,67
627,095	1502,67
627,297	1804,67
627,499	1520,67
627,7	1336,67
627,902	1444,67
628,104	1370,67
628,306	1495,67
628,508	1426,67
628,71	1556,67
628,912	1599,67
629,114	1765,67
629,315	1581,67
629,517	1434,67
629,719	1412,67
629,921	1544,67
630,122	1541,67
630,324	1578,67
630,526	1410,67
630,728	1699,67
630,929	1326,67
631,131	1425,67
631,332	1662,67
631,534	1646,67
631,736	1595,67
631,937	1408,67
632,139	1569,67
632,34	1570,67
632,542	1644,67
632,743	1536,67
632,945	1439,67
633,146	1519,67
633,348	1496,67
633,549	1472,67
633,751	1455,67
633,952	1526,67
634,154	1386,67
634,355	1477,67
634,556	1588,67
634,758	1326,67
634,959	1380,67
635,16	1526,67
635,362	1418,67
635,563	1407,67
635,764	1443,67
635,965	1511,67
636,167	1505,67
636,368	1494,67
636,569	1493,67
636,77	1602,67
636,971	1459,67
637,172	1525,67
637,374	1441,67
637,575	1574,67
637,776	1370,67
637,977	1380,67
638,178	1445,67
638,379	1430,67
638,58	1567,67
638,781	1288,67
638,982	1707,67
639,183	1608,67
639,384	1412,67
639,585	1421,67
639,786	1262,67
639,987	1363,67
640,187	1569,67
640,388	1533,67
640,589	1330,67
640,79	1434,67
640,991	1586,67
641,192	1597,67
641,392	1374,67
641,593	1407,67
641,794	1296,67
641,995	1376,67
642,195	1263,67
642,396	1415,67
642,597	1413,67
642,797	1398,67
642,998	1298,67
643,199	1422,67
643,399	1438,67
643,6	1288,67
643,8	1348,67
644,001	1689,67
644,202	1461,67
644,402	1382,67
644,603	1483,67
644,803	1274,67
645,004	1484,67
645,204	1309,67
645,404	1414,67
645,605	1734,67
645,805	1429,67
646,006	1402,67
646,206	1711,67
646,406	1351,67
646,607	1182,67
646,807	1158,67
647,007	-38,33
647,208	-218,33
647,408	165,67
647,608	-44,33
