200,697	947,33
200,927	19,33
201,158	-14,67
201,388	35,33
201,618	1213,33
201,849	1137,33
202,079	1303,33
202,309	1235,33
202,539	1325,33
202,77	1301,33
203	1337,33
203,23	1282,33
203,46	1304,33
203,691	1301,33
203,921	1355,33
204,151	1261,33
204,381	1258,33
204,611	1287,33
204,841	1284,33
205,071	1340,33
205,302	1337,33
205,532	1347,33
205,762	3333,33
205,992	1294,33
206,222	1300,33
206,452	1390,33
206,682	1313,33
206,912	1385,33
207,142	1385,33
207,372	1369,33
207,602	1258,33
207,832	1374,33
208,062	1282,33
208,292	1510,33
208,522	1225,33
208,752	1298,33
208,982	1300,33
209,212	1447,33
209,442	1326,33
209,672	1249,33
209,902	1284,33
210,131	1387,33
210,361	1214,33
210,591	1357,33
210,821	1277,33
211,051	1454,33
211,281	1336,33
211,51	1349,33
211,74	1367,33
211,97	1243,33
212,2	1508,33
212,429	1593,33
212,659	1430,33
212,889	1346,33
213,119	1191,33
213,348	1332,33
213,578	1425,33
213,808	1300,33
214,037	1447,33
214,267	1452,33
214,497	1365,33
214,726	1289,33
214,956	1276,33
215,186	1302,33
215,415	1390,33
215,645	1380,33
215,874	1412,33
216,104	1292,33
216,333	1360,33
216,563	1362,33
216,792	1368,33
217,022	1467,33
217,251	1401,33
217,481	1173,33
217,71	1591,33
217,94	1314,33
218,169	1421,33
218,399	1442,33
218,628	1355,33
218,858	1509,33
219,087	1384,33
219,316	1111,33
219,546	1420,33
219,775	1398,33
220,004	1464,33
220,234	1486,33
220,463	1418,33
220,692	1357,33
220,922	1361,33
221,151	1473,33
221,38	1395,33
221,61	1746,33
221,839	1373,33
222,068	1345,33
222,297	1454,33
222,526	1434,33
222,756	1422,33
222,985	1484,33
223,214	1366,33
223,443	1489,33
223,672	1829,33
223,902	1334,33
224,131	1386,33
224,36	1470,33
224,589	1329,33
224,818	1405,33
225,047	1524,33
225,276	1373,33
225,505	1684,33
225,734	1408,33
225,963	1398,33
226,192	1469,33
226,421	1420,33
226,65	1470,33
226,879	1367,33
227,108	1585,33
227,337	1347,33
227,566	1625,33
227,795	1498,33
228,024	1503,33
228,253	1461,33
228,482	1392,33
228,711	1555,33
228,94	1406,33
229,168	1494,33
229,397	1499,33
229,626	1520,33
229,855	1501,33
230,084	1470,33
230,313	1443,33
230,541	1666,33
230,77	1545,33
230,999	1436,33
231,228	1717,33
231,456	1699,33
231,685	1520,33
231,914	1689,33
232,143	1570,33
232,371	1575,33
232,6	1607,33
232,829	1556,33
233,057	1585,33
233,286	1656,33
233,515	1688,33
233,743	1619,33
233,972	1622,33
234,2	1607,33
234,429	1677,33
234,658	1755,33
234,886	1603,33
235,115	1720,33
235,343	1772,33
235,572	1676,33
235,8	1597,33
236,029	1906,33
236,257	1700,33
236,486	1856,33
236,714	1836,33
236,943	1881,33
237,171	1773,33
237,399	1792,33
237,628	1862,33
237,856	1935,33
238,085	1864,33
238,313	1766,33
238,541	1848,33
238,77	2180,33
238,998	1865,33
239,226	1911,33
239,455	1922,33
239,683	1944,33
239,911	1849,33
240,14	2044,33
240,368	1978,33
240,596	1978,33
240,824	2025,33
241,053	2077,33
241,281	1925,33
241,509	1996,33
241,737	2077,33
241,965	2016,33
242,193	1994,33
242,422	2117,33
242,65	2036,33
242,878	2063,33
243,106	2161,33
243,334	2089,33
243,562	2139,33
243,79	2214,33
244,018	2212,33
244,246	2063,33
244,474	2166,33
244,702	2041,33
244,93	2201,33
245,158	2280,33
245,386	2069,33
245,614	2275,33
245,842	2220,33
246,07	2287,33
246,298	2364,33
246,526	2673,33
246,754	2268,33
246,982	2318,33
247,21	2474,33
247,438	2279,33
247,666	2344,33
247,893	2440,33
248,121	2398,33
248,349	2354,33
248,577	2405,33
248,805	2489,33
249,033	2458,33
249,26	2518,33
249,488	2438,33
249,716	2580,33
249,944	2531,33
250,171	2519,33
250,399	2526,33
250,627	2660,33
250,854	2555,33
251,082	2419,33
251,31	2642,33
251,537	2600,33
251,765	2829,33
251,993	2409,33
252,22	2893,33
252,448	2515,33
252,676	2711,33
252,903	2706,33
253,131	3008,33
253,358	2740,33
253,586	2576,33
253,813	2682,33
254,041	2848,33
254,268	2794,33
254,496	2712,33
254,723	2807,33
254,951	2798,33
255,178	2905,33
255,406	2965,33
255,633	2847,33
255,86	3020,33
256,088	2918,33
256,315	2848,33
256,543	3046,33
256,77	2958,33
256,997	2939,33
257,225	2980,33
257,452	2861,33
257,679	2941,33
257,907	3096,33
258,134	2951,33
258,361	3065,33
258,588	2997,33
258,816	3010,33
259,043	2949,33
259,27	3138,33
259,497	3074,33
259,725	2904,33
259,952	3100,33
260,179	2961,33
260,406	3081,33
260,633	3356,33
260,86	3146,33
261,088	3180,33
261,315	3325,33
261,542	3031,33
261,769	3166,33
261,996	3455,33
262,223	3251,33
262,45	3377,33
262,677	3183,33
262,904	3231,33
263,131	3332,33
263,358	3235,33
263,585	3293,33
263,812	3513,33
264,039	3343,33
264,266	3160,33
264,493	3275,33
264,72	3175,33
264,947	3329,33
265,174	3424,33
265,401	3359,33
265,627	3462,33
265,854	3356,33
266,081	3371,33
266,308	3305,33
266,535	3330,33
266,762	3330,33
266,988	3309,33
267,215	3361,33
267,442	3305,33
267,669	3401,33
267,896	3394,33
268,122	3484,33
268,349	3457,33
268,576	3148,33
268,802	3269,33
269,029	3319,33
269,256	3386,33
269,482	3428,33
269,709	3345,33
269,936	3454,33
270,162	3509,33
270,389	3406,33
270,616	3509,33
270,842	3620,33
271,069	3661,33
271,295	3454,33
271,522	3426,33
271,748	3428,33
271,975	3588,33
272,201	3634,33
272,428	3619,33
272,654	3611,33
272,881	3806,33
273,107	3525,33
273,334	3585,33
273,56	3793,33
273,787	3715,33
274,013	3726,33
274,239	4071,33
274,466	3685,33
274,692	3727,33
274,918	3754,33
275,145	3783,33
275,371	3729,33
275,597	3860,33
275,824	3778,33
276,05	3838,33
276,276	3870,33
276,503	3827,33
276,729	3805,33
276,955	3797,33
277,181	3845,33
277,407	3861,33
277,634	3864,33
277,86	3874,33
278,086	3965,33
278,312	3966,33
278,538	3861,33
278,764	3882,33
278,991	4029,33
279,217	3852,33
279,443	4171,33
279,669	3824,33
279,895	3921,33
280,121	3931,33
280,347	3808,33
280,573	3955,33
280,799	3932,33
281,025	4138,33
281,251	3953,33
281,477	4180,33
281,703	4087,33
281,929	4118,33
282,155	4143,33
282,381	4286,33
282,607	4261,33
282,833	4241,33
283,059	4398,33
283,285	4090,33
283,51	4195,33
283,736	4233,33
283,962	4238,33
284,188	4430,33
284,414	4467,33
284,64	4494,33
284,865	4550,33
285,091	4510,33
285,317	4741,33
285,543	4668,33
285,768	4613,33
285,994	4653,33
286,22	4812,33
286,446	4771,33
286,671	4597,33
286,897	4654,33
287,123	4648,33
287,348	4688,33
287,574	5176,33
287,799	4758,33
288,025	4695,33
288,251	4973,33
288,476	4782,33
288,702	4903,33
288,927	4645,33
289,153	4770,33
289,378	4999,33
289,604	4901,33
289,829	5132,33
290,055	4971,33
290,28	5001,33
290,506	5141,33
290,731	5013,33
290,957	5103,33
291,182	5181,33
291,408	5266,33
291,633	5174,33
291,858	5250,33
292,084	5320,33
292,309	5194,33
292,535	5354,33
292,76	5596,33
292,985	5511,33
293,211	5352,33
293,436	5342,33
293,661	5413,33
293,886	5417,33
294,112	5586,33
294,337	5629,33
294,562	5456,33
294,787	5735,33
295,013	5505,33
295,238	5504,33
295,463	5671,33
295,688	5777,33
295,913	5688,33
296,138	5705,33
296,364	5521,33
296,589	5609,33
296,814	5502,33
297,039	5599,33
297,264	5620,33
297,489	5493,33
297,714	5479,33
297,939	5535,33
298,164	5733,33
298,389	5819,33
298,614	5513,33
298,839	5848,33
299,064	5803,33
299,289	5967,33
299,514	6029,33
299,739	5957,33
299,964	5991,33
300,189	6007,33
300,414	6208,33
300,639	6217,33
300,863	6018,33
301,088	6451,33
301,313	6231,33
301,538	6218,33
301,763	6248,33
301,988	6413,33
302,212	6254,33
302,437	6611,33
302,662	6219,33
302,887	6270,33
303,111	6348,33
303,336	6379,33
303,561	6349,33
303,786	6225,33
304,01	6426,33
304,235	6420,33
304,46	6126,33
304,684	6296,33
304,909	6352,33
305,134	6201,33
305,358	6349,33
305,583	6278,33
305,807	6358,33
306,032	6032,33
306,256	6220,33
306,481	6150,33
306,706	6044,33
306,93	5922,33
307,155	6433,33
307,379	6348,33
307,604	6328,33
307,828	6484,33
308,052	6724,33
308,277	6464,33
308,501	6670,33
308,726	6409,33
308,95	6592,33
309,175	6562,33
309,399	6656,33
309,623	6524,33
309,848	6483,33
310,072	6456,33
310,296	6884,33
310,521	6626,33
310,745	6614,33
310,969	6799,33
311,193	6820,33
311,418	6547,33
311,642	6713,33
311,866	6636,33
312,09	6740,33
312,315	6772,33
312,539	6693,33
312,763	6616,33
312,987	6724,33
313,211	6613,33
313,435	6845,33
313,659	6644,33
313,884	6924,33
314,108	6754,33
314,332	6804,33
314,556	6509,33
314,78	6858,33
315,004	6749,33
315,228	6791,33
315,452	6633,33
315,676	6786,33
315,9	6697,33
316,124	6348,33
316,348	6648,33
316,572	6635,33
316,796	7036,33
317,02	6621,33
317,244	6558,33
317,468	6535,33
317,691	6825,33
317,915	6691,33
318,139	6602,33
318,363	6868,33
318,587	6613,33
318,811	6438,33
319,034	6450,33
319,258	6637,33
319,482	6641,33
319,706	6522,33
319,93	6542,33
320,153	6460,33
320,377	6548,33
320,601	6436,33
320,824	6592,33
321,048	6739,33
321,272	6586,33
321,495	6614,33
321,719	6424,33
321,943	6529,33
322,166	6636,33
322,39	6657,33
322,614	6717,33
322,837	6700,33
323,061	6579,33
323,284	6678,33
323,508	6819,33
323,731	6566,33
323,955	6633,33
324,178	6676,33
324,402	6737,33
324,625	6667,33
324,849	6573,33
325,072	6720,33
325,296	6690,33
325,519	6828,33
325,743	6604,33
325,966	6823,33
326,189	6826,33
326,413	6434,33
326,636	6941,33
326,859	6574,33
327,083	6774,33
327,306	6365,33
327,529	6573,33
327,753	6430,33
327,976	6523,33
328,199	6582,33
328,422	6442,33
328,646	6471,33
328,869	6383,33
329,092	6520,33
329,315	6795,33
329,538	6542,33
329,762	6589,33
329,985	6517,33
330,208	6587,33
330,431	6587,33
330,654	6820,33
330,877	6612,33
331,1	6730,33
331,323	6615,33
331,546	6874,33
331,769	6716,33
331,993	6631,33
332,216	6701,33
332,439	6648,33
332,662	6688,33
332,885	6609,33
333,107	6456,33
333,33	6561,33
333,553	6866,33
333,776	6756,33
333,999	6676,33
334,222	6604,33
334,445	6612,33
334,668	6616,33
334,891	6472,33
335,114	6487,33
335,336	6941,33
335,559	6725,33
335,782	6910,33
336,005	6655,33
336,228	6627,33
336,45	6687,33
336,673	6495,33
336,896	6762,33
337,119	6738,33
337,341	6556,33
337,564	6662,33
337,787	6590,33
338,009	6555,33
338,232	6719,33
338,455	6674,33
338,677	6556,33
338,9	6647,33
339,122	6665,33
339,345	6445,33
339,568	6520,33
339,79	6577,33
340,013	6677,33
340,235	6692,33
340,458	6501,33
340,68	6650,33
340,903	6547,33
341,125	6473,33
341,348	6480,33
341,57	6449,33
341,793	6676,33
342,015	6296,33
342,238	6384,33
342,46	6404,33
342,682	6470,33
342,905	6326,33
343,127	6342,33
343,349	6406,33
343,572	6466,33
343,794	6196,33
344,016	6171,33
344,239	6404,33
344,461	6287,33
344,683	6227,33
344,905	6282,33
345,128	6332,33
345,35	6335,33
345,572	6508,33
345,794	6588,33
346,017	6618,33
346,239	6376,33
346,461	6490,33
346,683	6461,33
346,905	6610,33
347,127	6528,33
347,349	6625,33
347,571	6476,33
347,793	6724,33
348,016	6543,33
348,238	6502,33
348,46	6607,33
348,682	6624,33
348,904	6623,33
349,126	6667,33
349,348	6574,33
349,57	6436,33
349,792	6528,33
350,014	6611,33
350,235	6562,33
350,457	6773,33
350,679	6605,33
350,901	6442,33
351,123	6432,33
351,345	6499,33
351,567	6593,33
351,789	6520,33
352,01	6580,33
352,232	6429,33
352,454	6339,33
352,676	6387,33
352,897	6316,33
353,119	6252,33
353,341	6370,33
353,563	5982,33
353,784	6262,33
354,006	6062,33
354,228	6105,33
354,449	6010,33
354,671	6421,33
354,893	6417,33
355,114	6463,33
355,336	6354,33
355,558	6506,33
355,779	6377,33
356,001	6565,33
356,222	6692,33
356,444	6419,33
356,665	7072,33
356,887	6556,33
357,108	6475,33
357,33	6487,33
357,551	6653,33
357,773	6640,33
357,994	6389,33
358,216	6564,33
358,437	6609,33
358,659	6627,33
358,88	6564,33
359,101	6623,33
359,323	6726,33
359,544	6534,33
359,765	6458,33
359,987	6502,33
360,208	6543,33
360,429	6626,33
360,651	6497,33
360,872	6727,33
361,093	6551,33
361,314	6538,33
361,536	6507,33
361,757	6595,33
361,978	6539,33
362,199	6480,33
362,42	6429,33
362,642	6414,33
362,863	6761,33
363,084	6402,33
363,305	6477,33
363,526	6461,33
363,747	6574,33
363,968	6539,33
364,189	6707,33
364,41	6384,33
364,631	6428,33
364,852	6599,33
365,073	6436,33
365,294	6492,33
365,515	6316,33
365,736	6589,33
365,957	6528,33
366,178	6576,33
366,399	6687,33
366,62	6628,33
366,841	6689,33
367,062	6870,33
367,283	6715,33
367,504	6773,33
367,724	6566,33
367,945	6629,33
368,166	6961,33
368,387	6821,33
368,608	6716,33
368,828	6884,33
369,049	6699,33
369,27	6748,33
369,491	6794,33
369,711	6841,33
369,932	6908,33
370,153	6942,33
370,373	6908,33
370,594	7004,33
370,815	6895,33
371,035	7065,33
371,256	6703,33
371,477	6792,33
371,697	6792,33
371,918	6879,33
372,138	7145,33
372,359	6996,33
372,579	6920,33
372,8	6752,33
373,02	6870,33
373,241	7002,33
373,461	7010,33
373,682	6994,33
373,902	6923,33
374,123	6911,33
374,343	7251,33
374,564	7125,33
374,784	7067,33
375,004	7138,33
375,225	6881,33
375,445	6931,33
375,666	7188,33
375,886	6790,33
376,106	6798,33
376,326	6851,33
376,547	7125,33
376,767	7123,33
376,987	7064,33
377,208	7297,33
377,428	7202,33
377,648	7423,33
377,868	7581,33
378,088	7713,33
378,309	7871,33
378,529	7717,33
378,749	7827,33
378,969	7715,33
379,189	7849,33
379,409	7881,33
379,629	7751,33
379,849	7771,33
380,069	7550,33
380,29	7631,33
380,51	7718,33
380,73	7870,33
380,95	7984,33
381,17	7652,33
381,39	7546,33
381,61	7493,33
381,829	7580,33
382,049	7827,33
382,269	7680,33
382,489	7729,33
382,709	7703,33
382,929	7703,33
383,149	7544,33
383,369	7826,33
383,589	7675,33
383,808	7849,33
384,028	7691,33
384,248	7935,33
384,468	7663,33
384,688	7707,33
384,907	7834,33
385,127	7948,33
385,347	7986,33
385,567	7929,33
385,786	8145,33
386,006	8134,33
386,226	8235,33
386,445	8292,33
386,665	8484,33
386,885	8640,33
387,104	8582,33
387,324	8652,33
387,543	8744,33
387,763	8848,33
387,982	8904,33
388,202	8966,33
388,422	8921,33
388,641	8959,33
388,861	8912,33
389,08	8876,33
389,3	8706,33
389,519	8909,33
389,738	8807,33
389,958	8871,33
390,177	8740,33
390,397	9027,33
390,616	9003,33
390,836	9152,33
391,055	9137,33
391,274	9274,33
391,494	9181,33
391,713	9422,33
391,932	9691,33
392,151	9748,33
392,371	9768,33
392,59	9995,33
392,809	10020,33
393,029	9947,33
393,248	9753,33
393,467	9296,33
393,686	9135,33
393,905	10141,33
394,124	9094,33
394,344	9391,33
394,563	9315,33
394,782	9448,33
395,001	9469,33
395,22	9475,33
395,439	9547,33
395,658	9333,33
395,877	9730,33
396,096	9675,33
396,315	9685,33
396,534	9948,33
396,753	9989,33
396,972	10095,33
397,191	10156,33
397,41	10382,33
397,629	10674,33
397,848	10685,33
398,067	10828,33
398,286	10835,33
398,505	10781,33
398,724	10749,33
398,943	11072,33
399,161	10265,33
399,38	10537,33
399,599	9981,33
399,818	9995,33
400,037	10086,33
400,255	9985,33
400,474	9852,33
400,693	9971,33
400,912	9965,33
401,13	9858,33
401,349	9749,33
401,568	9703,33
401,786	9833,33
402,005	9796,33
402,224	9476,33
402,442	9662,33
402,661	9620,33
402,88	9436,33
403,098	9476,33
403,317	9529,33
403,535	9305,33
403,754	9452,33
403,972	9581,33
404,191	9558,33
404,409	9610,33
404,628	10481,33
404,846	9837,33
405,065	10072,33
405,283	10097,33
405,502	9891,33
405,72	9923,33
405,938	9711,33
406,157	9578,33
406,375	9396,33
406,594	9283,33
406,812	9334,33
407,03	9279,33
407,249	9064,33
407,467	9211,33
407,685	9308,33
407,903	9383,33
408,122	9653,33
408,34	9668,33
408,558	9569,33
408,776	9630,33
408,995	9641,33
409,213	9545,33
409,431	9555,33
409,649	9715,33
409,867	9447,33
410,085	9480,33
410,303	9498,33
410,522	9126,33
410,74	9054,33
410,958	9148,33
411,176	9204,33
411,394	9199,33
411,612	9267,33
411,83	9423,33
412,048	9466,33
412,266	9465,33
412,484	9508,33
412,702	9495,33
412,92	9248,33
413,138	9588,33
413,356	9272,33
413,573	9400,33
413,791	9392,33
414,009	9111,33
414,227	9200,33
414,445	8959,33
414,663	9049,33
414,881	8945,33
415,098	8943,33
415,316	8857,33
415,534	9258,33
415,752	8999,33
415,969	9198,33
416,187	8999,33
416,405	9063,33
416,623	9159,33
416,84	8940,33
417,058	9091,33
417,276	9001,33
417,493	9039,33
417,711	9000,33
417,928	8951,33
418,146	8794,33
418,364	9145,33
418,581	8944,33
418,799	8882,33
419,016	9084,33
419,234	9109,33
419,451	9603,33
419,669	9171,33
419,886	9226,33
420,104	9176,33
420,321	9341,33
420,539	9477,33
420,756	9869,33
420,974	9773,33
421,191	10102,33
421,408	10279,33
421,626	10325,33
421,843	10090,33
422,06	10313,33
422,278	9678,33
422,495	9689,33
422,712	9664,33
422,93	9692,33
423,147	9527,33
423,364	9519,33
423,581	9492,33
423,799	9258,33
424,016	9235,33
424,233	9248,33
424,45	9312,33
424,667	9443,33
424,884	9233,33
425,102	9475,33
425,319	9149,33
425,536	8923,33
425,753	9005,33
425,97	8859,33
426,187	8693,33
426,404	8793,33
426,621	9096,33
426,838	9474,33
427,055	9410,33
427,272	9403,33
427,489	9473,33
427,706	9602,33
427,923	9215,33
428,14	9093,33
428,357	9401,33
428,574	9249,33
428,791	9417,33
429,008	9612,33
429,224	9938,33
429,441	10102,33
429,658	10526,33
429,875	10918,33
430,092	10767,33
430,308	10592,33
430,525	10427,33
430,742	10133,33
430,959	9993,33
431,175	9345,33
431,392	9116,33
431,609	9061,33
431,826	8650,33
432,042	8533,33
432,259	8486,33
432,476	8592,33
432,692	8306,33
432,909	8668,33
433,125	9111,33
433,342	9480,33
433,559	9768,33
433,775	9635,33
433,992	9577,33
434,208	9189,33
434,425	8780,33
434,641	8810,33
434,858	8946,33
435,074	9036,33
435,291	8853,33
435,507	8725,33
435,723	9167,33
435,94	8911,33
436,156	9100,33
436,373	9195,33
436,589	9015,33
436,805	8872,33
437,022	8698,33
437,238	8764,33
437,454	8709,33
437,671	8734,33
437,887	8927,33
438,103	8717,33
438,319	8832,33
438,536	9097,33
438,752	8969,33
438,968	8997,33
439,184	8778,33
439,4	8616,33
439,616	8603,33
439,833	8640,33
440,049	8417,33
440,265	8855,33
440,481	8808,33
440,697	9036,33
440,913	9560,33
441,129	9856,33
441,345	10076,33
441,561	9992,33
441,777	9728,33
441,993	9586,33
442,209	9261,33
442,425	9289,33
442,641	9223,33
442,857	9331,33
443,073	9416,33
443,289	9441,33
443,505	9518,33
443,721	9634,33
443,937	9317,33
444,152	9064,33
444,368	9165,33
444,584	9140,33
444,8	9014,33
445,016	8893,33
445,231	8970,33
445,447	8977,33
445,663	8984,33
445,879	8873,33
446,094	9089,33
446,31	9057,33
446,526	8954,33
446,742	8944,33
446,957	8765,33
447,173	8755,33
447,388	8729,33
447,604	8720,33
447,82	8587,33
448,035	8609,33
448,251	8556,33
448,466	8627,33
448,682	8477,33
448,897	8489,33
449,113	8773,33
449,328	8658,33
449,544	8593,33
449,759	8871,33
449,975	8341,33
450,19	8418,33
450,406	8358,33
450,621	8202,33
450,836	8124,33
451,052	8168,33
451,267	8030,33
451,483	8196,33
451,698	7994,33
451,913	8089,33
452,129	8206,33
452,344	7931,33
452,559	7994,33
452,774	7860,33
452,99	7723,33
453,205	7774,33
453,42	7853,33
453,635	7669,33
453,85	7489,33
454,066	7608,33
454,281	7620,33
454,496	7668,33
454,711	7728,33
454,926	7955,33
455,141	7823,33
455,356	7804,33
455,571	7644,33
455,786	7663,33
456,001	7411,33
456,217	7345,33
456,432	7496,33
456,647	7455,33
456,861	7630,33
457,076	7633,33
457,291	7888,33
457,506	7753,33
457,721	7897,33
457,936	8161,33
458,151	7713,33
458,366	8202,33
458,581	7889,33
458,796	8007,33
459,01	7973,33
459,225	7911,33
459,44	7741,33
459,655	7989,33
459,87	7711,33
460,084	7638,33
460,299	7600,33
460,514	7602,33
460,729	8069,33
460,943	7611,33
461,158	7346,33
461,373	7287,33
461,587	7080,33
461,802	6769,33
462,016	6779,33
462,231	6772,33
462,446	6872,33
462,66	6650,33
462,875	6975,33
463,089	7126,33
463,304	7226,33
463,518	7274,33
463,733	7287,33
463,947	7393,33
464,162	7455,33
464,376	7588,33
464,591	7884,33
464,805	7601,33
465,02	7856,33
465,234	8094,33
465,448	8048,33
465,663	7879,33
465,877	7822,33
466,091	7357,33
466,306	7427,33
466,52	7229,33
466,734	6643,33
466,949	6810,33
467,163	6777,33
467,377	6587,33
467,591	6723,33
467,806	6697,33
468,02	6625,33
468,234	6486,33
468,448	6579,33
468,662	6448,33
468,876	6498,33
469,091	6101,33
469,305	6086,33
469,519	5929,33
469,733	5833,33
469,947	5833,33
470,161	6020,33
470,375	5706,33
470,589	5893,33
470,803	5790,33
471,017	5817,33
471,231	5920,33
471,445	5649,33
471,659	5965,33
471,873	5869,33
472,087	5840,33
472,301	6020,33
472,515	5951,33
472,728	6314,33
472,942	6225,33
473,156	6294,33
473,37	6247,33
473,584	6045,33
473,798	6097,33
474,011	6096,33
474,225	5951,33
474,439	6109,33
474,653	6330,33
474,866	6395,33
475,08	6441,33
475,294	6332,33
475,507	6085,33
475,721	6215,33
475,935	6082,33
476,148	6015,33
476,362	5978,33
476,576	5863,33
476,789	5836,33
477,003	5825,33
477,216	5904,33
477,43	5995,33
477,643	6112,33
477,857	6317,33
478,07	6122,33
478,284	6196,33
478,497	5968,33
478,711	6051,33
478,924	5990,33
479,138	5874,33
479,351	6008,33
479,564	6226,33
479,778	6211,33
479,991	6292,33
480,204	6249,33
480,418	6480,33
480,631	6110,33
480,844	6307,33
481,058	6331,33
481,271	6274,33
481,484	6396,33
481,697	6376,33
481,911	6278,33
482,124	6124,33
482,337	6039,33
482,55	5895,33
482,763	5876,33
482,976	5931,33
483,19	5983,33
483,403	5959,33
483,616	6073,33
483,829	6260,33
484,042	6318,33
484,255	6508,33
484,468	6440,33
484,681	6499,33
484,894	6860,33
485,107	9227,33
485,32	14681,33
485,533	18703,33
485,746	18298,33
485,959	15893,33
486,172	14262,33
486,385	11856,33
486,598	9398,33
486,81	7642,33
487,023	6837,33
487,236	6580,33
487,449	6218,33
487,662	5962,33
487,875	5817,33
488,087	5565,33
488,3	5511,33
488,513	5376,33
488,726	5325,33
488,938	5582,33
489,151	5538,33
489,364	5272,33
489,576	5441,33
489,789	5433,33
490,002	5311,33
490,214	5241,33
490,427	5185,33
490,64	5219,33
490,852	5332,33
491,065	5166,33
491,277	5190,33
491,49	5130,33
491,702	5130,33
491,915	5198,33
492,127	5268,33
492,34	5238,33
492,552	5124,33
492,765	5178,33
492,977	5343,33
493,19	5133,33
493,402	5131,33
493,614	5120,33
493,827	5085,33
494,039	5145,33
494,251	5077,33
494,464	5074,33
494,676	4894,33
494,888	4812,33
495,101	4672,33
495,313	4758,33
495,525	4828,33
495,737	5248,33
495,95	5325,33
496,162	5369,33
496,374	5353,33
496,586	5154,33
496,798	4960,33
497,01	4677,33
497,222	4636,33
497,435	4604,33
497,647	4478,33
497,859	4568,33
498,071	4468,33
498,283	4701,33
498,495	4837,33
498,707	4917,33
498,919	4845,33
499,131	5030,33
499,343	4702,33
499,555	4948,33
499,767	4877,33
499,979	4652,33
500,191	4755,33
500,402	4527,33
500,614	4695,33
500,826	4742,33
501,038	4806,33
501,25	4792,33
501,462	4720,33
501,673	4801,33
501,885	4814,33
502,097	4747,33
502,309	4855,33
502,521	4585,33
502,732	4826,33
502,944	4735,33
503,156	4593,33
503,367	4648,33
503,579	4583,33
503,791	4528,33
504,002	4498,33
504,214	4544,33
504,425	4653,33
504,637	4562,33
504,849	4326,33
505,06	4478,33
505,272	4574,33
505,483	4295,33
505,695	4430,33
505,906	4361,33
506,118	4567,33
506,329	4407,33
506,541	4251,33
506,752	4197,33
506,963	4379,33
507,175	3887,33
507,386	4300,33
507,598	4290,33
507,809	4066,33
508,02	4148,33
508,232	4034,33
508,443	4037,33
508,654	4177,33
508,865	4063,33
509,077	3756,33
509,288	3859,33
509,499	4176,33
509,71	3835,33
509,922	4027,33
510,133	3874,33
510,344	4008,33
510,555	3879,33
510,766	3886,33
510,977	3779,33
511,188	3752,33
511,4	3716,33
511,611	3506,33
511,822	3726,33
512,033	3641,33
512,244	3581,33
512,455	3646,33
512,666	3649,33
512,877	3680,33
513,088	3597,33
513,299	3567,33
513,51	3585,33
513,721	3517,33
513,931	3543,33
514,142	3595,33
514,353	3628,33
514,564	3359,33
514,775	3395,33
514,986	3359,33
515,196	3504,33
515,407	3404,33
515,618	3530,33
515,829	3206,33
516,04	3380,33
516,25	3404,33
516,461	3381,33
516,672	3449,33
516,882	3343,33
517,093	3422,33
517,304	3102,33
517,514	3267,33
517,725	3389,33
517,936	3189,33
518,146	3181,33
518,357	3292,33
518,567	3303,33
518,778	3609,33
518,988	3295,33
519,199	3622,33
519,409	3207,33
519,62	3124,33
519,83	3261,33
520,041	3178,33
520,251	2960,33
520,462	3199,33
520,672	3096,33
520,882	3176,33
521,093	3206,33
521,303	3222,33
521,513	3092,33
521,724	3869,33
521,934	2938,33
522,144	3057,33
522,355	2991,33
522,565	3105,33
522,775	3061,33
522,985	3006,33
523,196	3003,33
523,406	2981,33
523,616	3304,33
523,826	2993,33
524,036	3368,33
524,246	3026,33
524,457	2684,33
524,667	2948,33
524,877	2942,33
525,087	2861,33
525,297	3044,33
525,507	2984,33
525,717	2750,33
525,927	3242,33
526,137	2922,33
526,347	2982,33
526,557	2881,33
526,767	2939,33
526,977	3192,33
527,187	2990,33
527,397	2764,33
527,607	2776,33
527,816	2825,33
528,026	2907,33
528,236	3027,33
528,446	3125,33
528,656	3107,33
528,865	3331,33
529,075	2924,33
529,285	2993,33
529,495	2941,33
529,704	2900,33
529,914	2868,33
530,124	2909,33
530,334	2762,33
530,543	2761,33
530,753	3118,33
530,963	3196,33
531,172	2724,33
531,382	2800,33
531,591	2963,33
531,801	2650,33
532,01	2833,33
532,22	2717,33
532,43	2881,33
532,639	3116,33
532,849	2895,33
533,058	2897,33
533,267	3426,33
533,477	2872,33
533,686	2811,33
533,896	2838,33
534,105	2843,33
534,315	2928,33
534,524	2866,33
534,733	2692,33
534,943	2916,33
535,152	2880,33
535,361	2665,33
535,57	2661,33
535,78	2702,33
535,989	2603,33
536,198	2644,33
536,407	2510,33
536,617	2554,33
536,826	2611,33
537,035	2515,33
537,244	2665,33
537,453	2423,33
537,662	2393,33
537,872	2803,33
538,081	2787,33
538,29	2659,33
538,499	2713,33
538,708	2738,33
538,917	2702,33
539,126	2769,33
539,335	2743,33
539,544	3104,33
539,753	2565,33
539,962	2624,33
540,171	2627,33
540,38	2744,33
540,589	2659,33
540,797	2776,33
541,006	2762,33
541,215	2662,33
541,424	2816,33
541,633	2745,33
541,842	2756,33
542,05	2720,33
542,259	2770,33
542,468	2801,33
542,677	2753,33
542,885	2749,33
543,094	2713,33
543,303	2777,33
543,512	2739,33
543,72	2790,33
543,929	2900,33
544,138	2794,33
544,346	2525,33
544,555	2738,33
544,763	2925,33
544,972	2728,33
545,18	2623,33
545,389	2738,33
545,598	2582,33
545,806	2939,33
546,015	2640,33
546,223	2578,33
546,431	2650,33
546,64	2555,33
546,848	2709,33
547,057	2687,33
547,265	2716,33
547,474	2785,33
547,682	2932,33
547,89	2882,33
548,099	2803,33
548,307	2705,33
548,515	2837,33
548,723	2671,33
548,932	2523,33
549,14	2534,33
549,348	2619,33
549,556	2401,33
549,765	2574,33
549,973	2395,33
550,181	2514,33
550,389	2528,33
550,597	2389,33
550,805	2376,33
551,014	2384,33
551,222	5959,33
551,43	2377,33
551,638	2502,33
551,846	2834,33
552,054	2818,33
552,262	2867,33
552,47	2572,33
552,678	2468,33
552,886	2573,33
553,094	2352,33
553,302	2587,33
553,51	2634,33
553,717	2613,33
553,925	2398,33
554,133	2643,33
554,341	2337,33
554,549	2488,33
554,757	2465,33
554,965	2479,33
555,172	2418,33
555,38	2789,33
555,588	2470,33
555,796	2580,33
556,003	2684,33
556,211	2424,33
556,419	2468,33
556,626	2454,33
556,834	2356,33
557,042	2371,33
557,249	2511,33
557,457	2374,33
557,664	2154,33
557,872	2324,33
558,08	2206,33
558,287	2111,33
558,495	2362,33
558,702	2117,33
558,91	2275,33
559,117	2186,33
559,325	2499,33
559,532	2325,33
559,74	2527,33
559,947	2415,33
560,154	2522,33
560,362	2328,33
560,569	2364,33
560,776	2481,33
560,984	2373,33
561,191	2431,33
561,398	2376,33
561,606	2588,33
561,813	2339,33
562,02	2082,33
562,227	2124,33
562,435	2241,33
562,642	2316,33
562,849	2335,33
563,056	2462,33
563,263	2236,33
563,471	2447,33
563,678	2500,33
563,885	2347,33
564,092	2393,33
564,299	2417,33
564,506	2448,33
564,713	2278,33
564,92	2299,33
565,127	2439,33
565,334	2319,33
565,541	2515,33
565,748	2382,33
565,955	2263,33
566,162	2357,33
566,369	2464,33
566,576	2535,33
566,783	2576,33
566,99	2464,33
567,196	2707,33
567,403	2612,33
567,61	2736,33
567,817	2609,33
568,024	2504,33
568,23	2681,33
568,437	2746,33
568,644	2774,33
568,851	2923,33
569,057	3258,33
569,264	3296,33
569,471	3079,33
569,677	3316,33
569,884	3435,33
570,091	3262,33
570,297	4079,33
570,504	3569,33
570,71	3486,33
570,917	3609,33
571,123	3381,33
571,33	3358,33
571,536	3579,33
571,743	3779,33
571,949	3288,33
572,156	3143,33
572,362	2876,33
572,569	3228,33
572,775	3328,33
572,982	3619,33
573,188	3604,33
573,394	3555,33
573,601	3612,33
573,807	3629,33
574,013	4030,33
574,22	3808,33
574,426	3646,33
574,632	3738,33
574,838	3705,33
575,045	3477,33
575,251	3407,33
575,457	3212,33
575,663	3412,33
575,869	3437,33
576,076	3555,33
576,282	3782,33
576,488	3685,33
576,694	3812,33
576,9	3625,33
577,106	3888,33
577,312	4317,33
577,518	4657,33
577,724	4649,33
577,93	4239,33
578,136	3880,33
578,342	3601,33
578,548	3645,33
578,754	3542,33
578,96	3450,33
579,166	3665,33
579,372	4023,33
579,578	3845,33
579,784	3889,33
579,989	3943,33
580,195	3894,33
580,401	3732,33
580,607	3906,33
580,813	4314,33
581,018	5147,33
581,224	5412,33
581,43	5204,33
581,636	4882,33
581,841	4905,33
582,047	4627,33
582,253	4259,33
582,458	3980,33
582,664	3663,33
582,869	3637,33
583,075	3329,33
583,281	3581,33
583,486	3541,33
583,692	3547,33
583,897	3902,33
584,103	3861,33
584,308	3942,33
584,514	4103,33
584,719	4492,33
584,925	4381,33
585,13	4281,33
585,335	4160,33
585,541	4050,33
585,746	3898,33
585,952	3672,33
586,157	3567,33
586,362	3522,33
586,568	3700,33
586,773	4032,33
586,978	3960,33
587,183	3983,33
587,389	3998,33
587,594	3756,33
587,799	3756,33
588,004	3711,33
588,21	3709,33
588,415	3520,33
588,62	3431,33
588,825	3340,33
589,03	3240,33
589,235	3761,33
589,44	3583,33
589,645	3551,33
589,85	3397,33
590,055	3393,33
590,26	3254,33
590,465	3182,33
590,67	3251,33
590,875	3289,33
591,08	3213,33
591,285	3250,33
591,49	3235,33
591,695	3215,33
591,9	3101,33
592,105	3149,33
592,31	3401,33
592,515	3732,33
592,719	3477,33
592,924	3365,33
593,129	3356,33
593,334	3424,33
593,539	3183,33
593,743	3271,33
593,948	3090,33
594,153	2973,33
594,357	3272,33
594,562	3159,33
594,767	3576,33
594,971	3034,33
595,176	3117,33
595,381	3233,33
595,585	3091,33
595,79	3146,33
595,994	2894,33
596,199	3207,33
596,403	2668,33
596,608	2904,33
596,812	2864,33
597,017	2992,33
597,221	2890,33
597,426	3093,33
597,63	2818,33
597,835	2728,33
598,039	3000,33
598,243	2778,33
598,448	3220,33
598,652	3109,33
598,856	2963,33
599,061	2986,33
599,265	2758,33
599,469	2846,33
599,673	2915,33
599,878	3001,33
600,082	2842,33
600,286	2806,33
600,49	2867,33
600,695	2687,33
600,899	2880,33
601,103	2902,33
601,307	2748,33
601,511	2789,33
601,715	2672,33
601,919	2575,33
602,123	2653,33
602,327	2730,33
602,531	2803,33
602,735	2849,33
602,939	2962,33
603,143	2793,33
603,347	2751,33
603,551	2691,33
603,755	2724,33
603,959	2620,33
604,163	2664,33
604,367	2543,33
604,571	2483,33
604,775	2657,33
604,978	2593,33
605,182	2563,33
605,386	2673,33
605,59	2619,33
605,793	2897,33
605,997	2676,33
606,201	2546,33
606,405	2429,33
606,608	2729,33
606,812	2544,33
607,016	2615,33
607,219	2508,33
607,423	2448,33
607,627	2552,33
607,83	2366,33
608,034	2322,33
608,237	2402,33
608,441	2288,33
608,644	2404,33
608,848	2487,33
609,051	2368,33
609,255	2154,33
609,458	2533,33
609,662	2495,33
609,865	2601,33
610,069	2318,33
610,272	2271,33
610,475	2197,33
610,679	2200,33
610,882	2296,33
611,085	2279,33
611,289	2380,33
611,492	2237,33
611,695	2207,33
611,898	2182,33
612,102	2274,33
612,305	2267,33
612,508	2247,33
612,711	2377,33
612,914	2149,33
613,118	2251,33
613,321	2263,33
613,524	2095,33
613,727	2144,33
613,93	2121,33
614,133	2293,33
614,336	2151,33
614,539	2109,33
614,742	2125,33
614,945	2407,33
615,148	2159,33
615,351	2086,33
615,554	2159,33
615,757	1920,33
615,96	2160,33
616,163	2046,33
616,366	2181,33
616,569	2052,33
616,772	2217,33
616,974	2121,33
617,177	2166,33
617,38	2090,33
617,583	2070,33
617,786	1910,33
617,988	1929,33
618,191	2106,33
618,394	1805,33
618,596	1902,33
618,799	1861,33
619,002	2043,33
619,204	2007,33
619,407	1899,33
619,61	1954,33
619,812	1972,33
620,015	1947,33
620,217	2154,33
620,42	1952,33
620,623	1942,33
620,825	1971,33
621,028	2106,33
621,23	2068,33
621,432	1976,33
621,635	2129,33
621,837	2041,33
622,04	1924,33
622,242	1866,33
622,445	1950,33
622,647	1967,33
622,849	2051,33
623,052	1871,33
623,254	2051,33
623,456	1660,33
623,658	2142,33
623,861	2050,33
624,063	1967,33
624,265	1980,33
624,467	2055,33
624,67	1798,33
624,872	1969,33
625,074	1997,33
625,276	2008,33
625,478	2028,33
625,68	1749,33
625,882	1739,33
626,084	1894,33
626,287	2000,33
626,489	1895,33
626,691	1684,33
626,893	1976,33
627,095	1886,33
627,297	1794,33
627,499	1762,33
627,7	1699,33
627,902	1611,33
628,104	1623,33
628,306	1784,33
628,508	1696,33
628,71	1740,33
628,912	1822,33
629,114	2006,33
629,315	1765,33
629,517	1705,33
629,719	1701,33
629,921	1723,33
630,122	1712,33
630,324	1629,33
630,526	1795,33
630,728	1722,33
630,929	1684,33
631,131	1473,33
631,332	1876,33
631,534	1832,33
631,736	1863,33
631,937	1793,33
632,139	1573,33
632,34	1660,33
632,542	1754,33
632,743	1723,33
632,945	1544,33
633,146	1695,33
633,348	1742,33
633,549	1616,33
633,751	1517,33
633,952	1695,33
634,154	1565,33
634,355	1474,33
634,556	1597,33
634,758	1659,33
634,959	1493,33
635,16	1621,33
635,362	1512,33
635,563	1538,33
635,764	1653,33
635,965	1572,33
636,167	1588,33
636,368	1593,33
636,569	1509,33
636,77	1672,33
636,971	1482,33
637,172	1617,33
637,374	1453,33
637,575	1719,33
637,776	1424,33
637,977	1403,33
638,178	1570,33
638,379	1534,33
638,58	1548,33
638,781	1363,33
638,982	1518,33
639,183	1481,33
639,384	1323,33
639,585	1529,33
639,786	1412,33
639,987	1364,33
640,187	1567,33
640,388	1596,33
640,589	1420,33
640,79	1403,33
640,991	1492,33
641,192	1625,33
641,392	1385,33
641,593	1406,33
641,794	1297,33
641,995	1404,33
642,195	1255,33
642,396	1427,33
642,597	1323,33
642,797	1520,33
642,998	1489,33
643,199	1384,33
643,399	1464,33
643,6	1289,33
643,8	1275,33
644,001	1383,33
644,202	1428,33
644,402	1351,33
644,603	1488,33
644,803	1296,33
645,004	1438,33
645,204	1271,33
645,404	1421,33
645,605	1699,33
645,805	1265,33
646,006	1261,33
646,206	1849,33
646,406	1265,33
646,607	1137,33
646,807	1199,33
647,007	-44,67
647,208	-65,67
647,408	41,33
647,608	48,33
