200,697	878
200,927	-98
201,158	-58
201,388	23
201,618	1375
201,849	1197
202,079	1180
202,309	1327
202,539	1456
202,77	1289
203	1556
203,23	1384
203,46	1436
203,691	1423
203,921	1487
204,151	1431
204,381	1397
204,611	1451
204,841	1331
205,071	1390
205,302	1530
205,532	1471
205,762	3453
205,992	1317
206,222	1363
206,452	1510
206,682	1348
206,912	1509
207,142	1536
207,372	1449
207,602	1342
207,832	1366
208,062	1510
208,292	1461
208,522	1263
208,752	1453
208,982	1385
209,212	1545
209,442	1447
209,672	1395
209,902	1380
210,131	1582
210,361	1374
210,591	1421
210,821	1385
211,051	1702
211,281	1460
211,51	1668
211,74	1537
211,97	1432
212,2	1447
212,429	1879
212,659	1443
212,889	1540
213,119	1432
213,348	1354
213,578	1565
213,808	1526
214,037	1567
214,267	1557
214,497	1473
214,726	1383
214,956	1384
215,186	1371
215,415	1433
215,645	1477
215,874	1539
216,104	1334
216,333	1505
216,563	1453
216,792	1515
217,022	1564
217,251	1475
217,481	1360
217,71	1488
217,94	1454
218,169	1498
218,399	1493
218,628	1407
218,858	1577
219,087	1562
219,316	1526
219,546	1555
219,775	1477
220,004	1655
220,234	1471
220,463	1555
220,692	1364
220,922	1461
221,151	1264
221,38	1471
221,61	1852
221,839	1710
222,068	1454
222,297	1565
222,526	1495
222,756	1638
222,985	1558
223,214	1554
223,443	1514
223,672	1979
223,902	1358
224,131	1533
224,36	1623
224,589	1366
224,818	1393
225,047	1623
225,276	1528
225,505	1791
225,734	1585
225,963	1467
226,192	1509
226,421	1494
226,65	1545
226,879	1630
227,108	1607
227,337	1659
227,566	1726
227,795	1604
228,024	1603
228,253	1533
228,482	1432
228,711	1587
228,94	1455
229,168	1634
229,397	1679
229,626	1542
229,855	1543
230,084	1517
230,313	1509
230,541	1631
230,77	1596
230,999	1456
231,228	1788
231,456	1701
231,685	1348
231,914	1675
232,143	1578
232,371	1616
232,6	1622
232,829	1618
233,057	1696
233,286	1665
233,515	1596
233,743	1692
233,972	1603
234,2	1735
234,429	1698
234,658	1683
234,886	1566
235,115	1688
235,343	1724
235,572	1642
235,8	1740
236,029	1926
236,257	1610
236,486	1796
236,714	1817
236,943	1792
237,171	1711
237,399	1695
237,628	1783
237,856	1790
238,085	1842
238,313	1674
238,541	1940
238,77	2031
238,998	1710
239,226	1830
239,455	1753
239,683	1758
239,911	1825
240,14	1956
240,368	1981
240,596	1820
240,824	1905
241,053	1797
241,281	1880
241,509	1874
241,737	1809
241,965	1692
242,193	1733
242,422	1776
242,65	1731
242,878	1837
243,106	1903
243,334	1883
243,562	1865
243,79	1972
244,018	1945
244,246	1822
244,474	1832
244,702	1822
244,93	1937
245,158	1959
245,386	1898
245,614	1887
245,842	2072
246,07	1892
246,298	2062
246,526	2365
246,754	1862
246,982	1960
247,21	2075
247,438	1941
247,666	2013
247,893	1967
248,121	1665
248,349	1915
248,577	2064
248,805	2135
249,033	2019
249,26	2133
249,488	1937
249,716	2174
249,944	2049
250,171	1976
250,399	1965
250,627	2063
250,854	2085
251,082	2053
251,31	2045
251,537	2001
251,765	2259
251,993	2016
252,22	2358
252,448	2015
252,676	2160
252,903	2069
253,131	2438
253,358	2046
253,586	1997
253,813	1978
254,041	2149
254,268	2079
254,496	1967
254,723	2021
254,951	2082
255,178	2116
255,406	2128
255,633	2100
255,86	2276
256,088	2100
256,315	2036
256,543	2194
256,77	2114
256,997	2101
257,225	2158
257,452	1999
257,679	2161
257,907	2208
258,134	2031
258,361	2234
258,588	2095
258,816	2205
259,043	2244
259,27	2090
259,497	2168
259,725	2105
259,952	2188
260,179	2175
260,406	2116
260,633	2129
260,86	2179
261,088	2109
261,315	2294
261,542	2025
261,769	2048
261,996	2358
262,223	2283
262,45	2405
262,677	2040
262,904	2101
263,131	2185
263,358	2111
263,585	2212
263,812	2477
264,039	2287
264,266	2099
264,493	2197
264,72	2132
264,947	2182
265,174	2284
265,401	2255
265,627	2310
265,854	2186
266,081	2226
266,308	2193
266,535	2152
266,762	2023
266,988	2203
267,215	2158
267,442	2077
267,669	2225
267,896	2156
268,122	2306
268,349	1949
268,576	1757
268,802	2079
269,029	2052
269,256	2182
269,482	2111
269,709	2155
269,936	2123
270,162	2288
270,389	2023
270,616	2130
270,842	2257
271,069	2192
271,295	2205
271,522	2061
271,748	2140
271,975	2267
272,201	2232
272,428	2120
272,654	2194
272,881	2379
273,107	2134
273,334	2141
273,56	2371
273,787	2157
274,013	2175
274,239	2444
274,466	2186
274,692	2182
274,918	2229
275,145	2214
275,371	2184
275,597	2264
275,824	2225
276,05	2246
276,276	2301
276,503	2212
276,729	2238
276,955	2091
277,181	2230
277,407	2257
277,634	2260
277,86	2171
278,086	2412
278,312	2109
278,538	2100
278,764	2210
278,991	2250
279,217	1995
279,443	2108
279,669	2086
279,895	2190
280,121	2153
280,347	2106
280,573	2157
280,799	2259
281,025	2359
281,251	2104
281,477	2303
281,703	2298
281,929	2119
282,155	2241
282,381	2258
282,607	2237
282,833	2195
283,059	2292
283,285	2179
283,51	2146
283,736	2097
283,962	2285
284,188	2250
284,414	2244
284,64	2294
284,865	2277
285,091	2215
285,317	2331
285,543	2387
285,768	2436
285,994	2218
286,22	2467
286,446	2431
286,671	2187
286,897	2247
287,123	2240
287,348	2305
287,574	2733
287,799	2256
288,025	2296
288,251	2525
288,476	2288
288,702	2197
288,927	2276
289,153	2248
289,378	2469
289,604	2353
289,829	2318
290,055	2159
290,28	2294
290,506	2333
290,731	2242
290,957	2388
291,182	2354
291,408	2446
291,633	2372
291,858	2271
292,084	2337
292,309	2224
292,535	2269
292,76	2355
292,985	2353
293,211	2166
293,436	2150
293,661	2179
293,886	2292
294,112	2299
294,337	2341
294,562	2103
294,787	2305
295,013	2278
295,238	2194
295,463	2387
295,688	2460
295,913	2308
296,138	2333
296,364	2299
296,589	2447
296,814	2181
297,039	2252
297,264	2290
297,489	2296
297,714	2263
297,939	2149
298,164	2380
298,389	2250
298,614	2147
298,839	2296
299,064	2355
299,289	2333
299,514	2338
299,739	2314
299,964	2262
300,189	2234
300,414	2253
300,639	2437
300,863	2271
301,088	2667
301,313	2289
301,538	2323
301,763	2288
301,988	2287
302,212	2349
302,437	2771
302,662	2193
302,887	2299
303,111	2371
303,336	2386
303,561	2365
303,786	2259
304,01	2402
304,235	2341
304,46	2175
304,684	2298
304,909	2277
305,134	2171
305,358	2347
305,583	2260
305,807	2445
306,032	2117
306,256	2195
306,481	2245
306,706	2223
306,93	2183
307,155	2480
307,379	2166
307,604	2180
307,828	2188
308,052	2437
308,277	2289
308,501	2283
308,726	2415
308,95	2349
309,175	2165
309,399	2401
309,623	2261
309,848	2175
310,072	2055
310,296	2600
310,521	2311
310,745	2119
310,969	2439
311,193	2425
311,418	2283
311,642	2182
311,866	2291
312,09	2223
312,315	2321
312,539	2306
312,763	2100
312,987	2329
313,211	2217
313,435	2333
313,659	2206
313,884	2494
314,108	2307
314,332	2399
314,556	2184
314,78	2399
315,004	2249
315,228	2391
315,452	2001
315,676	2255
315,9	2263
316,124	2054
316,348	2156
316,572	2271
316,796	2427
317,02	2149
317,244	2251
317,468	2138
317,691	2443
317,915	2221
318,139	2159
318,363	2589
318,587	2165
318,811	2059
319,034	1941
319,258	2232
319,482	2345
319,706	2254
319,93	2141
320,153	2177
320,377	2178
320,601	2071
320,824	2009
321,048	2250
321,272	2229
321,495	2205
321,719	2219
321,943	2134
322,166	2124
322,39	2164
322,614	2192
322,837	2318
323,061	2029
323,284	2330
323,508	2204
323,731	2106
323,955	2147
324,178	2112
324,402	2197
324,625	2159
324,849	2257
325,072	2153
325,296	2185
325,519	2101
325,743	2086
325,966	2264
326,189	2298
326,413	2080
326,636	2455
326,859	2230
327,083	2402
327,306	2030
327,529	2038
327,753	2080
327,976	2129
328,199	2184
328,422	2220
328,646	2152
328,869	2004
329,092	2136
329,315	2304
329,538	2036
329,762	2060
329,985	2001
330,208	2129
330,431	2122
330,654	2211
330,877	2122
331,1	2237
331,323	2048
331,546	2237
331,769	2188
331,993	2029
332,216	2105
332,439	2248
332,662	2041
332,885	2100
333,107	1970
333,33	1978
333,553	2190
333,776	2070
333,999	2145
334,222	1995
334,445	2053
334,668	2091
334,891	2190
335,114	1944
335,336	2051
335,559	1838
335,782	2366
336,005	2005
336,228	2069
336,45	2079
336,673	2067
336,896	1962
337,119	2097
337,341	2019
337,564	2019
337,787	2098
338,009	1987
338,232	2152
338,455	2061
338,677	2031
338,9	2120
339,122	2210
339,345	1877
339,568	1916
339,79	2054
340,013	2143
340,235	2175
340,458	1948
340,68	2080
340,903	1995
341,125	1975
341,348	2047
341,57	1962
341,793	1975
342,015	1904
342,238	2017
342,46	2037
342,682	2107
342,905	1945
343,127	2022
343,349	2004
343,572	2110
343,794	1977
344,016	1960
344,239	2085
344,461	1975
344,683	1941
344,905	1922
345,128	1985
345,35	2043
345,572	2067
345,794	2165
346,017	1990
346,239	2016
346,461	1940
346,683	1938
346,905	2160
347,127	2098
347,349	2016
347,571	2000
347,793	2207
348,016	2071
348,238	2018
348,46	2013
348,682	1906
348,904	2067
349,126	2113
349,348	2117
349,57	1940
349,792	1937
350,014	2057
350,235	1932
350,457	2397
350,679	2074
350,901	1842
351,123	2001
351,345	1957
351,567	2069
351,789	2037
352,01	2036
352,232	2082
352,454	1900
352,676	2222
352,897	1941
353,119	1929
353,341	1958
353,563	1924
353,784	1908
354,006	1941
354,228	2106
354,449	2010
354,671	2019
354,893	2120
355,114	2003
355,336	2071
355,558	2008
355,779	1920
356,001	2084
356,222	1967
356,444	1950
356,665	2462
356,887	1940
357,108	1918
357,33	1947
357,551	2093
357,773	2062
357,994	1982
358,216	1864
358,437	2058
358,659	2141
358,88	1973
359,101	2017
359,323	2084
359,544	1923
359,765	1903
359,987	1923
360,208	2092
360,429	2042
360,651	1942
360,872	2089
361,093	1978
361,314	2017
361,536	1943
361,757	2085
361,978	1614
362,199	1878
362,42	1826
362,642	1950
362,863	2003
363,084	1942
363,305	2005
363,526	1965
363,747	1968
363,968	1934
364,189	2140
364,41	1854
364,631	1873
364,852	2087
365,073	1934
365,294	1933
365,515	1877
365,736	2031
365,957	1990
366,178	1971
366,399	2067
366,62	2106
366,841	2124
367,062	2069
367,283	2000
367,504	2085
367,724	1870
367,945	1817
368,166	2110
368,387	2009
368,608	1966
368,828	2114
369,049	1877
369,27	1976
369,491	1766
369,711	2119
369,932	2079
370,153	1994
370,373	2109
370,594	2170
370,815	2057
371,035	2124
371,256	1912
371,477	1921
371,697	2011
371,918	1869
372,138	2134
372,359	2139
372,579	2098
372,8	1985
373,02	2030
373,241	2046
373,461	2076
373,682	2046
373,902	1958
374,123	1931
374,343	2189
374,564	1982
374,784	2059
375,004	2092
375,225	1993
375,445	2014
375,666	2226
375,886	1877
376,106	1938
376,326	2052
376,547	2313
376,767	2179
376,987	1998
377,208	2015
377,428	2010
377,648	2095
377,868	2123
378,088	2290
378,309	2263
378,529	2077
378,749	2245
378,969	2043
379,189	2173
379,409	2155
379,629	2058
379,849	2229
380,069	2049
380,29	1994
380,51	2160
380,73	2221
380,95	2284
381,17	2193
381,39	2177
381,61	2049
381,829	2241
382,049	2135
382,269	2079
382,489	2176
382,709	2048
382,929	2188
383,149	2140
383,369	2461
383,589	2062
383,808	2315
384,028	2162
384,248	2215
384,468	2123
384,688	2108
384,907	2160
385,127	2212
385,347	2317
385,567	2195
385,786	2322
386,006	2233
386,226	2263
386,445	2191
386,665	2288
386,885	2307
387,104	2308
387,324	2286
387,543	2294
387,763	2452
387,982	2414
388,202	2353
388,422	2344
388,641	2326
388,861	2457
389,08	2463
389,3	2275
389,519	2665
389,738	2350
389,958	2397
390,177	2389
390,397	2510
390,616	2460
390,836	2565
391,055	2506
391,274	2591
391,494	2595
391,713	2435
391,932	2560
392,151	2551
392,371	2637
392,59	2676
392,809	2692
393,029	2701
393,248	2729
393,467	2400
393,686	2532
393,905	3657
394,124	2583
394,344	2676
394,563	2728
394,782	2617
395,001	2638
395,22	2658
395,439	2697
395,658	2587
395,877	2765
396,096	2721
396,315	2930
396,534	2755
396,753	2919
396,972	2557
397,191	2908
397,41	3001
397,629	2959
397,848	2944
398,067	3063
398,286	3000
398,505	3132
398,724	3123
398,943	3575
399,161	2967
399,38	3139
399,599	3022
399,818	2965
400,037	3287
400,255	3000
400,474	3056
400,693	3138
400,912	3161
401,13	3166
401,349	2972
401,568	2907
401,786	3018
402,005	3150
402,224	3077
402,442	3115
402,661	3190
402,88	3072
403,098	3043
403,317	3197
403,535	3158
403,754	3092
403,972	3270
404,191	3174
404,409	3254
404,628	3953
404,846	3389
405,065	3394
405,283	3306
405,502	3320
405,72	3322
405,938	3195
406,157	3214
406,375	3242
406,594	3329
406,812	3289
407,03	3261
407,249	3003
407,467	3331
407,685	3164
407,903	3317
408,122	3536
408,34	3434
408,558	3410
408,776	3383
408,995	3440
409,213	3462
409,431	3574
409,649	3490
409,867	3355
410,085	3452
410,303	3456
410,522	3343
410,74	3386
410,958	3424
411,176	3373
411,394	3309
411,612	3367
411,83	3585
412,048	3559
412,266	3607
412,484	3536
412,702	3683
412,92	3402
413,138	3611
413,356	3501
413,573	3591
413,791	3717
414,009	3485
414,227	3548
414,445	3384
414,663	3381
414,881	3546
415,098	3647
415,316	3439
415,534	3878
415,752	3446
415,969	3656
416,187	3371
416,405	3453
416,623	3477
416,84	3487
417,058	3302
417,276	3619
417,493	3467
417,711	3468
417,928	3594
418,146	3342
418,364	3640
418,581	3429
418,799	3350
419,016	3380
419,234	3465
419,451	4023
419,669	3569
419,886	3458
420,104	3572
420,321	3598
420,539	3650
420,756	3797
420,974	3733
421,191	3723
421,408	3897
421,626	3869
421,843	3668
422,06	3747
422,278	3552
422,495	3673
422,712	3650
422,93	3783
423,147	3649
423,364	3601
423,581	3706
423,799	3475
424,016	3472
424,233	3436
424,45	3482
424,667	3590
424,884	3493
425,102	3636
425,319	3296
425,536	3418
425,753	3626
425,97	3337
426,187	3459
426,404	3465
426,621	3761
426,838	3729
427,055	3664
427,272	3601
427,489	3642
427,706	3468
427,923	3475
428,14	3633
428,357	3754
428,574	3608
428,791	3664
429,008	3708
429,224	3710
429,441	3741
429,658	3899
429,875	4137
430,092	3922
430,308	3914
430,525	3783
430,742	3678
430,959	3644
431,175	3485
431,392	3464
431,609	3483
431,826	3338
432,042	3275
432,259	3018
432,476	3597
432,692	3248
432,909	3371
433,125	3606
433,342	3736
433,559	3751
433,775	3676
433,992	3526
434,208	3264
434,425	3358
434,641	3579
434,858	3663
435,074	3435
435,291	3431
435,507	3427
435,723	3456
435,94	3443
436,156	3557
436,373	3612
436,589	3453
436,805	3439
437,022	3347
437,238	3385
437,454	3484
437,671	3388
437,887	3403
438,103	3334
438,319	3414
438,536	3610
438,752	3471
438,968	3460
439,184	3525
439,4	3584
439,616	3231
439,833	3435
440,049	3349
440,265	3559
440,481	3513
440,697	3751
440,913	3748
441,129	3713
441,345	3786
441,561	3691
441,777	3535
441,993	3600
442,209	3527
442,425	3681
442,641	3498
442,857	3626
443,073	3495
443,289	3618
443,505	3647
443,721	3613
443,937	3507
444,152	3406
444,368	3526
444,584	3477
444,8	3687
445,016	3405
445,231	3398
445,447	3592
445,663	3506
445,879	3482
446,094	3653
446,31	3554
446,526	3436
446,742	3417
446,957	3398
447,173	3460
447,388	3462
447,604	3491
447,82	3434
448,035	3356
448,251	3473
448,466	3262
448,682	3277
448,897	3289
449,113	3437
449,328	3477
449,544	3263
449,759	3687
449,975	3214
450,19	3233
450,406	3306
450,621	3211
450,836	3248
451,052	3250
451,267	3136
451,483	3242
451,698	3064
451,913	3129
452,129	3365
452,344	3061
452,559	3288
452,774	3140
452,99	3097
453,205	3321
453,42	3249
453,635	3210
453,85	3020
454,066	3069
454,281	3188
454,496	3221
454,711	3190
454,926	3196
455,141	3030
455,356	3033
455,571	3041
455,786	2982
456,001	3046
456,217	2930
456,432	3103
456,647	3189
456,861	3118
457,076	3184
457,291	3160
457,506	3183
457,721	3197
457,936	3154
458,151	3022
458,366	3425
458,581	3218
458,796	3364
459,01	3217
459,225	3206
459,44	2947
459,655	3221
459,87	3108
460,084	2968
460,299	3014
460,514	3196
460,729	3623
460,943	3098
461,158	2832
461,373	3117
461,587	2979
461,802	2807
462,016	3045
462,231	2730
462,446	2991
462,66	2928
462,875	2974
463,089	3213
463,304	3124
463,518	3053
463,733	3116
463,947	3095
464,162	3036
464,376	3181
464,591	3290
464,805	3132
465,02	3188
465,234	3365
465,448	3295
465,663	3222
465,877	3125
466,091	2918
466,306	2808
466,52	3176
466,734	2923
466,949	2831
467,163	2954
467,377	2853
467,591	2986
467,806	2844
468,02	2770
468,234	2734
468,448	2826
468,662	2845
468,876	2957
469,091	2551
469,305	2797
469,519	2541
469,733	2504
469,947	2621
470,161	2775
470,375	2491
470,589	2755
470,803	2697
471,017	2709
471,231	2642
471,445	2661
471,659	2640
471,873	2717
472,087	2622
472,301	2845
472,515	2657
472,728	2704
472,942	2728
473,156	2702
473,37	2773
473,584	2550
473,798	2775
474,011	2707
474,225	2663
474,439	2909
474,653	2818
474,866	2794
475,08	2662
475,294	3094
475,507	2627
475,721	2771
475,935	2781
476,148	2714
476,362	2649
476,576	2659
476,789	2643
477,003	2741
477,216	2718
477,43	2787
477,643	2850
477,857	2873
478,07	2963
478,284	2757
478,497	2616
478,711	2705
478,924	2693
479,138	2748
479,351	2712
479,564	2726
479,778	2892
479,991	2657
480,204	2742
480,418	2811
480,631	2722
480,844	2857
481,058	2778
481,271	2874
481,484	2883
481,697	2819
481,911	2718
482,124	2732
482,337	2819
482,55	2658
482,763	2701
482,976	2878
483,19	2677
483,403	2760
483,616	2922
483,829	2893
484,042	2859
484,255	2854
484,468	2934
484,681	2826
484,894	3367
485,107	5373
485,32	6748
485,533	6631
485,746	5892
485,959	4912
486,172	4039
486,385	3347
486,598	3194
486,81	2918
487,023	2655
487,236	2925
487,449	2759
487,662	2562
487,875	2756
488,087	2690
488,3	2642
488,513	2496
488,726	2502
488,938	2726
489,151	2659
489,364	2600
489,576	2609
489,789	2676
490,002	2634
490,214	2589
490,427	2408
490,64	2654
490,852	2654
491,065	2507
491,277	2437
491,49	2647
491,702	2447
491,915	2610
492,127	2676
492,34	2590
492,552	2556
492,765	2559
492,977	2838
493,19	2574
493,402	2572
493,614	2607
493,827	2576
494,039	2558
494,251	2649
494,464	2636
494,676	2374
494,888	2453
495,101	2410
495,313	2546
495,525	2564
495,737	2746
495,95	2801
496,162	2715
496,374	2545
496,586	2628
496,798	2479
497,01	2451
497,222	2301
497,435	2569
497,647	2427
497,859	2447
498,071	2494
498,283	2396
498,495	2337
498,707	2814
498,919	2393
499,131	2595
499,343	2355
499,555	2360
499,767	2582
499,979	2455
500,191	2435
500,402	2355
500,614	2573
500,826	2600
501,038	2469
501,25	2485
501,462	2476
501,673	2484
501,885	2219
502,097	2641
502,309	2492
502,521	2680
502,732	2444
502,944	2403
503,156	2326
503,367	2382
503,579	2300
503,791	2381
504,002	2414
504,214	2513
504,425	2751
504,637	2629
504,849	2283
505,06	2336
505,272	2479
505,483	2272
505,695	2392
505,906	2350
506,118	2419
506,329	2256
506,541	2287
506,752	2411
506,963	2356
507,175	2111
507,386	2506
507,598	2435
507,809	2190
508,02	2279
508,232	2357
508,443	2225
508,654	2511
508,865	2328
509,077	2074
509,288	2244
509,499	2496
509,71	2203
509,922	2410
510,133	2226
510,344	2367
510,555	2205
510,766	2546
510,977	2247
511,188	2240
511,4	2321
511,611	2102
511,822	2308
512,033	2248
512,244	2258
512,455	2219
512,666	2288
512,877	2362
513,088	2158
513,299	2076
513,51	2266
513,721	2203
513,931	2239
514,142	2302
514,353	2362
514,564	2054
514,775	2109
514,986	2166
515,196	2244
515,407	2137
515,618	2099
515,829	2207
516,04	2240
516,25	2097
516,461	2094
516,672	2213
516,882	2066
517,093	2223
517,304	2004
517,514	2007
517,725	2124
517,936	2437
518,146	2086
518,357	2207
518,567	2070
518,778	2438
518,988	2078
519,199	2248
519,409	2055
519,62	2114
519,83	2022
520,041	2113
520,251	2120
520,462	2219
520,672	2114
520,882	2145
521,093	2236
521,303	2227
521,513	2013
521,724	2901
521,934	2052
522,144	2099
522,355	2073
522,565	2110
522,775	2093
522,985	2068
523,196	2012
523,406	2033
523,616	2230
523,826	2121
524,036	2809
524,246	2058
524,457	1934
524,667	1936
524,877	2142
525,087	1993
525,297	2188
525,507	2131
525,717	1893
525,927	2069
526,137	2076
526,347	2035
526,557	2009
526,767	1883
526,977	2339
527,187	2025
527,397	1914
527,607	1946
527,816	2026
528,026	2095
528,236	2223
528,446	2069
528,656	2196
528,865	2256
529,075	1925
529,285	2037
529,495	2116
529,704	2053
529,914	2004
530,124	2071
530,334	1930
530,543	1986
530,753	2149
530,963	2393
531,172	2005
531,382	1946
531,591	2270
531,801	1829
532,01	2033
532,22	1969
532,43	2022
532,639	2334
532,849	2134
533,058	2028
533,267	2258
533,477	2009
533,686	1969
533,896	1981
534,105	2016
534,315	2159
534,524	2066
534,733	2045
534,943	2197
535,152	2171
535,361	1945
535,57	1964
535,78	1965
535,989	1880
536,198	1881
536,407	1912
536,617	1873
536,826	1968
537,035	1860
537,244	1972
537,453	1851
537,662	1967
537,872	2089
538,081	1977
538,29	1906
538,499	1958
538,708	2007
538,917	1954
539,126	1988
539,335	2085
539,544	2458
539,753	1853
539,962	2047
540,171	1953
540,38	2112
540,589	1988
540,797	2049
541,006	2006
541,215	1927
541,424	2177
541,633	2046
541,842	1905
542,05	2141
542,259	1976
542,468	1977
542,677	2086
542,885	2002
543,094	2039
543,303	1921
543,512	2078
543,72	2043
543,929	2108
544,138	2007
544,346	1932
544,555	2009
544,763	2056
544,972	1913
545,18	1766
545,389	1972
545,598	1834
545,806	1970
546,015	1970
546,223	1974
546,431	1945
546,64	1921
546,848	1956
547,057	2000
547,265	1969
547,474	1972
547,682	2005
547,89	2070
548,099	1913
548,307	1952
548,515	1999
548,723	2036
548,932	1890
549,14	1952
549,348	2016
549,556	1861
549,765	1875
549,973	1790
550,181	1946
550,389	1878
550,597	2007
550,805	1859
551,014	1979
551,222	5572
551,43	1841
551,638	1861
551,846	2150
552,054	2131
552,262	2081
552,47	1809
552,678	1882
552,886	1918
553,094	1784
553,302	1961
553,51	1868
553,717	2096
553,925	1649
554,133	2068
554,341	1743
554,549	2137
554,757	1829
554,965	1856
555,172	1925
555,38	2225
555,588	1793
555,796	1918
556,003	2014
556,211	1785
556,419	1873
556,626	2047
556,834	1817
557,042	1763
557,249	1869
557,457	1852
557,664	1673
557,872	1783
558,08	1776
558,287	1914
558,495	1896
558,702	1725
558,91	1816
559,117	1766
559,325	1840
559,532	1811
559,74	2008
559,947	1846
560,154	1973
560,362	1804
560,569	1821
560,776	1833
560,984	1860
561,191	1681
561,398	1954
561,606	2072
561,813	1897
562,02	1652
562,227	1611
562,435	1698
562,642	1843
562,849	1864
563,056	1816
563,263	1640
563,471	1933
563,678	1824
563,885	1757
564,092	1824
564,299	1872
564,506	1892
564,713	1793
564,92	1716
565,127	1901
565,334	1800
565,541	2128
565,748	1772
565,955	1768
566,162	1837
566,369	1915
566,576	1946
566,783	1950
566,99	1848
567,196	1978
567,403	1856
567,61	1979
567,817	1948
568,024	1884
568,23	1986
568,437	1932
568,644	1878
568,851	1990
569,057	2304
569,264	2284
569,471	2107
569,677	2124
569,884	2109
570,091	2097
570,297	3113
570,504	2380
570,71	2213
570,917	2153
571,123	2069
571,33	2213
571,536	2125
571,743	2420
571,949	1958
572,156	1927
572,362	2166
572,569	2037
572,775	2231
572,982	2314
573,188	2105
573,394	2044
573,601	2197
573,807	2240
574,013	2360
574,22	2345
574,426	2137
574,632	2244
574,838	2100
575,045	2021
575,251	1987
575,457	1995
575,663	2173
575,869	2072
576,076	2099
576,282	2140
576,488	2170
576,694	2073
576,9	1972
577,106	2294
577,312	2369
577,518	2418
577,724	2343
577,93	2163
578,136	1979
578,342	1972
578,548	1917
578,754	2181
578,96	1963
579,166	2039
579,372	2295
579,578	1955
579,784	2150
579,989	2086
580,195	1941
580,401	1769
580,607	2217
580,813	2550
581,018	2646
581,224	2498
581,43	2348
581,636	2351
581,841	2351
582,047	2179
582,253	2080
582,458	1932
582,664	1834
582,869	1808
583,075	1745
583,281	2105
583,486	1869
583,692	1860
583,897	2037
584,103	1943
584,308	2114
584,514	2120
584,719	2196
584,925	2099
585,13	1999
585,335	1990
585,541	1921
585,746	1892
585,952	1806
586,157	1871
586,362	1828
586,568	1885
586,773	2091
586,978	1812
587,183	1895
587,389	1831
587,594	1786
587,799	1843
588,004	1963
588,21	1946
588,415	1623
588,62	1773
588,825	1910
589,03	1898
589,235	2146
589,44	1878
589,645	1757
589,85	1783
590,055	1901
590,26	1651
590,465	1621
590,67	1734
590,875	1974
591,08	1735
591,285	1692
591,49	1710
591,695	1688
591,9	1664
592,105	1723
592,31	1799
592,515	2065
592,719	1655
592,924	1604
593,129	1680
593,334	1714
593,539	1649
593,743	1774
593,948	1663
594,153	1562
594,357	1874
594,562	1620
594,767	2101
594,971	1532
595,176	1586
595,381	1665
595,585	1706
595,79	1822
595,994	1409
596,199	2017
596,403	1422
596,608	1437
596,812	1623
597,017	1659
597,221	1803
597,426	1757
597,63	1748
597,835	1542
598,039	1515
598,243	1582
598,448	1882
598,652	1653
598,856	1551
599,061	1666
599,265	1553
599,469	1638
599,673	1651
599,878	1779
600,082	1548
600,286	1599
600,49	1678
600,695	1450
600,899	1566
601,103	1628
601,307	1705
601,511	1590
601,715	1488
601,919	1485
602,123	1751
602,327	1545
602,531	1624
602,735	1757
602,939	1743
603,143	1541
603,347	1604
603,551	1509
603,755	1613
603,959	1490
604,163	1604
604,367	1436
604,571	1532
604,775	1671
604,978	1578
605,182	1660
605,386	1624
605,59	1598
605,793	1593
605,997	1696
606,201	1442
606,405	1590
606,608	1660
606,812	1568
607,016	1739
607,219	1471
607,423	1516
607,627	1688
607,83	1603
608,034	1483
608,237	1554
608,441	1486
608,644	1671
608,848	1662
609,051	1545
609,255	1432
609,458	1632
609,662	1608
609,865	1580
610,069	1458
610,272	1446
610,475	1476
610,679	1516
610,882	1508
611,085	1491
611,289	1624
611,492	1538
611,695	1520
611,898	1426
612,102	1638
612,305	1448
612,508	1537
612,711	1690
612,914	1842
613,118	1550
613,321	1564
613,524	1565
613,727	1387
613,93	1514
614,133	1593
614,336	1594
614,539	1519
614,742	1419
614,945	1608
615,148	1713
615,351	1546
615,554	1631
615,757	1388
615,96	1627
616,163	1470
616,366	1627
616,569	1509
616,772	1672
616,974	1528
617,177	1680
617,38	1561
617,583	1525
617,786	1479
617,988	1453
618,191	1632
618,394	1500
618,596	1431
618,799	1475
619,002	1522
619,204	1571
619,407	1563
619,61	1414
619,812	1494
620,015	1483
620,217	1639
620,42	1442
620,623	1516
620,825	1493
621,028	1650
621,23	1556
621,432	1501
621,635	1636
621,837	1569
622,04	1374
622,242	1480
622,445	1569
622,647	1596
622,849	1623
623,052	1238
623,254	1648
623,456	1329
623,658	1619
623,861	1630
624,063	1464
624,265	1556
624,467	1652
624,67	1348
624,872	1585
625,074	1758
625,276	1633
625,478	1589
625,68	1455
625,882	1419
626,084	1534
626,287	1708
626,489	1618
626,691	1567
626,893	1594
627,095	1600
627,297	1653
627,499	1406
627,7	1333
627,902	1425
628,104	1343
628,306	1449
628,508	1434
628,71	1490
628,912	1586
629,114	1577
629,315	1552
629,517	1440
629,719	1406
629,921	1461
630,122	1510
630,324	1416
630,526	1588
630,728	1518
630,929	1507
631,131	1477
631,332	1672
631,534	1568
631,736	1553
631,937	1449
632,139	1540
632,34	1510
632,542	1580
632,743	1565
632,945	1426
633,146	1582
633,348	1570
633,549	1533
633,751	1447
633,952	1501
634,154	1334
634,355	1327
634,556	1549
634,758	1435
634,959	1438
635,16	1567
635,362	1466
635,563	1558
635,764	1503
635,965	1571
636,167	1508
636,368	1498
636,569	1433
636,77	1632
636,971	1407
637,172	1511
637,374	1421
637,575	1620
637,776	1345
637,977	1393
638,178	1439
638,379	1489
638,58	1461
638,781	1281
638,982	1566
639,183	1446
639,384	1429
639,585	1454
639,786	1290
639,987	1690
640,187	1631
640,388	1615
640,589	1387
640,79	1391
640,991	1480
641,192	1631
641,392	1238
641,593	1368
641,794	1351
641,995	1352
642,195	1317
642,396	1402
642,597	1361
642,797	1463
642,998	1610
643,199	1455
643,399	1505
643,6	1354
643,8	1334
644,001	1461
644,202	1486
644,402	1364
644,603	1527
644,803	1350
645,004	1509
645,204	1317
645,404	1451
645,605	1797
645,805	1193
646,006	1367
646,206	1754
646,406	1481
646,607	1608
646,807	1156
647,007	-68
647,208	77
647,408	16
647,608	10
