200,697	977,17
200,927	-26,83
201,158	-29,83
201,388	-8,83
201,618	1337,17
201,849	1266,17
202,079	1468,17
202,309	1357,17
202,539	1515,17
202,77	1394,17
203	1438,17
203,23	1483,17
203,46	1426,17
203,691	1451,17
203,921	1498,17
204,151	1451,17
204,381	1387,17
204,611	1487,17
204,841	1381,17
205,071	1338,17
205,302	1505,17
205,532	1521,17
205,762	3635,17
205,992	1378,17
206,222	1412,17
206,452	1500,17
206,682	1441,17
206,912	1524,17
207,142	1584,17
207,372	1181,17
207,602	1399,17
207,832	1459,17
208,062	1532,17
208,292	1491,17
208,522	1290,17
208,752	1516,17
208,982	1380,17
209,212	1683,17
209,442	1444,17
209,672	1375,17
209,902	1350,17
210,131	1586,17
210,361	1373,17
210,591	1431,17
210,821	1368,17
211,051	1574,17
211,281	1435,17
211,51	1559,17
211,74	1445,17
211,97	1458,17
212,2	1542,17
212,429	1749,17
212,659	1475,17
212,889	1469,17
213,119	1365,17
213,348	1407,17
213,578	1550,17
213,808	1562,17
214,037	1572,17
214,267	1548,17
214,497	1507,17
214,726	1413,17
214,956	1368,17
215,186	1458,17
215,415	1521,17
215,645	1460,17
215,874	1560,17
216,104	1368,17
216,333	1483,17
216,563	1460,17
216,792	1269,17
217,022	1660,17
217,251	1441,17
217,481	1360,17
217,71	1516,17
217,94	1455,17
218,169	1494,17
218,399	1287,17
218,628	1472,17
218,858	1620,17
219,087	1490,17
219,316	1565,17
219,546	1366,17
219,775	1532,17
220,004	1606,17
220,234	1402,17
220,463	1487,17
220,692	1567,17
220,922	1486,17
221,151	1570,17
221,38	1451,17
221,61	1875,17
221,839	1760,17
222,068	1419,17
222,297	1557,17
222,526	1533,17
222,756	1639,17
222,985	1602,17
223,214	1559,17
223,443	1477,17
223,672	1913,17
223,902	1436,17
224,131	1483,17
224,36	1665,17
224,589	1388,17
224,818	1448,17
225,047	1619,17
225,276	1444,17
225,505	1787,17
225,734	1517,17
225,963	1470,17
226,192	1495,17
226,421	1739,17
226,65	1522,17
226,879	1582,17
227,108	1639,17
227,337	1700,17
227,566	1669,17
227,795	1565,17
228,024	1401,17
228,253	1620,17
228,482	1408,17
228,711	1563,17
228,94	1538,17
229,168	1436,17
229,397	1489,17
229,626	1505,17
229,855	1468,17
230,084	1432,17
230,313	1386,17
230,541	1634,17
230,77	1454,17
230,999	1400,17
231,228	1688,17
231,456	1612,17
231,685	1473,17
231,914	1574,17
232,143	1489,17
232,371	1538,17
232,6	1531,17
232,829	1509,17
233,057	1559,17
233,286	1558,17
233,515	1559,17
233,743	1517,17
233,972	1439,17
234,2	1541,17
234,429	1496,17
234,658	1525,17
234,886	1377,17
235,115	1556,17
235,343	1591,17
235,572	1481,17
235,8	1606,17
236,029	1411,17
236,257	1461,17
236,486	1617,17
236,714	1592,17
236,943	1591,17
237,171	1443,17
237,399	1500,17
237,628	1819,17
237,856	1682,17
238,085	1578,17
238,313	1449,17
238,541	1353,17
238,77	1837,17
238,998	1395,17
239,226	1533,17
239,455	1529,17
239,683	1548,17
239,911	1448,17
240,14	1685,17
240,368	1559,17
240,596	1537,17
240,824	1603,17
241,053	1423,17
241,281	1487,17
241,509	1509,17
241,737	1504,17
241,965	1405,17
242,193	1400,17
242,422	1463,17
242,65	1473,17
242,878	1488,17
243,106	1479,17
243,334	1538,17
243,562	1586,17
243,79	1552,17
244,018	1587,17
244,246	1464,17
244,474	1501,17
244,702	1414,17
244,93	1504,17
245,158	1496,17
245,386	1306,17
245,614	1646,17
245,842	1590,17
246,07	1409,17
246,298	1591,17
246,526	1900,17
246,754	1424,17
246,982	1582,17
247,21	1477,17
247,438	1261,17
247,666	1519,17
247,893	1443,17
248,121	1511,17
248,349	1426,17
248,577	1545,17
248,805	1659,17
249,033	1484,17
249,26	1507,17
249,488	1441,17
249,716	1501,17
249,944	1478,17
250,171	1493,17
250,399	1389,17
250,627	1648,17
250,854	1511,17
251,082	1444,17
251,31	1527,17
251,537	1536,17
251,765	1722,17
251,993	1405,17
252,22	1811,17
252,448	1435,17
252,676	1574,17
252,903	1556,17
253,131	1837,17
253,358	1515,17
253,586	1399,17
253,813	1348,17
254,041	1577,17
254,268	1543,17
254,496	1408,17
254,723	1483,17
254,951	1832,17
255,178	1504,17
255,406	1527,17
255,633	1526,17
255,86	1653,17
256,088	1564,17
256,315	1458,17
256,543	1467,17
256,77	1523,17
256,997	1479,17
257,225	1593,17
257,452	1413,17
257,679	1480,17
257,907	1548,17
258,134	1439,17
258,361	1594,17
258,588	1459,17
258,816	1567,17
259,043	1452,17
259,27	1533,17
259,497	1552,17
259,725	1475,17
259,952	1445,17
260,179	1413,17
260,406	1554,17
260,633	1477,17
260,86	1568,17
261,088	1487,17
261,315	1715,17
261,542	1423,17
261,769	1461,17
261,996	1764,17
262,223	1664,17
262,45	1748,17
262,677	1390,17
262,904	1519,17
263,131	1512,17
263,358	1524,17
263,585	1552,17
263,812	1762,17
264,039	1684,17
264,266	1474,17
264,493	1246,17
264,72	1448,17
264,947	1494,17
265,174	1698,17
265,401	1656,17
265,627	1740,17
265,854	1521,17
266,081	1553,17
266,308	1533,17
266,535	1462,17
266,762	1441,17
266,988	1596,17
267,215	1602,17
267,442	1508,17
267,669	1608,17
267,896	1568,17
268,122	1659,17
268,349	1554,17
268,576	1349,17
268,802	1483,17
269,029	1512,17
269,256	1432,17
269,482	1511,17
269,709	1477,17
269,936	1531,17
270,162	1681,17
270,389	1475,17
270,616	1647,17
270,842	1696,17
271,069	1654,17
271,295	1541,17
271,522	1447,17
271,748	1490,17
271,975	1647,17
272,201	1664,17
272,428	1503,17
272,654	1524,17
272,881	1792,17
273,107	1439,17
273,334	1515,17
273,56	1661,17
273,787	1420,17
274,013	1641,17
274,239	1789,17
274,466	1488,17
274,692	1530,17
274,918	1562,17
275,145	1539,17
275,371	1390,17
275,597	1784,17
275,824	1573,17
276,05	1617,17
276,276	1612,17
276,503	1456,17
276,729	1514,17
276,955	1473,17
277,181	1571,17
277,407	1505,17
277,634	1646,17
277,86	1570,17
278,086	1631,17
278,312	1514,17
278,538	1451,17
278,764	1603,17
278,991	1685,17
279,217	1519,17
279,443	1468,17
279,669	1463,17
279,895	1625,17
280,121	1532,17
280,347	1519,17
280,573	1451,17
280,799	1501,17
281,025	1677,17
281,251	1443,17
281,477	1628,17
281,703	1437,17
281,929	1466,17
282,155	1465,17
282,381	1538,17
282,607	1515,17
282,833	1494,17
283,059	1520,17
283,285	1541,17
283,51	1453,17
283,736	1409,17
283,962	1564,17
284,188	1534,17
284,414	1536,17
284,64	1543,17
284,865	1517,17
285,091	1413,17
285,317	1993,17
285,543	1622,17
285,768	1572,17
285,994	1570,17
286,22	1746,17
286,446	1653,17
286,671	1367,17
286,897	1545,17
287,123	1502,17
287,348	1429,17
287,574	1994,17
287,799	1546,17
288,025	1190,17
288,251	1714,17
288,476	1466,17
288,702	1520,17
288,927	1523,17
289,153	1461,17
289,378	1735,17
289,604	1614,17
289,829	1512,17
290,055	1454,17
290,28	1523,17
290,506	1595,17
290,731	1511,17
290,957	1568,17
291,182	1607,17
291,408	1624,17
291,633	1614,17
291,858	1781,17
292,084	1538,17
292,309	1547,17
292,535	1515,17
292,76	1345,17
292,985	1511,17
293,211	1449,17
293,436	1381,17
293,661	1355,17
293,886	1498,17
294,112	1528,17
294,337	1529,17
294,562	1332,17
294,787	1449,17
295,013	1509,17
295,238	1423,17
295,463	1532,17
295,688	1810,17
295,913	1585,17
296,138	1614,17
296,364	1527,17
296,589	1537,17
296,814	1378,17
297,039	1490,17
297,264	1586,17
297,489	1567,17
297,714	1599,17
297,939	1493,17
298,164	1524,17
298,389	1615,17
298,614	1468,17
298,839	1596,17
299,064	1560,17
299,289	1490,17
299,514	1656,17
299,739	1497,17
299,964	1488,17
300,189	1419,17
300,414	1536,17
300,639	1678,17
300,863	1508,17
301,088	1822,17
301,313	1472,17
301,538	1524,17
301,763	1449,17
301,988	1507,17
302,212	1601,17
302,437	1919,17
302,662	1495,17
302,887	1516,17
303,111	1529,17
303,336	1644,17
303,561	1585,17
303,786	1534,17
304,01	1563,17
304,235	1708,17
304,46	1429,17
304,684	1490,17
304,909	1592,17
305,134	1360,17
305,358	1647,17
305,583	1563,17
305,807	1797,17
306,032	1361,17
306,256	1626,17
306,481	1569,17
306,706	1419,17
306,93	1442,17
307,155	1777,17
307,379	1484,17
307,604	1540,17
307,828	1485,17
308,052	1669,17
308,277	1584,17
308,501	1555,17
308,726	1660,17
308,95	1606,17
309,175	1472,17
309,399	1653,17
309,623	1547,17
309,848	1453,17
310,072	1355,17
310,296	1865,17
310,521	1642,17
310,745	1423,17
310,969	1685,17
311,193	1636,17
311,418	1725,17
311,642	1424,17
311,866	1538,17
312,09	1521,17
312,315	1575,17
312,539	1618,17
312,763	1456,17
312,987	1599,17
313,211	1463,17
313,435	1656,17
313,659	1474,17
313,884	1765,17
314,108	1643,17
314,332	1670,17
314,556	1460,17
314,78	1802,17
315,004	1612,17
315,228	1677,17
315,452	1582,17
315,676	1554,17
315,9	1560,17
316,124	1516,17
316,348	1509,17
316,572	1572,17
316,796	1656,17
317,02	1511,17
317,244	1608,17
317,468	1461,17
317,691	1686,17
317,915	1579,17
318,139	1540,17
318,363	1870,17
318,587	1498,17
318,811	1433,17
319,034	1388,17
319,258	1630,17
319,482	1722,17
319,706	1572,17
319,93	1328,17
320,153	1483,17
320,377	1579,17
320,601	1434,17
320,824	1240,17
321,048	1613,17
321,272	1620,17
321,495	1546,17
321,719	1484,17
321,943	1493,17
322,166	1498,17
322,39	1483,17
322,614	1498,17
322,837	1736,17
323,061	1444,17
323,284	1571,17
323,508	1570,17
323,731	1457,17
323,955	1537,17
324,178	1471,17
324,402	1586,17
324,625	1508,17
324,849	1384,17
325,072	1558,17
325,296	1737,17
325,519	1305,17
325,743	1444,17
325,966	1612,17
326,189	1617,17
326,413	1485,17
326,636	1806,17
326,859	1580,17
327,083	1722,17
327,306	1387,17
327,529	1485,17
327,753	1420,17
327,976	1568,17
328,199	1567,17
328,422	1641,17
328,646	1569,17
328,869	1440,17
329,092	1625,17
329,315	1784,17
329,538	1489,17
329,762	1556,17
329,985	1366,17
330,208	1498,17
330,431	1561,17
330,654	1665,17
330,877	1498,17
331,1	1586,17
331,323	1482,17
331,546	1610,17
331,769	1591,17
331,993	1492,17
332,216	1560,17
332,439	1515,17
332,662	1547,17
332,885	1509,17
333,107	1389,17
333,33	1413,17
333,553	1626,17
333,776	1493,17
333,999	1504,17
334,222	1390,17
334,445	1444,17
334,668	1734,17
334,891	1659,17
335,114	1418,17
335,336	1442,17
335,559	1589,17
335,782	1807,17
336,005	1476,17
336,228	1494,17
336,45	1484,17
336,673	1483,17
336,896	1493,17
337,119	1594,17
337,341	1465,17
337,564	1492,17
337,787	1504,17
338,009	1426,17
338,232	1541,17
338,455	1655,17
338,677	1420,17
338,9	1491,17
339,122	1537,17
339,345	1528,17
339,568	1330,17
339,79	1458,17
340,013	1597,17
340,235	1584,17
340,458	1427,17
340,68	1609,17
340,903	1451,17
341,125	1447,17
341,348	1346,17
341,57	1404,17
341,793	1655,17
342,015	1386,17
342,238	1642,17
342,46	1519,17
342,682	1666,17
342,905	1461,17
343,127	1571,17
343,349	1503,17
343,572	1678,17
343,794	1537,17
344,016	1414,17
344,239	1597,17
344,461	1416,17
344,683	1428,17
344,905	1433,17
345,128	1411,17
345,35	1487,17
345,572	1579,17
345,794	1630,17
346,017	1544,17
346,239	1445,17
346,461	1415,17
346,683	1511,17
346,905	1559,17
347,127	1501,17
347,349	1429,17
347,571	1411,17
347,793	1778,17
348,016	1476,17
348,238	1507,17
348,46	1564,17
348,682	1411,17
348,904	1632,17
349,126	1635,17
349,348	1506,17
349,57	1419,17
349,792	1449,17
350,014	1576,17
350,235	1492,17
350,457	1857,17
350,679	1522,17
350,901	1390,17
351,123	1459,17
351,345	1463,17
351,567	1519,17
351,789	1521,17
352,01	1542,17
352,232	1556,17
352,454	1421,17
352,676	1581,17
352,897	1476,17
353,119	1698,17
353,341	1969,17
353,563	1475,17
353,784	1460,17
354,006	1506,17
354,228	1477,17
354,449	1430,17
354,671	1577,17
354,893	1606,17
355,114	1520,17
355,336	1548,17
355,558	1494,17
355,779	1494,17
356,001	1564,17
356,222	1524,17
356,444	1370,17
356,665	2055,17
356,887	1430,17
357,108	1354,17
357,33	1383,17
357,551	1500,17
357,773	1636,17
357,994	1464,17
358,216	1332,17
358,437	1659,17
358,659	1559,17
358,88	1449,17
359,101	1556,17
359,323	1580,17
359,544	1448,17
359,765	1398,17
359,987	1460,17
360,208	1468,17
360,429	1535,17
360,651	1433,17
360,872	1656,17
361,093	1517,17
361,314	1548,17
361,536	1437,17
361,757	1457,17
361,978	1440,17
362,199	1376,17
362,42	1505,17
362,642	1091,17
362,863	1566,17
363,084	1459,17
363,305	1484,17
363,526	1486,17
363,747	1415,17
363,968	1480,17
364,189	1671,17
364,41	1403,17
364,631	1295,17
364,852	1612,17
365,073	1450,17
365,294	1453,17
365,515	1364,17
365,736	1544,17
365,957	1419,17
366,178	1427,17
366,399	1682,17
366,62	1573,17
366,841	1642,17
367,062	1499,17
367,283	1494,17
367,504	1545,17
367,724	1418,17
367,945	1346,17
368,166	1567,17
368,387	1531,17
368,608	1457,17
368,828	1531,17
369,049	1382,17
369,27	1510,17
369,491	1421,17
369,711	1465,17
369,932	1552,17
370,153	1463,17
370,373	1535,17
370,594	1633,17
370,815	1529,17
371,035	1650,17
371,256	1391,17
371,477	1568,17
371,697	1514,17
371,918	1366,17
372,138	1527,17
372,359	1642,17
372,579	1382,17
372,8	1465,17
373,02	1501,17
373,241	1481,17
373,461	1531,17
373,682	1449,17
373,902	1489,17
374,123	1369,17
374,343	1565,17
374,564	1400,17
374,784	1438,17
375,004	1563,17
375,225	1397,17
375,445	1482,17
375,666	1645,17
375,886	1351,17
376,106	1508,17
376,326	1469,17
376,547	1671,17
376,767	1600,17
376,987	1364,17
377,208	1429,17
377,428	1414,17
377,648	1532,17
377,868	1538,17
378,088	1621,17
378,309	1635,17
378,529	1555,17
378,749	1483,17
378,969	1328,17
379,189	1546,17
379,409	1495,17
379,629	1413,17
379,849	1510,17
380,069	1465,17
380,29	1379,17
380,51	1433,17
380,73	1514,17
380,95	1872,17
381,17	1549,17
381,39	1504,17
381,61	1339,17
381,829	1445,17
382,049	1438,17
382,269	1441,17
382,489	1501,17
382,709	1441,17
382,929	1556,17
383,149	1512,17
383,369	1819,17
383,589	1466,17
383,808	1594,17
384,028	1474,17
384,248	1513,17
384,468	1455,17
384,688	1450,17
384,907	1429,17
385,127	1429,17
385,347	1538,17
385,567	1340,17
385,786	1535,17
386,006	1423,17
386,226	1524,17
386,445	1382,17
386,665	1436,17
386,885	1575,17
387,104	1462,17
387,324	1454,17
387,543	1415,17
387,763	1451,17
387,982	1521,17
388,202	1437,17
388,422	1423,17
388,641	1440,17
388,861	1527,17
389,08	1511,17
389,3	1371,17
389,519	1612,17
389,738	1634,17
389,958	1599,17
390,177	1455,17
390,397	1492,17
390,616	1487,17
390,836	1629,17
391,055	1486,17
391,274	1509,17
391,494	1377,17
391,713	1423,17
391,932	1480,17
392,151	1401,17
392,371	1423,17
392,59	1431,17
392,809	1599,17
393,029	1595,17
393,248	1632,17
393,467	1374,17
393,686	1431,17
393,905	2532,17
394,124	1427,17
394,344	1588,17
394,563	1563,17
394,782	1398,17
395,001	1490,17
395,22	1383,17
395,439	1466,17
395,658	1377,17
395,877	1532,17
396,096	1348,17
396,315	1544,17
396,534	1378,17
396,753	1491,17
396,972	1390,17
397,191	1479,17
397,41	1429,17
397,629	1390,17
397,848	1403,17
398,067	1473,17
398,286	1407,17
398,505	1450,17
398,724	1621,17
398,943	1903,17
399,161	1335,17
399,38	1425,17
399,599	1524,17
399,818	1394,17
400,037	1586,17
400,255	1455,17
400,474	1396,17
400,693	1507,17
400,912	1572,17
401,13	1479,17
401,349	1498,17
401,568	1345,17
401,786	1623,17
402,005	1538,17
402,224	1434,17
402,442	1479,17
402,661	1552,17
402,88	1470,17
403,098	1375,17
403,317	1464,17
403,535	1474,17
403,754	1405,17
403,972	1420,17
404,191	1344,17
404,409	1354,17
404,628	2082,17
404,846	1472,17
405,065	1530,17
405,283	1486,17
405,502	1483,17
405,72	1545,17
405,938	1385,17
406,157	1369,17
406,375	1407,17
406,594	1508,17
406,812	1467,17
407,03	1467,17
407,249	1258,17
407,467	1536,17
407,685	1511,17
407,903	1499,17
408,122	1582,17
408,34	1417,17
408,558	1241,17
408,776	1433,17
408,995	1396,17
409,213	1481,17
409,431	1542,17
409,649	1550,17
409,867	1440,17
410,085	1459,17
410,303	1476,17
410,522	1374,17
410,74	1364,17
410,958	1442,17
411,176	1455,17
411,394	1412,17
411,612	1409,17
411,83	1634,17
412,048	1461,17
412,266	1380,17
412,484	1545,17
412,702	1619,17
412,92	1322,17
413,138	1528,17
413,356	1450,17
413,573	1609,17
413,791	1759,17
414,009	1544,17
414,227	1714,17
414,445	1496,17
414,663	1502,17
414,881	1499,17
415,098	1466,17
415,316	1488,17
415,534	1800,17
415,752	1450,17
415,969	1630,17
416,187	1312,17
416,405	1405,17
416,623	1605,17
416,84	1416,17
417,058	1399,17
417,276	1573,17
417,493	1627,17
417,711	1535,17
417,928	1607,17
418,146	1459,17
418,364	1545,17
418,581	1476,17
418,799	1370,17
419,016	1252,17
419,234	1280,17
419,451	1979,17
419,669	1432,17
419,886	1480,17
420,104	1420,17
420,321	1418,17
420,539	1508,17
420,756	1565,17
420,974	1415,17
421,191	1352,17
421,408	1443,17
421,626	1498,17
421,843	1429,17
422,06	1497,17
422,278	1371,17
422,495	1467,17
422,712	1458,17
422,93	1559,17
423,147	1551,17
423,364	1419,17
423,581	1594,17
423,799	1423,17
424,016	1479,17
424,233	1505,17
424,45	1496,17
424,667	1466,17
424,884	1364,17
425,102	1518,17
425,319	1359,17
425,536	1431,17
425,753	1560,17
425,97	1479,17
426,187	1414,17
426,404	1458,17
426,621	1642,17
426,838	1583,17
427,055	1482,17
427,272	1457,17
427,489	1476,17
427,706	1362,17
427,923	1414,17
428,14	1462,17
428,357	1666,17
428,574	1425,17
428,791	1492,17
429,008	1415,17
429,224	1312,17
429,441	1273,17
429,658	1497,17
429,875	1595,17
430,092	1476,17
430,308	1466,17
430,525	1554,17
430,742	1376,17
430,959	1504,17
431,175	1495,17
431,392	1357,17
431,609	1509,17
431,826	1488,17
432,042	1357,17
432,259	1411,17
432,476	1752,17
432,692	1435,17
432,909	1405,17
433,125	1479,17
433,342	1388,17
433,559	1508,17
433,775	1447,17
433,992	1318,17
434,208	1339,17
434,425	1440,17
434,641	1601,17
434,858	1857,17
435,074	1360,17
435,291	1472,17
435,507	1301,17
435,723	1679,17
435,94	1387,17
436,156	1473,17
436,373	1615,17
436,589	1455,17
436,805	1543,17
437,022	1416,17
437,238	1427,17
437,454	1489,17
437,671	1427,17
437,887	1420,17
438,103	1403,17
438,319	1393,17
438,536	1586,17
438,752	1447,17
438,968	1508,17
439,184	1437,17
439,4	1377,17
439,616	1414,17
439,833	1552,17
440,049	1458,17
440,265	1554,17
440,481	1456,17
440,697	1458,17
440,913	1505,17
441,129	1436,17
441,345	1535,17
441,561	1459,17
441,777	1404,17
441,993	1511,17
442,209	1410,17
442,425	1544,17
442,641	1461,17
442,857	1500,17
443,073	1449,17
443,289	1447,17
443,505	1543,17
443,721	1595,17
443,937	1447,17
444,152	1376,17
444,368	1522,17
444,584	1319,17
444,8	1551,17
445,016	1460,17
445,231	1436,17
445,447	1651,17
445,663	1491,17
445,879	1386,17
446,094	1483,17
446,31	1607,17
446,526	1490,17
446,742	1486,17
446,957	1423,17
447,173	1478,17
447,388	1570,17
447,604	1584,17
447,82	1478,17
448,035	1525,17
448,251	1549,17
448,466	1576,17
448,682	1446,17
448,897	1366,17
449,113	1517,17
449,328	1597,17
449,544	1375,17
449,759	1770,17
449,975	1316,17
450,19	1385,17
450,406	1431,17
450,621	1424,17
450,836	1471,17
451,052	1405,17
451,267	1381,17
451,483	1428,17
451,698	1340,17
451,913	1490,17
452,129	1484,17
452,344	1393,17
452,559	1584,17
452,774	1503,17
452,99	1116,17
453,205	1544,17
453,42	1511,17
453,635	1738,17
453,85	1221,17
454,066	1604,17
454,281	1484,17
454,496	1551,17
454,711	1558,17
454,926	1521,17
455,141	1375,17
455,356	1415,17
455,571	1421,17
455,786	1560,17
456,001	1452,17
456,217	1395,17
456,432	1477,17
456,647	1530,17
456,861	1490,17
457,076	1384,17
457,291	1474,17
457,506	1491,17
457,721	1417,17
457,936	1463,17
458,151	1425,17
458,366	1637,17
458,581	1469,17
458,796	1673,17
459,01	1449,17
459,225	1475,17
459,44	1367,17
459,655	1474,17
459,87	1326,17
460,084	1432,17
460,299	1504,17
460,514	1472,17
460,729	1841,17
460,943	1417,17
461,158	1329,17
461,373	1556,17
461,587	1494,17
461,802	1177,17
462,016	1575,17
462,231	1369,17
462,446	1613,17
462,66	1372,17
462,875	1527,17
463,089	1510,17
463,304	1536,17
463,518	1476,17
463,733	1456,17
463,947	1515,17
464,162	1439,17
464,376	1429,17
464,591	1562,17
464,805	1418,17
465,02	1504,17
465,234	1465,17
465,448	1567,17
465,663	1578,17
465,877	1521,17
466,091	1520,17
466,306	1644,17
466,52	1791,17
466,734	1525,17
466,949	1464,17
467,163	1519,17
467,377	1411,17
467,591	1521,17
467,806	1437,17
468,02	1388,17
468,234	1332,17
468,448	1528,17
468,662	1485,17
468,876	1688,17
469,091	1430,17
469,305	1535,17
469,519	1430,17
469,733	1365,17
469,947	1459,17
470,161	1665,17
470,375	1439,17
470,589	1491,17
470,803	1445,17
471,017	1530,17
471,231	1409,17
471,445	1292,17
471,659	1381,17
471,873	1497,17
472,087	1303,17
472,301	1508,17
472,515	1435,17
472,728	1374,17
472,942	1441,17
473,156	1545,17
473,37	1428,17
473,584	1397,17
473,798	1470,17
474,011	1449,17
474,225	1425,17
474,439	1528,17
474,653	1492,17
474,866	1388,17
475,08	1573,17
475,294	1565,17
475,507	1390,17
475,721	1475,17
475,935	1496,17
476,148	1396,17
476,362	1329,17
476,576	1391,17
476,789	1417,17
477,003	1554,17
477,216	1541,17
477,43	1422,17
477,643	1507,17
477,857	1563,17
478,07	1425,17
478,284	1523,17
478,497	1409,17
478,711	1423,17
478,924	1412,17
479,138	1407,17
479,351	1426,17
479,564	1501,17
479,778	1722,17
479,991	1392,17
480,204	1392,17
480,418	1456,17
480,631	1526,17
480,844	1486,17
481,058	1405,17
481,271	1487,17
481,484	1513,17
481,697	1440,17
481,911	1471,17
482,124	1485,17
482,337	1454,17
482,55	1389,17
482,763	1360,17
482,976	1530,17
483,19	1424,17
483,403	1410,17
483,616	1465,17
483,829	1515,17
484,042	1493,17
484,255	1413,17
484,468	1461,17
484,681	1441,17
484,894	1452,17
485,107	1583,17
485,32	1408,17
485,533	1373,17
485,746	1552,17
485,959	1422,17
486,172	1421,17
486,385	1294,17
486,598	1543,17
486,81	1356,17
487,023	1392,17
487,236	1613,17
487,449	1554,17
487,662	1476,17
487,875	1426,17
488,087	1567,17
488,3	1476,17
488,513	1216,17
488,726	1281,17
488,938	1592,17
489,151	1503,17
489,364	1747,17
489,576	1561,17
489,789	1547,17
490,002	1507,17
490,214	1435,17
490,427	1316,17
490,64	1470,17
490,852	1502,17
491,065	1374,17
491,277	1503,17
491,49	1554,17
491,702	1300,17
491,915	1536,17
492,127	1516,17
492,34	1479,17
492,552	1447,17
492,765	1698,17
492,977	1670,17
493,19	1450,17
493,402	1590,17
493,614	1533,17
493,827	1472,17
494,039	1483,17
494,251	1533,17
494,464	1545,17
494,676	1349,17
494,888	1460,17
495,101	1433,17
495,313	1471,17
495,525	1435,17
495,737	1581,17
495,95	1446,17
496,162	1451,17
496,374	1391,17
496,586	1454,17
496,798	1499,17
497,01	1453,17
497,222	1292,17
497,435	1621,17
497,647	1404,17
497,859	1448,17
498,071	1495,17
498,283	1314,17
498,495	1298,17
498,707	1617,17
498,919	1385,17
499,131	1584,17
499,343	1375,17
499,555	1462,17
499,767	1550,17
499,979	1427,17
500,191	1621,17
500,402	1457,17
500,614	1529,17
500,826	1532,17
501,038	1361,17
501,25	1488,17
501,462	1285,17
501,673	1443,17
501,885	1343,17
502,097	1589,17
502,309	1425,17
502,521	1535,17
502,732	1364,17
502,944	1402,17
503,156	1335,17
503,367	1456,17
503,579	1481,17
503,791	1434,17
504,002	1419,17
504,214	1619,17
504,425	1657,17
504,637	1616,17
504,849	1390,17
505,06	1490,17
505,272	1556,17
505,483	1477,17
505,695	1471,17
505,906	1392,17
506,118	1598,17
506,329	1361,17
506,541	1380,17
506,752	1608,17
506,963	1605,17
507,175	1267,17
507,386	1536,17
507,598	1635,17
507,809	1352,17
508,02	1443,17
508,232	1483,17
508,443	1354,17
508,654	1668,17
508,865	1551,17
509,077	1354,17
509,288	1421,17
509,499	1714,17
509,71	1405,17
509,922	1512,17
510,133	1516,17
510,344	1679,17
510,555	1441,17
510,766	1535,17
510,977	1489,17
511,188	1467,17
511,4	1467,17
511,611	1436,17
511,822	1542,17
512,033	1524,17
512,244	1523,17
512,455	1467,17
512,666	1519,17
512,877	1533,17
513,088	1496,17
513,299	1526,17
513,51	1548,17
513,721	1443,17
513,931	1481,17
514,142	1596,17
514,353	1640,17
514,564	1388,17
514,775	1429,17
514,986	1484,17
515,196	1633,17
515,407	1419,17
515,618	1501,17
515,829	1228,17
516,04	1536,17
516,25	1477,17
516,461	1421,17
516,672	1404,17
516,882	1364,17
517,093	1623,17
517,304	1320,17
517,514	1373,17
517,725	1589,17
517,936	1337,17
518,146	1400,17
518,357	1463,17
518,567	1381,17
518,778	1748,17
518,988	1317,17
519,199	1634,17
519,409	1398,17
519,62	1451,17
519,83	1462,17
520,041	1496,17
520,251	1544,17
520,462	1555,17
520,672	1464,17
520,882	1497,17
521,093	1514,17
521,303	1566,17
521,513	1444,17
521,724	2377,17
521,934	1349,17
522,144	1450,17
522,355	1405,17
522,565	1454,17
522,775	1429,17
522,985	1477,17
523,196	1454,17
523,406	1423,17
523,616	1574,17
523,826	1410,17
524,036	2236,17
524,246	1414,17
524,457	1433,17
524,667	1348,17
524,877	1406,17
525,087	1557,17
525,297	1509,17
525,507	1538,17
525,717	1315,17
525,927	1488,17
526,137	1451,17
526,347	1515,17
526,557	1373,17
526,767	1418,17
526,977	1757,17
527,187	1451,17
527,397	1376,17
527,607	1492,17
527,816	1495,17
528,026	1478,17
528,236	1492,17
528,446	1429,17
528,656	1494,17
528,865	1684,17
529,075	1377,17
529,285	1433,17
529,495	1505,17
529,704	1530,17
529,914	1498,17
530,124	1511,17
530,334	1370,17
530,543	1455,17
530,753	1790,17
530,963	1906,17
531,172	1440,17
531,382	1421,17
531,591	1707,17
531,801	1392,17
532,01	1519,17
532,22	1497,17
532,43	1464,17
532,639	1819,17
532,849	1480,17
533,058	1439,17
533,267	1618,17
533,477	1663,17
533,686	1473,17
533,896	1381,17
534,105	1457,17
534,315	1600,17
534,524	1458,17
534,733	1420,17
534,943	1639,17
535,152	1608,17
535,361	1370,17
535,57	1452,17
535,78	1481,17
535,989	1418,17
536,198	1417,17
536,407	1617,17
536,617	1545,17
536,826	1509,17
537,035	1589,17
537,244	1465,17
537,453	1334,17
537,662	1497,17
537,872	1632,17
538,081	1455,17
538,29	1427,17
538,499	1440,17
538,708	1399,17
538,917	1524,17
539,126	1540,17
539,335	1552,17
539,544	1945,17
539,753	1403,17
539,962	1509,17
540,171	1411,17
540,38	1632,17
540,589	1474,17
540,797	1596,17
541,006	1486,17
541,215	1591,17
541,424	1744,17
541,633	1511,17
541,842	1360,17
542,05	1599,17
542,259	1452,17
542,468	1648,17
542,677	1520,17
542,885	1487,17
543,094	1554,17
543,303	1337,17
543,512	1505,17
543,72	1562,17
543,929	1596,17
544,138	1415,17
544,346	1383,17
544,555	1450,17
544,763	1529,17
544,972	1387,17
545,18	1384,17
545,389	1500,17
545,598	1435,17
545,806	1535,17
546,015	1400,17
546,223	1452,17
546,431	1497,17
546,64	1405,17
546,848	1412,17
547,057	1524,17
547,265	1336,17
547,474	1415,17
547,682	1455,17
547,89	1532,17
548,099	1505,17
548,307	1404,17
548,515	1603,17
548,723	1601,17
548,932	1452,17
549,14	1560,17
549,348	1594,17
549,556	1426,17
549,765	1508,17
549,973	1239,17
550,181	1503,17
550,389	1552,17
550,597	1594,17
550,805	1445,17
551,014	1474,17
551,222	3839,17
551,43	1351,17
551,638	1397,17
551,846	1597,17
552,054	1556,17
552,262	1570,17
552,47	1395,17
552,678	1375,17
552,886	1378,17
553,094	1374,17
553,302	1473,17
553,51	1540,17
553,717	1617,17
553,925	1296,17
554,133	1777,17
554,341	1419,17
554,549	1486,17
554,757	1459,17
554,965	1445,17
555,172	1459,17
555,38	1755,17
555,588	1348,17
555,796	1495,17
556,003	1586,17
556,211	1448,17
556,419	1521,17
556,626	1561,17
556,834	1425,17
557,042	1495,17
557,249	1578,17
557,457	1431,17
557,664	1325,17
557,872	1467,17
558,08	1439,17
558,287	1517,17
558,495	1548,17
558,702	1446,17
558,91	1513,17
559,117	1490,17
559,325	1470,17
559,532	1265,17
559,74	1675,17
559,947	1165,17
560,154	1621,17
560,362	1408,17
560,569	1371,17
560,776	1433,17
560,984	1585,17
561,191	1449,17
561,398	1461,17
561,606	1840,17
561,813	1524,17
562,02	1336,17
562,227	1264,17
562,435	1535,17
562,642	1529,17
562,849	1505,17
563,056	1496,17
563,263	1394,17
563,471	1579,17
563,678	1628,17
563,885	1473,17
564,092	1523,17
564,299	1576,17
564,506	1554,17
564,713	1463,17
564,92	1402,17
565,127	1614,17
565,334	1484,17
565,541	1852,17
565,748	1547,17
565,955	1414,17
566,162	1473,17
566,369	1524,17
566,576	1555,17
566,783	1592,17
566,99	1423,17
567,196	1703,17
567,403	1467,17
567,61	1647,17
567,817	1449,17
568,024	1494,17
568,23	1484,17
568,437	1469,17
568,644	1526,17
568,851	1498,17
569,057	1733,17
569,264	1572,17
569,471	1415,17
569,677	1595,17
569,884	1543,17
570,091	1626,17
570,297	2559,17
570,504	1698,17
570,71	1559,17
570,917	1487,17
571,123	1435,17
571,33	1496,17
571,536	1394,17
571,743	1697,17
571,949	1411,17
572,156	1513,17
572,362	1687,17
572,569	1428,17
572,775	1468,17
572,982	1571,17
573,188	1449,17
573,394	1434,17
573,601	1437,17
573,807	1370,17
574,013	1660,17
574,22	1557,17
574,426	1378,17
574,632	1550,17
574,838	1449,17
575,045	1487,17
575,251	1530,17
575,457	1527,17
575,663	1543,17
575,869	1523,17
576,076	1421,17
576,282	1513,17
576,488	1324,17
576,694	1505,17
576,9	1616,17
577,106	1284,17
577,312	1505,17
577,518	1531,17
577,724	1596,17
577,93	1467,17
578,136	1390,17
578,342	1523,17
578,548	1409,17
578,754	1470,17
578,96	1415,17
579,166	1393,17
579,372	1825,17
579,578	1535,17
579,784	1510,17
579,989	1410,17
580,195	1422,17
580,401	1555,17
580,607	1537,17
580,813	1532,17
581,018	1524,17
581,224	1477,17
581,43	1461,17
581,636	1459,17
581,841	1559,17
582,047	1481,17
582,253	1550,17
582,458	1503,17
582,664	1488,17
582,869	1521,17
583,075	1243,17
583,281	1798,17
583,486	1533,17
583,692	1388,17
583,897	1611,17
584,103	1512,17
584,308	1810,17
584,514	1490,17
584,719	1672,17
584,925	1529,17
585,13	1460,17
585,335	1536,17
585,541	1372,17
585,746	1435,17
585,952	1431,17
586,157	1469,17
586,362	1461,17
586,568	1495,17
586,773	1485,17
586,978	1438,17
587,183	1475,17
587,389	1548,17
587,594	1462,17
587,799	1471,17
588,004	1607,17
588,21	1492,17
588,415	1392,17
588,62	1538,17
588,825	1638,17
589,03	1399,17
589,235	1951,17
589,44	1627,17
589,645	1424,17
589,85	1581,17
590,055	1690,17
590,26	1455,17
590,465	1431,17
590,67	1605,17
590,875	1700,17
591,08	1595,17
591,285	1539,17
591,49	1528,17
591,695	1528,17
591,9	1536,17
592,105	1399,17
592,31	1424,17
592,515	1794,17
592,719	1413,17
592,924	1159,17
593,129	1441,17
593,334	1542,17
593,539	1456,17
593,743	1647,17
593,948	1563,17
594,153	1364,17
594,357	1837,17
594,562	1474,17
594,767	1931,17
594,971	1369,17
595,176	1432,17
595,381	1586,17
595,585	1468,17
595,79	1770,17
595,994	1436,17
596,199	1949,17
596,403	1363,17
596,608	1476,17
596,812	1487,17
597,017	1556,17
597,221	1753,17
597,426	1662,17
597,63	1460,17
597,835	1453,17
598,039	1469,17
598,243	1439,17
598,448	1775,17
598,652	1507,17
598,856	1485,17
599,061	1550,17
599,265	1447,17
599,469	1411,17
599,673	1549,17
599,878	1605,17
600,082	1447,17
600,286	1530,17
600,49	1564,17
600,695	1325,17
600,899	1429,17
601,103	1512,17
601,307	1348,17
601,511	1725,17
601,715	1326,17
601,919	1300,17
602,123	1614,17
602,327	1536,17
602,531	1298,17
602,735	1631,17
602,939	1633,17
603,143	1419,17
603,347	1479,17
603,551	1406,17
603,755	1477,17
603,959	1430,17
604,163	1511,17
604,367	1464,17
604,571	1405,17
604,775	1525,17
604,978	1472,17
605,182	1366,17
605,386	1511,17
605,59	1463,17
605,793	1502,17
605,997	1479,17
606,201	1503,17
606,405	1519,17
606,608	1651,17
606,812	1493,17
607,016	1596,17
607,219	1424,17
607,423	1434,17
607,627	1647,17
607,83	1541,17
608,034	1417,17
608,237	1537,17
608,441	1319,17
608,644	1527,17
608,848	1663,17
609,051	1497,17
609,255	1414,17
609,458	1612,17
609,662	1554,17
609,865	1951,17
610,069	1393,17
610,272	1421,17
610,475	1418,17
610,679	1497,17
610,882	1510,17
611,085	1492,17
611,289	1661,17
611,492	1533,17
611,695	1391,17
611,898	1464,17
612,102	1595,17
612,305	1554,17
612,508	1500,17
612,711	1641,17
612,914	1472,17
613,118	1579,17
613,321	1629,17
613,524	1497,17
613,727	1469,17
613,93	1489,17
614,133	1550,17
614,336	1516,17
614,539	1546,17
614,742	1377,17
614,945	1362,17
615,148	1562,17
615,351	1500,17
615,554	1606,17
615,757	1416,17
615,96	1562,17
616,163	1575,17
616,366	1599,17
616,569	1559,17
616,772	1699,17
616,974	1495,17
617,177	1635,17
617,38	1493,17
617,583	1515,17
617,786	1428,17
617,988	1404,17
618,191	1690,17
618,394	1179,17
618,596	1398,17
618,799	1436,17
619,002	1522,17
619,204	1622,17
619,407	1477,17
619,61	1680,17
619,812	1227,17
620,015	1464,17
620,217	1659,17
620,42	1471,17
620,623	1628,17
620,825	1512,17
621,028	1716,17
621,23	1624,17
621,432	1506,17
621,635	1622,17
621,837	1540,17
622,04	1452,17
622,242	1361,17
622,445	1544,17
622,647	1525,17
622,849	1502,17
623,052	1373,17
623,254	1607,17
623,456	1335,17
623,658	1623,17
623,861	1590,17
624,063	1415,17
624,265	1502,17
624,467	1588,17
624,67	1369,17
624,872	1541,17
625,074	1695,17
625,276	1611,17
625,478	1561,17
625,68	1362,17
625,882	1371,17
626,084	1546,17
626,287	1628,17
626,489	1574,17
626,691	1437,17
626,893	1600,17
627,095	1600,17
627,297	1572,17
627,499	1479,17
627,7	1325,17
627,902	1364,17
628,104	1184,17
628,306	1407,17
628,508	1364,17
628,71	1440,17
628,912	1527,17
629,114	1677,17
629,315	1468,17
629,517	1472,17
629,719	1442,17
629,921	1449,17
630,122	1586,17
630,324	1474,17
630,526	1604,17
630,728	1551,17
630,929	1470,17
631,131	1392,17
631,332	1712,17
631,534	1623,17
631,736	1557,17
631,937	1416,17
632,139	1533,17
632,34	1523,17
632,542	1622,17
632,743	1691,17
632,945	1343,17
633,146	1567,17
633,348	1594,17
633,549	1497,17
633,751	1445,17
633,952	1551,17
634,154	1298,17
634,355	1451,17
634,556	1571,17
634,758	1453,17
634,959	1450,17
635,16	1563,17
635,362	1438,17
635,563	1512,17
635,764	1494,17
635,965	1560,17
636,167	1525,17
636,368	1619,17
636,569	1461,17
636,77	1651,17
636,971	1414,17
637,172	1559,17
637,374	1360,17
637,575	1667,17
637,776	1353,17
637,977	1384,17
638,178	1554,17
638,379	1542,17
638,58	1551,17
638,781	1341,17
638,982	1461,17
639,183	1440,17
639,384	1270,17
639,585	1574,17
639,786	1283,17
639,987	1349,17
640,187	1497,17
640,388	1586,17
640,589	1373,17
640,79	1421,17
640,991	1505,17
641,192	1572,17
641,392	1362,17
641,593	1393,17
641,794	1398,17
641,995	1423,17
642,195	1206,17
642,396	1387,17
642,597	1335,17
642,797	1576,17
642,998	1577,17
643,199	1386,17
643,399	1512,17
643,6	1321,17
643,8	1360,17
644,001	1429,17
644,202	1443,17
644,402	1427,17
644,603	1554,17
644,803	1113,17
645,004	1526,17
645,204	1291,17
645,404	1417,17
645,605	1788,17
645,805	1335,17
646,006	1397,17
646,206	1864,17
646,406	1368,17
646,607	1290,17
646,807	1240,17
647,007	-29,83
647,208	-12,83
647,408	36,17
647,608	45,17
