200,697	894,67
200,927	-22,33
201,158	-26,33
201,388	-9,33
201,618	1491,67
201,849	1292,67
202,079	1570,67
202,309	1410,67
202,539	1569,67
202,77	1449,67
203	1547,67
203,23	1465,67
203,46	1490,67
203,691	1555,67
203,921	1552,67
204,151	1542,67
204,381	1525,67
204,611	1681,67
204,841	1314,67
205,071	1374,67
205,302	1598,67
205,532	1622,67
205,762	3688,67
205,992	1689,67
206,222	1510,67
206,452	1792,67
206,682	1458,67
206,912	1680,67
207,142	1618,67
207,372	1567,67
207,602	1438,67
207,832	1481,67
208,062	1584,67
208,292	1762,67
208,522	1366,67
208,752	1594,67
208,982	1441,67
209,212	1670,67
209,442	1516,67
209,672	1490,67
209,902	1411,67
210,131	1566,67
210,361	1459,67
210,591	1550,67
210,821	1452,67
211,051	1659,67
211,281	1526,67
211,51	1556,67
211,74	1517,67
211,97	1586,67
212,2	1540,67
212,429	1869,67
212,659	1566,67
212,889	1569,67
213,119	1464,67
213,348	1441,67
213,578	1664,67
213,808	1585,67
214,037	1736,67
214,267	1606,67
214,497	1541,67
214,726	1488,67
214,956	1451,67
215,186	1551,67
215,415	1513,67
215,645	1428,67
215,874	1627,67
216,104	1177,67
216,333	1522,67
216,563	1517,67
216,792	1595,67
217,022	1626,67
217,251	1555,67
217,481	1467,67
217,71	1454,67
217,94	1544,67
218,169	1551,67
218,399	1589,67
218,628	1510,67
218,858	1616,67
219,087	1564,67
219,316	1646,67
219,546	1519,67
219,775	1571,67
220,004	1741,67
220,234	1489,67
220,463	1571,67
220,692	1580,67
220,922	1543,67
221,151	1519,67
221,38	1526,67
221,61	1972,67
221,839	1811,67
222,068	1582,67
222,297	1683,67
222,526	1632,67
222,756	1651,67
222,985	1670,67
223,214	1599,67
223,443	1557,67
223,672	2056,67
223,902	1414,67
224,131	1698,67
224,36	1671,67
224,589	1443,67
224,818	1551,67
225,047	1746,67
225,276	1442,67
225,505	1843,67
225,734	1722,67
225,963	1490,67
226,192	1538,67
226,421	1553,67
226,65	1640,67
226,879	1598,67
227,108	1725,67
227,337	1785,67
227,566	1725,67
227,795	1633,67
228,024	1632,67
228,253	1558,67
228,482	1529,67
228,711	1648,67
228,94	1466,67
229,168	1581,67
229,397	1638,67
229,626	1578,67
229,855	1589,67
230,084	1533,67
230,313	1503,67
230,541	1702,67
230,77	1489,67
230,999	1459,67
231,228	1830,67
231,456	1676,67
231,685	1514,67
231,914	1660,67
232,143	1530,67
232,371	1606,67
232,6	1588,67
232,829	1565,67
233,057	1720,67
233,286	1607,67
233,515	1686,67
233,743	1589,67
233,972	1541,67
234,2	1600,67
234,429	1520,67
234,658	1641,67
234,886	1601,67
235,115	1787,67
235,343	1576,67
235,572	1615,67
235,8	1701,67
236,029	1890,67
236,257	1500,67
236,486	1639,67
236,714	1730,67
236,943	1716,67
237,171	1595,67
237,399	1583,67
237,628	1663,67
237,856	1708,67
238,085	1646,67
238,313	1530,67
238,541	1592,67
238,77	1902,67
238,998	1497,67
239,226	1633,67
239,455	1577,67
239,683	1661,67
239,911	1530,67
240,14	1594,67
240,368	1739,67
240,596	1577,67
240,824	1652,67
241,053	1607,67
241,281	1594,67
241,509	1633,67
241,737	1522,67
241,965	1463,67
242,193	1510,67
242,422	1546,67
242,65	1584,67
242,878	1523,67
243,106	1476,67
243,334	1586,67
243,562	1636,67
243,79	1644,67
244,018	1682,67
244,246	1353,67
244,474	1544,67
244,702	1298,67
244,93	1596,67
245,158	1569,67
245,386	1555,67
245,614	1573,67
245,842	1788,67
246,07	1556,67
246,298	1718,67
246,526	1924,67
246,754	1511,67
246,982	1609,67
247,21	1596,67
247,438	1590,67
247,666	1627,67
247,893	1539,67
248,121	1503,67
248,349	1490,67
248,577	1687,67
248,805	1762,67
249,033	1522,67
249,26	1649,67
249,488	1545,67
249,716	1631,67
249,944	1606,67
250,171	1579,67
250,399	1580,67
250,627	1727,67
250,854	1623,67
251,082	1491,67
251,31	1635,67
251,537	1609,67
251,765	1869,67
251,993	1476,67
252,22	1917,67
252,448	1374,67
252,676	1745,67
252,903	1615,67
253,131	1903,67
253,358	1564,67
253,586	1445,67
253,813	1616,67
254,041	1626,67
254,268	1769,67
254,496	1376,67
254,723	1627,67
254,951	1646,67
255,178	1604,67
255,406	1540,67
255,633	1612,67
255,86	1825,67
256,088	1532,67
256,315	1492,67
256,543	1686,67
256,77	1672,67
256,997	1596,67
257,225	1640,67
257,452	1519,67
257,679	1547,67
257,907	1675,67
258,134	1536,67
258,361	1690,67
258,588	1577,67
258,816	1597,67
259,043	1385,67
259,27	1599,67
259,497	1627,67
259,725	1524,67
259,952	1627,67
260,179	1514,67
260,406	1670,67
260,633	1537,67
260,86	1610,67
261,088	1560,67
261,315	1846,67
261,542	1519,67
261,769	1504,67
261,996	2028,67
262,223	1778,67
262,45	1813,67
262,677	1486,67
262,904	1573,67
263,131	1674,67
263,358	1722,67
263,585	1853,67
263,812	1828,67
264,039	1798,67
264,266	1630,67
264,493	1624,67
264,72	1576,67
264,947	1508,67
265,174	1808,67
265,401	1726,67
265,627	1890,67
265,854	1609,67
266,081	1709,67
266,308	1667,67
266,535	1597,67
266,762	1588,67
266,988	1611,67
267,215	1646,67
267,442	1575,67
267,669	1716,67
267,896	1657,67
268,122	1734,67
268,349	1639,67
268,576	1548,67
268,802	1609,67
269,029	1576,67
269,256	1678,67
269,482	1594,67
269,709	1553,67
269,936	1547,67
270,162	1773,67
270,389	1628,67
270,616	1674,67
270,842	1806,67
271,069	1676,67
271,295	1688,67
271,522	1397,67
271,748	1616,67
271,975	1737,67
272,201	1744,67
272,428	1641,67
272,654	1622,67
272,881	1717,67
273,107	1437,67
273,334	1588,67
273,56	1714,67
273,787	1547,67
274,013	1639,67
274,239	1960,67
274,466	1612,67
274,692	1641,67
274,918	1577,67
275,145	1586,67
275,371	1615,67
275,597	1824,67
275,824	1709,67
276,05	1692,67
276,276	1674,67
276,503	1567,67
276,729	1623,67
276,955	1540,67
277,181	1647,67
277,407	1631,67
277,634	1692,67
277,86	1486,67
278,086	1825,67
278,312	1582,67
278,538	1544,67
278,764	1619,67
278,991	1742,67
279,217	1516,67
279,443	1603,67
279,669	1603,67
279,895	1713,67
280,121	1621,67
280,347	1607,67
280,573	1552,67
280,799	1406,67
281,025	1781,67
281,251	1461,67
281,477	1726,67
281,703	1543,67
281,929	1562,67
282,155	1647,67
282,381	1555,67
282,607	1753,67
282,833	1596,67
283,059	1659,67
283,285	1529,67
283,51	1530,67
283,736	1585,67
283,962	1622,67
284,188	1597,67
284,414	1584,67
284,64	1588,67
284,865	1637,67
285,091	1593,67
285,317	1633,67
285,543	1700,67
285,768	1656,67
285,994	1640,67
286,22	1831,67
286,446	1678,67
286,671	1464,67
286,897	1608,67
287,123	1604,67
287,348	1597,67
287,574	2104,67
287,799	1641,67
288,025	1537,67
288,251	1850,67
288,476	1600,67
288,702	1640,67
288,927	1574,67
289,153	1532,67
289,378	1791,67
289,604	1687,67
289,829	1594,67
290,055	1581,67
290,28	1853,67
290,506	1679,67
290,731	1587,67
290,957	1736,67
291,182	1763,67
291,408	1766,67
291,633	1521,67
291,858	1771,67
292,084	1520,67
292,309	1557,67
292,535	1577,67
292,76	1731,67
292,985	1520,67
293,211	1595,67
293,436	1486,67
293,661	1423,67
293,886	1678,67
294,112	1634,67
294,337	1617,67
294,562	1403,67
294,787	1697,67
295,013	1517,67
295,238	1550,67
295,463	1689,67
295,688	1756,67
295,913	1677,67
296,138	1680,67
296,364	1584,67
296,589	1571,67
296,814	1556,67
297,039	1535,67
297,264	1646,67
297,489	1687,67
297,714	1618,67
297,939	1551,67
298,164	1555,67
298,389	1713,67
298,614	1535,67
298,839	1651,67
299,064	1720,67
299,289	1663,67
299,514	1718,67
299,739	1471,67
299,964	1613,67
300,189	1546,67
300,414	1699,67
300,639	1701,67
300,863	1584,67
301,088	1735,67
301,313	1529,67
301,538	1575,67
301,763	1548,67
301,988	1631,67
302,212	1611,67
302,437	1962,67
302,662	1522,67
302,887	1604,67
303,111	1623,67
303,336	1712,67
303,561	1720,67
303,786	1548,67
304,01	1756,67
304,235	1769,67
304,46	1505,67
304,684	1636,67
304,909	1592,67
305,134	1461,67
305,358	1730,67
305,583	1619,67
305,807	1841,67
306,032	1564,67
306,256	1677,67
306,481	1646,67
306,706	1614,67
306,93	1521,67
307,155	1826,67
307,379	1578,67
307,604	1549,67
307,828	1591,67
308,052	1754,67
308,277	1663,67
308,501	1654,67
308,726	1710,67
308,95	1486,67
309,175	1539,67
309,399	1700,67
309,623	1600,67
309,848	1509,67
310,072	1465,67
310,296	1928,67
310,521	1799,67
310,745	1588,67
310,969	1915,67
311,193	1731,67
311,418	1642,67
311,642	1619,67
311,866	1618,67
312,09	1624,67
312,315	1620,67
312,539	1700,67
312,763	1695,67
312,987	1684,67
313,211	1501,67
313,435	1749,67
313,659	1557,67
313,884	1827,67
314,108	1727,67
314,332	1688,67
314,556	1525,67
314,78	1808,67
315,004	1671,67
315,228	1747,67
315,452	1730,67
315,676	1599,67
315,9	1646,67
316,124	1455,67
316,348	1573,67
316,572	1690,67
316,796	1724,67
317,02	1558,67
317,244	1656,67
317,468	1488,67
317,691	1791,67
317,915	1606,67
318,139	1563,67
318,363	2224,67
318,587	1661,67
318,811	1607,67
319,034	1562,67
319,258	1738,67
319,482	1786,67
319,706	1742,67
319,93	1800,67
320,153	1570,67
320,377	1717,67
320,601	1620,67
320,824	1519,67
321,048	1861,67
321,272	1684,67
321,495	1589,67
321,719	1608,67
321,943	1751,67
322,166	1589,67
322,39	1620,67
322,614	1635,67
322,837	1519,67
323,061	1516,67
323,284	1605,67
323,508	1694,67
323,731	1540,67
323,955	1597,67
324,178	1571,67
324,402	1664,67
324,625	1783,67
324,849	1429,67
325,072	1681,67
325,296	1672,67
325,519	1567,67
325,743	1548,67
325,966	1764,67
326,189	1763,67
326,413	1537,67
326,636	1945,67
326,859	1674,67
327,083	1921,67
327,306	1498,67
327,529	1588,67
327,753	1350,67
327,976	1696,67
328,199	1705,67
328,422	1648,67
328,646	1627,67
328,869	1547,67
329,092	1715,67
329,315	1560,67
329,538	1602,67
329,762	1602,67
329,985	1479,67
330,208	1606,67
330,431	1606,67
330,654	1738,67
330,877	1604,67
331,1	1704,67
331,323	1590,67
331,546	1760,67
331,769	1632,67
331,993	1490,67
332,216	1629,67
332,439	1596,67
332,662	1561,67
332,885	1613,67
333,107	1480,67
333,33	1476,67
333,553	1773,67
333,776	1531,67
333,999	1598,67
334,222	1492,67
334,445	1575,67
334,668	1566,67
334,891	1661,67
335,114	1490,67
335,336	1617,67
335,559	1671,67
335,782	1878,67
336,005	1562,67
336,228	1573,67
336,45	1560,67
336,673	1558,67
336,896	1450,67
337,119	1699,67
337,341	1495,67
337,564	1536,67
337,787	1613,67
338,009	1606,67
338,232	1606,67
338,455	1541,67
338,677	1934,67
338,9	1533,67
339,122	1661,67
339,345	1549,67
339,568	1365,67
339,79	1620,67
340,013	1651,67
340,235	1696,67
340,458	1500,67
340,68	1698,67
340,903	1473,67
341,125	1568,67
341,348	1696,67
341,57	1467,67
341,793	1764,67
342,015	1422,67
342,238	1580,67
342,46	1654,67
342,682	1671,67
342,905	1541,67
343,127	1755,67
343,349	1534,67
343,572	1720,67
343,794	1528,67
344,016	1546,67
344,239	1614,67
344,461	1561,67
344,683	1463,67
344,905	1515,67
345,128	1477,67
345,35	1551,67
345,572	1693,67
345,794	1716,67
346,017	1572,67
346,239	1792,67
346,461	1545,67
346,683	1621,67
346,905	1616,67
347,127	1556,67
347,349	1511,67
347,571	1566,67
347,793	1945,67
348,016	1632,67
348,238	1521,67
348,46	1559,67
348,682	1493,67
348,904	1624,67
349,126	1634,67
349,348	1607,67
349,57	1474,67
349,792	1537,67
350,014	1663,67
350,235	1515,67
350,457	2359,67
350,679	1562,67
350,901	1426,67
351,123	1501,67
351,345	1524,67
351,567	1662,67
351,789	1609,67
352,01	1683,67
352,232	1679,67
352,454	1446,67
352,676	1595,67
352,897	1550,67
353,119	1514,67
353,341	1615,67
353,563	1546,67
353,784	1571,67
354,006	1561,67
354,228	1586,67
354,449	1535,67
354,671	1697,67
354,893	1725,67
355,114	1603,67
355,336	1624,67
355,558	1452,67
355,779	1477,67
356,001	1633,67
356,222	1565,67
356,444	1505,67
356,665	2136,67
356,887	1568,67
357,108	1523,67
357,33	1689,67
357,551	1631,67
357,773	1558,67
357,994	1566,67
358,216	1435,67
358,437	1676,67
358,659	1660,67
358,88	1541,67
359,101	1594,67
359,323	1612,67
359,544	1483,67
359,765	1370,67
359,987	1576,67
360,208	1531,67
360,429	1595,67
360,651	1571,67
360,872	1785,67
361,093	1545,67
361,314	1575,67
361,536	1676,67
361,757	1510,67
361,978	1558,67
362,199	1464,67
362,42	1445,67
362,642	1493,67
362,863	1667,67
363,084	1541,67
363,305	1568,67
363,526	1544,67
363,747	1565,67
363,968	1500,67
364,189	1726,67
364,41	1470,67
364,631	1318,67
364,852	1753,67
365,073	1514,67
365,294	1576,67
365,515	1431,67
365,736	1631,67
365,957	1548,67
366,178	1584,67
366,399	1617,67
366,62	1651,67
366,841	1707,67
367,062	1650,67
367,283	1543,67
367,504	1612,67
367,724	1463,67
367,945	1432,67
368,166	1664,67
368,387	1539,67
368,608	1441,67
368,828	1685,67
369,049	1479,67
369,27	1526,67
369,491	1533,67
369,711	1675,67
369,932	1710,67
370,153	1592,67
370,373	1629,67
370,594	1730,67
370,815	1610,67
371,035	1543,67
371,256	1373,67
371,477	1455,67
371,697	1507,67
371,918	1408,67
372,138	1612,67
372,359	1743,67
372,579	1434,67
372,8	1516,67
373,02	1565,67
373,241	1545,67
373,461	1687,67
373,682	1575,67
373,902	1645,67
374,123	1422,67
374,343	1666,67
374,564	1504,67
374,784	1544,67
375,004	1592,67
375,225	1615,67
375,445	1526,67
375,666	1814,67
375,886	1380,67
376,106	1541,67
376,326	1533,67
376,547	1782,67
376,767	1666,67
376,987	1489,67
377,208	1521,67
377,428	1442,67
377,648	1605,67
377,868	1616,67
378,088	1700,67
378,309	1698,67
378,529	1371,67
378,749	1719,67
378,969	1479,67
379,189	1605,67
379,409	1575,67
379,629	1462,67
379,849	1583,67
380,069	1102,67
380,29	1538,67
380,51	1433,67
380,73	1607,67
380,95	1791,67
381,17	1625,67
381,39	1541,67
381,61	1424,67
381,829	1564,67
382,049	1724,67
382,269	1458,67
382,489	1594,67
382,709	1512,67
382,929	1622,67
383,149	1563,67
383,369	1890,67
383,589	1523,67
383,808	1615,67
384,028	1549,67
384,248	1606,67
384,468	1583,67
384,688	1529,67
384,907	1540,67
385,127	1528,67
385,347	1612,67
385,567	1462,67
385,786	1671,67
386,006	1454,67
386,226	1572,67
386,445	1477,67
386,665	1554,67
386,885	1621,67
387,104	1414,67
387,324	1519,67
387,543	1474,67
387,763	1547,67
387,982	1586,67
388,202	1564,67
388,422	1491,67
388,641	1516,67
388,861	1617,67
389,08	1667,67
389,3	1497,67
389,519	1722,67
389,738	1527,67
389,958	1567,67
390,177	1524,67
390,397	1623,67
390,616	1542,67
390,836	1678,67
391,055	1559,67
391,274	1421,67
391,494	1455,67
391,713	1502,67
391,932	1606,67
392,151	1534,67
392,371	1542,67
392,59	1566,67
392,809	1696,67
393,029	1653,67
393,248	1687,67
393,467	1558,67
393,686	1493,67
393,905	2611,67
394,124	1444,67
394,344	1643,67
394,563	1639,67
394,782	1466,67
395,001	1687,67
395,22	1507,67
395,439	1600,67
395,658	1421,67
395,877	1608,67
396,096	1508,67
396,315	1698,67
396,534	1490,67
396,753	1680,67
396,972	1252,67
397,191	1662,67
397,41	1614,67
397,629	1554,67
397,848	1491,67
398,067	1501,67
398,286	1465,67
398,505	1387,67
398,724	1738,67
398,943	2158,67
399,161	1421,67
399,38	1619,67
399,599	1607,67
399,818	1519,67
400,037	1729,67
400,255	1528,67
400,474	1614,67
400,693	1655,67
400,912	1728,67
401,13	1499,67
401,349	1581,67
401,568	1443,67
401,786	1683,67
402,005	1674,67
402,224	1486,67
402,442	1567,67
402,661	1695,67
402,88	1501,67
403,098	1502,67
403,317	1579,67
403,535	1564,67
403,754	1465,67
403,972	1571,67
404,191	1444,67
404,409	1520,67
404,628	2186,67
404,846	1533,67
405,065	1618,67
405,283	1583,67
405,502	1523,67
405,72	1602,67
405,938	1365,67
406,157	1470,67
406,375	1513,67
406,594	1578,67
406,812	1541,67
407,03	1488,67
407,249	1388,67
407,467	1583,67
407,685	1646,67
407,903	1509,67
408,122	1672,67
408,34	1603,67
408,558	1513,67
408,776	1456,67
408,995	1526,67
409,213	1489,67
409,431	1684,67
409,649	1527,67
409,867	1419,67
410,085	1565,67
410,303	1605,67
410,522	1472,67
410,74	1435,67
410,958	1469,67
411,176	1496,67
411,394	1477,67
411,612	1595,67
411,83	1730,67
412,048	1622,67
412,266	1540,67
412,484	1554,67
412,702	1728,67
412,92	1484,67
413,138	1614,67
413,356	1515,67
413,573	1673,67
413,791	1811,67
414,009	1622,67
414,227	1737,67
414,445	1542,67
414,663	1597,67
414,881	1781,67
415,098	1442,67
415,316	1592,67
415,534	1878,67
415,752	1535,67
415,969	1702,67
416,187	1452,67
416,405	1564,67
416,623	1562,67
416,84	1387,67
417,058	1579,67
417,276	1717,67
417,493	1517,67
417,711	1513,67
417,928	1566,67
418,146	1569,67
418,364	1556,67
418,581	1535,67
418,799	1408,67
419,016	1420,67
419,234	1488,67
419,451	2067,67
419,669	1558,67
419,886	1540,67
420,104	1497,67
420,321	1548,67
420,539	1561,67
420,756	1730,67
420,974	1551,67
421,191	1403,67
421,408	1585,67
421,626	1627,67
421,843	1492,67
422,06	1564,67
422,278	1454,67
422,495	1560,67
422,712	1563,67
422,93	1589,67
423,147	1606,67
423,364	1558,67
423,581	1625,67
423,799	1450,67
424,016	1469,67
424,233	1709,67
424,45	1604,67
424,667	1540,67
424,884	1485,67
425,102	1679,67
425,319	1481,67
425,536	1445,67
425,753	1985,67
425,97	1496,67
426,187	1624,67
426,404	1465,67
426,621	1834,67
426,838	1626,67
427,055	1584,67
427,272	1617,67
427,489	1620,67
427,706	1283,67
427,923	1542,67
428,14	1544,67
428,357	1793,67
428,574	1566,67
428,791	1589,67
429,008	1554,67
429,224	1472,67
429,441	1352,67
429,658	1644,67
429,875	1724,67
430,092	1657,67
430,308	1646,67
430,525	1635,67
430,742	1540,67
430,959	1587,67
431,175	1546,67
431,392	1474,67
431,609	1618,67
431,826	1614,67
432,042	1461,67
432,259	1480,67
432,476	1928,67
432,692	1482,67
432,909	1715,67
433,125	1688,67
433,342	1460,67
433,559	1655,67
433,775	1540,67
433,992	1390,67
434,208	1443,67
434,425	1668,67
434,641	1677,67
434,858	1705,67
435,074	1573,67
435,291	1471,67
435,507	1566,67
435,723	1520,67
435,94	1532,67
436,156	1539,67
436,373	1681,67
436,589	1536,67
436,805	1735,67
437,022	1495,67
437,238	1571,67
437,454	1559,67
437,671	1527,67
437,887	1557,67
438,103	1502,67
438,319	1515,67
438,536	1605,67
438,752	1682,67
438,968	1513,67
439,184	1536,67
439,4	1539,67
439,616	1389,67
439,833	1685,67
440,049	1516,67
440,265	1682,67
440,481	1541,67
440,697	1535,67
440,913	1627,67
441,129	1534,67
441,345	1617,67
441,561	1560,67
441,777	1505,67
441,993	1645,67
442,209	1462,67
442,425	1697,67
442,641	1493,67
442,857	1563,67
443,073	1497,67
443,289	1622,67
443,505	1590,67
443,721	1559,67
443,937	1679,67
444,152	1436,67
444,368	1508,67
444,584	1480,67
444,8	1598,67
445,016	1578,67
445,231	1532,67
445,447	1732,67
445,663	1618,67
445,879	1316,67
446,094	1680,67
446,31	1714,67
446,526	1636,67
446,742	1610,67
446,957	1633,67
447,173	1616,67
447,388	1673,67
447,604	1646,67
447,82	1572,67
448,035	1607,67
448,251	1563,67
448,466	1644,67
448,682	1480,67
448,897	1505,67
449,113	1589,67
449,328	1630,67
449,544	1502,67
449,759	1912,67
449,975	1412,67
450,19	1483,67
450,406	1579,67
450,621	1488,67
450,836	1707,67
451,052	1580,67
451,267	1447,67
451,483	1480,67
451,698	1396,67
451,913	1626,67
452,129	1551,67
452,344	1650,67
452,559	1717,67
452,774	1569,67
452,99	1533,67
453,205	1604,67
453,42	1650,67
453,635	1659,67
453,85	1481,67
454,066	1702,67
454,281	1571,67
454,496	1639,67
454,711	1656,67
454,926	1662,67
455,141	1411,67
455,356	1469,67
455,571	1527,67
455,786	1587,67
456,001	1498,67
456,217	1426,67
456,432	1516,67
456,647	1669,67
456,861	1597,67
457,076	1574,67
457,291	1680,67
457,506	1511,67
457,721	1633,67
457,936	1566,67
458,151	1528,67
458,366	1666,67
458,581	1519,67
458,796	1757,67
459,01	1546,67
459,225	1708,67
459,44	1415,67
459,655	1556,67
459,87	1618,67
460,084	1436,67
460,299	1761,67
460,514	1552,67
460,729	1974,67
460,943	1479,67
461,158	1499,67
461,373	1620,67
461,587	1539,67
461,802	1602,67
462,016	1695,67
462,231	1507,67
462,446	1669,67
462,66	1556,67
462,875	1585,67
463,089	1525,67
463,304	1628,67
463,518	1540,67
463,733	1508,67
463,947	1532,67
464,162	1498,67
464,376	1508,67
464,591	1691,67
464,805	1496,67
465,02	1783,67
465,234	1542,67
465,448	1510,67
465,663	1607,67
465,877	1539,67
466,091	1529,67
466,306	1645,67
466,52	1890,67
466,734	1567,67
466,949	1516,67
467,163	1659,67
467,377	1454,67
467,591	1632,67
467,806	1511,67
468,02	1460,67
468,234	1356,67
468,448	1682,67
468,662	1730,67
468,876	1887,67
469,091	1650,67
469,305	1491,67
469,519	1502,67
469,733	1449,67
469,947	1638,67
470,161	1800,67
470,375	1446,67
470,589	1691,67
470,803	1474,67
471,017	1593,67
471,231	1557,67
471,445	1436,67
471,659	1622,67
471,873	1606,67
472,087	1363,67
472,301	1637,67
472,515	1374,67
472,728	1629,67
472,942	1568,67
473,156	1553,67
473,37	1465,67
473,584	1481,67
473,798	1616,67
474,011	1545,67
474,225	1557,67
474,439	1646,67
474,653	1600,67
474,866	1628,67
475,08	1614,67
475,294	1652,67
475,507	1430,67
475,721	1589,67
475,935	1584,67
476,148	1477,67
476,362	1381,67
476,576	1462,67
476,789	1525,67
477,003	1645,67
477,216	1573,67
477,43	1550,67
477,643	1702,67
477,857	1704,67
478,07	1653,67
478,284	1555,67
478,497	1516,67
478,711	1508,67
478,924	1520,67
479,138	1525,67
479,351	1462,67
479,564	1387,67
479,778	1692,67
479,991	1385,67
480,204	1467,67
480,418	1609,67
480,631	1498,67
480,844	1572,67
481,058	1529,67
481,271	1555,67
481,484	1635,67
481,697	1482,67
481,911	1592,67
482,124	1537,67
482,337	1563,67
482,55	1480,67
482,763	1469,67
482,976	1656,67
483,19	1335,67
483,403	1498,67
483,616	1592,67
483,829	1609,67
484,042	1563,67
484,255	1538,67
484,468	1531,67
484,681	1476,67
484,894	1534,67
485,107	1637,67
485,32	1600,67
485,533	1522,67
485,746	1702,67
485,959	1486,67
486,172	1498,67
486,385	1662,67
486,598	1624,67
486,81	1476,67
487,023	1265,67
487,236	1631,67
487,449	1528,67
487,662	1503,67
487,875	1526,67
488,087	1544,67
488,3	1633,67
488,513	1400,67
488,726	1388,67
488,938	1654,67
489,151	1615,67
489,364	1561,67
489,576	1515,67
489,789	1583,67
490,002	1631,67
490,214	1526,67
490,427	1278,67
490,64	1556,67
490,852	1557,67
491,065	1518,67
491,277	1617,67
491,49	1608,67
491,702	1380,67
491,915	1679,67
492,127	1615,67
492,34	1576,67
492,552	1574,67
492,765	1672,67
492,977	1662,67
493,19	1576,67
493,402	1646,67
493,614	1601,67
493,827	1549,67
494,039	1519,67
494,251	1542,67
494,464	1671,67
494,676	1388,67
494,888	1550,67
495,101	1502,67
495,313	1601,67
495,525	1492,67
495,737	1725,67
495,95	1723,67
496,162	1581,67
496,374	1550,67
496,586	1511,67
496,798	1470,67
497,01	1518,67
497,222	1413,67
497,435	1969,67
497,647	1474,67
497,859	1541,67
498,071	1481,67
498,283	1561,67
498,495	1461,67
498,707	1696,67
498,919	1421,67
499,131	1565,67
499,343	1536,67
499,555	1507,67
499,767	1602,67
499,979	1520,67
500,191	1661,67
500,402	1476,67
500,614	1622,67
500,826	1646,67
501,038	1398,67
501,25	1550,67
501,462	1534,67
501,673	1571,67
501,885	1486,67
502,097	1658,67
502,309	1610,67
502,521	1694,67
502,732	1483,67
502,944	1497,67
503,156	1470,67
503,367	1499,67
503,579	1472,67
503,791	1574,67
504,002	1743,67
504,214	1642,67
504,425	1850,67
504,637	1639,67
504,849	1470,67
505,06	1599,67
505,272	1650,67
505,483	1475,67
505,695	1555,67
505,906	1330,67
506,118	1575,67
506,329	1298,67
506,541	1504,67
506,752	1686,67
506,963	1584,67
507,175	1370,67
507,386	1694,67
507,598	1641,67
507,809	1466,67
508,02	1565,67
508,232	1534,67
508,443	1450,67
508,654	1753,67
508,865	1638,67
509,077	1417,67
509,288	1511,67
509,499	1862,67
509,71	1474,67
509,922	1680,67
510,133	1507,67
510,344	1679,67
510,555	1544,67
510,766	1565,67
510,977	1564,67
511,188	1554,67
511,4	1457,67
511,611	1427,67
511,822	1591,67
512,033	1532,67
512,244	1694,67
512,455	1579,67
512,666	1496,67
512,877	1606,67
513,088	1522,67
513,299	1573,67
513,51	1834,67
513,721	1550,67
513,931	1640,67
514,142	1656,67
514,353	1619,67
514,564	1501,67
514,775	1563,67
514,986	1695,67
515,196	1624,67
515,407	1513,67
515,618	1530,67
515,829	1556,67
516,04	1573,67
516,25	1470,67
516,461	1447,67
516,672	1580,67
516,882	1435,67
517,093	1597,67
517,304	1411,67
517,514	1369,67
517,725	1618,67
517,936	1454,67
518,146	1406,67
518,357	1645,67
518,567	1456,67
518,778	1818,67
518,988	1552,67
519,199	1799,67
519,409	1443,67
519,62	1572,67
519,83	1554,67
520,041	1565,67
520,251	1594,67
520,462	1614,67
520,672	1512,67
520,882	1562,67
521,093	1617,67
521,303	1628,67
521,513	1631,67
521,724	2353,67
521,934	1504,67
522,144	1593,67
522,355	1454,67
522,565	1622,67
522,775	1487,67
522,985	1393,67
523,196	1592,67
523,406	1443,67
523,616	1665,67
523,826	1312,67
524,036	2307,67
524,246	1433,67
524,457	1503,67
524,667	1428,67
524,877	1554,67
525,087	1553,67
525,297	1654,67
525,507	1622,67
525,717	1515,67
525,927	1588,67
526,137	1488,67
526,347	1544,67
526,557	1483,67
526,767	1534,67
526,977	1736,67
527,187	1561,67
527,397	1410,67
527,607	1457,67
527,816	1567,67
528,026	1475,67
528,236	1551,67
528,446	1564,67
528,656	1558,67
528,865	1754,67
529,075	1481,67
529,285	1546,67
529,495	1566,67
529,704	1569,67
529,914	1548,67
530,124	1552,67
530,334	1172,67
530,543	1463,67
530,753	1776,67
530,963	1950,67
531,172	1248,67
531,382	1474,67
531,591	1748,67
531,801	1672,67
532,01	1522,67
532,22	1554,67
532,43	1620,67
532,639	1941,67
532,849	1538,67
533,058	1537,67
533,267	1761,67
533,477	1461,67
533,686	1544,67
533,896	1548,67
534,105	1577,67
534,315	1685,67
534,524	1556,67
534,733	1585,67
534,943	1709,67
535,152	1687,67
535,361	1475,67
535,57	1535,67
535,78	1507,67
535,989	1533,67
536,198	1594,67
536,407	1527,67
536,617	1581,67
536,826	1606,67
537,035	1632,67
537,244	1503,67
537,453	1411,67
537,662	1492,67
537,872	1707,67
538,081	1551,67
538,29	1481,67
538,499	1546,67
538,708	1447,67
538,917	1469,67
539,126	1666,67
539,335	1607,67
539,544	2061,67
539,753	1505,67
539,962	1771,67
540,171	1536,67
540,38	1741,67
540,589	1506,67
540,797	1721,67
541,006	1555,67
541,215	1480,67
541,424	1903,67
541,633	1552,67
541,842	1521,67
542,05	1695,67
542,259	1575,67
542,468	1555,67
542,677	1614,67
542,885	1530,67
543,094	1547,67
543,303	1439,67
543,512	1582,67
543,72	1648,67
543,929	1613,67
544,138	1535,67
544,346	1319,67
544,555	1516,67
544,763	1600,67
544,972	1517,67
545,18	1542,67
545,389	1524,67
545,598	1475,67
545,806	1637,67
546,015	1598,67
546,223	1547,67
546,431	1565,67
546,64	1469,67
546,848	1512,67
547,057	1582,67
547,265	1469,67
547,474	1496,67
547,682	1627,67
547,89	1706,67
548,099	1496,67
548,307	1507,67
548,515	1602,67
548,723	1606,67
548,932	1583,67
549,14	1608,67
549,348	1609,67
549,556	1506,67
549,765	1515,67
549,973	1503,67
550,181	1491,67
550,389	1653,67
550,597	1735,67
550,805	1485,67
551,014	1665,67
551,222	5343,67
551,43	1382,67
551,638	1559,67
551,846	1667,67
552,054	1632,67
552,262	1677,67
552,47	1455,67
552,678	1496,67
552,886	1546,67
553,094	1371,67
553,302	1646,67
553,51	1550,67
553,717	1674,67
553,925	1334,67
554,133	1796,67
554,341	1442,67
554,549	1583,67
554,757	1489,67
554,965	1493,67
555,172	1509,67
555,38	1847,67
555,588	1441,67
555,796	1536,67
556,003	1686,67
556,211	1534,67
556,419	1762,67
556,626	1663,67
556,834	1533,67
557,042	1547,67
557,249	1834,67
557,457	1440,67
557,664	1415,67
557,872	1401,67
558,08	1400,67
558,287	1688,67
558,495	1630,67
558,702	1457,67
558,91	1666,67
559,117	1442,67
559,325	1555,67
559,532	1498,67
559,74	1724,67
559,947	1516,67
560,154	1701,67
560,362	1499,67
560,569	1552,67
560,776	1481,67
560,984	1595,67
561,191	1566,67
561,398	1552,67
561,606	1968,67
561,813	1551,67
562,02	1428,67
562,227	1437,67
562,435	1511,67
562,642	1697,67
562,849	1577,67
563,056	1544,67
563,263	1506,67
563,471	1686,67
563,678	1576,67
563,885	1568,67
564,092	1546,67
564,299	1598,67
564,506	1605,67
564,713	1469,67
564,92	1759,67
565,127	1540,67
565,334	1650,67
565,541	1898,67
565,748	1608,67
565,955	1598,67
566,162	1597,67
566,369	1457,67
566,576	1689,67
566,783	1579,67
566,99	1426,67
567,196	1628,67
567,403	1433,67
567,61	1665,67
567,817	1468,67
568,024	1616,67
568,23	1597,67
568,437	1535,67
568,644	1549,67
568,851	1542,67
569,057	1815,67
569,264	1645,67
569,471	1535,67
569,677	1569,67
569,884	1648,67
570,091	1616,67
570,297	2531,67
570,504	1821,67
570,71	1525,67
570,917	1629,67
571,123	1540,67
571,33	1532,67
571,536	1542,67
571,743	1771,67
571,949	1550,67
572,156	1553,67
572,362	1742,67
572,569	1566,67
572,775	1566,67
572,982	1690,67
573,188	1606,67
573,394	1469,67
573,601	1206,67
573,807	1408,67
574,013	1684,67
574,22	1574,67
574,426	1454,67
574,632	1350,67
574,838	1505,67
575,045	1732,67
575,251	1557,67
575,457	1659,67
575,663	1714,67
575,869	1530,67
576,076	1713,67
576,282	1562,67
576,488	1570,67
576,694	1536,67
576,9	1364,67
577,106	1501,67
577,312	1491,67
577,518	1679,67
577,724	1670,67
577,93	1607,67
578,136	1487,67
578,342	1546,67
578,548	1548,67
578,754	1518,67
578,96	1488,67
579,166	1478,67
579,372	1832,67
579,578	1569,67
579,784	1631,67
579,989	1506,67
580,195	1507,67
580,401	1560,67
580,607	1592,67
580,813	1652,67
581,018	1612,67
581,224	1525,67
581,43	1584,67
581,636	1546,67
581,841	1645,67
582,047	1501,67
582,253	1768,67
582,458	1558,67
582,664	1509,67
582,869	1618,67
583,075	1558,67
583,281	1943,67
583,486	1683,67
583,692	1443,67
583,897	1749,67
584,103	1637,67
584,308	1591,67
584,514	1576,67
584,719	1725,67
584,925	1648,67
585,13	1553,67
585,335	1598,67
585,541	1579,67
585,746	1586,67
585,952	1499,67
586,157	1566,67
586,362	1507,67
586,568	1544,67
586,773	1734,67
586,978	1536,67
587,183	1467,67
587,389	1575,67
587,594	1503,67
587,799	1617,67
588,004	1659,67
588,21	1696,67
588,415	1414,67
588,62	1616,67
588,825	1702,67
589,03	1557,67
589,235	2012,67
589,44	1803,67
589,645	1514,67
589,85	1641,67
590,055	1797,67
590,26	1491,67
590,465	1600,67
590,67	1870,67
590,875	1752,67
591,08	1714,67
591,285	1606,67
591,49	1645,67
591,695	1557,67
591,9	1754,67
592,105	1448,67
592,31	1474,67
592,515	1827,67
592,719	1506,67
592,924	1469,67
593,129	1548,67
593,334	1581,67
593,539	1489,67
593,743	1693,67
593,948	1538,67
594,153	1528,67
594,357	1805,67
594,562	1541,67
594,767	2006,67
594,971	1479,67
595,176	1584,67
595,381	1698,67
595,585	1631,67
595,79	1700,67
595,994	1523,67
596,199	2014,67
596,403	1393,67
596,608	1464,67
596,812	1415,67
597,017	1670,67
597,221	1758,67
597,426	1718,67
597,63	1547,67
597,835	1523,67
598,039	1515,67
598,243	1516,67
598,448	1854,67
598,652	1624,67
598,856	1580,67
599,061	1641,67
599,265	1367,67
599,469	1435,67
599,673	1636,67
599,878	1707,67
600,082	1526,67
600,286	1584,67
600,49	1522,67
600,695	1359,67
600,899	1558,67
601,103	1598,67
601,307	1702,67
601,511	1574,67
601,715	1395,67
601,919	1534,67
602,123	1571,67
602,327	1506,67
602,531	1579,67
602,735	1689,67
602,939	1718,67
603,143	1515,67
603,347	1592,67
603,551	1581,67
603,755	1536,67
603,959	1503,67
604,163	1618,67
604,367	1528,67
604,571	1500,67
604,775	1640,67
604,978	1576,67
605,182	1428,67
605,386	1587,67
605,59	1500,67
605,793	1528,67
605,997	1681,67
606,201	1657,67
606,405	1589,67
606,608	1618,67
606,812	1583,67
607,016	1695,67
607,219	1460,67
607,423	1521,67
607,627	1625,67
607,83	1630,67
608,034	1462,67
608,237	1660,67
608,441	1574,67
608,644	1613,67
608,848	1817,67
609,051	1578,67
609,255	1665,67
609,458	1778,67
609,662	1520,67
609,865	1594,67
610,069	1473,67
610,272	1283,67
610,475	1507,67
610,679	1494,67
610,882	1570,67
611,085	1558,67
611,289	1696,67
611,492	1575,67
611,695	1429,67
611,898	1513,67
612,102	1621,67
612,305	1635,67
612,508	1513,67
612,711	1744,67
612,914	1592,67
613,118	1594,67
613,321	1666,67
613,524	1506,67
613,727	1492,67
613,93	1512,67
614,133	1630,67
614,336	1592,67
614,539	1565,67
614,742	1510,67
614,945	1598,67
615,148	1676,67
615,351	1560,67
615,554	1690,67
615,757	1473,67
615,96	1694,67
616,163	1634,67
616,366	1749,67
616,569	1566,67
616,772	1684,67
616,974	1577,67
617,177	1723,67
617,38	1455,67
617,583	1798,67
617,786	1465,67
617,988	1456,67
618,191	1714,67
618,394	1514,67
618,596	1474,67
618,799	1595,67
619,002	1613,67
619,204	1659,67
619,407	1580,67
619,61	1466,67
619,812	1537,67
620,015	1512,67
620,217	1689,67
620,42	1547,67
620,623	1590,67
620,825	1530,67
621,028	1732,67
621,23	1708,67
621,432	1632,67
621,635	1698,67
621,837	1617,67
622,04	1445,67
622,242	1648,67
622,445	1589,67
622,647	1601,67
622,849	1678,67
623,052	1416,67
623,254	1627,67
623,456	1410,67
623,658	1740,67
623,861	1665,67
624,063	1549,67
624,265	1541,67
624,467	1634,67
624,67	1450,67
624,872	1579,67
625,074	1770,67
625,276	1651,67
625,478	1694,67
625,68	1393,67
625,882	1229,67
626,084	1432,67
626,287	1727,67
626,489	1655,67
626,691	1543,67
626,893	1630,67
627,095	1615,67
627,297	1653,67
627,499	1495,67
627,7	1383,67
627,902	1474,67
628,104	1409,67
628,306	1468,67
628,508	1418,67
628,71	1563,67
628,912	1570,67
629,114	1757,67
629,315	1538,67
629,517	1518,67
629,719	1476,67
629,921	1569,67
630,122	1590,67
630,324	1436,67
630,526	1789,67
630,728	1640,67
630,929	1539,67
631,131	1471,67
631,332	1727,67
631,534	1664,67
631,736	1659,67
631,937	1480,67
632,139	1607,67
632,34	1624,67
632,542	1656,67
632,743	1624,67
632,945	1434,67
633,146	1539,67
633,348	1625,67
633,549	1590,67
633,751	1471,67
633,952	1558,67
634,154	1478,67
634,355	1344,67
634,556	1603,67
634,758	1430,67
634,959	1491,67
635,16	1674,67
635,362	1528,67
635,563	1653,67
635,764	1496,67
635,965	1634,67
636,167	1600,67
636,368	1577,67
636,569	1539,67
636,77	1717,67
636,971	1462,67
637,172	1648,67
637,374	1524,67
637,575	1798,67
637,776	1408,67
637,977	1471,67
638,178	1611,67
638,379	1505,67
638,58	1605,67
638,781	1430,67
638,982	1514,67
639,183	1573,67
639,384	1512,67
639,585	1517,67
639,786	1418,67
639,987	1613,67
640,187	1653,67
640,388	1631,67
640,589	1474,67
640,79	1510,67
640,991	1598,67
641,192	1670,67
641,392	1522,67
641,593	1591,67
641,794	1410,67
641,995	1499,67
642,195	1367,67
642,396	1439,67
642,597	1341,67
642,797	1790,67
642,998	1619,67
643,199	1546,67
643,399	1601,67
643,6	1398,67
643,8	1464,67
644,001	1490,67
644,202	1635,67
644,402	1464,67
644,603	1581,67
644,803	1439,67
645,004	1535,67
645,204	1410,67
645,404	1541,67
645,605	1786,67
645,805	1396,67
646,006	1365,67
646,206	1922,67
646,406	1490,67
646,607	1365,67
646,807	1311,67
647,007	-18,33
647,208	82,67
647,408	-15,33
647,608	-13,33
