200,697	1018,83
200,927	-18,17
201,158	11,83
201,388	19,83
201,618	1450,83
201,849	1326,83
202,079	1581,83
202,309	1453,83
202,539	1611,83
202,77	1452,83
203	1541,83
203,23	1517,83
203,46	1545,83
203,691	1599,83
203,921	1574,83
204,151	1646,83
204,381	1431,83
204,611	1597,83
204,841	1683,83
205,071	1481,83
205,302	1659,83
205,532	1607,83
205,762	3663,83
205,992	1479,83
206,222	1448,83
206,452	1574,83
206,682	1483,83
206,912	1705,83
207,142	1627,83
207,372	1564,83
207,602	1437,83
207,832	1472,83
208,062	1637,83
208,292	1704,83
208,522	1263,83
208,752	1560,83
208,982	1526,83
209,212	1726,83
209,442	1534,83
209,672	1480,83
209,902	1545,83
210,131	1945,83
210,361	1376,83
210,591	1669,83
210,821	1518,83
211,051	1677,83
211,281	1566,83
211,51	1557,83
211,74	1628,83
211,97	1493,83
212,2	1587,83
212,429	1855,83
212,659	1623,83
212,889	1618,83
213,119	1449,83
213,348	1481,83
213,578	1674,83
213,808	1685,83
214,037	1925,83
214,267	1708,83
214,497	1429,83
214,726	1478,83
214,956	1486,83
215,186	1498,83
215,415	1553,83
215,645	1548,83
215,874	1631,83
216,104	1488,83
216,333	1596,83
216,563	1584,83
216,792	1566,83
217,022	1666,83
217,251	1593,83
217,481	1476,83
217,71	1619,83
217,94	1627,83
218,169	1545,83
218,399	1606,83
218,628	1512,83
218,858	1681,83
219,087	1622,83
219,316	1633,83
219,546	1586,83
219,775	1609,83
220,004	1815,83
220,234	1510,83
220,463	1607,83
220,692	1608,83
220,922	1566,83
221,151	1668,83
221,38	1573,83
221,61	1955,83
221,839	1859,83
222,068	1626,83
222,297	1683,83
222,526	1608,83
222,756	1650,83
222,985	1703,83
223,214	1778,83
223,443	1640,83
223,672	1989,83
223,902	1558,83
224,131	1757,83
224,36	1725,83
224,589	1498,83
224,818	1555,83
225,047	1659,83
225,276	1561,83
225,505	1839,83
225,734	1639,83
225,963	1518,83
226,192	1592,83
226,421	1565,83
226,65	1620,83
226,879	1679,83
227,108	1688,83
227,337	1701,83
227,566	1753,83
227,795	1623,83
228,024	1637,83
228,253	1616,83
228,482	1495,83
228,711	1668,83
228,94	1514,83
229,168	1807,83
229,397	1627,83
229,626	1647,83
229,855	1575,83
230,084	1618,83
230,313	1467,83
230,541	1729,83
230,77	1617,83
230,999	1495,83
231,228	1864,83
231,456	1709,83
231,685	1633,83
231,914	1709,83
232,143	1599,83
232,371	1618,83
232,6	1673,83
232,829	1408,83
233,057	1625,83
233,286	1729,83
233,515	1467,83
233,743	1742,83
233,972	1518,83
234,2	1668,83
234,429	1655,83
234,658	1767,83
234,886	1588,83
235,115	1671,83
235,343	1747,83
235,572	1580,83
235,8	1731,83
236,029	1976,83
236,257	1631,83
236,486	1752,83
236,714	1829,83
236,943	1928,83
237,171	1664,83
237,399	1681,83
237,628	1781,83
237,856	1778,83
238,085	1728,83
238,313	1663,83
238,541	1624,83
238,77	2074,83
238,998	1691,83
239,226	1735,83
239,455	1692,83
239,683	1783,83
239,911	1647,83
240,14	1794,83
240,368	1785,83
240,596	1733,83
240,824	1717,83
241,053	1699,83
241,281	1665,83
241,509	1730,83
241,737	1661,83
241,965	1577,83
242,193	1567,83
242,422	1818,83
242,65	1642,83
242,878	1671,83
243,106	1888,83
243,334	1618,83
243,562	1803,83
243,79	1828,83
244,018	1784,83
244,246	1720,83
244,474	1721,83
244,702	1667,83
244,93	1774,83
245,158	1728,83
245,386	1745,83
245,614	1778,83
245,842	1854,83
246,07	1683,83
246,298	1735,83
246,526	2256,83
246,754	1617,83
246,982	1818,83
247,21	1778,83
247,438	1740,83
247,666	1763,83
247,893	1732,83
248,121	1898,83
248,349	1907,83
248,577	1802,83
248,805	1905,83
249,033	1749,83
249,26	1791,83
249,488	1761,83
249,716	1846,83
249,944	1731,83
250,171	1709,83
250,399	1711,83
250,627	1921,83
250,854	1822,83
251,082	1749,83
251,31	1796,83
251,537	1721,83
251,765	1986,83
251,993	1770,83
252,22	2057,83
252,448	1663,83
252,676	1937,83
252,903	1825,83
253,131	2077,83
253,358	1755,83
253,586	1743,83
253,813	1657,83
254,041	1821,83
254,268	1819,83
254,496	1663,83
254,723	1701,83
254,951	1843,83
255,178	1794,83
255,406	1754,83
255,633	1792,83
255,86	1992,83
256,088	1837,83
256,315	1728,83
256,543	1937,83
256,77	1864,83
256,997	1763,83
257,225	1914,83
257,452	1724,83
257,679	2015,83
257,907	1893,83
258,134	1797,83
258,361	1906,83
258,588	1772,83
258,816	1814,83
259,043	1714,83
259,27	1856,83
259,497	1836,83
259,725	1781,83
259,952	1841,83
260,179	1701,83
260,406	1850,83
260,633	1734,83
260,86	1944,83
261,088	1755,83
261,315	2084,83
261,542	1804,83
261,769	1712,83
261,996	2119,83
262,223	1587,83
262,45	2015,83
262,677	1649,83
262,904	1748,83
263,131	1921,83
263,358	1777,83
263,585	1870,83
263,812	2147,83
264,039	1895,83
264,266	1867,83
264,493	1847,83
264,72	1771,83
264,947	1797,83
265,174	1964,83
265,401	1949,83
265,627	1962,83
265,854	1877,83
266,081	1882,83
266,308	1815,83
266,535	1862,83
266,762	1690,83
266,988	2066,83
267,215	1916,83
267,442	1731,83
267,669	1955,83
267,896	1832,83
268,122	2051,83
268,349	1856,83
268,576	1667,83
268,802	1786,83
269,029	1798,83
269,256	1889,83
269,482	1761,83
269,709	1817,83
269,936	1846,83
270,162	2029,83
270,389	1817,83
270,616	1997,83
270,842	2040,83
271,069	1789,83
271,295	1853,83
271,522	1748,83
271,748	2042,83
271,975	1915,83
272,201	1928,83
272,428	1851,83
272,654	1793,83
272,881	2115,83
273,107	1770,83
273,334	1809,83
273,56	1960,83
273,787	1723,83
274,013	1803,83
274,239	2172,83
274,466	1853,83
274,692	1774,83
274,918	1852,83
275,145	1845,83
275,371	1869,83
275,597	1996,83
275,824	1886,83
276,05	1888,83
276,276	1913,83
276,503	2025,83
276,729	1825,83
276,955	1953,83
277,181	1920,83
277,407	1814,83
277,634	1929,83
277,86	1923,83
278,086	1891,83
278,312	1870,83
278,538	1810,83
278,764	1854,83
278,991	2001,83
279,217	1761,83
279,443	1756,83
279,669	1841,83
279,895	1922,83
280,121	1560,83
280,347	1845,83
280,573	1959,83
280,799	1912,83
281,025	2016,83
281,251	1696,83
281,477	2042,83
281,703	1827,83
281,929	1835,83
282,155	1739,83
282,381	1899,83
282,607	1877,83
282,833	1886,83
283,059	1917,83
283,285	1827,83
283,51	1793,83
283,736	1751,83
283,962	1904,83
284,188	1874,83
284,414	1910,83
284,64	1897,83
284,865	1873,83
285,091	1745,83
285,317	1966,83
285,543	1969,83
285,768	2160,83
285,994	1995,83
286,22	2169,83
286,446	1877,83
286,671	1842,83
286,897	1975,83
287,123	1808,83
287,348	1874,83
287,574	2345,83
287,799	1931,83
288,025	1902,83
288,251	2045,83
288,476	1940,83
288,702	1917,83
288,927	1898,83
289,153	1948,83
289,378	1978,83
289,604	1939,83
289,829	1970,83
290,055	1749,83
290,28	1899,83
290,506	2103,83
290,731	1929,83
290,957	2066,83
291,182	2039,83
291,408	2045,83
291,633	2020,83
291,858	1925,83
292,084	1955,83
292,309	1829,83
292,535	1959,83
292,76	1969,83
292,985	1952,83
293,211	1881,83
293,436	1736,83
293,661	1752,83
293,886	1848,83
294,112	1906,83
294,337	1855,83
294,562	1771,83
294,787	1927,83
295,013	1976,83
295,238	2135,83
295,463	1938,83
295,688	2221,83
295,913	1996,83
296,138	2101,83
296,364	1909,83
296,589	1881,83
296,814	1849,83
297,039	1891,83
297,264	1976,83
297,489	1954,83
297,714	1893,83
297,939	1921,83
298,164	1884,83
298,389	2007,83
298,614	1865,83
298,839	1938,83
299,064	2030,83
299,289	1842,83
299,514	2016,83
299,739	1886,83
299,964	1809,83
300,189	1879,83
300,414	1979,83
300,639	2027,83
300,863	1930,83
301,088	2253,83
301,313	1941,83
301,538	1908,83
301,763	1913,83
301,988	1919,83
302,212	2085,83
302,437	2379,83
302,662	1909,83
302,887	1973,83
303,111	1878,83
303,336	2127,83
303,561	2020,83
303,786	1968,83
304,01	2046,83
304,235	2077,83
304,46	2061,83
304,684	1935,83
304,909	2018,83
305,134	1647,83
305,358	2034,83
305,583	1870,83
305,807	2138,83
306,032	1772,83
306,256	1916,83
306,481	2012,83
306,706	1901,83
306,93	1851,83
307,155	2188,83
307,379	1874,83
307,604	1982,83
307,828	1893,83
308,052	2185,83
308,277	2102,83
308,501	2027,83
308,726	2282,83
308,95	1930,83
309,175	1901,83
309,399	2165,83
309,623	1949,83
309,848	1853,83
310,072	1793,83
310,296	2276,83
310,521	2052,83
310,745	1816,83
310,969	2233,83
311,193	2111,83
311,418	1997,83
311,642	1922,83
311,866	1898,83
312,09	1994,83
312,315	1978,83
312,539	2031,83
312,763	1895,83
312,987	2042,83
313,211	1921,83
313,435	2057,83
313,659	1913,83
313,884	2310,83
314,108	2097,83
314,332	2130,83
314,556	2014,83
314,78	2165,83
315,004	2046,83
315,228	2135,83
315,452	2056,83
315,676	2050,83
315,9	2100,83
316,124	1725,83
316,348	1911,83
316,572	2041,83
316,796	2081,83
317,02	1912,83
317,244	1901,83
317,468	2062,83
317,691	2203,83
317,915	2072,83
318,139	1862,83
318,363	2314,83
318,587	1941,83
318,811	1942,83
319,034	1767,83
319,258	2059,83
319,482	2122,83
319,706	2021,83
319,93	1977,83
320,153	1888,83
320,377	2040,83
320,601	1868,83
320,824	1801,83
321,048	2111,83
321,272	2053,83
321,495	1969,83
321,719	1969,83
321,943	1974,83
322,166	1959,83
322,39	2015,83
322,614	1952,83
322,837	2077,83
323,061	2171,83
323,284	1920,83
323,508	2066,83
323,731	1825,83
323,955	1990,83
324,178	1925,83
324,402	2017,83
324,625	1938,83
324,849	1836,83
325,072	1980,83
325,296	2027,83
325,519	1959,83
325,743	1924,83
325,966	2039,83
326,189	2061,83
326,413	1911,83
326,636	2288,83
326,859	1799,83
327,083	2210,83
327,306	1670,83
327,529	1879,83
327,753	1788,83
327,976	2204,83
328,199	1880,83
328,422	2027,83
328,646	2063,83
328,869	1768,83
329,092	1988,83
329,315	2164,83
329,538	1909,83
329,762	1981,83
329,985	1954,83
330,208	1897,83
330,431	1885,83
330,654	2127,83
330,877	1933,83
331,1	2116,83
331,323	1967,83
331,546	2089,83
331,769	2034,83
331,993	1896,83
332,216	1978,83
332,439	1951,83
332,662	1979,83
332,885	1927,83
333,107	2015,83
333,33	1842,83
333,553	2161,83
333,776	1915,83
333,999	2036,83
334,222	1852,83
334,445	1974,83
334,668	2021,83
334,891	1968,83
335,114	1774,83
335,336	1953,83
335,559	2005,83
335,782	2212,83
336,005	1896,83
336,228	1885,83
336,45	1918,83
336,673	1930,83
336,896	1891,83
337,119	2108,83
337,341	1890,83
337,564	1890,83
337,787	1989,83
338,009	1834,83
338,232	2043,83
338,455	2049,83
338,677	1924,83
338,9	1999,83
339,122	2028,83
339,345	1811,83
339,568	1851,83
339,79	1869,83
340,013	2054,83
340,235	1982,83
340,458	1863,83
340,68	2014,83
340,903	1714,83
341,125	1943,83
341,348	1867,83
341,57	1943,83
341,793	2061,83
342,015	1826,83
342,238	1975,83
342,46	1938,83
342,682	2112,83
342,905	1850,83
343,127	1999,83
343,349	1917,83
343,572	2034,83
343,794	1768,83
344,016	1837,83
344,239	2046,83
344,461	1807,83
344,683	1870,83
344,905	1789,83
345,128	1763,83
345,35	1945,83
345,572	2012,83
345,794	2116,83
346,017	1845,83
346,239	1892,83
346,461	1907,83
346,683	1566,83
346,905	1993,83
347,127	1943,83
347,349	1941,83
347,571	1966,83
347,793	2123,83
348,016	1948,83
348,238	1929,83
348,46	1954,83
348,682	1905,83
348,904	1995,83
349,126	1955,83
349,348	1989,83
349,57	1882,83
349,792	1928,83
350,014	2091,83
350,235	2054,83
350,457	2751,83
350,679	2029,83
350,901	1628,83
351,123	1868,83
351,345	1935,83
351,567	2004,83
351,789	1822,83
352,01	1929,83
352,232	2006,83
352,454	1892,83
352,676	2038,83
352,897	1919,83
353,119	1944,83
353,341	1983,83
353,563	1976,83
353,784	1931,83
354,006	2001,83
354,228	1936,83
354,449	1849,83
354,671	2168,83
354,893	2075,83
355,114	1923,83
355,336	1989,83
355,558	2018,83
355,779	1909,83
356,001	2104,83
356,222	2001,83
356,444	1909,83
356,665	2658,83
356,887	1904,83
357,108	1973,83
357,33	1924,83
357,551	2131,83
357,773	2067,83
357,994	1952,83
358,216	1781,83
358,437	2092,83
358,659	2125,83
358,88	2016,83
359,101	1995,83
359,323	2045,83
359,544	1954,83
359,765	1888,83
359,987	1901,83
360,208	1898,83
360,429	2033,83
360,651	1961,83
360,872	2129,83
361,093	2217,83
361,314	1976,83
361,536	1986,83
361,757	1984,83
361,978	1973,83
362,199	1887,83
362,42	1817,83
362,642	1991,83
362,863	2103,83
363,084	1968,83
363,305	2000,83
363,526	1967,83
363,747	2080,83
363,968	1982,83
364,189	2146,83
364,41	1985,83
364,631	1921,83
364,852	2130,83
365,073	1834,83
365,294	2068,83
365,515	1869,83
365,736	2149,83
365,957	2082,83
366,178	2001,83
366,399	2044,83
366,62	2057,83
366,841	2046,83
367,062	2069,83
367,283	2097,83
367,504	2108,83
367,724	1934,83
367,945	1931,83
368,166	2142,83
368,387	2048,83
368,608	2041,83
368,828	2181,83
369,049	1946,83
369,27	1774,83
369,491	2006,83
369,711	2072,83
369,932	2129,83
370,153	2047,83
370,373	2029,83
370,594	2252,83
370,815	2080,83
371,035	2187,83
371,256	1904,83
371,477	1953,83
371,697	2057,83
371,918	1874,83
372,138	2123,83
372,359	2225,83
372,579	1941,83
372,8	2070,83
373,02	1988,83
373,241	2095,83
373,461	2147,83
373,682	2048,83
373,902	2112,83
374,123	1988,83
374,343	2415,83
374,564	2107,83
374,784	2118,83
375,004	2102,83
375,225	2036,83
375,445	2013,83
375,666	2347,83
375,886	2000,83
376,106	2035,83
376,326	2060,83
376,547	2299,83
376,767	2193,83
376,987	2074,83
377,208	2112,83
377,428	2074,83
377,648	2239,83
377,868	2153,83
378,088	2334,83
378,309	2171,83
378,529	2383,83
378,749	2249,83
378,969	2098,83
379,189	2309,83
379,409	2363,83
379,629	2088,83
379,849	2259,83
380,069	2153,83
380,29	2160,83
380,51	2259,83
380,73	2266,83
380,95	2490,83
381,17	2232,83
381,39	2235,83
381,61	2057,83
381,829	2192,83
382,049	2149,83
382,269	2174,83
382,489	2239,83
382,709	2252,83
382,929	2263,83
383,149	2259,83
383,369	2558,83
383,589	2167,83
383,808	2309,83
384,028	2247,83
384,248	2284,83
384,468	2260,83
384,688	2263,83
384,907	2274,83
385,127	2325,83
385,347	2390,83
385,567	2297,83
385,786	2437,83
386,006	2322,83
386,226	2396,83
386,445	2297,83
386,665	2357,83
386,885	2386,83
387,104	2337,83
387,324	2353,83
387,543	2526,83
387,763	2515,83
387,982	2518,83
388,202	2493,83
388,422	2463,83
388,641	2336,83
388,861	2542,83
389,08	2545,83
389,3	2367,83
389,519	2571,83
389,738	2483,83
389,958	2498,83
390,177	2541,83
390,397	2556,83
390,616	2475,83
390,836	2661,83
391,055	2605,83
391,274	2676,83
391,494	2569,83
391,713	2577,83
391,932	2642,83
392,151	2740,83
392,371	2618,83
392,59	2648,83
392,809	2805,83
393,029	2757,83
393,248	2823,83
393,467	2459,83
393,686	2592,83
393,905	3771,83
394,124	2535,83
394,344	2706,83
394,563	2808,83
394,782	2684,83
395,001	2719,83
395,22	2625,83
395,439	2751,83
395,658	2631,83
395,877	2818,83
396,096	2824,83
396,315	2890,83
396,534	2753,83
396,753	2870,83
396,972	2792,83
397,191	2980,83
397,41	2934,83
397,629	2919,83
397,848	2745,83
398,067	3007,83
398,286	2967,83
398,505	2929,83
398,724	3081,83
398,943	3538,83
399,161	2844,83
399,38	3034,83
399,599	3055,83
399,818	2977,83
400,037	3146,83
400,255	3006,83
400,474	3004,83
400,693	3030,83
400,912	3187,83
401,13	2971,83
401,349	2920,83
401,568	2802,83
401,786	3076,83
402,005	3112,83
402,224	2966,83
402,442	3011,83
402,661	3078,83
402,88	3011,83
403,098	2959,83
403,317	3119,83
403,535	3017,83
403,754	3068,83
403,972	3092,83
404,191	2975,83
404,409	3123,83
404,628	3745,83
404,846	3200,83
405,065	3292,83
405,283	3283,83
405,502	3098,83
405,72	3156,83
405,938	2930,83
406,157	3114,83
406,375	3114,83
406,594	3184,83
406,812	3196,83
407,03	3311,83
407,249	3009,83
407,467	3234,83
407,685	3296,83
407,903	3101,83
408,122	3453,83
408,34	3349,83
408,558	3332,83
408,776	3261,83
408,995	3182,83
409,213	3325,83
409,431	3679,83
409,649	3314,83
409,867	3316,83
410,085	3410,83
410,303	3354,83
410,522	3251,83
410,74	3249,83
410,958	3407,83
411,176	3116,83
411,394	3377,83
411,612	3323,83
411,83	3606,83
412,048	3510,83
412,266	3434,83
412,484	3425,83
412,702	3635,83
412,92	3366,83
413,138	3489,83
413,356	3495,83
413,573	3549,83
413,791	3601,83
414,009	3391,83
414,227	3836,83
414,445	3338,83
414,663	3479,83
414,881	3357,83
415,098	3563,83
415,316	3442,83
415,534	3787,83
415,752	3489,83
415,969	3565,83
416,187	3447,83
416,405	3517,83
416,623	3626,83
416,84	3446,83
417,058	3644,83
417,276	3691,83
417,493	3537,83
417,711	3515,83
417,928	3690,83
418,146	3581,83
418,364	3742,83
418,581	3377,83
418,799	3538,83
419,016	3542,83
419,234	3653,83
419,451	4230,83
419,669	3689,83
419,886	3844,83
420,104	3821,83
420,321	3900,83
420,539	3957,83
420,756	4070,83
420,974	4020,83
421,191	3998,83
421,408	4161,83
421,626	4143,83
421,843	4015,83
422,06	4006,83
422,278	3912,83
422,495	4058,83
422,712	3996,83
422,93	4077,83
423,147	4094,83
423,364	3979,83
423,581	4046,83
423,799	3800,83
424,016	4158,83
424,233	3983,83
424,45	3926,83
424,667	4081,83
424,884	3930,83
425,102	4266,83
425,319	3700,83
425,536	3919,83
425,753	3937,83
425,97	3879,83
426,187	3927,83
426,404	3986,83
426,621	4302,83
426,838	4142,83
427,055	4195,83
427,272	4251,83
427,489	4047,83
427,706	4013,83
427,923	3977,83
428,14	4130,83
428,357	4289,83
428,574	4191,83
428,791	4282,83
429,008	4325,83
429,224	4282,83
429,441	4478,83
429,658	4609,83
429,875	4773,83
430,092	4705,83
430,308	4661,83
430,525	4556,83
430,742	4423,83
430,959	4351,83
431,175	4186,83
431,392	4004,83
431,609	4149,83
431,826	4046,83
432,042	3922,83
432,259	3959,83
432,476	4260,83
432,692	3983,83
432,909	4437,83
433,125	4390,83
433,342	4527,83
433,559	4647,83
433,775	4488,83
433,992	4176,83
434,208	4178,83
434,425	4147,83
434,641	4344,83
434,858	4486,83
435,074	4233,83
435,291	4108,83
435,507	4232,83
435,723	4307,83
435,94	4293,83
436,156	4379,83
436,373	4579,83
436,589	4492,83
436,805	4363,83
437,022	4279,83
437,238	4188,83
437,454	4274,83
437,671	4306,83
437,887	4379,83
438,103	4345,83
438,319	4311,83
438,536	4482,83
438,752	4349,83
438,968	4377,83
439,184	4343,83
439,4	4267,83
439,616	4194,83
439,833	4301,83
440,049	4201,83
440,265	4582,83
440,481	4558,83
440,697	4762,83
440,913	4860,83
441,129	4991,83
441,345	4842,83
441,561	4718,83
441,777	4744,83
441,993	4426,83
442,209	4520,83
442,425	4642,83
442,641	4584,83
442,857	4692,83
443,073	4797,83
443,289	4498,83
443,505	4748,83
443,721	4767,83
443,937	4716,83
444,152	4547,83
444,368	4649,83
444,584	4642,83
444,8	4600,83
445,016	4564,83
445,231	4533,83
445,447	4777,83
445,663	4591,83
445,879	4585,83
446,094	4861,83
446,31	4821,83
446,526	4717,83
446,742	4547,83
446,957	4485,83
447,173	4601,83
447,388	4707,83
447,604	4560,83
447,82	4457,83
448,035	4569,83
448,251	4506,83
448,466	4703,83
448,682	4608,83
448,897	4499,83
449,113	4625,83
449,328	4663,83
449,544	4457,83
449,759	4891,83
449,975	4432,83
450,19	4333,83
450,406	4497,83
450,621	4354,83
450,836	4269,83
451,052	4591,83
451,267	4318,83
451,483	4473,83
451,698	4394,83
451,913	4566,83
452,129	4478,83
452,344	4253,83
452,559	4507,83
452,774	4422,83
452,99	4297,83
453,205	4368,83
453,42	4397,83
453,635	4371,83
453,85	4088,83
454,066	4359,83
454,281	4361,83
454,496	4371,83
454,711	4545,83
454,926	4493,83
455,141	4338,83
455,356	4238,83
455,571	4299,83
455,786	4342,83
456,001	4231,83
456,217	4239,83
456,432	4261,83
456,647	4433,83
456,861	4458,83
457,076	4495,83
457,291	4622,83
457,506	4563,83
457,721	4539,83
457,936	4600,83
458,151	4543,83
458,366	4744,83
458,581	4455,83
458,796	4779,83
459,01	4588,83
459,225	4667,83
459,44	4334,83
459,655	4555,83
459,87	4474,83
460,084	4464,83
460,299	4459,83
460,514	4472,83
460,729	4858,83
460,943	4342,83
461,158	4142,83
461,373	4383,83
461,587	4150,83
461,802	4036,83
462,016	4191,83
462,231	4110,83
462,446	4207,83
462,66	4334,83
462,875	4276,83
463,089	4270,83
463,304	4409,83
463,518	4437,83
463,733	4513,83
463,947	4447,83
464,162	4544,83
464,376	4576,83
464,591	4708,83
464,805	4518,83
465,02	4801,83
465,234	4874,83
465,448	4898,83
465,663	4715,83
465,877	4581,83
466,091	4319,83
466,306	4392,83
466,52	4572,83
466,734	4101,83
466,949	4189,83
467,163	4235,83
467,377	4187,83
467,591	4296,83
467,806	4112,83
468,02	4029,83
468,234	3923,83
468,448	4084,83
468,662	4038,83
468,876	3973,83
469,091	3793,83
469,305	3885,83
469,519	3754,83
469,733	3763,83
469,947	3814,83
470,161	3922,83
470,375	3685,83
470,589	3884,83
470,803	3856,83
471,017	3890,83
471,231	3903,83
471,445	3675,83
471,659	3871,83
471,873	3838,83
472,087	3745,83
472,301	4075,83
472,515	3937,83
472,728	3977,83
472,942	3927,83
473,156	4101,83
473,37	3984,83
473,584	3877,83
473,798	4042,83
474,011	3997,83
474,225	3916,83
474,439	4115,83
474,653	4250,83
474,866	4183,83
475,08	4284,83
475,294	4242,83
475,507	3953,83
475,721	4109,83
475,935	4114,83
476,148	3848,83
476,362	3868,83
476,576	3890,83
476,789	3833,83
477,003	4070,83
477,216	4075,83
477,43	4096,83
477,643	4092,83
477,857	4366,83
478,07	4051,83
478,284	4083,83
478,497	4048,83
478,711	4066,83
478,924	4029,83
479,138	4196,83
479,351	4083,83
479,564	4199,83
479,778	4299,83
479,991	4154,83
480,204	4161,83
480,418	4131,83
480,631	4157,83
480,844	4273,83
481,058	4217,83
481,271	4244,83
481,484	4374,83
481,697	4118,83
481,911	4197,83
482,124	4156,83
482,337	4125,83
482,55	4125,83
482,763	4062,83
482,976	4188,83
483,19	3798,83
483,403	4128,83
483,616	4316,83
483,829	4369,83
484,042	4488,83
484,255	4579,83
484,468	4571,83
484,681	4450,83
484,894	5352,83
485,107	9049,83
485,32	12006,83
485,533	11811,83
485,746	10380,83
485,959	8672,83
486,172	6914,83
486,385	5300,83
486,598	5173,83
486,81	4701,83
487,023	4449,83
487,236	4497,83
487,449	4098,83
487,662	4101,83
487,875	3996,83
488,087	4069,83
488,3	4082,83
488,513	3768,83
488,726	3836,83
488,938	4051,83
489,151	4014,83
489,364	3906,83
489,576	3950,83
489,789	4050,83
490,002	3896,83
490,214	3933,83
490,427	3791,83
490,64	3941,83
490,852	3871,83
491,065	3771,83
491,277	3861,83
491,49	3919,83
491,702	3700,83
491,915	3904,83
492,127	4087,83
492,34	3877,83
492,552	3874,83
492,765	3962,83
492,977	4095,83
493,19	3839,83
493,402	3840,83
493,614	3811,83
493,827	3950,83
494,039	3877,83
494,251	3874,83
494,464	4003,83
494,676	3735,83
494,888	3672,83
495,101	3573,83
495,313	3717,83
495,525	3747,83
495,737	4141,83
495,95	4068,83
496,162	4049,83
496,374	3889,83
496,586	3708,83
496,798	3658,83
497,01	3390,83
497,222	3463,83
497,435	3681,83
497,647	3554,83
497,859	3591,83
498,071	3713,83
498,283	3801,83
498,495	3699,83
498,707	3984,83
498,919	3730,83
499,131	3937,83
499,343	3644,83
499,555	3813,83
499,767	3732,83
499,979	3634,83
500,191	3758,83
500,402	3562,83
500,614	3854,83
500,826	3823,83
501,038	3788,83
501,25	3788,83
501,462	3693,83
501,673	3863,83
501,885	3904,83
502,097	3895,83
502,309	3860,83
502,521	3839,83
502,732	3708,83
502,944	3760,83
503,156	3711,83
503,367	3721,83
503,579	3532,83
503,791	3651,83
504,002	3589,83
504,214	3490,83
504,425	3973,83
504,637	3728,83
504,849	3630,83
505,06	3721,83
505,272	3684,83
505,483	3557,83
505,695	3626,83
505,906	3560,83
506,118	3619,83
506,329	3546,83
506,541	3366,83
506,752	3508,83
506,963	3465,83
507,175	3258,83
507,386	3715,83
507,598	3479,83
507,809	3303,83
508,02	3520,83
508,232	3530,83
508,443	3363,83
508,654	3566,83
508,865	3478,83
509,077	3234,83
509,288	3332,83
509,499	3559,83
509,71	3473,83
509,922	3397,83
510,133	3429,83
510,344	3493,83
510,555	3204,83
510,766	3488,83
510,977	3343,83
511,188	3287,83
511,4	3242,83
511,611	3188,83
511,822	3211,83
512,033	3191,83
512,244	3449,83
512,455	3273,83
512,666	3279,83
512,877	3355,83
513,088	3472,83
513,299	3170,83
513,51	3313,83
513,721	3165,83
513,931	3151,83
514,142	3342,83
514,353	3245,83
514,564	3025,83
514,775	2951,83
514,986	3211,83
515,196	3206,83
515,407	3128,83
515,618	3174,83
515,829	3110,83
516,04	3173,83
516,25	3129,83
516,461	3061,83
516,672	3263,83
516,882	3033,83
517,093	3207,83
517,304	2886,83
517,514	2934,83
517,725	3147,83
517,936	2944,83
518,146	3015,83
518,357	3175,83
518,567	2811,83
518,778	3547,83
518,988	3074,83
519,199	3277,83
519,409	3108,83
519,62	3115,83
519,83	3000,83
520,041	3006,83
520,251	3041,83
520,462	2989,83
520,672	3132,83
520,882	3155,83
521,093	3065,83
521,303	3146,83
521,513	2924,83
521,724	3854,83
521,934	2584,83
522,144	2961,83
522,355	2939,83
522,565	2958,83
522,775	2960,83
522,985	2955,83
523,196	2990,83
523,406	2785,83
523,616	3154,83
523,826	2926,83
524,036	3719,83
524,246	3023,83
524,457	2892,83
524,667	2845,83
524,877	2999,83
525,087	2933,83
525,297	3072,83
525,507	2783,83
525,717	2772,83
525,927	2975,83
526,137	2844,83
526,347	2943,83
526,557	2915,83
526,767	2986,83
526,977	3182,83
527,187	2802,83
527,397	2896,83
527,607	2727,83
527,816	2850,83
528,026	3031,83
528,236	3083,83
528,446	3115,83
528,656	3147,83
528,865	3274,83
529,075	2932,83
529,285	2958,83
529,495	3034,83
529,704	3108,83
529,914	2903,83
530,124	2983,83
530,334	2765,83
530,543	2830,83
530,753	3289,83
530,963	3321,83
531,172	2835,83
531,382	2802,83
531,591	3107,83
531,801	2743,83
532,01	2864,83
532,22	2940,83
532,43	2997,83
532,639	3352,83
532,849	3051,83
533,058	3029,83
533,267	3138,83
533,477	2919,83
533,686	2875,83
533,896	2997,83
534,105	2935,83
534,315	3145,83
534,524	2952,83
534,733	2956,83
534,943	3084,83
535,152	3001,83
535,361	2729,83
535,57	2770,83
535,78	2801,83
535,989	2658,83
536,198	2689,83
536,407	2635,83
536,617	2756,83
536,826	2803,83
537,035	2904,83
537,244	2780,83
537,453	2655,83
537,662	2894,83
537,872	3078,83
538,081	2867,83
538,29	2787,83
538,499	2838,83
538,708	2834,83
538,917	2864,83
539,126	2946,83
539,335	2765,83
539,544	3240,83
539,753	2760,83
539,962	2838,83
540,171	2919,83
540,38	2897,83
540,589	2881,83
540,797	3236,83
541,006	2981,83
541,215	2771,83
541,424	3142,83
541,633	2803,83
541,842	2873,83
542,05	3016,83
542,259	2933,83
542,468	2931,83
542,677	2975,83
542,885	3041,83
543,094	2915,83
543,303	2893,83
543,512	3003,83
543,72	3090,83
543,929	3040,83
544,138	2882,83
544,346	2873,83
544,555	2877,83
544,763	3162,83
544,972	2782,83
545,18	2733,83
545,389	2696,83
545,598	2629,83
545,806	2887,83
546,015	2735,83
546,223	2848,83
546,431	2809,83
546,64	2720,83
546,848	2936,83
547,057	2995,83
547,265	2909,83
547,474	3084,83
547,682	3152,83
547,89	3007,83
548,099	3054,83
548,307	2915,83
548,515	2898,83
548,723	2812,83
548,932	2656,83
549,14	2682,83
549,348	2847,83
549,556	2641,83
549,765	2655,83
549,973	2581,83
550,181	2771,83
550,389	2799,83
550,597	2704,83
550,805	2569,83
551,014	2753,83
551,222	6644,83
551,43	2719,83
551,638	2835,83
551,846	3023,83
552,054	2944,83
552,262	2951,83
552,47	2658,83
552,678	2575,83
552,886	2771,83
553,094	2581,83
553,302	2824,83
553,51	2801,83
553,717	2718,83
553,925	2479,83
554,133	2853,83
554,341	2679,83
554,549	2720,83
554,757	2688,83
554,965	2758,83
555,172	2770,83
555,38	3061,83
555,588	2682,83
555,796	2867,83
556,003	2743,83
556,211	2558,83
556,419	2666,83
556,626	2616,83
556,834	2560,83
557,042	2540,83
557,249	2636,83
557,457	2574,83
557,664	2354,83
557,872	2368,83
558,08	2373,83
558,287	2547,83
558,495	2527,83
558,702	2405,83
558,91	2491,83
559,117	2435,83
559,325	2546,83
559,532	2631,83
559,74	2833,83
559,947	2558,83
560,154	2757,83
560,362	2623,83
560,569	2629,83
560,776	2591,83
560,984	2533,83
561,191	2333,83
561,398	2533,83
561,606	2831,83
561,813	2519,83
562,02	2274,83
562,227	2255,83
562,435	2417,83
562,642	2542,83
562,849	2479,83
563,056	2513,83
563,263	2372,83
563,471	2595,83
563,678	2537,83
563,885	2477,83
564,092	2510,83
564,299	2653,83
564,506	2576,83
564,713	2498,83
564,92	2525,83
565,127	2429,83
565,334	2410,83
565,541	2868,83
565,748	2372,83
565,955	2427,83
566,162	2458,83
566,369	2496,83
566,576	2789,83
566,783	2822,83
566,99	2655,83
567,196	2792,83
567,403	2638,83
567,61	2823,83
567,817	2732,83
568,024	2827,83
568,23	2980,83
568,437	2796,83
568,644	2988,83
568,851	3140,83
569,057	3562,83
569,264	3562,83
569,471	3415,83
569,677	3512,83
569,884	3277,83
570,091	3323,83
570,297	4396,83
570,504	3700,83
570,71	3641,83
570,917	3451,83
571,123	3387,83
571,33	3796,83
571,536	3667,83
571,743	3578,83
571,949	3088,83
572,156	2851,83
572,362	2981,83
572,569	3218,83
572,775	3588,83
572,982	3676,83
573,188	3464,83
573,394	3700,83
573,601	3482,83
573,807	3739,83
574,013	3899,83
574,22	3556,83
574,426	3429,83
574,632	3618,83
574,838	3321,83
575,045	3115,83
575,251	2985,83
575,457	3022,83
575,663	3266,83
575,869	3361,83
576,076	3422,83
576,282	3587,83
576,488	3445,83
576,694	3349,83
576,9	3381,83
577,106	3967,83
577,312	4275,83
577,518	4257,83
577,724	3890,83
577,93	3526,83
578,136	3253,83
578,342	3080,83
578,548	2869,83
578,754	2868,83
578,96	3106,83
579,166	3295,83
579,372	3429,83
579,578	3388,83
579,784	3482,83
579,989	3305,83
580,195	3103,83
580,401	3140,83
580,607	3537,83
580,813	4541,83
581,018	4863,83
581,224	4430,83
581,43	4146,83
581,636	4019,83
581,841	4046,83
582,047	3450,83
582,253	3265,83
582,458	3003,83
582,664	2766,83
582,869	2685,83
583,075	2414,83
583,281	2890,83
583,486	2818,83
583,692	2879,83
583,897	3022,83
584,103	2972,83
584,308	3156,83
584,514	3517,83
584,719	3550,83
584,925	3215,83
585,13	3262,83
585,335	3049,83
585,541	2930,83
585,746	2891,83
585,952	2474,83
586,157	2529,83
586,362	2687,83
586,568	2864,83
586,773	3122,83
586,978	3115,83
587,183	2990,83
587,389	2828,83
587,594	2551,83
587,799	2635,83
588,004	2757,83
588,21	2638,83
588,415	2292,83
588,62	2263,83
588,825	2340,83
589,03	2288,83
589,235	2795,83
589,44	2514,83
589,645	2243,83
589,85	2330,83
590,055	2435,83
590,26	2237,83
590,465	2239,83
590,67	2098,83
590,875	2262,83
591,08	2236,83
591,285	2112,83
591,49	2068,83
591,695	2125,83
591,9	2097,83
592,105	2351,83
592,31	2534,83
592,515	2705,83
592,719	2308,83
592,924	2261,83
593,129	2186,83
593,334	2234,83
593,539	2076,83
593,743	2146,83
593,948	1923,83
594,153	1931,83
594,357	2368,83
594,562	2184,83
594,767	2571,83
594,971	1947,83
595,176	2023,83
595,381	2265,83
595,585	1762,83
595,79	2125,83
595,994	1812,83
596,199	2336,83
596,403	1695,83
596,608	1857,83
596,812	1936,83
597,017	2096,83
597,221	2098,83
597,426	2141,83
597,63	1880,83
597,835	1715,83
598,039	1866,83
598,243	2020,83
598,448	2238,83
598,652	2051,83
598,856	2427,83
599,061	1822,83
599,265	2093,83
599,469	1925,83
599,673	2030,83
599,878	2114,83
600,082	1872,83
600,286	1955,83
600,49	2016,83
600,695	1818,83
600,899	1902,83
601,103	1950,83
601,307	1967,83
601,511	1912,83
601,715	1856,83
601,919	1746,83
602,123	2072,83
602,327	1956,83
602,531	1903,83
602,735	2126,83
602,939	2123,83
603,143	1897,83
603,347	1999,83
603,551	1896,83
603,755	1905,83
603,959	1883,83
604,163	2094,83
604,367	1672,83
604,571	1813,83
604,775	1959,83
604,978	1845,83
605,182	1868,83
605,386	1958,83
605,59	1841,83
605,793	1898,83
605,997	1909,83
606,201	1900,83
606,405	1915,83
606,608	2010,83
606,812	1914,83
607,016	2019,83
607,219	1832,83
607,423	1580,83
607,627	1955,83
607,83	1667,83
608,034	1732,83
608,237	1893,83
608,441	1730,83
608,644	1883,83
608,848	1885,83
609,051	1797,83
609,255	1734,83
609,458	2000,83
609,662	1855,83
609,865	1930,83
610,069	1719,83
610,272	1688,83
610,475	1796,83
610,679	1822,83
610,882	1751,83
611,085	1799,83
611,289	1905,83
611,492	1737,83
611,695	1742,83
611,898	1657,83
612,102	1825,83
612,305	1948,83
612,508	1543,83
612,711	1871,83
612,914	1705,83
613,118	1780,83
613,321	1893,83
613,524	1669,83
613,727	1714,83
613,93	1711,83
614,133	1810,83
614,336	1799,83
614,539	1752,83
614,742	1608,83
614,945	1727,83
615,148	1847,83
615,351	1766,83
615,554	1797,83
615,757	1915,83
615,96	2040,83
616,163	1683,83
616,366	1983,83
616,569	1721,83
616,772	1847,83
616,974	1859,83
617,177	1831,83
617,38	1747,83
617,583	1888,83
617,786	1592,83
617,988	1598,83
618,191	1846,83
618,394	1648,83
618,596	1637,83
618,799	1646,83
619,002	1735,83
619,204	1729,83
619,407	1790,83
619,61	1692,83
619,812	1748,83
620,015	1710,83
620,217	1822,83
620,42	1714,83
620,623	1656,83
620,825	1730,83
621,028	2137,83
621,23	1878,83
621,432	1821,83
621,635	1924,83
621,837	1774,83
622,04	1672,83
622,242	1704,83
622,445	1740,83
622,647	1743,83
622,849	1902,83
623,052	1544,83
623,254	1740,83
623,456	1656,83
623,658	1806,83
623,861	1851,83
624,063	1761,83
624,265	1804,83
624,467	1663,83
624,67	1600,83
624,872	1747,83
625,074	1948,83
625,276	1837,83
625,478	1745,83
625,68	1538,83
625,882	1613,83
626,084	1741,83
626,287	1847,83
626,489	1798,83
626,691	1711,83
626,893	1773,83
627,095	1797,83
627,297	1760,83
627,499	1670,83
627,7	1519,83
627,902	1428,83
628,104	1522,83
628,306	1571,83
628,508	1617,83
628,71	1709,83
628,912	1714,83
629,114	2195,83
629,315	1695,83
629,517	1454,83
629,719	1589,83
629,921	1714,83
630,122	1640,83
630,324	1576,83
630,526	1778,83
630,728	1664,83
630,929	1691,83
631,131	1581,83
631,332	1846,83
631,534	1788,83
631,736	1703,83
631,937	1532,83
632,139	1711,83
632,34	1617,83
632,542	2100,83
632,743	1865,83
632,945	1663,83
633,146	1718,83
633,348	1720,83
633,549	1664,83
633,751	1565,83
633,952	1610,83
634,154	1540,83
634,355	1485,83
634,556	1622,83
634,758	1619,83
634,959	1647,83
635,16	1778,83
635,362	1495,83
635,563	1688,83
635,764	1750,83
635,965	1607,83
636,167	1759,83
636,368	1645,83
636,569	1584,83
636,77	1769,83
636,971	1509,83
637,172	1613,83
637,374	1602,83
637,575	1772,83
637,776	1596,83
637,977	1517,83
638,178	1624,83
638,379	1619,83
638,58	1631,83
638,781	1451,83
638,982	1602,83
639,183	1564,83
639,384	1548,83
639,585	1566,83
639,786	1479,83
639,987	1551,83
640,187	1694,83
640,388	1686,83
640,589	1527,83
640,79	1434,83
640,991	1657,83
641,192	1489,83
641,392	1537,83
641,593	1493,83
641,794	1395,83
641,995	1585,83
642,195	1476,83
642,396	1507,83
642,597	1506,83
642,797	1554,83
642,998	1607,83
643,199	1568,83
643,399	1587,83
643,6	1446,83
643,8	1462,83
644,001	1547,83
644,202	1636,83
644,402	1557,83
644,603	1578,83
644,803	1429,83
645,004	1633,83
645,204	1389,83
645,404	1553,83
645,605	1866,83
645,805	1645,83
646,006	1457,83
646,206	1853,83
646,406	1563,83
646,607	1347,83
646,807	1350,83
647,007	-5,17
647,208	4,83
647,408	-26,17
647,608	-5,17
