200,697	951,17
200,927	-18,83
201,158	-11,83
201,388	-7,83
201,618	1398,17
201,849	1283,17
202,079	1578,17
202,309	1363,17
202,539	1502,17
202,77	1395,17
203	1559,17
203,23	1255,17
203,46	1589,17
203,691	1408,17
203,921	1575,17
204,151	1489,17
204,381	1447,17
204,611	1569,17
204,841	1453,17
205,071	1565,17
205,302	1569,17
205,532	1624,17
205,762	3590,17
205,992	1409,17
206,222	1464,17
206,452	1525,17
206,682	1495,17
206,912	1428,17
207,142	1604,17
207,372	1629,17
207,602	1538,17
207,832	1419,17
208,062	1599,17
208,292	1568,17
208,522	1416,17
208,752	1520,17
208,982	1452,17
209,212	1642,17
209,442	1488,17
209,672	1468,17
209,902	1456,17
210,131	1584,17
210,361	1398,17
210,591	1486,17
210,821	1421,17
211,051	1612,17
211,281	1588,17
211,51	1523,17
211,74	1592,17
211,97	1468,17
212,2	1566,17
212,429	1844,17
212,659	1470,17
212,889	1496,17
213,119	1405,17
213,348	1438,17
213,578	1638,17
213,808	1604,17
214,037	1689,17
214,267	1579,17
214,497	1573,17
214,726	1288,17
214,956	1429,17
215,186	1493,17
215,415	1527,17
215,645	1492,17
215,874	1605,17
216,104	1444,17
216,333	1513,17
216,563	1559,17
216,792	1379,17
217,022	1699,17
217,251	1619,17
217,481	1505,17
217,71	1616,17
217,94	1510,17
218,169	1492,17
218,399	1570,17
218,628	1515,17
218,858	1603,17
219,087	1610,17
219,316	1572,17
219,546	1584,17
219,775	1631,17
220,004	1637,17
220,234	1468,17
220,463	1584,17
220,692	1526,17
220,922	1543,17
221,151	1608,17
221,38	1562,17
221,61	1960,17
221,839	1782,17
222,068	1550,17
222,297	1353,17
222,526	1672,17
222,756	1557,17
222,985	1618,17
223,214	1619,17
223,443	1564,17
223,672	2026,17
223,902	1508,17
224,131	1550,17
224,36	1976,17
224,589	1426,17
224,818	1613,17
225,047	1689,17
225,276	1524,17
225,505	1743,17
225,734	1584,17
225,963	1728,17
226,192	1600,17
226,421	1416,17
226,65	1598,17
226,879	1640,17
227,108	1677,17
227,337	1673,17
227,566	1757,17
227,795	1586,17
228,024	1605,17
228,253	1543,17
228,482	1457,17
228,711	1631,17
228,94	1431,17
229,168	1563,17
229,397	1531,17
229,626	1620,17
229,855	1512,17
230,084	1535,17
230,313	1461,17
230,541	1729,17
230,77	1559,17
230,999	1425,17
231,228	1787,17
231,456	1661,17
231,685	1510,17
231,914	1744,17
232,143	1529,17
232,371	1787,17
232,6	1624,17
232,829	1594,17
233,057	1676,17
233,286	1610,17
233,515	1576,17
233,743	1564,17
233,972	1267,17
234,2	1676,17
234,429	1588,17
234,658	1633,17
234,886	1476,17
235,115	1609,17
235,343	1643,17
235,572	1535,17
235,8	1700,17
236,029	1829,17
236,257	1527,17
236,486	1636,17
236,714	1666,17
236,943	1702,17
237,171	1503,17
237,399	1545,17
237,628	1638,17
237,856	1720,17
238,085	1621,17
238,313	1505,17
238,541	1527,17
238,77	1886,17
238,998	1411,17
239,226	1648,17
239,455	1529,17
239,683	1699,17
239,911	1526,17
240,14	1697,17
240,368	1721,17
240,596	1566,17
240,824	1699,17
241,053	1527,17
241,281	1299,17
241,509	1570,17
241,737	1501,17
241,965	1436,17
242,193	1477,17
242,422	1552,17
242,65	1395,17
242,878	1610,17
243,106	1588,17
243,334	1537,17
243,562	1592,17
243,79	1635,17
244,018	1625,17
244,246	1581,17
244,474	1587,17
244,702	1525,17
244,93	1532,17
245,158	1551,17
245,386	1511,17
245,614	1688,17
245,842	1715,17
246,07	1528,17
246,298	1655,17
246,526	1985,17
246,754	1446,17
246,982	1677,17
247,21	1611,17
247,438	1593,17
247,666	1579,17
247,893	1584,17
248,121	1734,17
248,349	1264,17
248,577	1647,17
248,805	1723,17
249,033	1545,17
249,26	1611,17
249,488	1510,17
249,716	1573,17
249,944	1590,17
250,171	1543,17
250,399	1564,17
250,627	1725,17
250,854	1518,17
251,082	1514,17
251,31	1645,17
251,537	1581,17
251,765	1823,17
251,993	1368,17
252,22	1914,17
252,448	1454,17
252,676	1642,17
252,903	1586,17
253,131	1904,17
253,358	1599,17
253,586	1513,17
253,813	1370,17
254,041	1628,17
254,268	1582,17
254,496	1442,17
254,723	1576,17
254,951	1485,17
255,178	1664,17
255,406	1545,17
255,633	1570,17
255,86	1735,17
256,088	1578,17
256,315	1493,17
256,543	1703,17
256,77	1571,17
256,997	1576,17
257,225	1666,17
257,452	1482,17
257,679	1254,17
257,907	1698,17
258,134	1482,17
258,361	1636,17
258,588	1511,17
258,816	1605,17
259,043	1520,17
259,27	1558,17
259,497	1668,17
259,725	1535,17
259,952	1581,17
260,179	1174,17
260,406	1470,17
260,633	1514,17
260,86	1599,17
261,088	1511,17
261,315	1792,17
261,542	1634,17
261,769	1438,17
261,996	1908,17
262,223	1630,17
262,45	1867,17
262,677	1411,17
262,904	1518,17
263,131	1655,17
263,358	1590,17
263,585	1610,17
263,812	1876,17
264,039	1697,17
264,266	1513,17
264,493	1654,17
264,72	1495,17
264,947	1579,17
265,174	1760,17
265,401	1694,17
265,627	1764,17
265,854	1584,17
266,081	1640,17
266,308	1680,17
266,535	1571,17
266,762	1556,17
266,988	1683,17
267,215	1437,17
267,442	1482,17
267,669	1727,17
267,896	1721,17
268,122	1816,17
268,349	1605,17
268,576	1476,17
268,802	1545,17
269,029	1529,17
269,256	1574,17
269,482	1560,17
269,709	1513,17
269,936	1768,17
270,162	1756,17
270,389	1615,17
270,616	1697,17
270,842	1803,17
271,069	1599,17
271,295	1593,17
271,522	1532,17
271,748	1605,17
271,975	1712,17
272,201	1721,17
272,428	1583,17
272,654	1569,17
272,881	1846,17
273,107	1504,17
273,334	1555,17
273,56	1731,17
273,787	1409,17
274,013	1651,17
274,239	1893,17
274,466	1550,17
274,692	1523,17
274,918	1563,17
275,145	1648,17
275,371	1597,17
275,597	1729,17
275,824	1631,17
276,05	1609,17
276,276	1773,17
276,503	1246,17
276,729	1637,17
276,955	1505,17
277,181	1613,17
277,407	1587,17
277,634	1657,17
277,86	1611,17
278,086	1683,17
278,312	1532,17
278,538	1513,17
278,764	1573,17
278,991	1507,17
279,217	1547,17
279,443	1343,17
279,669	1562,17
279,895	1631,17
280,121	1568,17
280,347	1601,17
280,573	1537,17
280,799	1539,17
281,025	1767,17
281,251	1482,17
281,477	1804,17
281,703	1544,17
281,929	1471,17
282,155	1488,17
282,381	1673,17
282,607	1559,17
282,833	1575,17
283,059	1659,17
283,285	1615,17
283,51	1616,17
283,736	1366,17
283,962	1600,17
284,188	1614,17
284,414	1560,17
284,64	1573,17
284,865	1610,17
285,091	1554,17
285,317	1655,17
285,543	1660,17
285,768	1756,17
285,994	1623,17
286,22	1752,17
286,446	1741,17
286,671	1421,17
286,897	1648,17
287,123	1565,17
287,348	1558,17
287,574	1991,17
287,799	1647,17
288,025	1505,17
288,251	1701,17
288,476	1566,17
288,702	1634,17
288,927	1503,17
289,153	1473,17
289,378	1748,17
289,604	1666,17
289,829	1386,17
290,055	1459,17
290,28	1525,17
290,506	1712,17
290,731	1591,17
290,957	1666,17
291,182	1637,17
291,408	1731,17
291,633	1641,17
291,858	1611,17
292,084	1624,17
292,309	1529,17
292,535	1562,17
292,76	1689,17
292,985	1582,17
293,211	1552,17
293,436	1460,17
293,661	1455,17
293,886	1551,17
294,112	1580,17
294,337	1634,17
294,562	1404,17
294,787	1651,17
295,013	1577,17
295,238	1320,17
295,463	1592,17
295,688	1759,17
295,913	1622,17
296,138	1690,17
296,364	1510,17
296,589	1689,17
296,814	1479,17
297,039	1552,17
297,264	1635,17
297,489	1536,17
297,714	1502,17
297,939	1546,17
298,164	1448,17
298,389	1731,17
298,614	1540,17
298,839	1574,17
299,064	1724,17
299,289	1812,17
299,514	1715,17
299,739	1628,17
299,964	1524,17
300,189	1549,17
300,414	1665,17
300,639	1733,17
300,863	1531,17
301,088	1902,17
301,313	1557,17
301,538	1616,17
301,763	1629,17
301,988	1523,17
302,212	1633,17
302,437	2023,17
302,662	1369,17
302,887	1594,17
303,111	1635,17
303,336	1740,17
303,561	1651,17
303,786	1587,17
304,01	1664,17
304,235	1722,17
304,46	1591,17
304,684	1441,17
304,909	1479,17
305,134	1436,17
305,358	1660,17
305,583	1599,17
305,807	1874,17
306,032	1411,17
306,256	1657,17
306,481	1639,17
306,706	1557,17
306,93	1435,17
307,155	1879,17
307,379	1520,17
307,604	1752,17
307,828	1475,17
308,052	1751,17
308,277	1654,17
308,501	1584,17
308,726	1577,17
308,95	1603,17
309,175	1502,17
309,399	1718,17
309,623	1617,17
309,848	1431,17
310,072	1403,17
310,296	1978,17
310,521	1610,17
310,745	1480,17
310,969	1825,17
311,193	1769,17
311,418	1619,17
311,642	1557,17
311,866	1617,17
312,09	1610,17
312,315	1669,17
312,539	1671,17
312,763	1524,17
312,987	1631,17
313,211	1527,17
313,435	1676,17
313,659	1531,17
313,884	1704,17
314,108	1648,17
314,332	1856,17
314,556	1517,17
314,78	1780,17
315,004	1671,17
315,228	1717,17
315,452	1564,17
315,676	1627,17
315,9	1638,17
316,124	1392,17
316,348	1616,17
316,572	1794,17
316,796	1685,17
317,02	1512,17
317,244	1635,17
317,468	1496,17
317,691	1780,17
317,915	1532,17
318,139	1614,17
318,363	1941,17
318,587	1672,17
318,811	1503,17
319,034	1470,17
319,258	1738,17
319,482	1779,17
319,706	1712,17
319,93	1616,17
320,153	1557,17
320,377	1659,17
320,601	1527,17
320,824	1419,17
321,048	1772,17
321,272	1639,17
321,495	1553,17
321,719	1604,17
321,943	1584,17
322,166	1613,17
322,39	1637,17
322,614	1608,17
322,837	1667,17
323,061	1641,17
323,284	1568,17
323,508	1632,17
323,731	1555,17
323,955	1624,17
324,178	1504,17
324,402	1609,17
324,625	1628,17
324,849	1465,17
325,072	1601,17
325,296	1619,17
325,519	1615,17
325,743	1698,17
325,966	1667,17
326,189	1732,17
326,413	1514,17
326,636	1861,17
326,859	1682,17
327,083	1822,17
327,306	1573,17
327,529	1473,17
327,753	1504,17
327,976	1665,17
328,199	1691,17
328,422	1658,17
328,646	1607,17
328,869	1531,17
329,092	1639,17
329,315	1772,17
329,538	1568,17
329,762	1713,17
329,985	1517,17
330,208	1564,17
330,431	1550,17
330,654	1687,17
330,877	1606,17
331,1	1676,17
331,323	1500,17
331,546	1750,17
331,769	1662,17
331,993	1485,17
332,216	1610,17
332,439	1321,17
332,662	1601,17
332,885	1703,17
333,107	1503,17
333,33	1512,17
333,553	1679,17
333,776	1503,17
333,999	1561,17
334,222	1501,17
334,445	1525,17
334,668	1582,17
334,891	1828,17
335,114	1423,17
335,336	1635,17
335,559	1616,17
335,782	1939,17
336,005	1536,17
336,228	1474,17
336,45	1600,17
336,673	1451,17
336,896	1623,17
337,119	1628,17
337,341	1574,17
337,564	1452,17
337,787	1573,17
338,009	1550,17
338,232	1692,17
338,455	1631,17
338,677	1566,17
338,9	1545,17
339,122	1652,17
339,345	1417,17
339,568	1423,17
339,79	1600,17
340,013	1627,17
340,235	1648,17
340,458	1477,17
340,68	1603,17
340,903	1501,17
341,125	1496,17
341,348	1555,17
341,57	1609,17
341,793	1659,17
342,015	1468,17
342,238	1414,17
342,46	1631,17
342,682	1594,17
342,905	1454,17
343,127	1607,17
343,349	1525,17
343,572	1660,17
343,794	1459,17
344,016	1524,17
344,239	1506,17
344,461	1527,17
344,683	1423,17
344,905	1569,17
345,128	1409,17
345,35	1620,17
345,572	1664,17
345,794	1733,17
346,017	1593,17
346,239	1525,17
346,461	1533,17
346,683	1532,17
346,905	1627,17
347,127	1557,17
347,349	1524,17
347,571	1543,17
347,793	1783,17
348,016	1572,17
348,238	1569,17
348,46	1577,17
348,682	1491,17
348,904	1560,17
349,126	1582,17
349,348	1537,17
349,57	1466,17
349,792	1531,17
350,014	1633,17
350,235	1510,17
350,457	1932,17
350,679	1619,17
350,901	1162,17
351,123	1431,17
351,345	1549,17
351,567	1675,17
351,789	1525,17
352,01	1649,17
352,232	1587,17
352,454	1484,17
352,676	1601,17
352,897	1570,17
353,119	1538,17
353,341	1642,17
353,563	1505,17
353,784	1495,17
354,006	1610,17
354,228	1605,17
354,449	1590,17
354,671	1695,17
354,893	1673,17
355,114	1657,17
355,336	1507,17
355,558	1585,17
355,779	1504,17
356,001	1615,17
356,222	1577,17
356,444	1455,17
356,665	2275,17
356,887	1506,17
357,108	1508,17
357,33	1402,17
357,551	1675,17
357,773	1558,17
357,994	1563,17
358,216	1402,17
358,437	1681,17
358,659	1593,17
358,88	1515,17
359,101	1573,17
359,323	1591,17
359,544	1497,17
359,765	1488,17
359,987	1629,17
360,208	1423,17
360,429	1675,17
360,651	1442,17
360,872	1822,17
361,093	1510,17
361,314	1556,17
361,536	1547,17
361,757	1530,17
361,978	1471,17
362,199	1487,17
362,42	1403,17
362,642	1326,17
362,863	1648,17
363,084	1513,17
363,305	1577,17
363,526	1295,17
363,747	1489,17
363,968	1539,17
364,189	1733,17
364,41	1444,17
364,631	1423,17
364,852	1639,17
365,073	1492,17
365,294	1521,17
365,515	1464,17
365,736	1586,17
365,957	1515,17
366,178	1528,17
366,399	1595,17
366,62	1607,17
366,841	1626,17
367,062	1576,17
367,283	1520,17
367,504	1597,17
367,724	1439,17
367,945	1412,17
368,166	1643,17
368,387	1554,17
368,608	1465,17
368,828	1653,17
369,049	1457,17
369,27	1207,17
369,491	1534,17
369,711	1581,17
369,932	1733,17
370,153	1457,17
370,373	1651,17
370,594	1700,17
370,815	1523,17
371,035	1664,17
371,256	1428,17
371,477	1493,17
371,697	1386,17
371,918	1475,17
372,138	1518,17
372,359	1665,17
372,579	1418,17
372,8	1586,17
373,02	1592,17
373,241	1589,17
373,461	1609,17
373,682	1575,17
373,902	1557,17
374,123	1420,17
374,343	1667,17
374,564	1537,17
374,784	1450,17
375,004	1556,17
375,225	1471,17
375,445	1506,17
375,666	1733,17
375,886	1449,17
376,106	1488,17
376,326	1551,17
376,547	1669,17
376,767	1653,17
376,987	1451,17
377,208	1493,17
377,428	1455,17
377,648	1537,17
377,868	1551,17
378,088	1679,17
378,309	1620,17
378,529	1523,17
378,749	1605,17
378,969	1456,17
379,189	1735,17
379,409	1703,17
379,629	1429,17
379,849	1613,17
380,069	1485,17
380,29	1440,17
380,51	1523,17
380,73	1612,17
380,95	1847,17
381,17	1617,17
381,39	1568,17
381,61	1443,17
381,829	1467,17
382,049	1424,17
382,269	1522,17
382,489	1570,17
382,709	1498,17
382,929	1598,17
383,149	1596,17
383,369	1839,17
383,589	1526,17
383,808	1603,17
384,028	1552,17
384,248	1580,17
384,468	1536,17
384,688	1524,17
384,907	1416,17
385,127	1526,17
385,347	1600,17
385,567	1487,17
385,786	1751,17
386,006	1497,17
386,226	1550,17
386,445	1512,17
386,665	1485,17
386,885	1565,17
387,104	1487,17
387,324	1512,17
387,543	1235,17
387,763	1487,17
387,982	1560,17
388,202	1483,17
388,422	1213,17
388,641	1493,17
388,861	1514,17
389,08	1605,17
389,3	1496,17
389,519	1717,17
389,738	1518,17
389,958	1546,17
390,177	1665,17
390,397	1571,17
390,616	1525,17
390,836	1633,17
391,055	1582,17
391,274	1605,17
391,494	1559,17
391,713	1492,17
391,932	1499,17
392,151	1503,17
392,371	1467,17
392,59	1558,17
392,809	1650,17
393,029	1620,17
393,248	1654,17
393,467	1437,17
393,686	1457,17
393,905	2624,17
394,124	1480,17
394,344	1622,17
394,563	1542,17
394,782	1470,17
395,001	1547,17
395,22	1436,17
395,439	1534,17
395,658	1444,17
395,877	1528,17
396,096	1466,17
396,315	1623,17
396,534	1361,17
396,753	1649,17
396,972	1421,17
397,191	1549,17
397,41	1571,17
397,629	1623,17
397,848	1483,17
398,067	1545,17
398,286	1460,17
398,505	1506,17
398,724	1655,17
398,943	2099,17
399,161	1575,17
399,38	1514,17
399,599	1559,17
399,818	1526,17
400,037	1639,17
400,255	1278,17
400,474	1462,17
400,693	1547,17
400,912	1651,17
401,13	1564,17
401,349	1529,17
401,568	1367,17
401,786	1742,17
402,005	1589,17
402,224	1489,17
402,442	1534,17
402,661	1541,17
402,88	1490,17
403,098	1442,17
403,317	1554,17
403,535	1579,17
403,754	1414,17
403,972	1572,17
404,191	1443,17
404,409	1482,17
404,628	2167,17
404,846	1574,17
405,065	1588,17
405,283	1579,17
405,502	1476,17
405,72	1654,17
405,938	1581,17
406,157	1423,17
406,375	1476,17
406,594	1507,17
406,812	1688,17
407,03	1427,17
407,249	1388,17
407,467	1597,17
407,685	1642,17
407,903	1443,17
408,122	1727,17
408,34	1360,17
408,558	1422,17
408,776	1497,17
408,995	1484,17
409,213	1553,17
409,431	1675,17
409,649	1593,17
409,867	1468,17
410,085	1627,17
410,303	1599,17
410,522	1421,17
410,74	1448,17
410,958	1430,17
411,176	1508,17
411,394	1467,17
411,612	1445,17
411,83	1661,17
412,048	1618,17
412,266	1483,17
412,484	1510,17
412,702	1727,17
412,92	1405,17
413,138	1634,17
413,356	1522,17
413,573	1720,17
413,791	1832,17
414,009	1554,17
414,227	1772,17
414,445	1514,17
414,663	1538,17
414,881	1693,17
415,098	1648,17
415,316	1531,17
415,534	1885,17
415,752	1582,17
415,969	1554,17
416,187	1421,17
416,405	1505,17
416,623	1625,17
416,84	1391,17
417,058	1601,17
417,276	1690,17
417,493	1456,17
417,711	1532,17
417,928	1591,17
418,146	1533,17
418,364	1544,17
418,581	1529,17
418,799	1472,17
419,016	1390,17
419,234	1387,17
419,451	2046,17
419,669	1497,17
419,886	1500,17
420,104	1465,17
420,321	1431,17
420,539	1589,17
420,756	1609,17
420,974	1457,17
421,191	1468,17
421,408	1586,17
421,626	1492,17
421,843	1466,17
422,06	1532,17
422,278	1403,17
422,495	1552,17
422,712	1540,17
422,93	1587,17
423,147	1609,17
423,364	1486,17
423,581	1611,17
423,799	1647,17
424,016	1472,17
424,233	1567,17
424,45	1585,17
424,667	1554,17
424,884	1608,17
425,102	1667,17
425,319	1398,17
425,536	1450,17
425,753	1658,17
425,97	1463,17
426,187	1559,17
426,404	1361,17
426,621	1780,17
426,838	1606,17
427,055	1489,17
427,272	1552,17
427,489	1757,17
427,706	1389,17
427,923	1557,17
428,14	1496,17
428,357	1723,17
428,574	1458,17
428,791	1524,17
429,008	1457,17
429,224	1407,17
429,441	1363,17
429,658	1568,17
429,875	1718,17
430,092	1608,17
430,308	1647,17
430,525	1594,17
430,742	1547,17
430,959	1619,17
431,175	1637,17
431,392	1418,17
431,609	1647,17
431,826	1586,17
432,042	1483,17
432,259	1543,17
432,476	1818,17
432,692	1487,17
432,909	1229,17
433,125	1506,17
433,342	1421,17
433,559	1546,17
433,775	1507,17
433,992	1147,17
434,208	1415,17
434,425	1501,17
434,641	1602,17
434,858	1735,17
435,074	1637,17
435,291	1469,17
435,507	1493,17
435,723	1535,17
435,94	1486,17
436,156	1528,17
436,373	1710,17
436,589	1338,17
436,805	1569,17
437,022	1472,17
437,238	1519,17
437,454	1530,17
437,671	1506,17
437,887	1526,17
438,103	1484,17
438,319	1482,17
438,536	1610,17
438,752	1549,17
438,968	1471,17
439,184	1552,17
439,4	1438,17
439,616	1400,17
439,833	1634,17
440,049	1484,17
440,265	1662,17
440,481	1488,17
440,697	1586,17
440,913	1518,17
441,129	1522,17
441,345	1561,17
441,561	1515,17
441,777	1425,17
441,993	1678,17
442,209	1471,17
442,425	1557,17
442,641	1519,17
442,857	1568,17
443,073	1448,17
443,289	1485,17
443,505	1572,17
443,721	1599,17
443,937	1525,17
444,152	1493,17
444,368	1541,17
444,584	1550,17
444,8	1623,17
445,016	1534,17
445,231	1475,17
445,447	1671,17
445,663	1600,17
445,879	1535,17
446,094	1595,17
446,31	1688,17
446,526	1531,17
446,742	1540,17
446,957	1544,17
447,173	1564,17
447,388	1645,17
447,604	1690,17
447,82	1527,17
448,035	1575,17
448,251	1566,17
448,466	1615,17
448,682	1400,17
448,897	1526,17
449,113	1438,17
449,328	1645,17
449,544	1450,17
449,759	1847,17
449,975	1447,17
450,19	1445,17
450,406	1497,17
450,621	1467,17
450,836	1579,17
451,052	1592,17
451,267	1385,17
451,483	1478,17
451,698	1362,17
451,913	1485,17
452,129	1710,17
452,344	1384,17
452,559	1683,17
452,774	1568,17
452,99	1432,17
453,205	1625,17
453,42	1784,17
453,635	1538,17
453,85	1514,17
454,066	1609,17
454,281	1690,17
454,496	1500,17
454,711	1689,17
454,926	1579,17
455,141	1515,17
455,356	1399,17
455,571	1478,17
455,786	1632,17
456,001	1498,17
456,217	1381,17
456,432	1550,17
456,647	1554,17
456,861	1623,17
457,076	1501,17
457,291	1677,17
457,506	1504,17
457,721	1539,17
457,936	1489,17
458,151	1522,17
458,366	1693,17
458,581	1533,17
458,796	1763,17
459,01	1503,17
459,225	1537,17
459,44	1435,17
459,655	1597,17
459,87	1519,17
460,084	1460,17
460,299	1595,17
460,514	1504,17
460,729	1934,17
460,943	1306,17
461,158	1455,17
461,373	1587,17
461,587	1523,17
461,802	1451,17
462,016	1644,17
462,231	1555,17
462,446	1560,17
462,66	1554,17
462,875	1548,17
463,089	1540,17
463,304	1567,17
463,518	1575,17
463,733	1469,17
463,947	1611,17
464,162	1489,17
464,376	1486,17
464,591	1652,17
464,805	1470,17
465,02	1635,17
465,234	1622,17
465,448	1612,17
465,663	1601,17
465,877	1563,17
466,091	1393,17
466,306	1703,17
466,52	1781,17
466,734	1548,17
466,949	1544,17
467,163	1614,17
467,377	1446,17
467,591	1520,17
467,806	1491,17
468,02	1481,17
468,234	1380,17
468,448	1607,17
468,662	1686,17
468,876	1662,17
469,091	1439,17
469,305	1624,17
469,519	1451,17
469,733	1438,17
469,947	1726,17
470,161	1621,17
470,375	1431,17
470,589	1600,17
470,803	1569,17
471,017	1577,17
471,231	1290,17
471,445	1447,17
471,659	1511,17
471,873	1529,17
472,087	1371,17
472,301	1611,17
472,515	1538,17
472,728	1474,17
472,942	1470,17
473,156	1530,17
473,37	1494,17
473,584	1392,17
473,798	1625,17
474,011	1556,17
474,225	1572,17
474,439	1541,17
474,653	1581,17
474,866	1499,17
475,08	1531,17
475,294	1639,17
475,507	1533,17
475,721	1598,17
475,935	1607,17
476,148	1423,17
476,362	1380,17
476,576	1479,17
476,789	1484,17
477,003	1584,17
477,216	1566,17
477,43	1497,17
477,643	1346,17
477,857	1636,17
478,07	1462,17
478,284	1622,17
478,497	1438,17
478,711	1487,17
478,924	1525,17
479,138	1561,17
479,351	1554,17
479,564	1346,17
479,778	1528,17
479,991	1360,17
480,204	1490,17
480,418	1599,17
480,631	1451,17
480,844	1645,17
481,058	1493,17
481,271	1503,17
481,484	1332,17
481,697	1522,17
481,911	1457,17
482,124	1494,17
482,337	1583,17
482,55	1442,17
482,763	1507,17
482,976	1552,17
483,19	1419,17
483,403	1482,17
483,616	1571,17
483,829	1590,17
484,042	1476,17
484,255	1497,17
484,468	1542,17
484,681	1512,17
484,894	1433,17
485,107	1655,17
485,32	1457,17
485,533	1435,17
485,746	1645,17
485,959	1479,17
486,172	1608,17
486,385	1327,17
486,598	1727,17
486,81	1440,17
487,023	1452,17
487,236	1702,17
487,449	1565,17
487,662	1595,17
487,875	1258,17
488,087	1536,17
488,3	1571,17
488,513	1370,17
488,726	1321,17
488,938	1649,17
489,151	1613,17
489,364	1533,17
489,576	1521,17
489,789	1525,17
490,002	1598,17
490,214	1567,17
490,427	1475,17
490,64	1539,17
490,852	1578,17
491,065	1505,17
491,277	1596,17
491,49	1546,17
491,702	1340,17
491,915	1575,17
492,127	1600,17
492,34	1535,17
492,552	1499,17
492,765	1627,17
492,977	1708,17
493,19	1493,17
493,402	1548,17
493,614	1488,17
493,827	1504,17
494,039	1475,17
494,251	1491,17
494,464	1654,17
494,676	1403,17
494,888	1478,17
495,101	1478,17
495,313	1691,17
495,525	1352,17
495,737	1743,17
495,95	1548,17
496,162	1567,17
496,374	1537,17
496,586	1504,17
496,798	1524,17
497,01	1526,17
497,222	1414,17
497,435	1670,17
497,647	1487,17
497,859	1600,17
498,071	1502,17
498,283	1583,17
498,495	1475,17
498,707	1714,17
498,919	1457,17
499,131	1564,17
499,343	1344,17
499,555	1395,17
499,767	1626,17
499,979	1518,17
500,191	1695,17
500,402	1421,17
500,614	1550,17
500,826	1564,17
501,038	1364,17
501,25	1562,17
501,462	1429,17
501,673	1540,17
501,885	1475,17
502,097	1688,17
502,309	1499,17
502,521	1693,17
502,732	1426,17
502,944	1509,17
503,156	1426,17
503,367	1494,17
503,579	1409,17
503,791	1505,17
504,002	1531,17
504,214	1346,17
504,425	1790,17
504,637	1684,17
504,849	1529,17
505,06	1618,17
505,272	1645,17
505,483	1503,17
505,695	1721,17
505,906	1445,17
506,118	1480,17
506,329	1491,17
506,541	1560,17
506,752	1600,17
506,963	1635,17
507,175	1396,17
507,386	1735,17
507,598	1598,17
507,809	1378,17
508,02	1703,17
508,232	1592,17
508,443	1430,17
508,654	1792,17
508,865	1646,17
509,077	1405,17
509,288	1506,17
509,499	1722,17
509,71	1438,17
509,922	1663,17
510,133	1509,17
510,344	1692,17
510,555	1511,17
510,766	1605,17
510,977	1510,17
511,188	1399,17
511,4	1588,17
511,611	1463,17
511,822	1563,17
512,033	1540,17
512,244	1580,17
512,455	1564,17
512,666	1540,17
512,877	1554,17
513,088	1687,17
513,299	1586,17
513,51	1605,17
513,721	1530,17
513,931	1587,17
514,142	1741,17
514,353	1658,17
514,564	1403,17
514,775	1521,17
514,986	1566,17
515,196	1668,17
515,407	1429,17
515,618	1490,17
515,829	1470,17
516,04	1553,17
516,25	1484,17
516,461	1470,17
516,672	1532,17
516,882	1510,17
517,093	1600,17
517,304	1426,17
517,514	1390,17
517,725	1613,17
517,936	1427,17
518,146	1426,17
518,357	1554,17
518,567	1406,17
518,778	1759,17
518,988	1444,17
519,199	1762,17
519,409	1422,17
519,62	1553,17
519,83	1537,17
520,041	1594,17
520,251	1585,17
520,462	1660,17
520,672	1540,17
520,882	1600,17
521,093	1595,17
521,303	1641,17
521,513	1524,17
521,724	2631,17
521,934	1405,17
522,144	1584,17
522,355	1508,17
522,565	1540,17
522,775	1515,17
522,985	1515,17
523,196	1664,17
523,406	1410,17
523,616	1693,17
523,826	1549,17
524,036	2295,17
524,246	1567,17
524,457	1413,17
524,667	1381,17
524,877	1515,17
525,087	1522,17
525,297	1593,17
525,507	1567,17
525,717	1092,17
525,927	1543,17
526,137	1437,17
526,347	1545,17
526,557	1425,17
526,767	1390,17
526,977	1753,17
527,187	1463,17
527,397	1418,17
527,607	1467,17
527,816	1532,17
528,026	1520,17
528,236	1493,17
528,446	1567,17
528,656	1555,17
528,865	1661,17
529,075	1462,17
529,285	1536,17
529,495	1577,17
529,704	1607,17
529,914	1516,17
530,124	1578,17
530,334	1468,17
530,543	1205,17
530,753	1808,17
530,963	1913,17
531,172	1467,17
531,382	1447,17
531,591	1788,17
531,801	1467,17
532,01	1622,17
532,22	1574,17
532,43	1589,17
532,639	1789,17
532,849	1699,17
533,058	1592,17
533,267	1774,17
533,477	1471,17
533,686	1445,17
533,896	1493,17
534,105	1504,17
534,315	1597,17
534,524	1605,17
534,733	1569,17
534,943	1723,17
535,152	1642,17
535,361	1456,17
535,57	1517,17
535,78	1521,17
535,989	1493,17
536,198	1589,17
536,407	1523,17
536,617	1612,17
536,826	1578,17
537,035	1578,17
537,244	1529,17
537,453	1387,17
537,662	1526,17
537,872	1713,17
538,081	1527,17
538,29	1473,17
538,499	1532,17
538,708	1525,17
538,917	1521,17
539,126	1584,17
539,335	1773,17
539,544	2048,17
539,753	1576,17
539,962	1547,17
540,171	1511,17
540,38	1698,17
540,589	1535,17
540,797	1432,17
541,006	1500,17
541,215	1462,17
541,424	1718,17
541,633	1222,17
541,842	1455,17
542,05	1627,17
542,259	1510,17
542,468	1542,17
542,677	1603,17
542,885	1554,17
543,094	1460,17
543,303	1480,17
543,512	1558,17
543,72	1573,17
543,929	1618,17
544,138	1477,17
544,346	1423,17
544,555	1484,17
544,763	1570,17
544,972	1496,17
545,18	1496,17
545,389	1592,17
545,598	1481,17
545,806	1621,17
546,015	1518,17
546,223	1365,17
546,431	1638,17
546,64	1472,17
546,848	1535,17
547,057	1601,17
547,265	1434,17
547,474	1481,17
547,682	1549,17
547,89	1762,17
548,099	1443,17
548,307	1603,17
548,515	1672,17
548,723	1627,17
548,932	1540,17
549,14	1576,17
549,348	1621,17
549,556	1644,17
549,765	1558,17
549,973	1473,17
550,181	1466,17
550,389	1565,17
550,597	1605,17
550,805	1492,17
551,014	1686,17
551,222	3936,17
551,43	1387,17
551,638	1445,17
551,846	1855,17
552,054	1576,17
552,262	1707,17
552,47	1473,17
552,678	1347,17
552,886	1488,17
553,094	1440,17
553,302	1497,17
553,51	1593,17
553,717	1671,17
553,925	1394,17
554,133	1815,17
554,341	1471,17
554,549	1528,17
554,757	1364,17
554,965	1581,17
555,172	1454,17
555,38	1821,17
555,588	1440,17
555,796	1554,17
556,003	1684,17
556,211	1450,17
556,419	1594,17
556,626	1479,17
556,834	1538,17
557,042	1464,17
557,249	1570,17
557,457	1529,17
557,664	1374,17
557,872	1535,17
558,08	1601,17
558,287	1552,17
558,495	1673,17
558,702	1437,17
558,91	1590,17
559,117	1631,17
559,325	1501,17
559,532	1465,17
559,74	1714,17
559,947	1469,17
560,154	1676,17
560,362	1467,17
560,569	1463,17
560,776	1501,17
560,984	1579,17
561,191	1543,17
561,398	1579,17
561,606	1933,17
561,813	1570,17
562,02	1417,17
562,227	1448,17
562,435	1540,17
562,642	1631,17
562,849	1566,17
563,056	1520,17
563,263	1469,17
563,471	1671,17
563,678	1638,17
563,885	1474,17
564,092	1617,17
564,299	1586,17
564,506	1627,17
564,713	1406,17
564,92	1542,17
565,127	1687,17
565,334	1683,17
565,541	1841,17
565,748	1608,17
565,955	1489,17
566,162	1538,17
566,369	1601,17
566,576	1567,17
566,783	1642,17
566,99	1456,17
567,196	1579,17
567,403	1574,17
567,61	1479,17
567,817	1495,17
568,024	1527,17
568,23	1539,17
568,437	1463,17
568,644	1474,17
568,851	1478,17
569,057	1715,17
569,264	1378,17
569,471	1466,17
569,677	1507,17
569,884	1575,17
570,091	1694,17
570,297	2576,17
570,504	1732,17
570,71	1517,17
570,917	1591,17
571,123	1502,17
571,33	1603,17
571,536	1507,17
571,743	1730,17
571,949	1431,17
572,156	1645,17
572,362	1793,17
572,569	1481,17
572,775	1627,17
572,982	1709,17
573,188	1557,17
573,394	1503,17
573,601	1511,17
573,807	1314,17
574,013	1711,17
574,22	1653,17
574,426	1482,17
574,632	1602,17
574,838	1504,17
575,045	1509,17
575,251	1486,17
575,457	1604,17
575,663	1684,17
575,869	1478,17
576,076	1428,17
576,282	1600,17
576,488	1490,17
576,694	1567,17
576,9	1338,17
577,106	1462,17
577,312	1459,17
577,518	1637,17
577,724	1543,17
577,93	1479,17
578,136	1513,17
578,342	1492,17
578,548	1494,17
578,754	1497,17
578,96	1499,17
579,166	1391,17
579,372	1819,17
579,578	1566,17
579,784	1606,17
579,989	1508,17
580,195	1478,17
580,401	1473,17
580,607	1712,17
580,813	1632,17
581,018	1585,17
581,224	1528,17
581,43	1508,17
581,636	1554,17
581,841	1669,17
582,047	1580,17
582,253	1618,17
582,458	1705,17
582,664	1552,17
582,869	1564,17
583,075	1422,17
583,281	1821,17
583,486	1585,17
583,692	1439,17
583,897	1704,17
584,103	1636,17
584,308	1615,17
584,514	1555,17
584,719	1789,17
584,925	1589,17
585,13	1520,17
585,335	1590,17
585,541	1519,17
585,746	1533,17
585,952	1511,17
586,157	1457,17
586,362	1440,17
586,568	1646,17
586,773	1567,17
586,978	1441,17
587,183	1554,17
587,389	1585,17
587,594	1500,17
587,799	1597,17
588,004	1658,17
588,21	1623,17
588,415	1421,17
588,62	1329,17
588,825	1668,17
589,03	1424,17
589,235	2042,17
589,44	1624,17
589,645	1500,17
589,85	1651,17
590,055	1699,17
590,26	1537,17
590,465	1581,17
590,67	1651,17
590,875	1748,17
591,08	1684,17
591,285	1566,17
591,49	1518,17
591,695	1535,17
591,9	1645,17
592,105	1472,17
592,31	1487,17
592,515	1861,17
592,719	1432,17
592,924	1451,17
593,129	1576,17
593,334	1313,17
593,539	1529,17
593,743	1687,17
593,948	1512,17
594,153	1496,17
594,357	1737,17
594,562	1531,17
594,767	2012,17
594,971	1354,17
595,176	1543,17
595,381	1595,17
595,585	1789,17
595,79	1743,17
595,994	1479,17
596,199	2001,17
596,403	1345,17
596,608	1413,17
596,812	1468,17
597,017	1601,17
597,221	1795,17
597,426	1743,17
597,63	1679,17
597,835	1498,17
598,039	1451,17
598,243	1486,17
598,448	1845,17
598,652	1584,17
598,856	1433,17
599,061	1597,17
599,265	1443,17
599,469	1524,17
599,673	1608,17
599,878	1616,17
600,082	1515,17
600,286	1558,17
600,49	1556,17
600,695	1375,17
600,899	1468,17
601,103	1609,17
601,307	1677,17
601,511	1592,17
601,715	1420,17
601,919	1455,17
602,123	1666,17
602,327	1526,17
602,531	1546,17
602,735	1633,17
602,939	1705,17
603,143	1453,17
603,347	1579,17
603,551	1729,17
603,755	1541,17
603,959	1594,17
604,163	1683,17
604,367	1472,17
604,571	1531,17
604,775	1675,17
604,978	1596,17
605,182	1347,17
605,386	1565,17
605,59	1513,17
605,793	1446,17
605,997	1674,17
606,201	1608,17
606,405	1576,17
606,608	1636,17
606,812	1572,17
607,016	1674,17
607,219	1447,17
607,423	1666,17
607,627	1706,17
607,83	1566,17
608,034	1453,17
608,237	1561,17
608,441	1446,17
608,644	1648,17
608,848	1685,17
609,051	1605,17
609,255	1512,17
609,458	1687,17
609,662	1544,17
609,865	1550,17
610,069	1502,17
610,272	1640,17
610,475	1407,17
610,679	1668,17
610,882	1547,17
611,085	1476,17
611,289	1691,17
611,492	1534,17
611,695	1449,17
611,898	1521,17
612,102	1717,17
612,305	1261,17
612,508	1560,17
612,711	1687,17
612,914	1440,17
613,118	1643,17
613,321	1640,17
613,524	1499,17
613,727	1494,17
613,93	1548,17
614,133	1605,17
614,336	1607,17
614,539	1694,17
614,742	1491,17
614,945	1533,17
615,148	1666,17
615,351	1576,17
615,554	1700,17
615,757	1655,17
615,96	1566,17
616,163	1537,17
616,366	1717,17
616,569	1549,17
616,772	1678,17
616,974	1562,17
617,177	1818,17
617,38	1552,17
617,583	1480,17
617,786	1514,17
617,988	1419,17
618,191	1665,17
618,394	1569,17
618,596	1391,17
618,799	1314,17
619,002	1589,17
619,204	1559,17
619,407	1528,17
619,61	1447,17
619,812	1493,17
620,015	1510,17
620,217	1701,17
620,42	1512,17
620,623	1573,17
620,825	1700,17
621,028	1718,17
621,23	1687,17
621,432	1606,17
621,635	1723,17
621,837	1622,17
622,04	1475,17
622,242	1531,17
622,445	1577,17
622,647	1571,17
622,849	1596,17
623,052	1465,17
623,254	1506,17
623,456	1369,17
623,658	1707,17
623,861	1673,17
624,063	1467,17
624,265	1557,17
624,467	1597,17
624,67	1362,17
624,872	1644,17
625,074	1719,17
625,276	1659,17
625,478	1696,17
625,68	1438,17
625,882	1466,17
626,084	1625,17
626,287	1701,17
626,489	1673,17
626,691	1555,17
626,893	1597,17
627,095	1610,17
627,297	1779,17
627,499	1544,17
627,7	1380,17
627,902	1424,17
628,104	1439,17
628,306	1475,17
628,508	1356,17
628,71	1549,17
628,912	1599,17
629,114	1637,17
629,315	1430,17
629,517	1505,17
629,719	1349,17
629,921	1649,17
630,122	1659,17
630,324	1415,17
630,526	1653,17
630,728	1589,17
630,929	1445,17
631,131	1493,17
631,332	1917,17
631,534	1657,17
631,736	1655,17
631,937	1473,17
632,139	1569,17
632,34	1561,17
632,542	1706,17
632,743	1633,17
632,945	1473,17
633,146	1582,17
633,348	1634,17
633,549	1573,17
633,751	1468,17
633,952	1573,17
634,154	1436,17
634,355	1422,17
634,556	1575,17
634,758	1500,17
634,959	1525,17
635,16	1625,17
635,362	1484,17
635,563	1599,17
635,764	1608,17
635,965	1653,17
636,167	1544,17
636,368	1561,17
636,569	1573,17
636,77	1614,17
636,971	1522,17
637,172	1621,17
637,374	1428,17
637,575	1673,17
637,776	1425,17
637,977	1400,17
638,178	1566,17
638,379	1579,17
638,58	1574,17
638,781	1387,17
638,982	1556,17
639,183	1585,17
639,384	1503,17
639,585	1414,17
639,786	1457,17
639,987	1430,17
640,187	1644,17
640,388	1634,17
640,589	1392,17
640,79	1465,17
640,991	1537,17
641,192	1674,17
641,392	1420,17
641,593	1489,17
641,794	1422,17
641,995	1437,17
642,195	1383,17
642,396	1423,17
642,597	1327,17
642,797	1539,17
642,998	1633,17
643,199	1476,17
643,399	1641,17
643,6	1371,17
643,8	1348,17
644,001	1593,17
644,202	1604,17
644,402	1478,17
644,603	1605,17
644,803	1416,17
645,004	1585,17
645,204	1416,17
645,404	1498,17
645,605	1760,17
645,805	1410,17
646,006	1150,17
646,206	1893,17
646,406	1489,17
646,607	1256,17
646,807	1301,17
647,007	-34,83
647,208	-4,83
647,408	64,17
647,608	-4,83
