200,697	454,33
200,927	306,67
201,158	-3,67
201,388	483
201,618	929,33
201,849	1437
202,079	1424,67
202,309	1507
202,539	1477,67
202,77	1520
203	1496,67
203,23	1524
203,46	1515,33
203,691	1530,33
203,921	1548,33
204,151	1534,33
204,381	1553,67
204,611	1511,67
204,841	1538,33
205,071	1446,67
205,302	1520,67
205,532	2191
205,762	2215
205,992	2181
206,222	1563
206,452	1581,33
206,682	1590,67
206,912	1574,33
207,142	1604,67
207,372	1544
207,602	1501
207,832	1529
208,062	1588,67
208,292	1538,33
208,522	1509
208,752	1481,33
208,982	1595
209,212	1602
209,442	1582,67
209,672	1535,67
209,902	1551,33
210,131	1565
210,361	1560,33
210,591	1507,33
210,821	1566,33
211,051	1575
211,281	1607
211,51	1584
211,74	1573,33
211,97	1564,33
212,2	1650,67
212,429	1673,33
212,659	1683
212,889	1555
213,119	1507,67
213,348	1547,67
213,578	1598,33
213,808	1625
214,037	1605,33
214,267	1600,67
214,497	1525,67
214,726	1467,33
214,956	1458,67
215,186	1531
215,415	1574,67
215,645	1616,67
215,874	1625,33
216,104	1692
216,333	1654
216,563	1683,67
216,792	1662,67
217,022	1671,67
217,251	1617,33
217,481	1600,67
217,71	1600,67
217,94	1641,33
218,169	1616,67
218,399	1588
218,628	1610,67
218,858	1617,67
219,087	1654,67
219,316	1618,67
219,546	1613
219,775	1645,67
220,004	1632,33
220,234	1630
220,463	1583
220,692	1613,67
220,922	1617,67
221,151	1612,67
221,38	1735,33
221,61	1835
221,839	1854,33
222,068	1739
222,297	1665,67
222,526	1681
222,756	1721,33
222,985	1705,33
223,214	1623,33
223,443	1733,67
223,672	1694
223,902	1751,33
224,131	1720,67
224,36	1703
224,589	1685
224,818	1587,67
225,047	1626,33
225,276	1734,33
225,505	1705
225,734	1709,67
225,963	1621,67
226,192	1609
226,421	1624,67
226,65	1645,33
226,879	1704,33
227,108	1720,33
227,337	1779
227,566	1736
227,795	1709,67
228,024	1631
228,253	1607
228,482	1628,33
228,711	1597
228,94	1653
229,168	1662,33
229,397	1733
229,626	1699,67
229,855	1664,33
230,084	1590,67
230,313	1631
230,541	1661,67
230,77	1680,33
230,999	1735,67
231,228	1747
231,456	1760,67
231,685	1716
231,914	1713,67
232,143	1739,67
232,371	1732,67
232,6	1723,33
232,829	1771,33
233,057	1762
233,286	1772,67
233,515	1779
233,743	1739,33
233,972	1743,67
234,2	1698
234,429	1769,33
234,658	1747,67
234,886	1750,33
235,115	1758,67
235,343	1736,67
235,572	1762
235,8	1834
236,029	1882
236,257	1911
236,486	1837,67
236,714	1906,67
236,943	1874
237,171	1875
237,399	1851
237,628	1909,33
237,856	1911
238,085	1851,33
238,313	1817,33
238,541	1896,67
238,77	1918,33
238,998	1926
239,226	1847,33
239,455	1884,67
239,683	1846,67
239,911	1888
240,14	1936,67
240,368	1978,67
240,596	1956
240,824	1908,67
241,053	1887,33
241,281	1861,33
241,509	1852,67
241,737	1844
241,965	1827,33
242,193	1794,67
242,422	1807,67
242,65	1813,67
242,878	1853
243,106	1759,67
243,334	1717,67
243,562	1766,33
243,79	1874,33
244,018	1940
244,246	1888,33
244,474	1872
244,702	1928,67
244,93	1927,33
245,158	1922,33
245,386	1890,33
245,614	1943
245,842	1957,33
246,07	1978,67
246,298	2130,67
246,526	2099,33
246,754	2075
246,982	1906,33
247,21	1937
247,438	1914,33
247,666	1892,67
247,893	1879,67
248,121	1868,67
248,349	1886
248,577	1958,67
248,805	1955
249,033	1984,33
249,26	1914,33
249,488	1954
249,716	1900,67
249,944	1910
250,171	1890
250,399	1929
250,627	1959
250,854	1934,33
251,082	1922,33
251,31	1897,33
251,537	2006
251,765	2005,67
251,993	2130,33
252,22	2052,67
252,448	2057
252,676	2050
252,903	2171,67
253,131	2140,33
253,358	2006
253,586	1852,67
253,813	1897,33
254,041	1932
254,268	1896,67
254,496	1881,67
254,723	1890
254,951	1952,67
255,178	1958
255,406	1932,67
255,633	1995,33
255,86	1980,33
256,088	1953
256,315	1956,33
256,543	1976,33
256,77	2045,67
256,997	2019
257,225	2004,33
257,452	1979
257,679	1994,33
257,907	1972,67
258,134	2015,67
258,361	1962
258,588	1986
258,816	1922,33
259,043	1948,33
259,27	1945,67
259,497	1940,33
259,725	1946
259,952	1911,67
260,179	1957
260,406	1933,33
260,633	1957,33
260,86	1921,33
261,088	2001,33
261,315	1966
261,542	1972
261,769	2004
261,996	2098,33
262,223	2126,67
262,45	2069
262,677	2017,67
262,904	2043
263,131	1994,67
263,358	1999,33
263,585	2079,33
263,812	2202
264,039	2198,67
264,266	2118
264,493	2008,67
264,72	1958
264,947	1996
265,174	2050,33
265,401	2178
265,627	2142,67
265,854	2121,33
266,081	2082,67
266,308	2027
266,535	2004
266,762	1999
266,988	2042,67
267,215	2037,33
267,442	2069
267,669	2066
267,896	2115
268,122	2091,33
268,349	2024,33
268,576	1971,33
268,802	1934
269,029	2024,33
269,256	2033,33
269,482	2038
269,709	2020,33
269,936	2111
270,162	2123,67
270,389	2138
270,616	2116
270,842	2172
271,069	2201,33
271,295	2180
271,522	2162,33
271,748	2270,67
271,975	2301
272,201	2340
272,428	2291,33
272,654	2430
272,881	2470,67
273,107	2526
273,334	2461,33
273,56	2478,67
273,787	2527,67
274,013	2665,67
274,239	2729,67
274,466	2731,33
274,692	2688,67
274,918	2743
275,145	2781
275,371	2860,67
275,597	2930
275,824	2974,33
276,05	3004
276,276	3012,67
276,503	3038,67
276,729	3027,67
276,955	3069,67
277,181	3148,67
277,407	3262
277,634	3310
277,86	3351,33
278,086	3310,67
278,312	3273,33
278,538	3227
278,764	3295
278,991	3328,33
279,217	3339,67
279,443	3295
279,669	3349,67
279,895	3393,67
280,121	3488
280,347	3470
280,573	3494,67
280,799	3542,33
281,025	3598,33
281,251	3691,33
281,477	3624
281,703	3658,33
281,929	3637,33
282,155	3715,33
282,381	3723,67
282,607	3726
282,833	3730
283,059	3684,67
283,285	3695
283,51	3676
283,736	3799,67
283,962	3835
284,188	3831
284,414	3830,33
284,64	3852
284,865	3903,33
285,091	3892,67
285,317	3935,67
285,543	3938
285,768	3967,33
285,994	4021,33
286,22	4104
286,446	4068,67
286,671	4019,33
286,897	3948,33
287,123	3966
287,348	4128,33
287,574	4191,67
287,799	4234,67
288,025	4174,67
288,251	4161
288,476	4175,33
288,702	4111
288,927	4124,67
289,153	4199,33
289,378	4244,67
289,604	4243,67
289,829	4178,67
290,055	4182
290,28	4211
290,506	4246,67
290,731	4193,67
290,957	4260,67
291,182	4315
291,408	4347,67
291,633	4348,67
291,858	4322,67
292,084	4325
292,309	4317,67
292,535	4391
292,76	4424,67
292,985	4422,33
293,211	4330,67
293,436	4286
293,661	4278
293,886	4322
294,112	4406,33
294,337	4374
294,562	4452
294,787	4446,67
295,013	4484,67
295,238	4424
295,463	4476,67
295,688	4475,67
295,913	4478
296,138	4386
296,364	4409,67
296,589	4322,33
296,814	4301,33
297,039	4294,67
297,264	4350,67
297,489	4365,67
297,714	4308
297,939	4269,33
298,164	4331,67
298,389	4343,67
298,614	4366,67
298,839	4379,67
299,064	4422
299,289	4502,33
299,514	4506
299,739	4523
299,964	4503
300,189	4538,33
300,414	4607,33
300,639	4611,33
300,863	4677,33
301,088	4658,33
301,313	4678,33
301,538	4567,33
301,763	4549,67
301,988	4604
302,212	4770,67
302,437	4745,67
302,662	4652,67
302,887	4484,33
303,111	4540,67
303,336	4591
303,561	4599,67
303,786	4583
304,01	4605,33
304,235	4600,67
304,46	4565
304,684	4473,67
304,909	4453,33
305,134	4477
305,358	4489,33
305,583	4544,67
305,807	4436
306,032	4417,67
306,256	4346,67
306,481	4381,67
306,706	4403,67
306,93	4478,67
307,155	4473
307,379	4491,67
307,604	4416
307,828	4544
308,052	4572,33
308,277	4481,33
308,501	4408,67
308,726	4405
308,95	4543,67
309,175	4624,33
309,399	4616,67
309,623	4640,67
309,848	4545,33
310,072	4669,67
310,296	4641,67
310,521	4624,33
310,745	4600
310,969	4615,33
311,193	4661,33
311,418	4537,67
311,642	4531,33
311,866	4538,67
312,09	4568,67
312,315	4595
312,539	4570
312,763	4562,67
312,987	4468
313,211	4549
313,435	4496,33
313,659	4605,67
313,884	4645
314,108	4708
314,332	4610,33
314,556	4547,67
314,78	4539,67
315,004	4603
315,228	4553
315,452	4529,33
315,676	4480,33
315,9	4402
316,124	4343,67
316,348	4334,33
316,572	4393,33
316,796	4398,33
317,02	4397
317,244	4312
317,468	4374
317,691	4399,67
317,915	4420
318,139	4475,67
318,363	4410
318,587	4391,67
318,811	4236,67
319,034	4237
319,258	4292,67
319,482	4352,33
319,706	4342,33
319,93	4286
320,153	4275,67
320,377	4234,33
320,601	4187,33
320,824	4197,67
321,048	4252,67
321,272	4314,67
321,495	4292,33
321,719	4259,33
321,943	4258,67
322,166	4224
322,39	4289,33
322,614	4338,33
322,837	4328,33
323,061	4343,67
323,284	4236
323,508	4230,67
323,731	4188,33
323,955	4240
324,178	4286
324,402	4293
324,625	4253
324,849	4290,33
325,072	4289,33
325,296	4350,67
325,519	4303,33
325,743	4321,67
325,966	4351,33
326,189	4316,67
326,413	4333,67
326,636	4291,67
326,859	4416,33
327,083	4395
327,306	4385,67
327,529	4258
327,753	4208
327,976	4226
328,199	4269
328,422	4234
328,646	4159,33
328,869	4153,33
329,092	4238,33
329,315	4283
329,538	4264,67
329,762	4153,33
329,985	4136,67
330,208	4151
330,431	4277,67
330,654	4318
330,877	4330,33
331,1	4259
331,323	4315,33
331,546	4300,33
331,769	4263
331,993	4213
332,216	4201
332,439	4318,33
332,662	4334,33
332,885	4331,67
333,107	4250,67
333,33	4273,33
333,553	4236,33
333,776	4252,33
333,999	4177,33
334,222	4216,33
334,445	4212,67
334,668	4275,67
334,891	4252,67
335,114	4255,33
335,336	4223,33
335,559	4326,67
335,782	4306
336,005	4309,33
336,228	4168
336,45	4132,67
336,673	4133,33
336,896	4179
337,119	4215,33
337,341	4152
337,564	4106,67
337,787	4105,33
338,009	4178,33
338,232	4256,67
338,455	4248,33
338,677	4240
338,9	4252,33
339,122	4234,33
339,345	4150
339,568	4099
339,79	4182,33
340,013	4258
340,235	4259
340,458	4227,67
340,68	4202
340,903	4258,67
341,125	4208,33
341,348	4204,67
341,57	4251,67
341,793	4186,67
342,015	4140,67
342,238	4072,33
342,46	4160,33
342,682	4170,67
342,905	4141,33
343,127	4118
343,349	4147
343,572	4095
343,794	4068,33
344,016	4081
344,239	4084,67
344,461	4075,67
344,683	4035
344,905	4040,33
345,128	4059
345,35	4035
345,572	4141
345,794	4187,67
346,017	4233
346,239	4128,67
346,461	4094,33
346,683	4154,33
346,905	4198
347,127	4226,33
347,349	4243,67
347,571	4306,33
347,793	4331,67
348,016	4290,67
348,238	4218,67
348,46	4159,67
348,682	4186,67
348,904	4204,33
349,126	4269
349,348	4196,33
349,57	4155
349,792	4176,67
350,014	4206
350,235	4294
350,457	4255
350,679	4236,33
350,901	4264,33
351,123	4307,33
351,345	4388
351,567	4341,67
351,789	4303,67
352,01	4253
352,232	4202,67
352,454	4195
352,676	4155,67
352,897	4126,33
353,119	4080,33
353,341	4058
353,563	4019,33
353,784	3984
354,006	3960,33
354,228	3987,67
354,449	4064,33
354,671	4187,67
354,893	4245,67
355,114	4240,33
355,336	4234
355,558	4206,33
355,779	4263,67
356,001	4246,67
356,222	4360,67
356,444	4476,33
356,665	4453,33
356,887	4379,67
357,108	4236,67
357,33	4305,67
357,551	4341,33
357,773	4339,33
357,994	4255
358,216	4272,67
358,437	4346,33
358,659	4378,67
358,88	4369,67
359,101	4341,33
359,323	4358,67
359,544	4309
359,765	4271,67
359,987	4275,67
360,208	4379,67
360,429	4324,33
360,651	4411
360,872	4335
361,093	4377
361,314	4294
361,536	4291
361,757	4292
361,978	4256
362,199	4240
362,42	4252,67
362,642	4343,33
362,863	4374,33
363,084	4416,67
363,305	4367
363,526	4379,67
363,747	4337,33
363,968	4340
364,189	4353,67
364,41	4326,33
364,631	4370,67
364,852	4352
365,073	4407,33
365,294	4326,33
365,515	4301
365,736	4291,33
365,957	4363,33
366,178	4419,67
366,399	4463
366,62	4534,67
366,841	4553,33
367,062	4579,67
367,283	4550,67
367,504	4525,67
367,724	4478
367,945	4548
368,166	4595,33
368,387	4635,67
368,608	4589,67
368,828	4565
369,049	4639,67
369,27	4693
369,491	4761
369,711	4807,33
369,932	4789
370,153	4814
370,373	4826,67
370,594	4851,67
370,815	4895,67
371,035	4784,67
371,256	4753
371,477	4722
371,697	4739
371,918	4778
372,138	4833,67
372,359	4887
372,579	4887,67
372,8	4865,33
373,02	4796,67
373,241	4873,33
373,461	4878
373,682	4994,33
373,902	4964,67
374,123	5012,33
374,343	5042
374,564	5077,67
374,784	5087,67
375,004	5068,67
375,225	5039,33
375,445	5086,67
375,666	5057,67
375,886	5048,67
376,106	4984
376,326	5119,33
376,547	5222
376,767	5262,67
376,987	5260,67
377,208	5241,33
377,428	5346
377,648	5423,33
377,868	5575
378,088	5683,67
378,309	5780
378,529	5854
378,749	5785,33
378,969	5836,67
379,189	5804,67
379,409	5850,67
379,629	5782
379,849	5755,67
380,069	5730
380,29	5711,33
380,51	5787,67
380,73	5895,33
380,95	5918,33
381,17	5867
381,39	5759,33
381,61	5781,67
381,829	5847
382,049	5909,67
382,269	5992,67
382,489	5941
382,709	5962
382,929	5882
383,149	5993,33
383,369	5965,33
383,589	6002
383,808	5901
384,028	5984,33
384,248	5978,33
384,468	6042
384,688	6040,33
384,907	6127
385,127	6172,33
385,347	6217,67
385,567	6289
385,786	6326,33
386,006	6412,67
386,226	6403
386,445	6521,33
386,665	6614,33
386,885	6668,33
387,104	6735
387,324	6758
387,543	6930,67
387,763	7035,33
387,982	7199,67
388,202	7159,67
388,422	7099,67
388,641	7023,33
388,861	7070,67
389,08	7054
389,3	7088,67
389,519	7069,33
389,738	7103,67
389,958	7069
390,177	7140,67
390,397	7197,33
390,616	7285,33
390,836	7303
391,055	7396,33
391,274	7444,67
391,494	7477,67
391,713	7655,33
391,932	7793,67
392,151	7995,33
392,371	7981,67
392,59	8086,67
392,809	8138,33
393,029	8155,67
393,248	7897,33
393,467	7727
393,686	7945,67
393,905	7991
394,124	8017,33
394,344	7702,33
394,563	7745,67
394,782	7770,33
395,001	7781,67
395,22	7854,33
395,439	7829,33
395,658	7944,33
395,877	7965,33
396,096	8225,67
396,315	8272,33
396,534	8426,67
396,753	8429,33
396,972	8571,33
397,191	8694,67
397,41	8829,33
397,629	8942,33
397,848	9064
398,067	9175,33
398,286	9232
398,505	9272,67
398,724	9377,67
398,943	9207
399,161	9050,33
399,38	8758,67
399,599	8738,67
399,818	8700,67
400,037	8645
400,255	8629
400,474	8528,33
400,693	8624,67
400,912	8605,33
401,13	8609
401,349	8445,33
401,568	8438,33
401,786	8465,67
402,005	8487,33
402,224	8557,67
402,442	8491
402,661	8476,67
402,88	8348
403,098	8386
403,317	8438,67
403,535	8472,67
403,754	8528,33
403,972	8527,33
404,191	8590,33
404,409	8864,33
404,628	9006
404,846	9117
405,065	8956,67
405,283	8949,67
405,502	8935,33
405,72	8905,33
405,938	8799,67
406,157	8675,33
406,375	8546,33
406,594	8456
406,812	8407,67
407,03	8357,67
407,249	8430
407,467	8497
407,685	8557,33
407,903	8675,33
408,122	8762,67
408,34	8881,67
408,558	8850,33
408,776	8809,67
408,995	8791,33
409,213	8845,67
409,431	8868
409,649	8906,33
409,867	8829,33
410,085	8798
410,303	8681
410,522	8624
410,74	8555,33
410,958	8539,67
411,176	8520
411,394	8489
411,612	8617,33
411,83	8707
412,048	8848,33
412,266	8821
412,484	8942,33
412,702	8927
412,92	8964
413,138	8852,33
413,356	8857,33
413,573	8851,67
413,791	8764,33
414,009	8698
414,227	8578
414,445	8542
414,663	8500,67
414,881	8517,33
415,098	8520,67
415,316	8674,33
415,534	8700,67
415,752	8800
415,969	8662
416,187	8612,33
416,405	8580
416,623	8586,33
416,84	8566,33
417,058	8534
417,276	8563,33
417,493	8563,33
417,711	8572
417,928	8524,67
418,146	8564
418,364	8554,33
418,581	8581
418,799	8543
419,016	8605
419,234	8815,67
419,451	8908
419,669	8935,33
419,886	8804,67
420,104	8858,67
420,321	8989
420,539	9175,33
420,756	9337,67
420,974	9427,67
421,191	9572,67
421,408	9714,33
421,626	9768,33
421,843	9670,67
422,06	9460,67
422,278	9339
422,495	9235
422,712	9219
422,93	9196
423,147	9167,67
423,364	9182
423,581	9103,67
423,799	9060,67
424,016	8955,67
424,233	8972
424,45	8964
424,667	8942,33
424,884	8980,67
425,102	8920
425,319	8906
425,536	8758,33
425,753	8688,67
425,97	8634
426,187	8537,67
426,404	8701
426,621	8878,67
426,838	9141
427,055	9150,33
427,272	9169,33
427,489	9160,33
427,706	9076
427,923	8982,67
428,14	8937
428,357	9043,33
428,574	9204,67
428,791	9373,33
429,008	9578,33
429,224	9766
429,441	9989,67
429,658	10261,67
429,875	10410,67
430,092	10463,67
430,308	10374
430,525	10224
430,742	10008,33
430,959	9718,33
431,175	9353,33
431,392	9093,67
431,609	8794,33
431,826	8641,33
432,042	8443,33
432,259	8454,67
432,476	8446,67
432,692	8547
432,909	8785,67
433,125	9140,33
433,342	9475
433,559	9635,33
433,775	9652,67
433,992	9493,33
434,208	9148,67
434,425	8925,33
434,641	8843
434,858	8887,33
435,074	8882
435,291	8830,67
435,507	8824,67
435,723	8870
435,94	8986,33
436,156	9145,67
436,373	9170,67
436,589	9139,67
436,805	9121,67
437,022	9034
437,238	8994
437,454	8852,33
437,671	8883,33
437,887	8902,33
438,103	8940
438,319	9052,33
438,536	9052,33
438,752	9029,67
438,968	8953,33
439,184	8884
439,4	8777,67
439,616	8693
439,833	8662,33
440,049	8785,33
440,265	8898
440,481	9142,33
440,697	9435,67
440,913	9779,33
441,129	10145,67
441,345	10235
441,561	10190,33
441,777	10020,33
441,993	9793,67
442,209	9685,67
442,425	9563,67
442,641	9582,33
442,857	9664,33
443,073	9729
443,289	9847,67
443,505	9843,67
443,721	9784,33
443,937	9687,67
444,152	9596,67
444,368	9491,33
444,584	9529,67
444,8	9445,33
445,016	9421
445,231	9372
445,447	9370
445,663	9411,67
445,879	9387,33
446,094	9487,67
446,31	9505
446,526	9480,33
446,742	9340
446,957	9257,67
447,173	9166,67
447,388	9181,33
447,604	9153,67
447,82	9112,67
448,035	9035,67
448,251	9039,67
448,466	9044,33
448,682	9035,33
448,897	9056,67
449,113	9120
449,328	9101,67
449,544	9128,67
449,759	9070,67
449,975	9079,67
450,19	8929,33
450,406	8814,33
450,621	8688,67
450,836	8642
451,052	8649,33
451,267	8637,67
451,483	8613
451,698	8572
451,913	8574,33
452,129	8543,67
452,344	8565,67
452,559	8480,33
452,774	8350,67
452,99	8224
453,205	8190,33
453,42	8233
453,635	8134
453,85	8082,33
454,066	8048
454,281	8112,67
454,496	8209,33
454,711	8262,33
454,926	8297,33
455,141	8250,33
455,356	8196,33
455,571	8176,33
455,786	8113,67
456,001	8011,33
456,217	7916,33
456,432	7913
456,647	8079,67
456,861	8167
457,076	8273,67
457,291	8271,67
457,506	8241,33
457,721	8252
457,936	8301,33
458,151	8522,67
458,366	8576
458,581	8634,67
458,796	8525
459,01	8581
459,225	8455
459,44	8431
459,655	8290,67
459,87	8249
460,084	8200,33
460,299	8147
460,514	8256,33
460,729	8283,67
460,943	8164,67
461,158	7947
461,373	7669
461,587	7492
461,802	7363,67
462,016	7269,67
462,231	7284,67
462,446	7235
462,66	7341,67
462,875	7474,33
463,089	7601,67
463,304	7695,67
463,518	7801,67
463,733	7970,67
463,947	7989,33
464,162	8027,33
464,376	8132,33
464,591	8243,67
464,805	8341
465,02	8340,33
465,234	8492,67
465,448	8512,67
465,663	8396
465,877	8147,33
466,091	7939,33
466,306	7770,33
466,52	7582,33
466,734	7367,33
466,949	7218
467,163	7150,33
467,377	7194,67
467,591	7194,67
467,806	7177
468,02	6984,33
468,234	6941,67
468,448	6872,67
468,662	6827,67
468,876	6659
469,091	6549,67
469,305	6469,67
469,519	6345
469,733	6249
469,947	6286,33
470,161	6283,67
470,375	6315,67
470,589	6228
470,803	6238
471,017	6190,67
471,231	6203,67
471,445	6235
471,659	6290,67
471,873	6256
472,087	6348,33
472,301	6362
472,515	6495,33
472,728	6505,33
472,942	6655,33
473,156	6724,67
473,37	6695,67
473,584	6618
473,798	6519,33
474,011	6448,67
474,225	6425,33
474,439	6519,67
474,653	6707,33
474,866	6830,33
475,08	6881,67
475,294	6761,33
475,507	6675,67
475,721	6596,67
475,935	6575
476,148	6449,33
476,362	6326,33
476,576	6284,33
476,789	6305
477,003	6318
477,216	6350
477,43	6415
477,643	6614
477,857	6706,67
478,07	6673,67
478,284	6494,67
478,497	6477,33
478,711	6507
478,924	6513,67
479,138	6436,33
479,351	6437,33
479,564	6606
479,778	6717
479,991	6783,33
480,204	6708,67
480,418	6677
480,631	6665
480,844	6648
481,058	6691,33
481,271	6752
481,484	6758,67
481,697	6756,33
481,911	6622,33
482,124	6552,67
482,337	6399,33
482,55	6379
482,763	6397,33
482,976	6416,33
483,19	6417,67
483,403	6475
483,616	6627
483,829	6738
484,042	6861,33
484,255	6998,67
484,468	7095,67
484,681	7219,67
484,894	8297,33
485,107	11508,33
485,32	15904,33
485,533	18874,33
485,746	18898,33
485,959	16952,67
486,172	14496,33
486,385	12150
486,598	9902
486,81	8322,33
487,023	7447,33
487,236	7000
487,449	6662
487,662	6316
487,875	6090,33
488,087	5985,67
488,3	5908
488,513	5837
488,726	5826,33
488,938	5844,33
489,151	5867,67
489,364	5865
489,576	5853,33
489,789	5818,67
490,002	5730,33
490,214	5645,33
490,427	5755,67
490,64	5784,33
490,852	5776
491,065	5600
491,277	5576,67
491,49	5554
491,702	5540,33
491,915	5514,33
492,127	5486,33
492,34	5484,33
492,552	5533
492,765	5598,67
492,977	5629,67
493,19	5551,67
493,402	5532,33
493,614	5467,33
493,827	5501
494,039	5521,67
494,251	5514
494,464	5385
494,676	5256
494,888	5132
495,101	5090
495,313	5146,33
495,525	5354,67
495,737	5577,67
495,95	5715,33
496,162	5702,33
496,374	5508,67
496,586	5322
496,798	5172,33
497,01	5056,67
497,222	4969,67
497,435	4842
497,647	4853,67
497,859	4841
498,071	4941
498,283	5037,33
498,495	5157,33
498,707	5150,33
498,919	5239
499,131	5188,33
499,343	5195
499,555	5129,33
499,767	5055,33
499,979	5065,67
500,191	4942,67
500,402	4977,67
500,614	4996,67
500,826	5118
501,038	5142,67
501,25	5058,67
501,462	5100,33
501,673	5103,33
501,885	5137,67
502,097	5055
502,309	5058,67
502,521	5071,67
502,732	5066
502,944	5005,33
503,156	4985,33
503,367	4857
503,579	4810
503,791	4720,67
504,002	4814
504,214	4831,33
504,425	4905,67
504,637	4793
504,849	4756
505,06	4677,33
505,272	4720,67
505,483	4695,67
505,695	4666
505,906	4689
506,118	4691,33
506,329	4661
506,541	4553
506,752	4420,33
506,963	4297,67
507,175	4288,67
507,386	4365
507,598	4402,67
507,809	4388
508,02	4355
508,232	4338,67
508,443	4344,33
508,654	4295,33
508,865	4249,33
509,077	4162,33
509,288	4212
509,499	4226
509,71	4281,33
509,922	4157
510,133	4228
510,344	4142
510,555	4161,33
510,766	4037,67
510,977	4004
511,188	3996,67
511,4	3974
511,611	3937,33
511,822	3870
512,033	3861,33
512,244	3827,67
512,455	3857,67
512,666	3915
512,877	3837,33
513,088	3785,67
513,299	3714,67
513,51	3787
513,721	3791
513,931	3737,67
514,142	3796,33
514,353	3707,67
514,564	3665
514,775	3557,33
514,986	3607
515,196	3613,33
515,407	3608
515,618	3583,67
515,829	3600
516,04	3608
516,25	3589
516,461	3572
516,672	3539,67
516,882	3573
517,093	3520,67
517,304	3495,33
517,514	3447
517,725	3422,67
517,936	3384
518,146	3376
518,357	3404,67
518,567	3600,67
518,778	3625,67
518,988	3707,67
519,199	3541,33
519,409	3481
519,62	3382,33
519,83	3349,33
520,041	3312,67
520,251	3328
520,462	3301
520,672	3353,67
520,882	3337,67
521,093	3401
521,303	3223,67
521,513	3488,67
521,724	3436,33
521,934	3542,67
522,144	3203,67
522,355	3193,33
522,565	3182
522,775	3240
522,985	3197,33
523,196	3192,67
523,406	3230,67
523,616	3267,67
523,826	3538,33
524,036	3429,67
524,246	3372
524,457	3049
524,667	3056,67
524,877	3074,33
525,087	3112,67
525,297	3163,67
525,507	3109,33
525,717	3107,67
525,927	3039,33
526,137	3080
526,347	3051
526,557	3040,33
526,767	3121
526,977	3141,67
527,187	3116
527,397	2971
527,607	2942,67
527,816	2955,67
528,026	3040
528,236	3088,67
528,446	3160
528,656	3244,67
528,865	3204,67
529,075	3135,33
529,285	3035
529,495	3026,67
529,704	2983,67
529,914	2892,67
530,124	2834,67
530,334	2871,33
530,543	3035
530,753	3162,33
530,963	3107
531,172	2954,33
531,382	2933
531,591	2948,67
531,801	2978,67
532,01	2849,67
532,22	2870,33
532,43	2961
532,639	3058
532,849	3065
533,058	3069,33
533,267	2991
533,477	2936,33
533,686	2832,67
533,896	2805
534,105	2883,33
534,315	2867,33
534,524	2905,33
534,733	2920,33
534,943	2936,33
535,152	2886,67
535,361	2758,33
535,57	2703
535,78	2687,33
535,989	2654
536,198	2583,67
536,407	2553
536,617	2570,33
536,826	2621
537,035	2628,33
537,244	2591
537,453	2592,67
537,662	2698,33
537,872	2747,33
538,081	2734
538,29	2633
538,499	2604
538,708	2627
538,917	2696,67
539,126	2731,33
539,335	2863
539,544	2763,67
539,753	2718
539,962	2541
540,171	2583
540,38	2545
540,589	2615
540,797	2607
541,006	2650,33
541,215	2654,33
541,424	2662,67
541,633	2659
541,842	2669,67
542,05	2663,33
542,259	2688,33
542,468	2638,67
542,677	2669,33
542,885	2652,67
543,094	2603,67
543,303	2606,67
543,512	2646,33
543,72	2735,33
543,929	2690
544,138	2623,67
544,346	2552,33
544,555	2570
544,763	2596,67
544,972	2551,33
545,18	2511,33
545,389	2452,67
545,598	2480,67
545,806	2457,67
546,015	2460
546,223	2441
546,431	2429
546,64	2436
546,848	2439,67
547,057	2477
547,265	2549,67
547,474	2490
547,682	2528,33
547,89	2520,33
548,099	2588,67
548,307	2574,67
548,515	2533,33
548,723	2498
548,932	2418,33
549,14	2353,33
549,348	2304,67
549,556	2274,33
549,765	2244,67
549,973	2276,33
550,181	2313,33
550,389	2360
550,597	2335,33
550,805	2345,67
551,014	3672,67
551,222	3634,33
551,43	3614,33
551,638	2342
551,846	2485,33
552,054	2556,67
552,262	2461
552,47	2345
552,678	2246,67
552,886	2235,67
553,094	2289,33
553,302	2327
553,51	2380,33
553,717	2287,67
553,925	2331,33
554,133	2249,67
554,341	2303,33
554,549	2203,33
554,757	2240,33
554,965	2236,33
555,172	2351
555,38	2346
555,588	2358
555,796	2314,33
556,003	2338
556,211	2314,33
556,419	2284
556,626	2244
556,834	2209,67
557,042	2168
557,249	2167,33
557,457	2117,67
557,664	2069,67
557,872	2088,33
558,08	2153,33
558,287	2194,67
558,495	2143
558,702	2129
558,91	2087,33
559,117	2081,67
559,325	2069,67
559,532	2145,33
559,74	2196
559,947	2282,33
560,154	2197,33
560,362	2173,67
560,569	2091
560,776	2164,67
560,984	2174,33
561,191	2159,33
561,398	2222,67
561,606	2212
561,813	2157
562,02	1981,67
562,227	1944,33
562,435	2026
562,642	2090
562,849	2082
563,056	2014,67
563,263	2014,67
563,471	2082,33
563,678	2085
563,885	2091
564,092	2061,33
564,299	2110,67
564,506	2130,33
564,713	2122,33
564,92	2115,67
565,127	2110
565,334	2205
565,541	2216,33
565,748	2164
565,955	2031,67
566,162	2023
566,369	2042,33
566,576	2126
566,783	2112
566,99	2161,33
567,196	2129,67
567,403	2208,33
567,61	2165,67
567,817	2149
568,024	2121,33
568,23	2135
568,437	2117
568,644	2126
568,851	2276,33
569,057	2431,33
569,264	2466,33
569,471	2408,33
569,677	2397
569,884	2459
570,091	2779
570,297	2827,33
570,504	2817,33
570,71	2509
570,917	2432,33
571,123	2419
571,33	2381,67
571,536	2501,67
571,743	2482
571,949	2417,33
572,156	2308
572,362	2234
572,569	2294,33
572,775	2344,67
572,982	2432
573,188	2470
573,394	2406
573,601	2374,67
573,807	2435,67
574,013	2479,67
574,22	2475
574,426	2434,67
574,632	2420
574,838	2407,33
575,045	2350
575,251	2246,67
575,457	2277,33
575,663	2275,33
575,869	2312,67
576,076	2313
576,282	2336,33
576,488	2375,33
576,694	2327,33
576,9	2305,33
577,106	2355,33
577,312	2495
577,518	2597
577,724	2572,67
577,93	2438,33
578,136	2315
578,342	2225,67
578,548	2177,33
578,754	2118,67
578,96	2135,67
579,166	2270,33
579,372	2354
579,578	2390
579,784	2308,33
579,989	2270
580,195	2236
580,401	2240,33
580,607	2331,67
580,813	2513,67
581,018	2692,67
581,224	2741,33
581,43	2673,67
581,636	2630,67
581,841	2595
582,047	2451
582,253	2312
582,458	2169
582,664	2151,67
582,869	2040,67
583,075	2106,67
583,281	2085,67
583,486	2101
583,692	2143,67
583,897	2196,67
584,103	2272
584,308	2195,33
584,514	2234,67
584,719	2272
584,925	2302
585,13	2267
585,335	2247
585,541	2175,67
585,746	2113,33
585,952	2027,33
586,157	2007,33
586,362	2017,67
586,568	2076,67
586,773	2105,33
586,978	2118,33
587,183	2097
587,389	2051,33
587,594	2050,33
587,799	2080,67
588,004	2117
588,21	2058,33
588,415	1980
588,62	1970,67
588,825	1961,67
589,03	2112
589,235	2105
589,44	2088
589,645	1944,67
589,85	1978,33
590,055	2001,67
590,26	1994,67
590,465	1894,33
590,67	1957
590,875	1905,33
591,08	1910,33
591,285	1874
591,49	1893,33
591,695	1861
591,9	1853,33
592,105	1854,33
592,31	2027
592,515	2021,33
592,719	1997,33
592,924	1855,67
593,129	1873,33
593,334	1853
593,539	1887
593,743	1835,33
593,948	1840,67
594,153	1855,67
594,357	1868
594,562	2050,67
594,767	1937,33
594,971	1925,33
595,176	1791,33
595,381	1850,33
595,585	1911
595,79	1829,67
595,994	1949,67
596,199	1798,67
596,403	1810
596,608	1683,33
596,812	1783
597,017	1893,33
597,221	1932,67
597,426	1895,33
597,63	1792
597,835	1721,67
598,039	1706,33
598,243	1813
598,448	1884
598,652	1933
598,856	1891,33
599,061	1935,67
599,265	1826,33
599,469	1845,33
599,673	1794,67
599,878	1869,33
600,082	1816
600,286	1779
600,49	1729,33
600,695	1707,33
600,899	1601,33
601,103	1675,33
601,307	1688,33
601,511	1744,33
601,715	1687,33
601,919	1721
602,123	1775,67
602,327	1840,67
602,531	1830
602,735	1867,33
602,939	1806,33
603,143	1809
603,347	1734,33
603,551	1780
603,755	1788
603,959	1808
604,163	1784,67
604,367	1732,33
604,571	1732,67
604,775	1743
604,978	1725
605,182	1737,33
605,386	1751,67
605,59	1789,67
605,793	1805,67
605,997	1809,33
606,201	1814,33
606,405	1827,33
606,608	1814,33
606,812	1834,33
607,016	1774,33
607,219	1781,67
607,423	1808,67
607,627	1827,33
607,83	1838
608,034	1778
608,237	1750
608,441	1755,33
608,644	1785,67
608,848	1825,33
609,051	1769,67
609,255	1745,33
609,458	1775
609,662	1824,67
609,865	1753,33
610,069	1655
610,272	1581,33
610,475	1627,33
610,679	1659,33
610,882	1715,67
611,085	1714,33
611,289	1736,33
611,492	1690,67
611,695	1667,33
611,898	1680,67
612,102	1719
612,305	1753,33
612,508	1791
612,711	1765
612,914	1792
613,118	1748
613,321	1754,33
613,524	1711,67
613,727	1684
613,93	1696,67
614,133	1731,67
614,336	1749
614,539	1703,67
614,742	1650
614,945	1678,67
615,148	1703,67
615,351	1768,67
615,554	1764,67
615,757	1783,67
615,96	1732
616,163	1671,33
616,366	1559,67
616,569	1626
616,772	1628
616,974	1778,33
617,177	1781
617,38	1864,67
617,583	1789
617,786	1765
617,988	1771,67
618,191	1775
618,394	1710
618,596	1576,67
618,799	1605,33
619,002	1663
619,204	1714,33
619,407	1715,33
619,61	1657,67
619,812	1691,33
620,015	1746,33
620,217	1775
620,42	1751
620,623	1698,33
620,825	1744,67
621,028	1787,33
621,23	1802
621,432	1814,33
621,635	1778,67
621,837	1733
622,04	1660,33
622,242	1663,33
622,445	1717
622,647	1795
622,849	1733,33
623,052	1730,67
623,254	1620,33
623,456	1690,67
623,658	1736
623,861	1783
624,063	1699,33
624,265	1663,33
624,467	1638,33
624,67	1729,67
624,872	1816,33
625,074	1890
625,276	1914,33
625,478	1741,67
625,68	1663
625,882	1605,33
626,084	1699,33
626,287	1768,67
626,489	1791,67
626,691	1755,33
626,893	1741
627,095	1739,33
627,297	1726,67
627,499	1636,67
627,7	1592,33
627,902	1533,33
628,104	1579,33
628,306	1570,67
628,508	1615,33
628,71	1655
628,912	1793,67
629,114	1813,67
629,315	1760,67
629,517	1629
629,719	1610,33
629,921	1620,33
630,122	1631
630,324	1660
630,526	1677,33
630,728	1684,67
630,929	1629
631,131	1688,67
631,332	1729,67
631,534	1785,33
631,736	1688,33
631,937	1666,33
632,139	1634,67
632,34	1723
632,542	1707,67
632,743	1706,67
632,945	1721,67
633,146	1722,67
633,348	1731
633,549	1639,67
633,751	1662
633,952	1621,67
634,154	1599,67
634,355	1577,33
634,556	1615,67
634,758	1596
634,959	1646,33
635,16	1628
635,362	1723
635,563	1700,33
635,764	1726
635,965	1699,33
636,167	1682,33
636,368	1668,67
636,569	1724,33
636,77	1706,67
636,971	1717
637,172	1623,67
637,374	1679
637,575	1633,67
637,776	1615
637,977	1580,67
638,178	1643
638,379	1708,33
638,58	1627,33
638,781	1608
638,982	1574
639,183	1611,33
639,384	1594,67
639,585	1562,33
639,786	1566
639,987	1625,67
640,187	1701,67
640,388	1670,67
640,589	1601,67
640,79	1506,67
640,991	1615
641,192	1591,67
641,392	1595,33
641,593	1487,67
641,794	1516
641,995	1492,67
642,195	1500,67
642,396	1489
642,597	1557,33
642,797	1622,33
642,998	1615
643,199	1634
643,399	1576,67
643,6	1558,33
643,8	1551,33
644,001	1581,33
644,202	1611,33
644,402	1612,33
644,603	1575
644,803	1596,33
645,004	1536,67
645,204	1542
645,404	1628,67
645,605	1642
645,805	1631
646,006	1673
646,206	1693,67
646,406	1660
646,607	1413
646,807	885,67
647,007	420
647,208	-6,67
647,408	1
647,608	0,33
