200,697	903,83
200,927	-56,17
201,158	21,83
201,388	13,83
201,618	1029,83
201,849	943,83
202,079	1126,83
202,309	1031,83
202,539	1108,83
202,77	1028,83
203	1118,83
203,23	1087,83
203,46	910,83
203,691	1094,83
203,921	1041,83
204,151	1069,83
204,381	1110,83
204,611	1151,83
204,841	1008,83
205,071	1076,83
205,302	1161,83
205,532	1112,83
205,762	2930,83
205,992	1028,83
206,222	1094,83
206,452	1101,83
206,682	1062,83
206,912	1167,83
207,142	1159,83
207,372	1140,83
207,602	1218,83
207,832	1084,83
208,062	1120,83
208,292	1278,83
208,522	884,83
208,752	1120,83
208,982	1095,83
209,212	1196,83
209,442	1081,83
209,672	1095,83
209,902	1062,83
210,131	1223,83
210,361	1064,83
210,591	1148,83
210,821	1076,83
211,051	1252,83
211,281	1054,83
211,51	1159,83
211,74	1138,83
211,97	1108,83
212,2	1167,83
212,429	1333,83
212,659	1095,83
212,889	1157,83
213,119	1163,83
213,348	1052,83
213,578	1269,83
213,808	1237,83
214,037	1156,83
214,267	1166,83
214,497	1156,83
214,726	1071,83
214,956	1073,83
215,186	1300,83
215,415	1220,83
215,645	1213,83
215,874	1204,83
216,104	1005,83
216,333	1183,83
216,563	1132,83
216,792	1156,83
217,022	1404,83
217,251	1212,83
217,481	1076,83
217,71	1158,83
217,94	1007,83
218,169	1127,83
218,399	1196,83
218,628	1016,83
218,858	1236,83
219,087	1271,83
219,316	1152,83
219,546	1196,83
219,775	1154,83
220,004	1232,83
220,234	1103,83
220,463	1125,83
220,692	1088,83
220,922	1175,83
221,151	1280,83
221,38	1087,83
221,61	1510,83
221,839	1332,83
222,068	1140,83
222,297	1302,83
222,526	1364,83
222,756	1145,83
222,985	1324,83
223,214	1216,83
223,443	1171,83
223,672	1542,83
223,902	1151,83
224,131	1230,83
224,36	1284,83
224,589	1296,83
224,818	1180,83
225,047	1132,83
225,276	1152,83
225,505	1349,83
225,734	1224,83
225,963	1150,83
226,192	1263,83
226,421	1220,83
226,65	1284,83
226,879	1318,83
227,108	1285,83
227,337	1493,83
227,566	1380,83
227,795	1272,83
228,024	1257,83
228,253	1335,83
228,482	1219,83
228,711	1337,83
228,94	1212,83
229,168	1292,83
229,397	1290,83
229,626	1412,83
229,855	1343,83
230,084	1284,83
230,313	1225,83
230,541	1424,83
230,77	1324,83
230,999	1300,83
231,228	1510,83
231,456	1455,83
231,685	1337,83
231,914	1486,83
232,143	1348,83
232,371	1513,83
232,6	1413,83
232,829	1440,83
233,057	1492,83
233,286	1476,83
233,515	1424,83
233,743	1436,83
233,972	1461,83
234,2	1356,83
234,429	1398,83
234,658	1693,83
234,886	1460,83
235,115	1628,83
235,343	1587,83
235,572	1573,83
235,8	1636,83
236,029	1845,83
236,257	1505,83
236,486	1687,83
236,714	1708,83
236,943	1788,83
237,171	1698,83
237,399	1623,83
237,628	1741,83
237,856	1798,83
238,085	1680,83
238,313	1683,83
238,541	1758,83
238,77	2022,83
238,998	1684,83
239,226	1775,83
239,455	1784,83
239,683	1822,83
239,911	1774,83
240,14	2000,83
240,368	1893,83
240,596	1828,83
240,824	1917,83
241,053	1873,83
241,281	1892,83
241,509	1900,83
241,737	1948,83
241,965	1872,83
242,193	1964,83
242,422	1942,83
242,65	1943,83
242,878	2000,83
243,106	2052,83
243,334	2016,83
243,562	2124,83
243,79	2100,83
244,018	2288,83
244,246	2012,83
244,474	2188,83
244,702	2104,83
244,93	2179,83
245,158	2199,83
245,386	2098,83
245,614	2174,83
245,842	2292,83
246,07	2153,83
246,298	2436,83
246,526	2616,83
246,754	2238,83
246,982	2276,83
247,21	2372,83
247,438	2274,83
247,666	2281,83
247,893	2279,83
248,121	2372,83
248,349	2268,83
248,577	2420,83
248,805	2502,83
249,033	2348,83
249,26	2477,83
249,488	2412,83
249,716	2352,83
249,944	2436,83
250,171	2440,83
250,399	2415,83
250,627	2600,83
250,854	2477,83
251,082	2357,83
251,31	2550,83
251,537	2548,83
251,765	2736,83
251,993	2514,83
252,22	2831,83
252,448	2396,83
252,676	2725,83
252,903	2671,83
253,131	2807,83
253,358	2580,83
253,586	2543,83
253,813	2573,83
254,041	2733,83
254,268	2620,83
254,496	2613,83
254,723	2687,83
254,951	2732,83
255,178	2729,83
255,406	2697,83
255,633	2772,83
255,86	2949,83
256,088	2749,83
256,315	2676,83
256,543	2892,83
256,77	2804,83
256,997	2760,83
257,225	2861,83
257,452	2822,83
257,679	2829,83
257,907	2888,83
258,134	2826,83
258,361	3029,83
258,588	2708,83
258,816	2852,83
259,043	2773,83
259,27	2832,83
259,497	2894,83
259,725	2813,83
259,952	2852,83
260,179	2777,83
260,406	2936,83
260,633	3026,83
260,86	2868,83
261,088	2990,83
261,315	3087,83
261,542	2863,83
261,769	2852,83
261,996	3193,83
262,223	3184,83
262,45	3149,83
262,677	2796,83
262,904	2966,83
263,131	2910,83
263,358	2910,83
263,585	2924,83
263,812	3277,83
264,039	3125,83
264,266	2926,83
264,493	2956,83
264,72	2844,83
264,947	2919,83
265,174	3322,83
265,401	3049,83
265,627	2996,83
265,854	2959,83
266,081	3004,83
266,308	2940,83
266,535	2927,83
266,762	2874,83
266,988	2896,83
267,215	2976,83
267,442	2866,83
267,669	3114,83
267,896	2743,83
268,122	3029,83
268,349	2972,83
268,576	2808,83
268,802	2941,83
269,029	2897,83
269,256	2996,83
269,482	2933,83
269,709	2871,83
269,936	2925,83
270,162	2754,83
270,389	2919,83
270,616	2917,83
270,842	3078,83
271,069	3028,83
271,295	2968,83
271,522	2908,83
271,748	2825,83
271,975	3217,83
272,201	3109,83
272,428	3122,83
272,654	3047,83
272,881	3068,83
273,107	3061,83
273,334	3040,83
273,56	3184,83
273,787	3004,83
274,013	3082,83
274,239	3293,83
274,466	3170,83
274,692	3162,83
274,918	3132,83
275,145	3158,83
275,371	3101,83
275,597	3328,83
275,824	3221,83
276,05	3252,83
276,276	3325,83
276,503	3183,83
276,729	3232,83
276,955	3215,83
277,181	2982,83
277,407	3447,83
277,634	3310,83
277,86	3142,83
278,086	3252,83
278,312	3304,83
278,538	3223,83
278,764	3280,83
278,991	3400,83
279,217	3141,83
279,443	3185,83
279,669	3164,83
279,895	3332,83
280,121	3258,83
280,347	3289,83
280,573	3247,83
280,799	3431,83
281,025	3574,83
281,251	3417,83
281,477	3536,83
281,703	3477,83
281,929	3412,83
282,155	3508,83
282,381	3557,83
282,607	3609,83
282,833	3623,83
283,059	3691,83
283,285	3613,83
283,51	3631,83
283,736	3484,83
283,962	3605,83
284,188	3844,83
284,414	3607,83
284,64	3758,83
284,865	3780,83
285,091	3696,83
285,317	3896,83
285,543	3831,83
285,768	3790,83
285,994	3736,83
286,22	3999,83
286,446	3880,83
286,671	3710,83
286,897	3832,83
287,123	3973,83
287,348	3895,83
287,574	4310,83
287,799	3950,83
288,025	3956,83
288,251	4182,83
288,476	3916,83
288,702	4116,83
288,927	3930,83
289,153	4021,83
289,378	4203,83
289,604	4132,83
289,829	4093,83
290,055	3974,83
290,28	4168,83
290,506	4145,83
290,731	4076,83
290,957	4201,83
291,182	4308,83
291,408	4279,83
291,633	4204,83
291,858	4193,83
292,084	4324,83
292,309	4197,83
292,535	4212,83
292,76	4310,83
292,985	4157,83
293,211	4261,83
293,436	4134,83
293,661	3876,83
293,886	4260,83
294,112	4377,83
294,337	4436,83
294,562	4172,83
294,787	4398,83
295,013	4276,83
295,238	4270,83
295,463	4388,83
295,688	4502,83
295,913	4055,83
296,138	4568,83
296,364	4278,83
296,589	4262,83
296,814	4148,83
297,039	4189,83
297,264	4236,83
297,489	4216,83
297,714	4196,83
297,939	4096,83
298,164	4197,83
298,389	4345,83
298,614	4255,83
298,839	4300,83
299,064	4463,83
299,289	4448,83
299,514	4503,83
299,739	4425,83
299,964	4516,83
300,189	4480,83
300,414	4555,83
300,639	4701,83
300,863	4527,83
301,088	4751,83
301,313	4628,83
301,538	4689,83
301,763	4540,83
301,988	4596,83
302,212	4630,83
302,437	4895,83
302,662	4581,83
302,887	4532,83
303,111	4765,83
303,336	4692,83
303,561	4676,83
303,786	4644,83
304,01	4625,83
304,235	4746,83
304,46	4512,83
304,684	4588,83
304,909	4550,83
305,134	4466,83
305,358	4494,83
305,583	4293,83
305,807	4585,83
306,032	4244,83
306,256	4429,83
306,481	4460,83
306,706	4420,83
306,93	4388,83
307,155	4679,83
307,379	4621,83
307,604	4600,83
307,828	4644,83
308,052	4848,83
308,277	4648,83
308,501	4700,83
308,726	4808,83
308,95	4781,83
309,175	4821,83
309,399	4823,83
309,623	4762,83
309,848	4744,83
310,072	4636,83
310,296	4964,83
310,521	4708,83
310,745	4695,83
310,969	4942,83
311,193	4860,83
311,418	4749,83
311,642	4740,83
311,866	4716,83
312,09	4782,83
312,315	4695,83
312,539	4692,83
312,763	4775,83
312,987	4724,83
313,211	4564,83
313,435	4836,83
313,659	4747,83
313,884	4917,83
314,108	4852,83
314,332	4788,83
314,556	4497,83
314,78	4818,83
315,004	4916,83
315,228	4729,83
315,452	4660,83
315,676	4829,83
315,9	4684,83
316,124	4564,83
316,348	4709,83
316,572	4661,83
316,796	4776,83
317,02	4663,83
317,244	4650,83
317,468	4545,83
317,691	4836,83
317,915	4724,83
318,139	4557,83
318,363	4972,83
318,587	4319,83
318,811	4536,83
319,034	4445,83
319,258	4622,83
319,482	4740,83
319,706	4558,83
319,93	4616,83
320,153	4565,83
320,377	4616,83
320,601	4540,83
320,824	4497,83
321,048	4689,83
321,272	4622,83
321,495	4641,83
321,719	4586,83
321,943	4569,83
322,166	4630,83
322,39	4593,83
322,614	4748,83
322,837	4684,83
323,061	4519,83
323,284	4748,83
323,508	4644,83
323,731	4623,83
323,955	4605,83
324,178	4581,83
324,402	4709,83
324,625	4708,83
324,849	4513,83
325,072	4716,83
325,296	4762,83
325,519	4621,83
325,743	4641,83
325,966	4687,83
326,189	4741,83
326,413	4680,83
326,636	4764,83
326,859	4641,83
327,083	4924,83
327,306	4461,83
327,529	4488,83
327,753	4404,83
327,976	4756,83
328,199	4665,83
328,422	4605,83
328,646	4496,83
328,869	4494,83
329,092	4594,83
329,315	4716,83
329,538	4615,83
329,762	4610,83
329,985	4536,83
330,208	4604,83
330,431	4608,83
330,654	4735,83
330,877	4551,83
331,1	4609,83
331,323	4604,83
331,546	4756,83
331,769	4749,83
331,993	4553,83
332,216	4621,83
332,439	4633,83
332,662	4650,83
332,885	4614,83
333,107	4342,83
333,33	4544,83
333,553	5001,83
333,776	4591,83
333,999	4670,83
334,222	4589,83
334,445	4590,83
334,668	4549,83
334,891	4548,83
335,114	4421,83
335,336	4596,83
335,559	4622,83
335,782	4812,83
336,005	4655,83
336,228	4505,83
336,45	4588,83
336,673	4486,83
336,896	4621,83
337,119	4736,83
337,341	4441,83
337,564	4598,83
337,787	4628,83
338,009	4480,83
338,232	4614,83
338,455	4598,83
338,677	4565,83
338,9	4509,83
339,122	4550,83
339,345	4421,83
339,568	4444,83
339,79	4533,83
340,013	4582,83
340,235	4398,83
340,458	4754,83
340,68	4564,83
340,903	4445,83
341,125	4452,83
341,348	4436,83
341,57	4509,83
341,793	4527,83
342,015	4292,83
342,238	4402,83
342,46	4311,83
342,682	4490,83
342,905	4112,83
343,127	4308,83
343,349	4212,83
343,572	4316,83
343,794	4141,83
344,016	4232,83
344,239	4412,83
344,461	4225,83
344,683	4240,83
344,905	4324,83
345,128	4240,83
345,35	4343,83
345,572	4494,83
345,794	4503,83
346,017	4451,83
346,239	4404,83
346,461	4184,83
346,683	4428,83
346,905	4485,83
347,127	4474,83
347,349	4377,83
347,571	4498,83
347,793	4566,83
348,016	4341,83
348,238	4438,83
348,46	4445,83
348,682	4398,83
348,904	4458,83
349,126	4393,83
349,348	4340,83
349,57	4385,83
349,792	4293,83
350,014	4453,83
350,235	4362,83
350,457	4621,83
350,679	4414,83
350,901	4252,83
351,123	4342,83
351,345	4343,83
351,567	4176,83
351,789	4316,83
352,01	4383,83
352,232	4349,83
352,454	4204,83
352,676	4241,83
352,897	4168,83
353,119	4108,83
353,341	4087,83
353,563	3880,83
353,784	3983,83
354,006	3984,83
354,228	4101,83
354,449	4039,83
354,671	4356,83
354,893	4343,83
355,114	4260,83
355,336	4252,83
355,558	4266,83
355,779	4431,83
356,001	4316,83
356,222	4271,83
356,444	4246,83
356,665	4959,83
356,887	4247,83
357,108	4343,83
357,33	4228,83
357,551	4356,83
357,773	4331,83
357,994	4338,83
358,216	4161,83
358,437	4359,83
358,659	4247,83
358,88	4098,83
359,101	4416,83
359,323	4240,83
359,544	4118,83
359,765	4137,83
359,987	4205,83
360,208	4276,83
360,429	4295,83
360,651	4204,83
360,872	4236,83
361,093	4240,83
361,314	4012,83
361,536	4192,83
361,757	4221,83
361,978	4118,83
362,199	4164,83
362,42	3997,83
362,642	4292,83
362,863	4246,83
363,084	4129,83
363,305	4156,83
363,526	4199,83
363,747	4084,83
363,968	4196,83
364,189	4343,83
364,41	4095,83
364,631	3982,83
364,852	4171,83
365,073	4070,83
365,294	4078,83
365,515	4055,83
365,736	4148,83
365,957	4198,83
366,178	4060,83
366,399	4227,83
366,62	4175,83
366,841	4264,83
367,062	4268,83
367,283	4168,83
367,504	4182,83
367,724	3996,83
367,945	4075,83
368,166	4261,83
368,387	4196,83
368,608	4188,83
368,828	4304,83
369,049	4157,83
369,27	4144,83
369,491	4116,83
369,711	4212,83
369,932	4094,83
370,153	4254,83
370,373	4206,83
370,594	4486,83
370,815	4141,83
371,035	4412,83
371,256	4068,83
371,477	4136,83
371,697	4222,83
371,918	4094,83
372,138	4236,83
372,359	4356,83
372,579	4105,83
372,8	4084,83
373,02	4151,83
373,241	4340,83
373,461	4205,83
373,682	4115,83
373,902	4244,83
374,123	4192,83
374,343	4375,83
374,564	4204,83
374,784	4124,83
375,004	4209,83
375,225	4119,83
375,445	4092,83
375,666	4252,83
375,886	4012,83
376,106	4065,83
376,326	4048,83
376,547	4252,83
376,767	4242,83
376,987	4086,83
377,208	4340,83
377,428	4537,83
377,648	4382,83
377,868	4370,83
378,088	4529,83
378,309	4605,83
378,529	4628,83
378,749	4660,83
378,969	4461,83
379,189	4522,83
379,409	4510,83
379,629	4350,83
379,849	4562,83
380,069	4352,83
380,29	4369,83
380,51	4370,83
380,73	4436,83
380,95	4601,83
381,17	4385,83
381,39	4328,83
381,61	4212,83
381,829	4328,83
382,049	4321,83
382,269	4404,83
382,489	4412,83
382,709	4284,83
382,929	4270,83
383,149	4407,83
383,369	4645,83
383,589	4292,83
383,808	4398,83
384,028	4284,83
384,248	4383,83
384,468	4423,83
384,688	4324,83
384,907	4382,83
385,127	4420,83
385,347	4406,83
385,567	4484,83
385,786	4596,83
386,006	4257,83
386,226	4532,83
386,445	4476,83
386,665	4589,83
386,885	4848,83
387,104	4596,83
387,324	4740,83
387,543	4736,83
387,763	4780,83
387,982	4888,83
388,202	4684,83
388,422	4913,83
388,641	4668,83
388,861	4762,83
389,08	4724,83
389,3	4663,83
389,519	4862,83
389,738	4684,83
389,958	4732,83
390,177	4928,83
390,397	4725,83
390,616	4849,83
390,836	4844,83
391,055	4815,83
391,274	4924,83
391,494	4973,83
391,713	4956,83
391,932	5100,83
392,151	5126,83
392,371	5002,83
392,59	5198,83
392,809	5108,83
393,029	5045,83
393,248	4973,83
393,467	4725,83
393,686	4751,83
393,905	5598,83
394,124	4676,83
394,344	4915,83
394,563	4918,83
394,782	4759,83
395,001	4819,83
395,22	4711,83
395,439	4898,83
395,658	4529,83
395,877	5069,83
396,096	4894,83
396,315	5085,83
396,534	4996,83
396,753	5022,83
396,972	5100,83
397,191	5216,83
397,41	5386,83
397,629	5449,83
397,848	5344,83
398,067	5319,83
398,286	5541,83
398,505	5350,83
398,724	5312,83
398,943	5687,83
399,161	5078,83
399,38	5119,83
399,599	5133,83
399,818	4978,83
400,037	5142,83
400,255	4940,83
400,474	4934,83
400,693	5049,83
400,912	5095,83
401,13	4964,83
401,349	4873,83
401,568	4750,83
401,786	5044,83
402,005	4884,83
402,224	4870,83
402,442	4821,83
402,661	4856,83
402,88	4832,83
403,098	4723,83
403,317	4788,83
403,535	4809,83
403,754	4642,83
403,972	4868,83
404,191	4599,83
404,409	4968,83
404,628	5341,83
404,846	5065,83
405,065	5028,83
405,283	5152,83
405,502	5007,83
405,72	4954,83
405,938	4892,83
406,157	4682,83
406,375	4613,83
406,594	4932,83
406,812	4741,83
407,03	4692,83
407,249	4412,83
407,467	4664,83
407,685	4902,83
407,903	4748,83
408,122	4975,83
408,34	4997,83
408,558	4928,83
408,776	4903,83
408,995	4881,83
409,213	4848,83
409,431	4919,83
409,649	4920,83
409,867	4859,83
410,085	4802,83
410,303	4804,83
410,522	4552,83
410,74	4617,83
410,958	4703,83
411,176	4766,83
411,394	4636,83
411,612	4673,83
411,83	4853,83
412,048	4776,83
412,266	4864,83
412,484	4905,83
412,702	5092,83
412,92	4758,83
413,138	4872,83
413,356	4864,83
413,573	4832,83
413,791	4844,83
414,009	4587,83
414,227	4732,83
414,445	4498,83
414,663	4558,83
414,881	4604,83
415,098	4607,83
415,316	4654,83
415,534	5173,83
415,752	4652,83
415,969	4825,83
416,187	4578,83
416,405	4864,83
416,623	4708,83
416,84	4564,83
417,058	4636,83
417,276	4768,83
417,493	4628,83
417,711	4676,83
417,928	4670,83
418,146	4549,83
418,364	4732,83
418,581	4687,83
418,799	4520,83
419,016	4541,83
419,234	4569,83
419,451	5078,83
419,669	4717,83
419,886	4761,83
420,104	4780,83
420,321	4861,83
420,539	5020,83
420,756	5108,83
420,974	5156,83
421,191	5164,83
421,408	5252,83
421,626	5214,83
421,843	5081,83
422,06	4988,83
422,278	4775,83
422,495	4991,83
422,712	4837,83
422,93	4980,83
423,147	4838,83
423,364	4900,83
423,581	4901,83
423,799	4751,83
424,016	4823,83
424,233	4863,83
424,45	4777,83
424,667	4920,83
424,884	4694,83
425,102	4796,83
425,319	4589,83
425,536	4548,83
425,753	4739,83
425,97	4543,83
426,187	4562,83
426,404	4564,83
426,621	4848,83
426,838	4831,83
427,055	4873,83
427,272	4820,83
427,489	4852,83
427,706	4673,83
427,923	4581,83
428,14	4708,83
428,357	4900,83
428,574	4832,83
428,791	4930,83
429,008	5031,83
429,224	5084,83
429,441	5057,83
429,658	5406,83
429,875	5541,83
430,092	5373,83
430,308	5300,83
430,525	5212,83
430,742	5084,83
430,959	4924,83
431,175	4673,83
431,392	4724,83
431,609	4632,83
431,826	4510,83
432,042	4111,83
432,259	4378,83
432,476	4624,83
432,692	4405,83
432,909	4574,83
433,125	4884,83
433,342	4865,83
433,559	5124,83
433,775	4935,83
433,992	4722,83
434,208	4501,83
434,425	4518,83
434,641	4564,83
434,858	4741,83
435,074	4572,83
435,291	4401,83
435,507	4593,83
435,723	4627,83
435,94	4645,83
436,156	4724,83
436,373	4773,83
436,589	4641,83
436,805	4617,83
437,022	4527,83
437,238	4446,83
437,454	4499,83
437,671	4488,83
437,887	4626,83
438,103	4513,83
438,319	4572,83
438,536	4751,83
438,752	4604,83
438,968	4612,83
439,184	4508,83
439,4	4460,83
439,616	4333,83
439,833	4559,83
440,049	4397,83
440,265	4671,83
440,481	4695,83
440,697	4892,83
440,913	5040,83
441,129	5239,83
441,345	5092,83
441,561	5061,83
441,777	4877,83
441,993	4732,83
442,209	4685,83
442,425	4814,83
442,641	4573,83
442,857	4799,83
443,073	4841,83
443,289	4812,83
443,505	4703,83
443,721	4938,83
443,937	4763,83
444,152	4695,83
444,368	4689,83
444,584	4649,83
444,8	4725,83
445,016	4615,83
445,231	4599,83
445,447	4700,83
445,663	4630,83
445,879	4625,83
446,094	4669,83
446,31	4743,83
446,526	4561,83
446,742	4596,83
446,957	4478,83
447,173	4488,83
447,388	4551,83
447,604	4544,83
447,82	4449,83
448,035	4497,83
448,251	4368,83
448,466	4533,83
448,682	4454,83
448,897	4399,83
449,113	4485,83
449,328	4732,83
449,544	4358,83
449,759	4720,83
449,975	4356,83
450,19	4266,83
450,406	4303,83
450,621	4212,83
450,836	4204,83
451,052	4220,83
451,267	4109,83
451,483	3968,83
451,698	4153,83
451,913	4243,83
452,129	4233,83
452,344	4050,83
452,559	4212,83
452,774	4041,83
452,99	3965,83
453,205	3985,83
453,42	4031,83
453,635	4025,83
453,85	3956,83
454,066	4039,83
454,281	4049,83
454,496	4055,83
454,711	4253,83
454,926	4284,83
455,141	4056,83
455,356	4093,83
455,571	3919,83
455,786	3985,83
456,001	3876,83
456,217	3780,83
456,432	3934,83
456,647	3957,83
456,861	3977,83
457,076	4049,83
457,291	4204,83
457,506	4092,83
457,721	4151,83
457,936	4223,83
458,151	4173,83
458,366	4143,83
458,581	4124,83
458,796	4340,83
459,01	4301,83
459,225	4077,83
459,44	4053,83
459,655	4102,83
459,87	3996,83
460,084	3938,83
460,299	3973,83
460,514	4192,83
460,729	4358,83
460,943	3909,83
461,158	3766,83
461,373	3852,83
461,587	3960,83
461,802	3574,83
462,016	3805,83
462,231	3548,83
462,446	3733,83
462,66	3692,83
462,875	3756,83
463,089	3836,83
463,304	3895,83
463,518	3885,83
463,733	3908,83
463,947	3940,83
464,162	3909,83
464,376	4057,83
464,591	4132,83
464,805	3972,83
465,02	4172,83
465,234	4228,83
465,448	4180,83
465,663	4056,83
465,877	3980,83
466,091	3808,83
466,306	3868,83
466,52	3900,83
466,734	3644,83
466,949	3626,83
467,163	3698,83
467,377	3500,83
467,591	3742,83
467,806	3541,83
468,02	3196,83
468,234	3337,83
468,448	3488,83
468,662	3427,83
468,876	3562,83
469,091	3310,83
469,305	3390,83
469,519	3285,83
469,733	3214,83
469,947	3231,83
470,161	3324,83
470,375	3132,83
470,589	3232,83
470,803	3206,83
471,017	3100,83
471,231	3278,83
471,445	3113,83
471,659	3233,83
471,873	3349,83
472,087	3225,83
472,301	3351,83
472,515	3373,83
472,728	3289,83
472,942	3393,83
473,156	3394,83
473,37	3412,83
473,584	3348,83
473,798	3338,83
474,011	3292,83
474,225	3309,83
474,439	3493,83
474,653	3552,83
474,866	3489,83
475,08	3447,83
475,294	3508,83
475,507	3238,83
475,721	3348,83
475,935	3366,83
476,148	3173,83
476,362	3176,83
476,576	3196,83
476,789	3226,83
477,003	3463,83
477,216	3292,83
477,43	3414,83
477,643	3420,83
477,857	3516,83
478,07	3420,83
478,284	3372,83
478,497	3180,83
478,711	3359,83
478,924	3305,83
479,138	3296,83
479,351	3484,83
479,564	3261,83
479,778	3588,83
479,991	3312,83
480,204	3448,83
480,418	3533,83
480,631	3364,83
480,844	3363,83
481,058	3479,83
481,271	3439,83
481,484	3650,83
481,697	3380,83
481,911	3412,83
482,124	3423,83
482,337	3359,83
482,55	3225,83
482,763	3278,83
482,976	3429,83
483,19	3287,83
483,403	3335,83
483,616	3436,83
483,829	3512,83
484,042	3564,83
484,255	3644,83
484,468	3536,83
484,681	3620,83
484,894	4199,83
485,107	6870,83
485,32	9146,83
485,533	9173,83
485,746	8278,83
485,959	7238,83
486,172	6224,83
486,385	4751,83
486,598	4245,83
486,81	3613,83
487,023	3600,83
487,236	3502,83
487,449	3434,83
487,662	3141,83
487,875	3215,83
488,087	3188,83
488,3	3255,83
488,513	3076,83
488,726	3109,83
488,938	3192,83
489,151	3137,83
489,364	3088,83
489,576	3119,83
489,789	3180,83
490,002	3168,83
490,214	3073,83
490,427	2980,83
490,64	3132,83
490,852	3084,83
491,065	2972,83
491,277	2921,83
491,49	3118,83
491,702	2857,83
491,915	3061,83
492,127	3078,83
492,34	3012,83
492,552	2937,83
492,765	3076,83
492,977	3137,83
493,19	2985,83
493,402	3024,83
493,614	2958,83
493,827	2928,83
494,039	2956,83
494,251	2964,83
494,464	3006,83
494,676	2780,83
494,888	2724,83
495,101	2846,83
495,313	2765,83
495,525	2997,83
495,737	3196,83
495,95	2941,83
496,162	3253,83
496,374	2980,83
496,586	2852,83
496,798	2858,83
497,01	2796,83
497,222	2445,83
497,435	2850,83
497,647	2842,83
497,859	2696,83
498,071	2780,83
498,283	2853,83
498,495	2860,83
498,707	3021,83
498,919	2932,83
499,131	3020,83
499,343	2750,83
499,555	2847,83
499,767	2890,83
499,979	2799,83
500,191	2957,83
500,402	2693,83
500,614	2928,83
500,826	2972,83
501,038	2780,83
501,25	2879,83
501,462	2735,83
501,673	2916,83
501,885	2871,83
502,097	2951,83
502,309	2873,83
502,521	2769,83
502,732	2849,83
502,944	2791,83
503,156	2771,83
503,367	2726,83
503,579	2505,83
503,791	2824,83
504,002	2625,83
504,214	2719,83
504,425	2960,83
504,637	2830,83
504,849	2988,83
505,06	2740,83
505,272	2752,83
505,483	2672,83
505,695	2756,83
505,906	2641,83
506,118	2864,83
506,329	2647,83
506,541	2550,83
506,752	2726,83
506,963	2524,83
507,175	2437,83
507,386	2701,83
507,598	2628,83
507,809	2481,83
508,02	2604,83
508,232	2580,83
508,443	2517,83
508,654	2639,83
508,865	2518,83
509,077	2380,83
509,288	2393,83
509,499	2628,83
509,71	2406,83
509,922	2518,83
510,133	2380,83
510,344	2556,83
510,555	2402,83
510,766	2449,83
510,977	2421,83
511,188	2449,83
511,4	2583,83
511,611	2343,83
511,822	2420,83
512,033	2342,83
512,244	2429,83
512,455	2408,83
512,666	2261,83
512,877	2449,83
513,088	2317,83
513,299	2300,83
513,51	2430,83
513,721	2136,83
513,931	2305,83
514,142	2399,83
514,353	2369,83
514,564	2309,83
514,775	2222,83
514,986	2325,83
515,196	2409,83
515,407	2228,83
515,618	2253,83
515,829	2241,83
516,04	2331,83
516,25	2268,83
516,461	2164,83
516,672	2340,83
516,882	2189,83
517,093	2277,83
517,304	2215,83
517,514	1976,83
517,725	2272,83
517,936	2119,83
518,146	2084,83
518,357	2232,83
518,567	2202,83
518,778	2396,83
518,988	2290,83
519,199	2349,83
519,409	2117,83
519,62	2194,83
519,83	1991,83
520,041	2104,83
520,251	2172,83
520,462	2171,83
520,672	2135,83
520,882	2156,83
521,093	2140,83
521,303	2623,83
521,513	2085,83
521,724	2832,83
521,934	2030,83
522,144	2158,83
522,355	1805,83
522,565	2140,83
522,775	2049,83
522,985	2040,83
523,196	2068,83
523,406	2086,83
523,616	2258,83
523,826	1956,83
524,036	2732,83
524,246	1904,83
524,457	2050,83
524,667	1897,83
524,877	1993,83
525,087	2060,83
525,297	2084,83
525,507	2052,83
525,717	1975,83
525,927	2026,83
526,137	1959,83
526,347	2174,83
526,557	1908,83
526,767	2016,83
526,977	2246,83
527,187	1948,83
527,397	1878,83
527,607	1865,83
527,816	1985,83
528,026	2076,83
528,236	2081,83
528,446	2085,83
528,656	2172,83
528,865	2236,83
529,075	2020,83
529,285	2002,83
529,495	2044,83
529,704	2081,83
529,914	1974,83
530,124	1868,83
530,334	1912,83
530,543	1993,83
530,753	2221,83
530,963	2213,83
531,172	2226,83
531,382	1919,83
531,591	2157,83
531,801	1909,83
532,01	1908,83
532,22	1918,83
532,43	1991,83
532,639	2127,83
532,849	2172,83
533,058	2015,83
533,267	2084,83
533,477	1986,83
533,686	2022,83
533,896	2013,83
534,105	2005,83
534,315	1916,83
534,524	2006,83
534,733	1990,83
534,943	2096,83
535,152	2086,83
535,361	1897,83
535,57	1871,83
535,78	1882,83
535,989	1844,83
536,198	1830,83
536,407	1804,83
536,617	1807,83
536,826	1876,83
537,035	1936,83
537,244	1943,83
537,453	1740,83
537,662	1822,83
537,872	2065,83
538,081	1908,83
538,29	1861,83
538,499	1908,83
538,708	1872,83
538,917	1969,83
539,126	1921,83
539,335	1865,83
539,544	2399,83
539,753	1813,83
539,962	1709,83
540,171	1853,83
540,38	1945,83
540,589	1903,83
540,797	2029,83
541,006	1877,83
541,215	1769,83
541,424	2156,83
541,633	1856,83
541,842	1852,83
542,05	2012,83
542,259	1972,83
542,468	1940,83
542,677	1972,83
542,885	1910,83
543,094	1920,83
543,303	1802,83
543,512	1964,83
543,72	2004,83
543,929	2045,83
544,138	1868,83
544,346	1810,83
544,555	1948,83
544,763	1932,83
544,972	1884,83
545,18	1820,83
545,389	1840,83
545,598	1772,83
545,806	1868,83
546,015	1759,83
546,223	1684,83
546,431	1812,83
546,64	1758,83
546,848	1860,83
547,057	1914,83
547,265	1980,83
547,474	1852,83
547,682	1869,83
547,89	1980,83
548,099	1924,83
548,307	1862,83
548,515	1668,83
548,723	1838,83
548,932	1714,83
549,14	1800,83
549,348	1855,83
549,556	1700,83
549,765	1733,83
549,973	1452,83
550,181	1673,83
550,389	1719,83
550,597	1796,83
550,805	1638,83
551,014	1679,83
551,222	4316,83
551,43	1662,83
551,638	1913,83
551,846	1889,83
552,054	1912,83
552,262	1943,83
552,47	1724,83
552,678	1745,83
552,886	1804,83
553,094	1693,83
553,302	1799,83
553,51	1782,83
553,717	1804,83
553,925	1669,83
554,133	1878,83
554,341	1644,83
554,549	1740,83
554,757	1674,83
554,965	1917,83
555,172	1743,83
555,38	2029,83
555,588	1654,83
555,796	1820,83
556,003	1812,83
556,211	1716,83
556,419	1723,83
556,626	1756,83
556,834	1541,83
557,042	1632,83
557,249	2007,83
557,457	1730,83
557,664	1566,83
557,872	1536,83
558,08	1470,83
558,287	1673,83
558,495	1653,83
558,702	1586,83
558,91	1596,83
559,117	1569,83
559,325	1665,83
559,532	1808,83
559,74	1781,83
559,947	1670,83
560,154	1734,83
560,362	1580,83
560,569	1655,83
560,776	1609,83
560,984	1660,83
561,191	1668,83
561,398	1637,83
561,606	1887,83
561,813	1601,83
562,02	1488,83
562,227	1471,83
562,435	1583,83
562,642	1613,83
562,849	1601,83
563,056	1647,83
563,263	1552,83
563,471	1767,83
563,678	1669,83
563,885	1597,83
564,092	1575,83
564,299	1668,83
564,506	1588,83
564,713	1588,83
564,92	1754,83
565,127	1684,83
565,334	1710,83
565,541	1877,83
565,748	1620,83
565,955	1376,83
566,162	1592,83
566,369	1631,83
566,576	1724,83
566,783	1756,83
566,99	1741,83
567,196	1802,83
567,403	1910,83
567,61	1888,83
567,817	1751,83
568,024	1765,83
568,23	1599,83
568,437	1766,83
568,644	1744,83
568,851	1871,83
569,057	2165,83
569,264	2126,83
569,471	2008,83
569,677	2063,83
569,884	1987,83
570,091	2073,83
570,297	2748,83
570,504	2246,83
570,71	2061,83
570,917	2065,83
571,123	2007,83
571,33	2138,83
571,536	2068,83
571,743	2119,83
571,949	1878,83
572,156	1744,83
572,362	1905,83
572,569	1879,83
572,775	2036,83
572,982	2165,83
573,188	2110,83
573,394	1996,83
573,601	1984,83
573,807	2068,83
574,013	2256,83
574,22	2124,83
574,426	1852,83
574,632	2218,83
574,838	1972,83
575,045	1833,83
575,251	1853,83
575,457	1828,83
575,663	1991,83
575,869	1920,83
576,076	1895,83
576,282	2068,83
576,488	1996,83
576,694	1935,83
576,9	1920,83
577,106	2114,83
577,312	2340,83
577,518	2386,83
577,724	2268,83
577,93	2100,83
578,136	1924,83
578,342	1812,83
578,548	1777,83
578,754	1744,83
578,96	1790,83
579,166	1900,83
579,372	2104,83
579,578	1980,83
579,784	2010,83
579,989	1922,83
580,195	1826,83
580,401	1828,83
580,607	2013,83
580,813	2268,83
581,018	2542,83
581,224	2468,83
581,43	2367,83
581,636	2221,83
581,841	2231,83
582,047	2012,83
582,253	1966,83
582,458	1706,83
582,664	1603,83
582,869	1613,83
583,075	1656,83
583,281	1836,83
583,486	1726,83
583,692	1765,83
583,897	1931,83
584,103	1805,83
584,308	1908,83
584,514	1940,83
584,719	1910,83
584,925	1927,83
585,13	1911,83
585,335	1772,83
585,541	1782,83
585,746	1616,83
585,952	1548,83
586,157	1622,83
586,362	1642,83
586,568	1743,83
586,773	1928,83
586,978	1700,83
587,183	1724,83
587,389	1746,83
587,594	1571,83
587,799	1663,83
588,004	1730,83
588,21	1669,83
588,415	1469,83
588,62	1544,83
588,825	1548,83
589,03	1417,83
589,235	1831,83
589,44	1694,83
589,645	1407,83
589,85	1484,83
590,055	1548,83
590,26	1373,83
590,465	1389,83
590,67	1308,83
590,875	1514,83
591,08	1457,83
591,285	1400,83
591,49	1473,83
591,695	1332,83
591,9	1365,83
592,105	1464,83
592,31	1516,83
592,515	1734,83
592,719	1431,83
592,924	1444,83
593,129	1501,83
593,334	1502,83
593,539	1223,83
593,743	1476,83
593,948	1503,83
594,153	1372,83
594,357	1629,83
594,562	1388,83
594,767	1808,83
594,971	1326,83
595,176	1377,83
595,381	1532,83
595,585	1364,83
595,79	1464,83
595,994	1261,83
596,199	1697,83
596,403	1140,83
596,608	1252,83
596,812	1306,83
597,017	1436,83
597,221	1500,83
597,426	1510,83
597,63	1326,83
597,835	1338,83
598,039	1252,83
598,243	1365,83
598,448	1605,83
598,652	1399,83
598,856	1329,83
599,061	1416,83
599,265	1453,83
599,469	1292,83
599,673	1464,83
599,878	1472,83
600,082	1360,83
600,286	1420,83
600,49	1374,83
600,695	1204,83
600,899	1300,83
601,103	1365,83
601,307	1398,83
601,511	1217,83
601,715	1284,83
601,919	1332,83
602,123	1385,83
602,327	1450,83
602,531	1348,83
602,735	1508,83
602,939	1441,83
603,143	1316,83
603,347	1361,83
603,551	1335,83
603,755	1417,83
603,959	1316,83
604,163	1361,83
604,367	1280,83
604,571	1244,83
604,775	1364,83
604,978	1324,83
605,182	1260,83
605,386	1365,83
605,59	1284,83
605,793	1279,83
605,997	1385,83
606,201	1325,83
606,405	1268,83
606,608	1415,83
606,812	1292,83
607,016	1417,83
607,219	1268,83
607,423	1229,83
607,627	1422,83
607,83	1516,83
608,034	1286,83
608,237	1309,83
608,441	1230,83
608,644	1154,83
608,848	1336,83
609,051	1314,83
609,255	1264,83
609,458	1399,83
609,662	1324,83
609,865	1312,83
610,069	1239,83
610,272	1192,83
610,475	1404,83
610,679	1242,83
610,882	1342,83
611,085	1256,83
611,289	1361,83
611,492	1222,83
611,695	1196,83
611,898	1261,83
612,102	1311,83
612,305	1290,83
612,508	1285,83
612,711	1400,83
612,914	1228,83
613,118	1412,83
613,321	1250,83
613,524	1204,83
613,727	1228,83
613,93	1222,83
614,133	1325,83
614,336	1279,83
614,539	1212,83
614,742	1052,83
614,945	1304,83
615,148	1279,83
615,351	1244,83
615,554	1348,83
615,757	1173,83
615,96	1343,83
616,163	1262,83
616,366	1036,83
616,569	1260,83
616,772	1404,83
616,974	1247,83
617,177	1396,83
617,38	1279,83
617,583	1292,83
617,786	1248,83
617,988	1085,83
618,191	1340,83
618,394	1204,83
618,596	1143,83
618,799	1190,83
619,002	1239,83
619,204	1373,83
619,407	1268,83
619,61	1216,83
619,812	1213,83
620,015	1224,83
620,217	1350,83
620,42	1237,83
620,623	1192,83
620,825	1266,83
621,028	1381,83
621,23	1325,83
621,432	1060,83
621,635	1309,83
621,837	1236,83
622,04	1177,83
622,242	1143,83
622,445	1277,83
622,647	1335,83
622,849	1285,83
623,052	1204,83
623,254	1361,83
623,456	1143,83
623,658	1397,83
623,861	1360,83
624,063	1268,83
624,265	1292,83
624,467	1280,83
624,67	1306,83
624,872	1200,83
625,074	1446,83
625,276	1322,83
625,478	1292,83
625,68	1084,83
625,882	1153,83
626,084	1256,83
626,287	1343,83
626,489	1285,83
626,691	1252,83
626,893	1326,83
627,095	1230,83
627,297	1362,83
627,499	1141,83
627,7	1062,83
627,902	1098,83
628,104	1028,83
628,306	1188,83
628,508	1180,83
628,71	1244,83
628,912	1295,83
629,114	1430,83
629,315	1190,83
629,517	1250,83
629,719	994,83
629,921	1302,83
630,122	1222,83
630,324	1112,83
630,526	1368,83
630,728	1278,83
630,929	1180,83
631,131	1156,83
631,332	1384,83
631,534	1292,83
631,736	1141,83
631,937	1135,83
632,139	1228,83
632,34	1226,83
632,542	1265,83
632,743	1261,83
632,945	1142,83
633,146	865,83
633,348	1263,83
633,549	1101,83
633,751	1132,83
633,952	1145,83
634,154	1100,83
634,355	1052,83
634,556	1160,83
634,758	1231,83
634,959	1173,83
635,16	1257,83
635,362	1198,83
635,563	1182,83
635,764	1182,83
635,965	1390,83
636,167	1170,83
636,368	1200,83
636,569	1154,83
636,77	1274,83
636,971	1191,83
637,172	1222,83
637,374	1162,83
637,575	1304,83
637,776	1084,83
637,977	1047,83
638,178	1121,83
638,379	1080,83
638,58	1210,83
638,781	1082,83
638,982	1156,83
639,183	1156,83
639,384	1099,83
639,585	1197,83
639,786	1032,83
639,987	1104,83
640,187	1310,83
640,388	1258,83
640,589	1101,83
640,79	1118,83
640,991	1170,83
641,192	1317,83
641,392	1061,83
641,593	1353,83
641,794	1102,83
641,995	1132,83
642,195	1036,83
642,396	1088,83
642,597	1087,83
642,797	1146,83
642,998	1182,83
643,199	1094,83
643,399	1220,83
643,6	1031,83
643,8	1071,83
644,001	1124,83
644,202	1142,83
644,402	1050,83
644,603	1226,83
644,803	1021,83
645,004	1175,83
645,204	1012,83
645,404	1154,83
645,605	1388,83
645,805	1048,83
646,006	1076,83
646,206	1412,83
646,406	1060,83
646,607	936,83
646,807	1012,83
647,007	-3,17
647,208	-55,17
647,408	23,83
647,608	-1,17
