200,697	1025,83
200,927	-72,17
201,158	-11,17
201,388	-43,17
201,618	1037,83
201,849	882,83
202,079	1077,83
202,309	1051,83
202,539	1107,83
202,77	1031,83
203	1151,83
203,23	1084,83
203,46	1090,83
203,691	1108,83
203,921	1091,83
204,151	1159,83
204,381	1093,83
204,611	1193,83
204,841	877,83
205,071	1109,83
205,302	1175,83
205,532	1122,83
205,762	2988,83
205,992	1029,83
206,222	1031,83
206,452	1178,83
206,682	1060,83
206,912	1146,83
207,142	1171,83
207,372	1128,83
207,602	1039,83
207,832	1039,83
208,062	1187,83
208,292	1122,83
208,522	1017,83
208,752	1143,83
208,982	1061,83
209,212	1225,83
209,442	1035,83
209,672	1069,83
209,902	1271,83
210,131	1169,83
210,361	1039,83
210,591	1272,83
210,821	964,83
211,051	1168,83
211,281	1095,83
211,51	1102,83
211,74	1261,83
211,97	1043,83
212,2	1149,83
212,429	1289,83
212,659	1121,83
212,889	1119,83
213,119	1044,83
213,348	1279,83
213,578	1215,83
213,808	1224,83
214,037	1247,83
214,267	1036,83
214,497	1148,83
214,726	1052,83
214,956	1028,83
215,186	1015,83
215,415	1235,83
215,645	1131,83
215,874	1208,83
216,104	1121,83
216,333	1192,83
216,563	1089,83
216,792	1120,83
217,022	1191,83
217,251	1159,83
217,481	1054,83
217,71	1140,83
217,94	1079,83
218,169	1147,83
218,399	1159,83
218,628	1056,83
218,858	1212,83
219,087	1245,83
219,316	1223,83
219,546	1072,83
219,775	1149,83
220,004	1151,83
220,234	989,83
220,463	1191,83
220,692	1031,83
220,922	1050,83
221,151	1177,83
221,38	1083,83
221,61	1426,83
221,839	1321,83
222,068	1207,83
222,297	1223,83
222,526	1169,83
222,756	1215,83
222,985	1255,83
223,214	1167,83
223,443	1147,83
223,672	1586,83
223,902	1177,83
224,131	1144,83
224,36	1239,83
224,589	1057,83
224,818	1146,83
225,047	1204,83
225,276	1044,83
225,505	1356,83
225,734	1167,83
225,963	1071,83
226,192	1124,83
226,421	1136,83
226,65	1135,83
226,879	1202,83
227,108	1242,83
227,337	1234,83
227,566	1322,83
227,795	1160,83
228,024	1195,83
228,253	1200,83
228,482	1071,83
228,711	1207,83
228,94	1264,83
229,168	1111,83
229,397	1288,83
229,626	1418,83
229,855	1085,83
230,084	1135,83
230,313	1189,83
230,541	1160,83
230,77	1183,83
230,999	1087,83
231,228	1309,83
231,456	1264,83
231,685	1172,83
231,914	1231,83
232,143	1191,83
232,371	1231,83
232,6	1136,83
232,829	1191,83
233,057	1239,83
233,286	1218,83
233,515	1111,83
233,743	1226,83
233,972	1143,83
234,2	1256,83
234,429	1280,83
234,658	1255,83
234,886	1167,83
235,115	1215,83
235,343	1275,83
235,572	1180,83
235,8	1291,83
236,029	1474,83
236,257	1207,83
236,486	1298,83
236,714	1359,83
236,943	1319,83
237,171	1217,83
237,399	1239,83
237,628	1311,83
237,856	1241,83
238,085	1296,83
238,313	1295,83
238,541	1107,83
238,77	1475,83
238,998	1178,83
239,226	1276,83
239,455	1249,83
239,683	1441,83
239,911	1218,83
240,14	1440,83
240,368	1353,83
240,596	1263,83
240,824	1352,83
241,053	1235,83
241,281	1264,83
241,509	1314,83
241,737	1199,83
241,965	1163,83
242,193	1208,83
242,422	1268,83
242,65	1268,83
242,878	1223,83
243,106	1371,83
243,334	1242,83
243,562	1296,83
243,79	1355,83
244,018	1417,83
244,246	1290,83
244,474	1332,83
244,702	1263,83
244,93	1297,83
245,158	1288,83
245,386	1313,83
245,614	1316,83
245,842	1423,83
246,07	1300,83
246,298	1383,83
246,526	1676,83
246,754	1240,83
246,982	1351,83
247,21	1392,83
247,438	1298,83
247,666	1367,83
247,893	1373,83
248,121	1229,83
248,349	1311,83
248,577	1441,83
248,805	1351,83
249,033	1175,83
249,26	1609,83
249,488	1243,83
249,716	1372,83
249,944	1351,83
250,171	1291,83
250,399	1315,83
250,627	1447,83
250,854	1252,83
251,082	1311,83
251,31	1407,83
251,537	1379,83
251,765	1603,83
251,993	1362,83
252,22	1567,83
252,448	1333,83
252,676	1463,83
252,903	1411,83
253,131	1641,83
253,358	1479,83
253,586	1289,83
253,813	1271,83
254,041	1435,83
254,268	1368,83
254,496	1280,83
254,723	1394,83
254,951	1412,83
255,178	1365,83
255,406	1376,83
255,633	1344,83
255,86	1577,83
256,088	1363,83
256,315	1351,83
256,543	1500,83
256,77	1400,83
256,997	1365,83
257,225	1460,83
257,452	1163,83
257,679	1364,83
257,907	1437,83
258,134	1144,83
258,361	1543,83
258,588	1429,83
258,816	1336,83
259,043	1371,83
259,27	1443,83
259,497	1431,83
259,725	1319,83
259,952	1365,83
260,179	1319,83
260,406	1391,83
260,633	1287,83
260,86	1411,83
261,088	1391,83
261,315	1503,83
261,542	1265,83
261,769	1340,83
261,996	1575,83
262,223	1489,83
262,45	1519,83
262,677	1255,83
262,904	1445,83
263,131	1432,83
263,358	1392,83
263,585	1459,83
263,812	1673,83
264,039	1474,83
264,266	1387,83
264,493	1395,83
264,72	1377,83
264,947	1404,83
265,174	1568,83
265,401	1425,83
265,627	1482,83
265,854	1379,83
266,081	1347,83
266,308	1407,83
266,535	1389,83
266,762	1247,83
266,988	1295,83
267,215	1388,83
267,442	1383,83
267,669	1347,83
267,896	1145,83
268,122	1361,83
268,349	1415,83
268,576	1175,83
268,802	1347,83
269,029	1347,83
269,256	1399,83
269,482	1351,83
269,709	1351,83
269,936	1343,83
270,162	1575,83
270,389	1391,83
270,616	1391,83
270,842	1473,83
271,069	1471,83
271,295	1346,83
271,522	1306,83
271,748	1377,83
271,975	1545,83
272,201	1558,83
272,428	1397,83
272,654	1355,83
272,881	1601,83
273,107	1323,83
273,334	1354,83
273,56	1441,83
273,787	1335,83
274,013	1439,83
274,239	1631,83
274,466	1375,83
274,692	1395,83
274,918	1385,83
275,145	1427,83
275,371	1412,83
275,597	1515,83
275,824	1373,83
276,05	1469,83
276,276	1323,83
276,503	1403,83
276,729	1367,83
276,955	1328,83
277,181	1653,83
277,407	1425,83
277,634	1576,83
277,86	1399,83
278,086	1511,83
278,312	1392,83
278,538	1338,83
278,764	1401,83
278,991	1535,83
279,217	1228,83
279,443	1343,83
279,669	1347,83
279,895	1448,83
280,121	1346,83
280,347	1362,83
280,573	1351,83
280,799	1410,83
281,025	1511,83
281,251	1279,83
281,477	1473,83
281,703	1407,83
281,929	1338,83
282,155	1394,83
282,381	1447,83
282,607	1426,83
282,833	1303,83
283,059	1466,83
283,285	1405,83
283,51	1391,83
283,736	1287,83
283,962	1391,83
284,188	1369,83
284,414	1420,83
284,64	1493,83
284,865	1409,83
285,091	1384,83
285,317	1497,83
285,543	1348,83
285,768	1509,83
285,994	1408,83
286,22	1439,83
286,446	1499,83
286,671	1153,83
286,897	1514,83
287,123	1418,83
287,348	1443,83
287,574	1754,83
287,799	1431,83
288,025	1419,83
288,251	1578,83
288,476	1412,83
288,702	1471,83
288,927	1494,83
289,153	1357,83
289,378	1623,83
289,604	1497,83
289,829	1511,83
290,055	1332,83
290,28	1580,83
290,506	1529,83
290,731	1430,83
290,957	1521,83
291,182	1559,83
291,408	1429,83
291,633	1477,83
291,858	1394,83
292,084	1482,83
292,309	1376,83
292,535	1436,83
292,76	1530,83
292,985	1512,83
293,211	1420,83
293,436	1328,83
293,661	1343,83
293,886	1436,83
294,112	1463,83
294,337	1450,83
294,562	1328,83
294,787	1497,83
295,013	1711,83
295,238	1433,83
295,463	1536,83
295,688	1559,83
295,913	1511,83
296,138	1479,83
296,364	1506,83
296,589	1474,83
296,814	1396,83
297,039	1447,83
297,264	1497,83
297,489	1506,83
297,714	1399,83
297,939	1400,83
298,164	1534,83
298,389	1498,83
298,614	1327,83
298,839	1546,83
299,064	1543,83
299,289	1461,83
299,514	1576,83
299,739	1527,83
299,964	1464,83
300,189	1418,83
300,414	1531,83
300,639	1565,83
300,863	1425,83
301,088	1751,83
301,313	1489,83
301,538	1436,83
301,763	1448,83
301,988	1495,83
302,212	1544,83
302,437	1783,83
302,662	1420,83
302,887	1447,83
303,111	1449,83
303,336	1583,83
303,561	1491,83
303,786	1513,83
304,01	1604,83
304,235	1596,83
304,46	1346,83
304,684	1500,83
304,909	1371,83
305,134	1351,83
305,358	1525,83
305,583	1640,83
305,807	1392,83
306,032	1357,83
306,256	1415,83
306,481	1492,83
306,706	1439,83
306,93	1365,83
307,155	1671,83
307,379	1431,83
307,604	1506,83
307,828	1394,83
308,052	1616,83
308,277	1513,83
308,501	1456,83
308,726	1549,83
308,95	1490,83
309,175	1423,83
309,399	1580,83
309,623	1339,83
309,848	1415,83
310,072	1324,83
310,296	1752,83
310,521	1455,83
310,745	1370,83
310,969	1650,83
311,193	1578,83
311,418	1455,83
311,642	1511,83
311,866	1504,83
312,09	1404,83
312,315	1511,83
312,539	1608,83
312,763	1439,83
312,987	1562,83
313,211	1421,83
313,435	1511,83
313,659	1305,83
313,884	1641,83
314,108	1601,83
314,332	1611,83
314,556	1393,83
314,78	1719,83
315,004	1509,83
315,228	1603,83
315,452	1498,83
315,676	1531,83
315,9	1511,83
316,124	1383,83
316,348	1458,83
316,572	1530,83
316,796	1517,83
317,02	1473,83
317,244	1505,83
317,468	1412,83
317,691	1545,83
317,915	1401,83
318,139	1376,83
318,363	1735,83
318,587	1460,83
318,811	1561,83
319,034	1335,83
319,258	1488,83
319,482	1629,83
319,706	1567,83
319,93	1439,83
320,153	1408,83
320,377	1486,83
320,601	1407,83
320,824	1369,83
321,048	1599,83
321,272	1494,83
321,495	1455,83
321,719	1480,83
321,943	1429,83
322,166	1460,83
322,39	1447,83
322,614	1500,83
322,837	1520,83
323,061	1437,83
323,284	1564,83
323,508	1503,83
323,731	1396,83
323,955	1540,83
324,178	1447,83
324,402	1452,83
324,625	1539,83
324,849	1353,83
325,072	1407,83
325,296	1483,83
325,519	1386,83
325,743	1376,83
325,966	1615,83
326,189	1508,83
326,413	1344,83
326,636	1683,83
326,859	1487,83
327,083	1663,83
327,306	1354,83
327,529	1391,83
327,753	1351,83
327,976	1551,83
328,199	1421,83
328,422	1451,83
328,646	1447,83
328,869	1335,83
329,092	1473,83
329,315	1601,83
329,538	1378,83
329,762	1479,83
329,985	1361,83
330,208	1367,83
330,431	1444,83
330,654	1522,83
330,877	1425,83
331,1	1483,83
331,323	1429,83
331,546	1593,83
331,769	1607,83
331,993	1385,83
332,216	1455,83
332,439	1523,83
332,662	1391,83
332,885	1399,83
333,107	1391,83
333,33	1536,83
333,553	1724,83
333,776	1583,83
333,999	1331,83
334,222	1396,83
334,445	1376,83
334,668	1376,83
334,891	1432,83
335,114	1323,83
335,336	1450,83
335,559	1433,83
335,782	1632,83
336,005	1375,83
336,228	1383,83
336,45	1361,83
336,673	1320,83
336,896	1442,83
337,119	1407,83
337,341	1443,83
337,564	1363,83
337,787	1463,83
338,009	1411,83
338,232	1449,83
338,455	1476,83
338,677	1444,83
338,9	1523,83
339,122	1473,83
339,345	1304,83
339,568	1372,83
339,79	1370,83
340,013	1497,83
340,235	1562,83
340,458	1339,83
340,68	1451,83
340,903	1328,83
341,125	1368,83
341,348	1375,83
341,57	1368,83
341,793	1471,83
342,015	1314,83
342,238	1353,83
342,46	1497,83
342,682	1443,83
342,905	1264,83
343,127	1273,83
343,349	1410,83
343,572	1386,83
343,794	1338,83
344,016	1319,83
344,239	1463,83
344,461	1322,83
344,683	1314,83
344,905	1306,83
345,128	1306,83
345,35	1387,83
345,572	1368,83
345,794	1479,83
346,017	1347,83
346,239	1321,83
346,461	1376,83
346,683	1439,83
346,905	1369,83
347,127	1402,83
347,349	1363,83
347,571	1368,83
347,793	1522,83
348,016	1415,83
348,238	1425,83
348,46	1367,83
348,682	1288,83
348,904	1432,83
349,126	1402,83
349,348	1428,83
349,57	1308,83
349,792	1373,83
350,014	1439,83
350,235	1388,83
350,457	1559,83
350,679	1407,83
350,901	1167,83
351,123	1303,83
351,345	1361,83
351,567	1428,83
351,789	1375,83
352,01	1474,83
352,232	1383,83
352,454	1260,83
352,676	1301,83
352,897	1376,83
353,119	1372,83
353,341	1363,83
353,563	1369,83
353,784	1345,83
354,006	1351,83
354,228	1347,83
354,449	1367,83
354,671	1451,83
354,893	1432,83
355,114	1356,83
355,336	1372,83
355,558	1363,83
355,779	1382,83
356,001	1417,83
356,222	1359,83
356,444	1304,83
356,665	1961,83
356,887	1324,83
357,108	1311,83
357,33	1311,83
357,551	1416,83
357,773	1383,83
357,994	1376,83
358,216	1253,83
358,437	1467,83
358,659	1441,83
358,88	1347,83
359,101	1400,83
359,323	1455,83
359,544	1327,83
359,765	1165,83
359,987	1236,83
360,208	1407,83
360,429	1268,83
360,651	1271,83
360,872	1475,83
361,093	1130,83
361,314	1353,83
361,536	1383,83
361,757	1497,83
361,978	1280,83
362,199	1320,83
362,42	1211,83
362,642	1316,83
362,863	1431,83
363,084	1305,83
363,305	1375,83
363,526	1320,83
363,747	1311,83
363,968	1303,83
364,189	1433,83
364,41	1295,83
364,631	1240,83
364,852	1391,83
365,073	1377,83
365,294	1336,83
365,515	1255,83
365,736	1416,83
365,957	1282,83
366,178	1292,83
366,399	1439,83
366,62	1439,83
366,841	1399,83
367,062	1367,83
367,283	1370,83
367,504	1307,83
367,724	1343,83
367,945	1200,83
368,166	1450,83
368,387	1329,83
368,608	1311,83
368,828	1415,83
369,049	1250,83
369,27	1434,83
369,491	1275,83
369,711	1419,83
369,932	1434,83
370,153	1191,83
370,373	1364,83
370,594	1283,83
370,815	1317,83
371,035	1295,83
371,256	1227,83
371,477	1251,83
371,697	1271,83
371,918	1247,83
372,138	1231,83
372,359	1407,83
372,579	1207,83
372,8	1291,83
373,02	1389,83
373,241	1276,83
373,461	1361,83
373,682	1303,83
373,902	1316,83
374,123	1202,83
374,343	1436,83
374,564	1274,83
374,784	1248,83
375,004	1290,83
375,225	1265,83
375,445	1303,83
375,666	1463,83
375,886	1236,83
376,106	1274,83
376,326	1353,83
376,547	1471,83
376,767	1376,83
376,987	1271,83
377,208	1303,83
377,428	1186,83
377,648	1343,83
377,868	1352,83
378,088	1405,83
378,309	1447,83
378,529	1273,83
378,749	1347,83
378,969	1218,83
379,189	1372,83
379,409	1375,83
379,629	1300,83
379,849	1531,83
380,069	1123,83
380,29	1343,83
380,51	1295,83
380,73	1367,83
380,95	1472,83
381,17	1483,83
381,39	1286,83
381,61	1280,83
381,829	1315,83
382,049	1353,83
382,269	1253,83
382,489	1331,83
382,709	1313,83
382,929	1362,83
383,149	1301,83
383,369	1600,83
383,589	1257,83
383,808	1345,83
384,028	1313,83
384,248	1364,83
384,468	1260,83
384,688	1339,83
384,907	1295,83
385,127	1292,83
385,347	1327,83
385,567	1257,83
385,786	1409,83
386,006	1272,83
386,226	1353,83
386,445	1271,83
386,665	1272,83
386,885	1436,83
387,104	1216,83
387,324	1250,83
387,543	1119,83
387,763	1427,83
387,982	1268,83
388,202	1315,83
388,422	1308,83
388,641	1316,83
388,861	1314,83
389,08	1593,83
389,3	1208,83
389,519	1426,83
389,738	1274,83
389,958	1367,83
390,177	1271,83
390,397	1431,83
390,616	1324,83
390,836	1404,83
391,055	1300,83
391,274	1346,83
391,494	1243,83
391,713	1262,83
391,932	1383,83
392,151	1289,83
392,371	1210,83
392,59	1340,83
392,809	1426,83
393,029	1410,83
393,248	1383,83
393,467	1192,83
393,686	1283,83
393,905	2061,83
394,124	1233,83
394,344	1319,83
394,563	1407,83
394,782	1271,83
395,001	1335,83
395,22	1264,83
395,439	1359,83
395,658	1215,83
395,877	1344,83
396,096	1303,83
396,315	1415,83
396,534	1241,83
396,753	1505,83
396,972	1224,83
397,191	1423,83
397,41	1357,83
397,629	1563,83
397,848	1299,83
398,067	1364,83
398,286	1167,83
398,505	1543,83
398,724	1414,83
398,943	1817,83
399,161	1193,83
399,38	1325,83
399,599	1391,83
399,818	1263,83
400,037	1431,83
400,255	1297,83
400,474	1231,83
400,693	1419,83
400,912	1551,83
401,13	1364,83
401,349	1353,83
401,568	1264,83
401,786	1431,83
402,005	1311,83
402,224	1264,83
402,442	1347,83
402,661	1346,83
402,88	1288,83
403,098	1220,83
403,317	1320,83
403,535	1336,83
403,754	1240,83
403,972	1324,83
404,191	1263,83
404,409	1287,83
404,628	1813,83
404,846	1341,83
405,065	1353,83
405,283	1348,83
405,502	1320,83
405,72	1327,83
405,938	1127,83
406,157	1231,83
406,375	1267,83
406,594	1410,83
406,812	1295,83
407,03	1299,83
407,249	1193,83
407,467	1215,83
407,685	1310,83
407,903	1247,83
408,122	1368,83
408,34	1327,83
408,558	1335,83
408,776	1292,83
408,995	1255,83
409,213	1360,83
409,431	1383,83
409,649	1343,83
409,867	1248,83
410,085	1324,83
410,303	1340,83
410,522	1204,83
410,74	1201,83
410,958	1232,83
411,176	1263,83
411,394	1273,83
411,612	1257,83
411,83	1443,83
412,048	1351,83
412,266	1287,83
412,484	1303,83
412,702	1427,83
412,92	1201,83
413,138	1319,83
413,356	1284,83
413,573	1448,83
413,791	1517,83
414,009	1357,83
414,227	1367,83
414,445	1268,83
414,663	1258,83
414,881	1224,83
415,098	1415,83
415,316	1295,83
415,534	1623,83
415,752	1295,83
415,969	1383,83
416,187	1303,83
416,405	1165,83
416,623	1545,83
416,84	1143,83
417,058	1327,83
417,276	1351,83
417,493	1322,83
417,711	1266,83
417,928	1319,83
418,146	1251,83
418,364	1327,83
418,581	1265,83
418,799	1207,83
419,016	1215,83
419,234	1255,83
419,451	1788,83
419,669	1303,83
419,886	1296,83
420,104	1227,83
420,321	1275,83
420,539	1251,83
420,756	1402,83
420,974	1309,83
421,191	1175,83
421,408	1354,83
421,626	1337,83
421,843	1284,83
422,06	1252,83
422,278	1239,83
422,495	1459,83
422,712	1226,83
422,93	1327,83
423,147	1351,83
423,364	1266,83
423,581	1395,83
423,799	1223,83
424,016	1422,83
424,233	1275,83
424,45	1335,83
424,667	1333,83
424,884	1107,83
425,102	1377,83
425,319	1163,83
425,536	1103,83
425,753	1207,83
425,97	1171,83
426,187	1290,83
426,404	1315,83
426,621	1493,83
426,838	1369,83
427,055	1343,83
427,272	1303,83
427,489	1279,83
427,706	1271,83
427,923	1301,83
428,14	1287,83
428,357	1452,83
428,574	1346,83
428,791	1260,83
429,008	1193,83
429,224	1185,83
429,441	1283,83
429,658	1271,83
429,875	1437,83
430,092	1385,83
430,308	1384,83
430,525	1347,83
430,742	1325,83
430,959	1323,83
431,175	1315,83
431,392	1219,83
431,609	1367,83
431,826	1271,83
432,042	1183,83
432,259	1243,83
432,476	1489,83
432,692	1236,83
432,909	1263,83
433,125	1127,83
433,342	1218,83
433,559	1304,83
433,775	1119,83
433,992	1169,83
434,208	1135,83
434,425	1215,83
434,641	1707,83
434,858	1627,83
435,074	1390,83
435,291	1282,83
435,507	1175,83
435,723	1230,83
435,94	1105,83
436,156	1271,83
436,373	1369,83
436,589	1234,83
436,805	1322,83
437,022	1304,83
437,238	1233,83
437,454	1314,83
437,671	1248,83
437,887	1314,83
438,103	1227,83
438,319	1239,83
438,536	1356,83
438,752	1338,83
438,968	1267,83
439,184	1263,83
439,4	1230,83
439,616	1170,83
439,833	1359,83
440,049	1260,83
440,265	1368,83
440,481	1275,83
440,697	1290,83
440,913	1340,83
441,129	1233,83
441,345	1295,83
441,561	1363,83
441,777	1260,83
441,993	1335,83
442,209	1327,83
442,425	1451,83
442,641	1293,83
442,857	1240,83
443,073	1321,83
443,289	1329,83
443,505	1403,83
443,721	1343,83
443,937	1188,83
444,152	1207,83
444,368	1280,83
444,584	1234,83
444,8	1384,83
445,016	1287,83
445,231	1273,83
445,447	1401,83
445,663	1318,83
445,879	1215,83
446,094	1400,83
446,31	1343,83
446,526	1328,83
446,742	1289,83
446,957	1287,83
447,173	1274,83
447,388	1321,83
447,604	1373,83
447,82	1281,83
448,035	1220,83
448,251	1282,83
448,466	1320,83
448,682	1194,83
448,897	1188,83
449,113	1267,83
449,328	1459,83
449,544	1176,83
449,759	1536,83
449,975	1228,83
450,19	1221,83
450,406	1271,83
450,621	1229,83
450,836	1253,83
451,052	1252,83
451,267	1107,83
451,483	1267,83
451,698	1096,83
451,913	1314,83
452,129	1207,83
452,344	1168,83
452,559	1380,83
452,774	1367,83
452,99	1138,83
453,205	1243,83
453,42	1379,83
453,635	1391,83
453,85	1241,83
454,066	1367,83
454,281	1284,83
454,496	1306,83
454,711	1407,83
454,926	1311,83
455,141	1247,83
455,356	1146,83
455,571	1276,83
455,786	1184,83
456,001	1215,83
456,217	1243,83
456,432	1299,83
456,647	1255,83
456,861	1303,83
457,076	1228,83
457,291	1372,83
457,506	1271,83
457,721	1225,83
457,936	1271,83
458,151	1227,83
458,366	1346,83
458,581	1231,83
458,796	1435,83
459,01	1232,83
459,225	1277,83
459,44	1127,83
459,655	1285,83
459,87	1170,83
460,084	1287,83
460,299	1286,83
460,514	1260,83
460,729	1859,83
460,943	1163,83
461,158	1140,83
461,373	1408,83
461,587	1118,83
461,802	945,83
462,016	1479,83
462,231	1129,83
462,446	1410,83
462,66	1108,83
462,875	1233,83
463,089	1271,83
463,304	1239,83
463,518	1242,83
463,733	1183,83
463,947	1275,83
464,162	1207,83
464,376	1216,83
464,591	1407,83
464,805	1236,83
465,02	1392,83
465,234	1304,83
465,448	1247,83
465,663	1327,83
465,877	1253,83
466,091	1186,83
466,306	1407,83
466,52	1528,83
466,734	1265,83
466,949	1175,83
467,163	1287,83
467,377	1173,83
467,591	1272,83
467,806	1223,83
468,02	1163,83
468,234	1172,83
468,448	1274,83
468,662	1265,83
468,876	1457,83
469,091	1207,83
469,305	1313,83
469,519	1154,83
469,733	1104,83
469,947	1257,83
470,161	1365,83
470,375	1106,83
470,589	1279,83
470,803	1211,83
471,017	1343,83
471,231	1207,83
471,445	1151,83
471,659	1255,83
471,873	1245,83
472,087	1185,83
472,301	1253,83
472,515	1125,83
472,728	1159,83
472,942	1159,83
473,156	1143,83
473,37	1155,83
473,584	1068,83
473,798	1127,83
474,011	1187,83
474,225	1160,83
474,439	1367,83
474,653	1231,83
474,866	1170,83
475,08	1321,83
475,294	1263,83
475,507	1186,83
475,721	1255,83
475,935	1394,83
476,148	1178,83
476,362	1004,83
476,576	1240,83
476,789	1087,83
477,003	1319,83
477,216	1198,83
477,43	1187,83
477,643	1245,83
477,857	1284,83
478,07	1212,83
478,284	1293,83
478,497	1141,83
478,711	1180,83
478,924	1175,83
479,138	1213,83
479,351	1200,83
479,564	1153,83
479,778	1369,83
479,991	1159,83
480,204	1193,83
480,418	1256,83
480,631	1191,83
480,844	1287,83
481,058	1186,83
481,271	1241,83
481,484	1203,83
481,697	1199,83
481,911	1314,83
482,124	1167,83
482,337	1371,83
482,55	1170,83
482,763	1235,83
482,976	1258,83
483,19	1176,83
483,403	1223,83
483,616	1271,83
483,829	1271,83
484,042	1237,83
484,255	1207,83
484,468	1280,83
484,681	1186,83
484,894	1263,83
485,107	1451,83
485,32	1423,83
485,533	1402,83
485,746	1528,83
485,959	1567,83
486,172	1385,83
486,385	1221,83
486,598	1311,83
486,81	1178,83
487,023	1207,83
487,236	1346,83
487,449	1111,83
487,662	1204,83
487,875	1202,83
488,087	1338,83
488,3	1179,83
488,513	1157,83
488,726	1047,83
488,938	1279,83
489,151	1212,83
489,364	1172,83
489,576	1290,83
489,789	1209,83
490,002	1237,83
490,214	1271,83
490,427	1076,83
490,64	1185,83
490,852	1215,83
491,065	1164,83
491,277	936,83
491,49	1163,83
491,702	1092,83
491,915	1221,83
492,127	1234,83
492,34	1212,83
492,552	1234,83
492,765	1272,83
492,977	1354,83
493,19	1240,83
493,402	1249,83
493,614	1237,83
493,827	1200,83
494,039	1221,83
494,251	1216,83
494,464	1279,83
494,676	1168,83
494,888	1171,83
495,101	1090,83
495,313	1223,83
495,525	1181,83
495,737	1348,83
495,95	1127,83
496,162	1077,83
496,374	1328,83
496,586	1177,83
496,798	1231,83
497,01	1185,83
497,222	1120,83
497,435	1226,83
497,647	1241,83
497,859	1151,83
498,071	1137,83
498,283	1191,83
498,495	1194,83
498,707	1371,83
498,919	1096,83
499,131	1302,83
499,343	1111,83
499,555	1191,83
499,767	1299,83
499,979	1267,83
500,191	1393,83
500,402	1156,83
500,614	1251,83
500,826	1311,83
501,038	1111,83
501,25	1177,83
501,462	1191,83
501,673	1201,83
501,885	1069,83
502,097	1319,83
502,309	1207,83
502,521	1338,83
502,732	1148,83
502,944	1183,83
503,156	1176,83
503,367	1123,83
503,579	1213,83
503,791	1163,83
504,002	1191,83
504,214	1291,83
504,425	1466,83
504,637	1347,83
504,849	1169,83
505,06	1489,83
505,272	1272,83
505,483	1237,83
505,695	1172,83
505,906	1112,83
506,118	1231,83
506,329	1044,83
506,541	1069,83
506,752	1248,83
506,963	1199,83
507,175	1047,83
507,386	1357,83
507,598	1250,83
507,809	1080,83
508,02	1151,83
508,232	1284,83
508,443	1099,83
508,654	1343,83
508,865	1373,83
509,077	1044,83
509,288	1167,83
509,499	1335,83
509,71	1032,83
509,922	1276,83
510,133	1135,83
510,344	1333,83
510,555	1144,83
510,766	1227,83
510,977	1168,83
511,188	1136,83
511,4	1203,83
511,611	1143,83
511,822	1249,83
512,033	1202,83
512,244	1199,83
512,455	1058,83
512,666	1139,83
512,877	1240,83
513,088	1163,83
513,299	1257,83
513,51	1226,83
513,721	1287,83
513,931	1170,83
514,142	1300,83
514,353	1327,83
514,564	1077,83
514,775	1143,83
514,986	1303,83
515,196	1449,83
515,407	1199,83
515,618	1219,83
515,829	1215,83
516,04	1153,83
516,25	1076,83
516,461	1111,83
516,672	1149,83
516,882	1136,83
517,093	1211,83
517,304	1081,83
517,514	1202,83
517,725	1119,83
517,936	1152,83
518,146	1092,83
518,357	1184,83
518,567	1119,83
518,778	1357,83
518,988	1130,83
519,199	1280,83
519,409	1115,83
519,62	1186,83
519,83	1151,83
520,041	1234,83
520,251	1220,83
520,462	1234,83
520,672	1143,83
520,882	1191,83
521,093	1220,83
521,303	1441,83
521,513	1138,83
521,724	2010,83
521,934	1071,83
522,144	1143,83
522,355	1140,83
522,565	1155,83
522,775	1071,83
522,985	1108,83
523,196	1175,83
523,406	1105,83
523,616	1248,83
523,826	1147,83
524,036	1679,83
524,246	1152,83
524,457	1087,83
524,667	1034,83
524,877	1201,83
525,087	1146,83
525,297	1230,83
525,507	1221,83
525,717	1055,83
525,927	1265,83
526,137	1143,83
526,347	1275,83
526,557	1023,83
526,767	1108,83
526,977	1360,83
527,187	1191,83
527,397	1107,83
527,607	1149,83
527,816	1175,83
528,026	1064,83
528,236	1164,83
528,446	1167,83
528,656	1107,83
528,865	1321,83
529,075	1176,83
529,285	1178,83
529,495	1191,83
529,704	1143,83
529,914	1138,83
530,124	1071,83
530,334	1088,83
530,543	1106,83
530,753	1383,83
530,963	1489,83
531,172	1164,83
531,382	1006,83
531,591	1380,83
531,801	1063,83
532,01	1185,83
532,22	1192,83
532,43	1191,83
532,639	1442,83
532,849	1135,83
533,058	1153,83
533,267	1287,83
533,477	1159,83
533,686	1103,83
533,896	1162,83
534,105	1187,83
534,315	1272,83
534,524	1130,83
534,733	1097,83
534,943	1447,83
535,152	1279,83
535,361	1273,83
535,57	1134,83
535,78	1162,83
535,989	1239,83
536,198	1097,83
536,407	1145,83
536,617	1186,83
536,826	1223,83
537,035	1241,83
537,244	1146,83
537,453	1039,83
537,662	1157,83
537,872	1313,83
538,081	1179,83
538,29	1111,83
538,499	1063,83
538,708	1137,83
538,917	1248,83
539,126	1168,83
539,335	1208,83
539,544	1551,83
539,753	1131,83
539,962	1153,83
540,171	1223,83
540,38	1253,83
540,589	1103,83
540,797	1290,83
541,006	1184,83
541,215	1147,83
541,424	1167,83
541,633	1259,83
541,842	1087,83
542,05	1237,83
542,259	1237,83
542,468	1135,83
542,677	1244,83
542,885	1175,83
543,094	1201,83
543,303	1111,83
543,512	1215,83
543,72	1345,83
543,929	1393,83
544,138	1088,83
544,346	1104,83
544,555	1237,83
544,763	1161,83
544,972	1187,83
545,18	1093,83
545,389	1193,83
545,598	1131,83
545,806	1211,83
546,015	1129,83
546,223	1144,83
546,431	1132,83
546,64	1095,83
546,848	1162,83
547,057	1199,83
547,265	1041,83
547,474	1151,83
547,682	1168,83
547,89	1263,83
548,099	1183,83
548,307	1188,83
548,515	1195,83
548,723	1319,83
548,932	1108,83
549,14	1251,83
549,348	1271,83
549,556	1125,83
549,765	1137,83
549,973	1080,83
550,181	1125,83
550,389	1191,83
550,597	1218,83
550,805	1115,83
551,014	1252,83
551,222	3770,83
551,43	1063,83
551,638	1147,83
551,846	1229,83
552,054	1257,83
552,262	1356,83
552,47	1129,83
552,678	1047,83
552,886	1123,83
553,094	1007,83
553,302	1087,83
553,51	1161,83
553,717	1193,83
553,925	976,83
554,133	1383,83
554,341	1104,83
554,549	1189,83
554,757	1106,83
554,965	1159,83
555,172	1114,83
555,38	1379,83
555,588	1008,83
555,796	1129,83
556,003	1251,83
556,211	1271,83
556,419	1247,83
556,626	1244,83
556,834	1151,83
557,042	1170,83
557,249	1173,83
557,457	1049,83
557,664	1029,83
557,872	1074,83
558,08	1099,83
558,287	1231,83
558,495	1161,83
558,702	1097,83
558,91	1447,83
559,117	1144,83
559,325	1220,83
559,532	1123,83
559,74	1277,83
559,947	1147,83
560,154	1265,83
560,362	1009,83
560,569	1063,83
560,776	1090,83
560,984	1367,83
561,191	1143,83
561,398	992,83
561,606	1435,83
561,813	1247,83
562,02	1002,83
562,227	1066,83
562,435	1159,83
562,642	1224,83
562,849	1209,83
563,056	1160,83
563,263	1127,83
563,471	1235,83
563,678	1193,83
563,885	1100,83
564,092	1170,83
564,299	1252,83
564,506	1256,83
564,713	1200,83
564,92	1087,83
565,127	1280,83
565,334	1215,83
565,541	1417,83
565,748	1155,83
565,955	955,83
566,162	1180,83
566,369	1200,83
566,576	1268,83
566,783	1264,83
566,99	1061,83
567,196	1207,83
567,403	1183,83
567,61	1159,83
567,817	1124,83
568,024	1193,83
568,23	1203,83
568,437	1143,83
568,644	1093,83
568,851	1151,83
569,057	1340,83
569,264	1247,83
569,471	1215,83
569,677	1216,83
569,884	1194,83
570,091	1474,83
570,297	1939,83
570,504	1227,83
570,71	1191,83
570,917	1171,83
571,123	1135,83
571,33	1225,83
571,536	1145,83
571,743	1327,83
571,949	1127,83
572,156	1137,83
572,362	1307,83
572,569	1160,83
572,775	1180,83
572,982	1234,83
573,188	1272,83
573,394	1045,83
573,601	1162,83
573,807	1037,83
574,013	1359,83
574,22	1185,83
574,426	1097,83
574,632	1508,83
574,838	1215,83
575,045	1229,83
575,251	1186,83
575,457	1199,83
575,663	1199,83
575,869	1148,83
576,076	1165,83
576,282	1139,83
576,488	1122,83
576,694	1169,83
576,9	1051,83
577,106	1127,83
577,312	1130,83
577,518	1257,83
577,724	1209,83
577,93	1223,83
578,136	1266,83
578,342	1204,83
578,548	1207,83
578,754	1026,83
578,96	1111,83
579,166	1156,83
579,372	1387,83
579,578	1199,83
579,784	1284,83
579,989	1167,83
580,195	1163,83
580,401	1173,83
580,607	1273,83
580,813	1177,83
581,018	1209,83
581,224	1143,83
581,43	1232,83
581,636	1167,83
581,841	1258,83
582,047	1354,83
582,253	1238,83
582,458	1183,83
582,664	1114,83
582,869	1164,83
583,075	1125,83
583,281	1358,83
583,486	1217,83
583,692	1075,83
583,897	1239,83
584,103	1207,83
584,308	1196,83
584,514	1171,83
584,719	1115,83
584,925	1295,83
585,13	1139,83
585,335	1155,83
585,541	1178,83
585,746	1183,83
585,952	1026,83
586,157	1162,83
586,362	1161,83
586,568	1353,83
586,773	1305,83
586,978	1215,83
587,183	1435,83
587,389	1143,83
587,594	1049,83
587,799	1193,83
588,004	1198,83
588,21	1180,83
588,415	1047,83
588,62	1217,83
588,825	1271,83
589,03	1159,83
589,235	1535,83
589,44	1252,83
589,645	1127,83
589,85	1186,83
590,055	1378,83
590,26	1130,83
590,465	1143,83
590,67	1092,83
590,875	1327,83
591,08	1251,83
591,285	1191,83
591,49	1230,83
591,695	993,83
591,9	1108,83
592,105	1108,83
592,31	1191,83
592,515	1279,83
592,719	1107,83
592,924	1051,83
593,129	1117,83
593,334	1067,83
593,539	1207,83
593,743	1332,83
593,948	1143,83
594,153	1123,83
594,357	1319,83
594,562	1135,83
594,767	1503,83
594,971	1071,83
595,176	1191,83
595,381	1215,83
595,585	1141,83
595,79	1047,83
595,994	1045,83
596,199	1514,83
596,403	951,83
596,608	1085,83
596,812	1148,83
597,017	1197,83
597,221	1367,83
597,426	1329,83
597,63	1129,83
597,835	1066,83
598,039	1132,83
598,243	1115,83
598,448	1292,83
598,652	1221,83
598,856	1164,83
599,061	1071,83
599,265	1167,83
599,469	1026,83
599,673	1184,83
599,878	1165,83
600,082	1211,83
600,286	1440,83
600,49	1250,83
600,695	1058,83
600,899	1123,83
601,103	1169,83
601,307	1218,83
601,511	1135,83
601,715	1040,83
601,919	1171,83
602,123	1215,83
602,327	1204,83
602,531	1193,83
602,735	1255,83
602,939	1241,83
603,143	1111,83
603,347	1175,83
603,551	1303,83
603,755	1192,83
603,959	1153,83
604,163	1178,83
604,367	1138,83
604,571	1121,83
604,775	1277,83
604,978	1147,83
605,182	1203,83
605,386	1164,83
605,59	1088,83
605,793	1131,83
605,997	1248,83
606,201	1119,83
606,405	1120,83
606,608	1272,83
606,812	1183,83
607,016	1211,83
607,219	1131,83
607,423	1091,83
607,627	1354,83
607,83	1119,83
608,034	1111,83
608,237	1191,83
608,441	1064,83
608,644	1329,83
608,848	1192,83
609,051	1203,83
609,255	1098,83
609,458	1242,83
609,662	1163,83
609,865	1207,83
610,069	1056,83
610,272	1044,83
610,475	1052,83
610,679	1119,83
610,882	1128,83
611,085	1159,83
611,289	1220,83
611,492	1115,83
611,695	1230,83
611,898	1032,83
612,102	1165,83
612,305	1149,83
612,508	1215,83
612,711	1101,83
612,914	1241,83
613,118	1208,83
613,321	1211,83
613,524	1095,83
613,727	1139,83
613,93	1089,83
614,133	1163,83
614,336	1209,83
614,539	1120,83
614,742	1081,83
614,945	1109,83
615,148	1226,83
615,351	1063,83
615,554	1215,83
615,757	1087,83
615,96	1195,83
616,163	1087,83
616,366	1188,83
616,569	1114,83
616,772	1312,83
616,974	1171,83
617,177	1069,83
617,38	1155,83
617,583	1148,83
617,786	972,83
617,988	1040,83
618,191	1263,83
618,394	1095,83
618,596	1023,83
618,799	1207,83
619,002	1100,83
619,204	1113,83
619,407	1159,83
619,61	1020,83
619,812	1143,83
620,015	1059,83
620,217	1234,83
620,42	1223,83
620,623	1041,83
620,825	1177,83
621,028	1259,83
621,23	1223,83
621,432	1153,83
621,635	1282,83
621,837	1225,83
622,04	1119,83
622,242	1133,83
622,445	1140,83
622,647	1160,83
622,849	1224,83
623,052	1000,83
623,254	1207,83
623,456	1011,83
623,658	1301,83
623,861	1243,83
624,063	1175,83
624,265	1000,83
624,467	1116,83
624,67	1032,83
624,872	1184,83
625,074	1252,83
625,276	1356,83
625,478	1272,83
625,68	1232,83
625,882	1079,83
626,084	1183,83
626,287	1279,83
626,489	1217,83
626,691	1159,83
626,893	1180,83
627,095	1203,83
627,297	1215,83
627,499	1191,83
627,7	967,83
627,902	1031,83
628,104	990,83
628,306	1095,83
628,508	1087,83
628,71	1127,83
628,912	879,83
629,114	1301,83
629,315	1103,83
629,517	1052,83
629,719	1251,83
629,921	1288,83
630,122	1174,83
630,324	1135,83
630,526	1242,83
630,728	1113,83
630,929	1202,83
631,131	1087,83
631,332	1215,83
631,534	1159,83
631,736	1279,83
631,937	1079,83
632,139	1139,83
632,34	1175,83
632,542	1203,83
632,743	1203,83
632,945	1111,83
633,146	1151,83
633,348	1164,83
633,549	1143,83
633,751	1047,83
633,952	1191,83
634,154	943,83
634,355	1003,83
634,556	1151,83
634,758	1114,83
634,959	1092,83
635,16	1191,83
635,362	1071,83
635,563	1216,83
635,764	1019,83
635,965	1205,83
636,167	1121,83
636,368	1141,83
636,569	1024,83
636,77	1442,83
636,971	1051,83
637,172	1119,83
637,374	1167,83
637,575	1251,83
637,776	879,83
637,977	1051,83
638,178	1096,83
638,379	1199,83
638,58	1151,83
638,781	1020,83
638,982	1109,83
639,183	1088,83
639,384	1082,83
639,585	1115,83
639,786	1031,83
639,987	1063,83
640,187	1176,83
640,388	1257,83
640,589	1031,83
640,79	1132,83
640,991	1127,83
641,192	1257,83
641,392	1072,83
641,593	1079,83
641,794	1039,83
641,995	1065,83
642,195	959,83
642,396	871,83
642,597	1095,83
642,797	983,83
642,998	1105,83
643,199	1171,83
643,399	1187,83
643,6	1073,83
643,8	1071,83
644,001	1162,83
644,202	967,83
644,402	1016,83
644,603	1132,83
644,803	1031,83
645,004	1136,83
645,204	1032,83
645,404	1108,83
645,605	1463,83
645,805	1106,83
646,006	1019,83
646,206	1434,83
646,406	1043,83
646,607	929,83
646,807	903,83
647,007	7,83
647,208	7,83
647,408	17,83
647,608	20,83
