200,697	993,83
200,927	46,83
201,158	48,83
201,388	-78,17
201,618	1595,83
201,849	1365,83
202,079	1601,83
202,309	1525,83
202,539	1654,83
202,77	1518,83
203	1362,83
203,23	1576,83
203,46	1504,83
203,691	1642,83
203,921	1608,83
204,151	1601,83
204,381	1508,83
204,611	1705,83
204,841	1535,83
205,071	1509,83
205,302	1675,83
205,532	1598,83
205,762	3621,83
205,992	1510,83
206,222	1465,83
206,452	1612,83
206,682	1594,83
206,912	1651,83
207,142	1680,83
207,372	1504,83
207,602	1515,83
207,832	1856,83
208,062	1613,83
208,292	1666,83
208,522	1411,83
208,752	1636,83
208,982	1492,83
209,212	1685,83
209,442	1562,83
209,672	1606,83
209,902	1598,83
210,131	1638,83
210,361	1497,83
210,591	1599,83
210,821	1568,83
211,051	1875,83
211,281	1566,83
211,51	1582,83
211,74	1583,83
211,97	1560,83
212,2	1618,83
212,429	1861,83
212,659	1572,83
212,889	1638,83
213,119	1585,83
213,348	1519,83
213,578	1639,83
213,808	1668,83
214,037	1695,83
214,267	1696,83
214,497	1627,83
214,726	1477,83
214,956	1484,83
215,186	1601,83
215,415	1599,83
215,645	1614,83
215,874	1666,83
216,104	1526,83
216,333	1643,83
216,563	1582,83
216,792	1618,83
217,022	1675,83
217,251	1787,83
217,481	1438,83
217,71	1653,83
217,94	1590,83
218,169	1635,83
218,399	1628,83
218,628	1565,83
218,858	1935,83
219,087	1651,83
219,316	1640,83
219,546	1639,83
219,775	1634,83
220,004	1758,83
220,234	1619,83
220,463	1704,83
220,692	1414,83
220,922	1592,83
221,151	1683,83
221,38	1563,83
221,61	2034,83
221,839	1902,83
222,068	1608,83
222,297	1873,83
222,526	1660,83
222,756	1744,83
222,985	1808,83
223,214	1643,83
223,443	1641,83
223,672	2029,83
223,902	1496,83
224,131	1633,83
224,36	1741,83
224,589	1521,83
224,818	1636,83
225,047	1715,83
225,276	1573,83
225,505	1911,83
225,734	1675,83
225,963	1596,83
226,192	1623,83
226,421	1639,83
226,65	1671,83
226,879	1683,83
227,108	1685,83
227,337	1701,83
227,566	1838,83
227,795	1675,83
228,024	1691,83
228,253	1591,83
228,482	1474,83
228,711	1643,83
228,94	1561,83
229,168	1633,83
229,397	1607,83
229,626	1648,83
229,855	1597,83
230,084	1516,83
230,313	1610,83
230,541	1739,83
230,77	1589,83
230,999	1488,83
231,228	1813,83
231,456	1741,83
231,685	1559,83
231,914	1693,83
232,143	1691,83
232,371	1608,83
232,6	1729,83
232,829	1634,83
233,057	1722,83
233,286	1647,83
233,515	1667,83
233,743	1695,83
233,972	1568,83
234,2	1696,83
234,429	1579,83
234,658	1611,83
234,886	1543,83
235,115	1653,83
235,343	1661,83
235,572	1586,83
235,8	1642,83
236,029	1881,83
236,257	1573,83
236,486	1749,83
236,714	1715,83
236,943	1775,83
237,171	1509,83
237,399	1665,83
237,628	1719,83
237,856	1841,83
238,085	1682,83
238,313	1615,83
238,541	1651,83
238,77	1980,83
238,998	1566,83
239,226	1711,83
239,455	1649,83
239,683	1832,83
239,911	1573,83
240,14	1816,83
240,368	1751,83
240,596	1627,83
240,824	1707,83
241,053	1634,83
241,281	1714,83
241,509	1634,83
241,737	1549,83
241,965	1520,83
242,193	1601,83
242,422	1583,83
242,65	1617,83
242,878	1601,83
243,106	1605,83
243,334	1628,83
243,562	1667,83
243,79	1674,83
244,018	1740,83
244,246	1622,83
244,474	1676,83
244,702	1557,83
244,93	1676,83
245,158	1598,83
245,386	1651,83
245,614	1676,83
245,842	1757,83
246,07	1555,83
246,298	1741,83
246,526	2113,83
246,754	1531,83
246,982	1676,83
247,21	1706,83
247,438	1464,83
247,666	1665,83
247,893	1582,83
248,121	1575,83
248,349	1595,83
248,577	1652,83
248,805	1810,83
249,033	1551,83
249,26	1433,83
249,488	1582,83
249,716	1640,83
249,944	1606,83
250,171	1598,83
250,399	1626,83
250,627	1756,83
250,854	1794,83
251,082	1715,83
251,31	1698,83
251,537	1703,83
251,765	1904,83
251,993	1510,83
252,22	1909,83
252,448	1533,83
252,676	1753,83
252,903	1689,83
253,131	1960,83
253,358	1564,83
253,586	1522,83
253,813	1499,83
254,041	1721,83
254,268	1669,83
254,496	1514,83
254,723	1635,83
254,951	1676,83
255,178	1645,83
255,406	1643,83
255,633	1671,83
255,86	1825,83
256,088	1655,83
256,315	1558,83
256,543	1707,83
256,77	1720,83
256,997	1580,83
257,225	1655,83
257,452	1603,83
257,679	1566,83
257,907	1726,83
258,134	1576,83
258,361	1708,83
258,588	1610,83
258,816	1803,83
259,043	1544,83
259,27	1653,83
259,497	1662,83
259,725	1524,83
259,952	1649,83
260,179	1528,83
260,406	1525,83
260,633	1423,83
260,86	1668,83
261,088	1606,83
261,315	1819,83
261,542	1513,83
261,769	1585,83
261,996	1973,83
262,223	1792,83
262,45	1883,83
262,677	1506,83
262,904	1569,83
263,131	1725,83
263,358	1627,83
263,585	1645,83
263,812	2015,83
264,039	1796,83
264,266	1530,83
264,493	1644,83
264,72	1600,83
264,947	1514,83
265,174	1813,83
265,401	1758,83
265,627	1803,83
265,854	1711,83
266,081	1701,83
266,308	1671,83
266,535	1869,83
266,762	1593,83
266,988	1741,83
267,215	1694,83
267,442	1620,83
267,669	1778,83
267,896	1720,83
268,122	1926,83
268,349	1645,83
268,576	1537,83
268,802	1584,83
269,029	1634,83
269,256	1715,83
269,482	1634,83
269,709	1595,83
269,936	1846,83
270,162	1834,83
270,389	1598,83
270,616	1715,83
270,842	1708,83
271,069	1700,83
271,295	1674,83
271,522	1608,83
271,748	1684,83
271,975	1803,83
272,201	1757,83
272,428	1642,83
272,654	1569,83
272,881	1862,83
273,107	1591,83
273,334	1666,83
273,56	1782,83
273,787	1641,83
274,013	1701,83
274,239	1981,83
274,466	1616,83
274,692	1698,83
274,918	1668,83
275,145	1680,83
275,371	1617,83
275,597	1821,83
275,824	1696,83
276,05	1614,83
276,276	1731,83
276,503	1611,83
276,729	1663,83
276,955	1628,83
277,181	1659,83
277,407	1615,83
277,634	1693,83
277,86	1656,83
278,086	1727,83
278,312	1669,83
278,538	1611,83
278,764	1646,83
278,991	1791,83
279,217	1801,83
279,443	1523,83
279,669	1690,83
279,895	1790,83
280,121	1535,83
280,347	1671,83
280,573	1566,83
280,799	1633,83
281,025	1821,83
281,251	1541,83
281,477	1774,83
281,703	1615,83
281,929	1594,83
282,155	1595,83
282,381	1702,83
282,607	1663,83
282,833	1728,83
283,059	1712,83
283,285	1610,83
283,51	1620,83
283,736	1485,83
283,962	1698,83
284,188	1708,83
284,414	1590,83
284,64	1675,83
284,865	1685,83
285,091	1619,83
285,317	1828,83
285,543	1709,83
285,768	1690,83
285,994	1695,83
286,22	1927,83
286,446	1716,83
286,671	1549,83
286,897	1732,83
287,123	1585,83
287,348	1619,83
287,574	2177,83
287,799	1658,83
288,025	1621,83
288,251	1887,83
288,476	1659,83
288,702	1718,83
288,927	1668,83
289,153	1632,83
289,378	1831,83
289,604	1712,83
289,829	1690,83
290,055	1597,83
290,28	1666,83
290,506	1768,83
290,731	1622,83
290,957	1741,83
291,182	1717,83
291,408	1852,83
291,633	1728,83
291,858	1642,83
292,084	1688,83
292,309	1561,83
292,535	1637,83
292,76	1748,83
292,985	1685,83
293,211	1532,83
293,436	1496,83
293,661	1458,83
293,886	1602,83
294,112	1670,83
294,337	1663,83
294,562	1486,83
294,787	1721,83
295,013	1596,83
295,238	1629,83
295,463	1697,83
295,688	1827,83
295,913	1680,83
296,138	1735,83
296,364	1561,83
296,589	1828,83
296,814	1523,83
297,039	1601,83
297,264	1742,83
297,489	1700,83
297,714	1638,83
297,939	1566,83
298,164	1499,83
298,389	1671,83
298,614	1558,83
298,839	1674,83
299,064	1725,83
299,289	1702,83
299,514	1770,83
299,739	1664,83
299,964	1605,83
300,189	1650,83
300,414	1815,83
300,639	1775,83
300,863	1568,83
301,088	2008,83
301,313	1677,83
301,538	1646,83
301,763	1585,83
301,988	1613,83
302,212	1708,83
302,437	2088,83
302,662	1553,83
302,887	1659,83
303,111	1690,83
303,336	1742,83
303,561	1716,83
303,786	1642,83
304,01	1721,83
304,235	1632,83
304,46	1578,83
304,684	1595,83
304,909	1656,83
305,134	1557,83
305,358	1708,83
305,583	1685,83
305,807	2116,83
306,032	1532,83
306,256	1760,83
306,481	1731,83
306,706	1650,83
306,93	1577,83
307,155	1894,83
307,379	1632,83
307,604	1712,83
307,828	1590,83
308,052	1816,83
308,277	1679,83
308,501	1695,83
308,726	1815,83
308,95	1695,83
309,175	1593,83
309,399	1830,83
309,623	1673,83
309,848	1512,83
310,072	1539,83
310,296	1954,83
310,521	1646,83
310,745	1592,83
310,969	1847,83
311,193	1715,83
311,418	1661,83
311,642	1611,83
311,866	1626,83
312,09	1635,83
312,315	1785,83
312,539	1544,83
312,763	1606,83
312,987	1846,83
313,211	1632,83
313,435	1762,83
313,659	1639,83
313,884	1953,83
314,108	1760,83
314,332	1860,83
314,556	1608,83
314,78	1844,83
315,004	1710,83
315,228	1826,83
315,452	1727,83
315,676	1731,83
315,9	1755,83
316,124	1556,83
316,348	1644,83
316,572	1752,83
316,796	1663,83
317,02	1644,83
317,244	1715,83
317,468	1589,83
317,691	1845,83
317,915	1750,83
318,139	1605,83
318,363	2072,83
318,587	1705,83
318,811	1599,83
319,034	1554,83
319,258	1759,83
319,482	1881,83
319,706	1776,83
319,93	1787,83
320,153	1562,83
320,377	1683,83
320,601	1587,83
320,824	1562,83
321,048	1877,83
321,272	1732,83
321,495	1599,83
321,719	1711,83
321,943	1632,83
322,166	1671,83
322,39	1652,83
322,614	1719,83
322,837	1860,83
323,061	1793,83
323,284	1725,83
323,508	1751,83
323,731	1584,83
323,955	1717,83
324,178	1666,83
324,402	1758,83
324,625	1670,83
324,849	1558,83
325,072	1753,83
325,296	1700,83
325,519	1629,83
325,743	1551,83
325,966	1727,83
326,189	1705,83
326,413	1658,83
326,636	1979,83
326,859	1733,83
327,083	1919,83
327,306	1574,83
327,529	1598,83
327,753	1467,83
327,976	1746,83
328,199	1784,83
328,422	1732,83
328,646	1691,83
328,869	1546,83
329,092	1845,83
329,315	1653,83
329,538	1636,83
329,762	1746,83
329,985	1596,83
330,208	1647,83
330,431	1797,83
330,654	1705,83
330,877	1687,83
331,1	1779,83
331,323	1617,83
331,546	1787,83
331,769	1757,83
331,993	1535,83
332,216	1639,83
332,439	1591,83
332,662	1643,83
332,885	1525,83
333,107	1596,83
333,33	1415,83
333,553	1789,83
333,776	1591,83
333,999	1643,83
334,222	1568,83
334,445	1695,83
334,668	1630,83
334,891	1693,83
335,114	1529,83
335,336	1619,83
335,559	1704,83
335,782	1901,83
336,005	1610,83
336,228	1638,83
336,45	1583,83
336,673	1627,83
336,896	1675,83
337,119	1717,83
337,341	1604,83
337,564	1560,83
337,787	1718,83
338,009	1623,83
338,232	1745,83
338,455	1411,83
338,677	1690,83
338,9	1683,83
339,122	1703,83
339,345	1502,83
339,568	1492,83
339,79	1576,83
340,013	1811,83
340,235	1751,83
340,458	1478,83
340,68	1770,83
340,903	1609,83
341,125	1569,83
341,348	1639,83
341,57	1621,83
341,793	1756,83
342,015	1534,83
342,238	1841,83
342,46	1680,83
342,682	1754,83
342,905	1637,83
343,127	1719,83
343,349	1636,83
343,572	1741,83
343,794	1528,83
344,016	1594,83
344,239	1703,83
344,461	1522,83
344,683	1637,83
344,905	1525,83
345,128	1526,83
345,35	1647,83
345,572	1695,83
345,794	1811,83
346,017	1695,83
346,239	1632,83
346,461	1638,83
346,683	1568,83
346,905	1685,83
347,127	1741,83
347,349	1576,83
347,571	1590,83
347,793	1814,83
348,016	1669,83
348,238	1592,83
348,46	1640,83
348,682	1636,83
348,904	1685,83
349,126	1914,83
349,348	1668,83
349,57	1553,83
349,792	1631,83
350,014	1729,83
350,235	1632,83
350,457	2014,83
350,679	1638,83
350,901	1428,83
351,123	1517,83
351,345	1558,83
351,567	1522,83
351,789	1662,83
352,01	1654,83
352,232	1654,83
352,454	1532,83
352,676	1726,83
352,897	1691,83
353,119	1594,83
353,341	1619,83
353,563	1590,83
353,784	1521,83
354,006	1614,83
354,228	1701,83
354,449	1605,83
354,671	1724,83
354,893	1756,83
355,114	1670,83
355,336	1583,83
355,558	1616,83
355,779	1590,83
356,001	1681,83
356,222	1659,83
356,444	1557,83
356,665	2201,83
356,887	1512,83
357,108	1616,83
357,33	1532,83
357,551	1729,83
357,773	1660,83
357,994	1646,83
358,216	1651,83
358,437	1664,83
358,659	1740,83
358,88	1620,83
359,101	1661,83
359,323	1703,83
359,544	1574,83
359,765	1505,83
359,987	1593,83
360,208	1470,83
360,429	1660,83
360,651	1549,83
360,872	1760,83
361,093	1624,83
361,314	1634,83
361,536	1623,83
361,757	1613,83
361,978	1619,83
362,199	1497,83
362,42	1413,83
362,642	1626,83
362,863	1671,83
363,084	1659,83
363,305	1677,83
363,526	1572,83
363,747	1578,83
363,968	1635,83
364,189	1768,83
364,41	1514,83
364,631	1520,83
364,852	1723,83
365,073	1647,83
365,294	1613,83
365,515	1522,83
365,736	1685,83
365,957	1676,83
366,178	1539,83
366,399	1479,83
366,62	1748,83
366,841	1699,83
367,062	1693,83
367,283	1591,83
367,504	1534,83
367,724	1570,83
367,945	1339,83
368,166	1748,83
368,387	1627,83
368,608	1584,83
368,828	1696,83
369,049	1627,83
369,27	1585,83
369,491	1581,83
369,711	1620,83
369,932	1724,83
370,153	1671,83
370,373	1741,83
370,594	1795,83
370,815	1642,83
371,035	1754,83
371,256	1534,83
371,477	1535,83
371,697	1567,83
371,918	1459,83
372,138	1690,83
372,359	1812,83
372,579	1515,83
372,8	1614,83
373,02	1647,83
373,241	1644,83
373,461	1705,83
373,682	1616,83
373,902	1552,83
374,123	1539,83
374,343	1779,83
374,564	1648,83
374,784	1680,83
375,004	1611,83
375,225	1595,83
375,445	1432,83
375,666	1901,83
375,886	1554,83
376,106	1602,83
376,326	1618,83
376,547	1797,83
376,767	2009,83
376,987	1538,83
377,208	1588,83
377,428	1540,83
377,648	1689,83
377,868	1672,83
378,088	1771,83
378,309	1731,83
378,529	1731,83
378,749	1940,83
378,969	1473,83
379,189	1779,83
379,409	1613,83
379,629	1447,83
379,849	1652,83
380,069	1582,83
380,29	1490,83
380,51	1626,83
380,73	1662,83
380,95	1824,83
381,17	1656,83
381,39	1612,83
381,61	1524,83
381,829	1633,83
382,049	1553,83
382,269	1570,83
382,489	1706,83
382,709	1536,83
382,929	1723,83
383,149	1707,83
383,369	1935,83
383,589	1553,83
383,808	1685,83
384,028	1603,83
384,248	1673,83
384,468	1439,83
384,688	1677,83
384,907	1603,83
385,127	1669,83
385,347	1713,83
385,567	1557,83
385,786	1816,83
386,006	1478,83
386,226	1688,83
386,445	1585,83
386,665	1539,83
386,885	1728,83
387,104	1521,83
387,324	1564,83
387,543	1585,83
387,763	1689,83
387,982	1553,83
388,202	1619,83
388,422	1302,83
388,641	1526,83
388,861	1728,83
389,08	1703,83
389,3	1589,83
389,519	1705,83
389,738	1533,83
389,958	1655,83
390,177	1592,83
390,397	1711,83
390,616	1555,83
390,836	1681,83
391,055	1627,83
391,274	1697,83
391,494	1568,83
391,713	1556,83
391,932	1652,83
392,151	1584,83
392,371	1545,83
392,59	1655,83
392,809	1712,83
393,029	1735,83
393,248	1733,83
393,467	1594,83
393,686	1609,83
393,905	2769,83
394,124	1468,83
394,344	1567,83
394,563	1690,83
394,782	1556,83
395,001	1521,83
395,22	1523,83
395,439	1499,83
395,658	1536,83
395,877	1691,83
396,096	1504,83
396,315	1734,83
396,534	1537,83
396,753	1574,83
396,972	1496,83
397,191	1671,83
397,41	1575,83
397,629	1665,83
397,848	1501,83
398,067	1614,83
398,286	1536,83
398,505	1590,83
398,724	1720,83
398,943	2192,83
399,161	1501,83
399,38	1687,83
399,599	1747,83
399,818	1567,83
400,037	1768,83
400,255	1623,83
400,474	1535,83
400,693	1632,83
400,912	1818,83
401,13	1615,83
401,349	1604,83
401,568	1497,83
401,786	1745,83
402,005	1757,83
402,224	1606,83
402,442	1642,83
402,661	1618,83
402,88	1668,83
403,098	1467,83
403,317	1718,83
403,535	1599,83
403,754	1491,83
403,972	1674,83
404,191	1801,83
404,409	1599,83
404,628	2274,83
404,846	1627,83
405,065	1701,83
405,283	1616,83
405,502	1597,83
405,72	1652,83
405,938	1592,83
406,157	1566,83
406,375	1599,83
406,594	1674,83
406,812	1582,83
407,03	1691,83
407,249	1454,83
407,467	1680,83
407,685	1742,83
407,903	1501,83
408,122	1768,83
408,34	1673,83
408,558	1721,83
408,776	1544,83
408,995	1679,83
409,213	1575,83
409,431	1651,83
409,649	1667,83
409,867	1531,83
410,085	1669,83
410,303	1706,83
410,522	1491,83
410,74	1515,83
410,958	1575,83
411,176	1586,83
411,394	1482,83
411,612	1688,83
411,83	1819,83
412,048	1531,83
412,266	1656,83
412,484	1537,83
412,702	1812,83
412,92	1458,83
413,138	1696,83
413,356	1565,83
413,573	1746,83
413,791	1906,83
414,009	1648,83
414,227	1837,83
414,445	1578,83
414,663	1707,83
414,881	1703,83
415,098	1478,83
415,316	1691,83
415,534	2056,83
415,752	1395,83
415,969	1824,83
416,187	1506,83
416,405	1482,83
416,623	1704,83
416,84	1455,83
417,058	1703,83
417,276	1767,83
417,493	1584,83
417,711	1568,83
417,928	1658,83
418,146	1546,83
418,364	1676,83
418,581	1589,83
418,799	1533,83
419,016	1445,83
419,234	1529,83
419,451	2120,83
419,669	1625,83
419,886	1592,83
420,104	1570,83
420,321	1575,83
420,539	1642,83
420,756	1607,83
420,974	1609,83
421,191	1487,83
421,408	1606,83
421,626	1646,83
421,843	1568,83
422,06	1591,83
422,278	1334,83
422,495	1571,83
422,712	1534,83
422,93	1731,83
423,147	1660,83
423,364	1559,83
423,581	1672,83
423,799	1466,83
424,016	1636,83
424,233	1665,83
424,45	1596,83
424,667	1578,83
424,884	1589,83
425,102	1719,83
425,319	1514,83
425,536	1552,83
425,753	1675,83
425,97	1552,83
426,187	1631,83
426,404	1540,83
426,621	1981,83
426,838	1678,83
427,055	1666,83
427,272	1604,83
427,489	1628,83
427,706	1515,83
427,923	1513,83
428,14	1595,83
428,357	1760,83
428,574	1613,83
428,791	1617,83
429,008	1609,83
429,224	1564,83
429,441	1368,83
429,658	1768,83
429,875	1830,83
430,092	1705,83
430,308	1893,83
430,525	1576,83
430,742	1548,83
430,959	1679,83
431,175	1639,83
431,392	1680,83
431,609	1698,83
431,826	1645,83
432,042	1523,83
432,259	1549,83
432,476	1978,83
432,692	1519,83
432,909	1584,83
433,125	1526,83
433,342	1431,83
433,559	1675,83
433,775	1648,83
433,992	1432,83
434,208	1485,83
434,425	1589,83
434,641	1712,83
434,858	1859,83
435,074	1627,83
435,291	1574,83
435,507	1600,83
435,723	1564,83
435,94	1490,83
436,156	1510,83
436,373	1717,83
436,589	1581,83
436,805	1620,83
437,022	1620,83
437,238	1611,83
437,454	1597,83
437,671	1585,83
437,887	1649,83
438,103	1609,83
438,319	1538,83
438,536	1707,83
438,752	1488,83
438,968	1621,83
439,184	1638,83
439,4	1486,83
439,616	1455,83
439,833	1725,83
440,049	1578,83
440,265	1693,83
440,481	1621,83
440,697	1628,83
440,913	1689,83
441,129	1611,83
441,345	1663,83
441,561	1617,83
441,777	1636,83
441,993	1653,83
442,209	1500,83
442,425	1718,83
442,641	1463,83
442,857	1689,83
443,073	1614,83
443,289	1543,83
443,505	1661,83
443,721	1696,83
443,937	1719,83
444,152	1570,83
444,368	1601,83
444,584	1571,83
444,8	1591,83
445,016	1708,83
445,231	1585,83
445,447	1756,83
445,663	1684,83
445,879	1569,83
446,094	1770,83
446,31	1783,83
446,526	1642,83
446,742	1665,83
446,957	1607,83
447,173	1648,83
447,388	1670,83
447,604	1786,83
447,82	1615,83
448,035	1669,83
448,251	1627,83
448,466	1692,83
448,682	1642,83
448,897	1496,83
449,113	1712,83
449,328	1691,83
449,544	1417,83
449,759	1965,83
449,975	1524,83
450,19	1569,83
450,406	1586,83
450,621	1554,83
450,836	1637,83
451,052	1567,83
451,267	1480,83
451,483	1588,83
451,698	1445,83
451,913	1668,83
452,129	1604,83
452,344	1476,83
452,559	1755,83
452,774	1600,83
452,99	1585,83
453,205	1617,83
453,42	1735,83
453,635	1751,83
453,85	1433,83
454,066	1682,83
454,281	1652,83
454,496	1672,83
454,711	1681,83
454,926	1682,83
455,141	1445,83
455,356	1453,83
455,571	1545,83
455,786	1628,83
456,001	1587,83
456,217	1386,83
456,432	1571,83
456,647	1582,83
456,861	1659,83
457,076	1576,83
457,291	1487,83
457,506	1546,83
457,721	1625,83
457,936	1660,83
458,151	1501,83
458,366	1788,83
458,581	1604,83
458,796	1820,83
459,01	1598,83
459,225	1580,83
459,44	1495,83
459,655	1657,83
459,87	1567,83
460,084	1533,83
460,299	1606,83
460,514	1599,83
460,729	2052,83
460,943	1539,83
461,158	1453,83
461,373	1655,83
461,587	1590,83
461,802	1524,83
462,016	1667,83
462,231	1569,83
462,446	1761,83
462,66	1611,83
462,875	1491,83
463,089	1528,83
463,304	1598,83
463,518	1607,83
463,733	1614,83
463,947	1613,83
464,162	1522,83
464,376	1501,83
464,591	1719,83
464,805	1567,83
465,02	1796,83
465,234	1654,83
465,448	1600,83
465,663	1683,83
465,877	1656,83
466,091	1575,83
466,306	1809,83
466,52	1924,83
466,734	1688,83
466,949	1606,83
467,163	1743,83
467,377	1517,83
467,591	1685,83
467,806	1568,83
468,02	1509,83
468,234	1437,83
468,448	1741,83
468,662	1667,83
468,876	1844,83
469,091	1551,83
469,305	1686,83
469,519	1596,83
469,733	1642,83
469,947	1556,83
470,161	1733,83
470,375	1489,83
470,589	1741,83
470,803	1650,83
471,017	1645,83
471,231	1604,83
471,445	1546,83
471,659	1563,83
471,873	1756,83
472,087	1458,83
472,301	1712,83
472,515	1475,83
472,728	1503,83
472,942	1500,83
473,156	1623,83
473,37	1536,83
473,584	1501,83
473,798	1635,83
474,011	1612,83
474,225	1581,83
474,439	1656,83
474,653	1616,83
474,866	1597,83
475,08	1580,83
475,294	1913,83
475,507	1574,83
475,721	1665,83
475,935	1583,83
476,148	1457,83
476,362	1493,83
476,576	1597,83
476,789	1569,83
477,003	1626,83
477,216	1679,83
477,43	1602,83
477,643	1635,83
477,857	1703,83
478,07	1555,83
478,284	1665,83
478,497	1534,83
478,711	1616,83
478,924	1518,83
479,138	1549,83
479,351	1593,83
479,564	1473,83
479,778	1645,83
479,991	1478,83
480,204	1551,83
480,418	1804,83
480,631	1468,83
480,844	1704,83
481,058	1566,83
481,271	1646,83
481,484	1686,83
481,697	1575,83
481,911	1557,83
482,124	1606,83
482,337	1605,83
482,55	1527,83
482,763	1486,83
482,976	1574,83
483,19	1334,83
483,403	1650,83
483,616	1658,83
483,829	1654,83
484,042	1608,83
484,255	1484,83
484,468	1621,83
484,681	1599,83
484,894	1625,83
485,107	1791,83
485,32	1564,83
485,533	1545,83
485,746	1765,83
485,959	1557,83
486,172	1637,83
486,385	1421,83
486,598	1620,83
486,81	1543,83
487,023	1561,83
487,236	1746,83
487,449	1696,83
487,662	1584,83
487,875	1596,83
488,087	1660,83
488,3	1658,83
488,513	1387,83
488,726	1364,83
488,938	1717,83
489,151	1631,83
489,364	1665,83
489,576	1650,83
489,789	1581,83
490,002	1681,83
490,214	1618,83
490,427	1477,83
490,64	1577,83
490,852	1590,83
491,065	1585,83
491,277	1662,83
491,49	1635,83
491,702	1445,83
491,915	1675,83
492,127	1735,83
492,34	1612,83
492,552	1608,83
492,765	1741,83
492,977	1866,83
493,19	1566,83
493,402	1734,83
493,614	1603,83
493,827	1608,83
494,039	1561,83
494,251	1632,83
494,464	1693,83
494,676	1474,83
494,888	1603,83
495,101	1623,83
495,313	1523,83
495,525	1580,83
495,737	1747,83
495,95	1657,83
496,162	1704,83
496,374	1546,83
496,586	1565,83
496,798	1629,83
497,01	1638,83
497,222	1428,83
497,435	1684,83
497,647	1514,83
497,859	1600,83
498,071	1693,83
498,283	1573,83
498,495	1387,83
498,707	1850,83
498,919	1489,83
499,131	1725,83
499,343	1493,83
499,555	1576,83
499,767	1684,83
499,979	1576,83
500,191	1718,83
500,402	1494,83
500,614	1685,83
500,826	1666,83
501,038	1537,83
501,25	1629,83
501,462	1541,83
501,673	1612,83
501,885	1386,83
502,097	1744,83
502,309	1729,83
502,521	1672,83
502,732	1625,83
502,944	1658,83
503,156	1525,83
503,367	1511,83
503,579	1508,83
503,791	1554,83
504,002	1641,83
504,214	1703,83
504,425	1844,83
504,637	1801,83
504,849	1561,83
505,06	1645,83
505,272	1706,83
505,483	1598,83
505,695	1578,83
505,906	1513,83
506,118	1655,83
506,329	1551,83
506,541	1533,83
506,752	1753,83
506,963	1712,83
507,175	1404,83
507,386	1857,83
507,598	1696,83
507,809	1445,83
508,02	1598,83
508,232	1665,83
508,443	1539,83
508,654	1814,83
508,865	1671,83
509,077	1486,83
509,288	1514,83
509,499	1794,83
509,71	1677,83
509,922	1706,83
510,133	1578,83
510,344	1778,83
510,555	1583,83
510,766	1700,83
510,977	1613,83
511,188	1566,83
511,4	1613,83
511,611	1586,83
511,822	1629,83
512,033	1651,83
512,244	1667,83
512,455	1604,83
512,666	1624,83
512,877	1704,83
513,088	1605,83
513,299	1648,83
513,51	1688,83
513,721	1609,83
513,931	1627,83
514,142	1743,83
514,353	1730,83
514,564	1544,83
514,775	1583,83
514,986	1623,83
515,196	1735,83
515,407	1533,83
515,618	1699,83
515,829	1559,83
516,04	1650,83
516,25	1468,83
516,461	1566,83
516,672	1634,83
516,882	1522,83
517,093	1767,83
517,304	1500,83
517,514	1508,83
517,725	1666,83
517,936	1487,83
518,146	1491,83
518,357	1703,83
518,567	1384,83
518,778	1858,83
518,988	1575,83
519,199	1719,83
519,409	1542,83
519,62	1860,83
519,83	1700,83
520,041	1705,83
520,251	1672,83
520,462	1650,83
520,672	1579,83
520,882	1605,83
521,093	1639,83
521,303	1714,83
521,513	1546,83
521,724	2470,83
521,934	1516,83
522,144	1602,83
522,355	1583,83
522,565	1561,83
522,775	1585,83
522,985	1545,83
523,196	1593,83
523,406	1539,83
523,616	1746,83
523,826	1572,83
524,036	2414,83
524,246	1580,83
524,457	1587,83
524,667	1488,83
524,877	1667,83
525,087	1549,83
525,297	1659,83
525,507	1693,83
525,717	1441,83
525,927	1624,83
526,137	1540,83
526,347	1607,83
526,557	1506,83
526,767	1567,83
526,977	1857,83
527,187	1430,83
527,397	1522,83
527,607	1468,83
527,816	1579,83
528,026	1630,83
528,236	1561,83
528,446	1530,83
528,656	1641,83
528,865	1780,83
529,075	1643,83
529,285	1645,83
529,495	1636,83
529,704	1639,83
529,914	1599,83
530,124	1594,83
530,334	1594,83
530,543	1492,83
530,753	1917,83
530,963	2030,83
531,172	1571,83
531,382	1510,83
531,591	1809,83
531,801	1467,83
532,01	1646,83
532,22	1614,83
532,43	1589,83
532,639	1868,83
532,849	1605,83
533,058	1697,83
533,267	1757,83
533,477	1615,83
533,686	1421,83
533,896	1607,83
534,105	1632,83
534,315	1688,83
534,524	1604,83
534,733	1630,83
534,943	1777,83
535,152	1741,83
535,361	1552,83
535,57	1648,83
535,78	1694,83
535,989	1780,83
536,198	1572,83
536,407	1590,83
536,617	1673,83
536,826	1730,83
537,035	1772,83
537,244	1533,83
537,453	1494,83
537,662	1636,83
537,872	1751,83
538,081	1564,83
538,29	1519,83
538,499	1556,83
538,708	1484,83
538,917	1554,83
539,126	1619,83
539,335	1666,83
539,544	2144,83
539,753	1525,83
539,962	1671,83
540,171	1643,83
540,38	1733,83
540,589	1626,83
540,797	1802,83
541,006	1583,83
541,215	1564,83
541,424	1787,83
541,633	1581,83
541,842	1644,83
542,05	1736,83
542,259	1570,83
542,468	1689,83
542,677	1666,83
542,885	1592,83
543,094	1674,83
543,303	1510,83
543,512	1648,83
543,72	1702,83
543,929	1692,83
544,138	1563,83
544,346	1471,83
544,555	1623,83
544,763	1564,83
544,972	1628,83
545,18	1514,83
545,389	1645,83
545,598	1539,83
545,806	1607,83
546,015	1639,83
546,223	1569,83
546,431	1595,83
546,64	1518,83
546,848	1524,83
547,057	1631,83
547,265	1526,83
547,474	1588,83
547,682	1546,83
547,89	1625,83
548,099	1681,83
548,307	1570,83
548,515	1662,83
548,723	1683,83
548,932	1542,83
549,14	1668,83
549,348	1721,83
549,556	1549,83
549,765	1574,83
549,973	1506,83
550,181	1695,83
550,389	1832,83
550,597	1701,83
550,805	1590,83
551,014	1921,83
551,222	4023,83
551,43	1496,83
551,638	1580,83
551,846	1726,83
552,054	1722,83
552,262	1770,83
552,47	1495,83
552,678	1556,83
552,886	1586,83
553,094	1470,83
553,302	1505,83
553,51	1612,83
553,717	1731,83
553,925	1460,83
554,133	1924,83
554,341	1497,83
554,549	1485,83
554,757	1540,83
554,965	1570,83
555,172	1559,83
555,38	1855,83
555,588	1463,83
555,796	1617,83
556,003	1741,83
556,211	1605,83
556,419	1629,83
556,626	1630,83
556,834	1586,83
557,042	1598,83
557,249	1722,83
557,457	1610,83
557,664	1408,83
557,872	1560,83
558,08	1505,83
558,287	1686,83
558,495	1722,83
558,702	1511,83
558,91	1657,83
559,117	1426,83
559,325	1645,83
559,532	1606,83
559,74	1853,83
559,947	1601,83
560,154	1665,83
560,362	1535,83
560,569	1546,83
560,776	1598,83
560,984	1624,83
561,191	1671,83
561,398	1667,83
561,606	2017,83
561,813	1699,83
562,02	1504,83
562,227	1413,83
562,435	1595,83
562,642	1674,83
562,849	1644,83
563,056	1551,83
563,263	1661,83
563,471	1719,83
563,678	1727,83
563,885	1561,83
564,092	1681,83
564,299	1648,83
564,506	1732,83
564,713	1555,83
564,92	1620,83
565,127	1735,83
565,334	1634,83
565,541	1931,83
565,748	1646,83
565,955	1601,83
566,162	1617,83
566,369	1706,83
566,576	1764,83
566,783	1680,83
566,99	1531,83
567,196	1670,83
567,403	1649,83
567,61	1796,83
567,817	1587,83
568,024	1692,83
568,23	1666,83
568,437	1303,83
568,644	1505,83
568,851	1585,83
569,057	1825,83
569,264	1730,83
569,471	1474,83
569,677	1584,83
569,884	1701,83
570,091	1767,83
570,297	2603,83
570,504	1838,83
570,71	1656,83
570,917	1659,83
571,123	1623,83
571,33	1636,83
571,536	1596,83
571,743	1770,83
571,949	1873,83
572,156	1592,83
572,362	1829,83
572,569	1601,83
572,775	1670,83
572,982	1748,83
573,188	1677,83
573,394	1530,83
573,601	1570,83
573,807	1474,83
574,013	1824,83
574,22	1706,83
574,426	1606,83
574,632	1647,83
574,838	1575,83
575,045	1622,83
575,251	1612,83
575,457	1704,83
575,663	1727,83
575,869	1612,83
576,076	1551,83
576,282	1475,83
576,488	1543,83
576,694	1620,83
576,9	1436,83
577,106	1591,83
577,312	1515,83
577,518	1682,83
577,724	1685,83
577,93	1627,83
578,136	1567,83
578,342	1619,83
578,548	1627,83
578,754	1532,83
578,96	1594,83
579,166	1476,83
579,372	1805,83
579,578	1673,83
579,784	1705,83
579,989	1572,83
580,195	1605,83
580,401	1623,83
580,607	1645,83
580,813	1598,83
581,018	1654,83
581,224	1534,83
581,43	1628,83
581,636	1628,83
581,841	1718,83
582,047	1631,83
582,253	1751,83
582,458	1678,83
582,664	1525,83
582,869	1578,83
583,075	1540,83
583,281	1941,83
583,486	1599,83
583,692	1531,83
583,897	1727,83
584,103	1645,83
584,308	1661,83
584,514	1585,83
584,719	1659,83
584,925	1760,83
585,13	1571,83
585,335	1649,83
585,541	1649,83
585,746	1677,83
585,952	1533,83
586,157	1593,83
586,362	1597,83
586,568	1631,83
586,773	1687,83
586,978	1569,83
587,183	1559,83
587,389	1662,83
587,594	1572,83
587,799	1695,83
588,004	1739,83
588,21	1637,83
588,415	1509,83
588,62	1602,83
588,825	1715,83
589,03	1699,83
589,235	1924,83
589,44	1748,83
589,645	1533,83
589,85	1716,83
590,055	1827,83
590,26	1695,83
590,465	1658,83
590,67	1696,83
590,875	1805,83
591,08	1755,83
591,285	1635,83
591,49	1671,83
591,695	1623,83
591,9	1634,83
592,105	1584,83
592,31	1579,83
592,515	1873,83
592,719	1528,83
592,924	1620,83
593,129	1613,83
593,334	1677,83
593,539	1570,83
593,743	1739,83
593,948	1685,83
594,153	1765,83
594,357	1832,83
594,562	1594,83
594,767	2042,83
594,971	1494,83
595,176	1554,83
595,381	1784,83
595,585	1615,83
595,79	1836,83
595,994	1504,83
596,199	2099,83
596,403	1336,83
596,608	1582,83
596,812	1632,83
597,017	1756,83
597,221	1902,83
597,426	1796,83
597,63	1636,83
597,835	1579,83
598,039	1562,83
598,243	1582,83
598,448	1853,83
598,652	1608,83
598,856	1654,83
599,061	1685,83
599,265	1540,83
599,469	1575,83
599,673	1717,83
599,878	1770,83
600,082	1578,83
600,286	1610,83
600,49	1625,83
600,695	1425,83
600,899	1605,83
601,103	1678,83
601,307	1751,83
601,511	1653,83
601,715	1499,83
601,919	1544,83
602,123	1832,83
602,327	1616,83
602,531	1609,83
602,735	1753,83
602,939	1730,83
603,143	1487,83
603,347	1676,83
603,551	1581,83
603,755	1624,83
603,959	1639,83
604,163	1655,83
604,367	1609,83
604,571	1537,83
604,775	1591,83
604,978	1579,83
605,182	1475,83
605,386	1659,83
605,59	1475,83
605,793	1570,83
605,997	1722,83
606,201	1464,83
606,405	1779,83
606,608	1787,83
606,812	1567,83
607,016	1700,83
607,219	1493,83
607,423	1604,83
607,627	1803,83
607,83	1689,83
608,034	1505,83
608,237	1702,83
608,441	1515,83
608,644	1732,83
608,848	1721,83
609,051	1621,83
609,255	1620,83
609,458	1672,83
609,662	1645,83
609,865	1671,83
610,069	1536,83
610,272	1695,83
610,475	1471,83
610,679	1641,83
610,882	1593,83
611,085	1653,83
611,289	1595,83
611,492	1674,83
611,695	1548,83
611,898	1678,83
612,102	1702,83
612,305	1615,83
612,508	1616,83
612,711	1720,83
612,914	1567,83
613,118	1599,83
613,321	1868,83
613,524	1570,83
613,727	1614,83
613,93	1610,83
614,133	1691,83
614,336	1700,83
614,539	1572,83
614,742	1446,83
614,945	1469,83
615,148	1778,83
615,351	1640,83
615,554	1833,83
615,757	1511,83
615,96	1658,83
616,163	1574,83
616,366	1722,83
616,569	1604,83
616,772	1806,83
616,974	1679,83
617,177	1753,83
617,38	1700,83
617,583	1673,83
617,786	1606,83
617,988	1492,83
618,191	1745,83
618,394	1637,83
618,596	1448,83
618,799	1354,83
619,002	1642,83
619,204	1701,83
619,407	1627,83
619,61	1424,83
619,812	1606,83
620,015	1602,83
620,217	1784,83
620,42	1610,83
620,623	1617,83
620,825	1610,83
621,028	1747,83
621,23	1759,83
621,432	1667,83
621,635	1843,83
621,837	1579,83
622,04	1559,83
622,242	1629,83
622,445	1612,83
622,647	1664,83
622,849	1679,83
623,052	1465,83
623,254	1926,83
623,456	1585,83
623,658	1785,83
623,861	1739,83
624,063	1439,83
624,265	1595,83
624,467	1699,83
624,67	1498,83
624,872	1670,83
625,074	1799,83
625,276	1788,83
625,478	1752,83
625,68	1444,83
625,882	1496,83
626,084	1629,83
626,287	1776,83
626,489	1723,83
626,691	1582,83
626,893	1605,83
627,095	1629,83
627,297	1736,83
627,499	1569,83
627,7	1447,83
627,902	1488,83
628,104	1474,83
628,306	1531,83
628,508	1547,83
628,71	1610,83
628,912	1655,83
629,114	1844,83
629,315	1629,83
629,517	1553,83
629,719	1553,83
629,921	1563,83
630,122	1505,83
630,324	1546,83
630,526	1719,83
630,728	1696,83
630,929	1530,83
631,131	1570,83
631,332	1748,83
631,534	1802,83
631,736	1608,83
631,937	1529,83
632,139	1659,83
632,34	1552,83
632,542	1747,83
632,743	1690,83
632,945	1524,83
633,146	1617,83
633,348	1722,83
633,549	1663,83
633,751	1576,83
633,952	1642,83
634,154	1502,83
634,355	1496,83
634,556	1615,83
634,758	1549,83
634,959	1579,83
635,16	1777,83
635,362	1573,83
635,563	1661,83
635,764	1643,83
635,965	1637,83
636,167	1648,83
636,368	1589,83
636,569	1719,83
636,77	1786,83
636,971	1600,83
637,172	1675,83
637,374	1493,83
637,575	1769,83
637,776	1493,83
637,977	1485,83
638,178	1605,83
638,379	1611,83
638,58	1893,83
638,781	1518,83
638,982	1624,83
639,183	1708,83
639,384	1584,83
639,585	1560,83
639,786	1510,83
639,987	1488,83
640,187	1760,83
640,388	1716,83
640,589	1522,83
640,79	1535,83
640,991	1595,83
641,192	1750,83
641,392	1504,83
641,593	1566,83
641,794	1492,83
641,995	1548,83
642,195	1441,83
642,396	1547,83
642,597	1432,83
642,797	1587,83
642,998	1675,83
643,199	1553,83
643,399	1740,83
643,6	1471,83
643,8	1482,83
644,001	1695,83
644,202	1610,83
644,402	1555,83
644,603	1627,83
644,803	1451,83
645,004	1550,83
645,204	1440,83
645,404	1583,83
645,605	1921,83
645,805	1524,83
646,006	1499,83
646,206	1968,83
646,406	1494,83
646,607	1457,83
646,807	1361,83
647,007	-34,17
647,208	19,83
647,408	-14,17
647,608	57,83
