200,697	941,67
200,927	-51,33
201,158	5,67
201,388	28,67
201,618	1476,67
201,849	1261,67
202,079	1524,67
202,309	1344,67
202,539	1447,67
202,77	1450,67
203	1545,67
203,23	1493,67
203,46	1399,67
203,691	1538,67
203,921	1580,67
204,151	1477,67
204,381	1349,67
204,611	1560,67
204,841	1415,67
205,071	1454,67
205,302	1617,67
205,532	1593,67
205,762	3526,67
205,992	1403,67
206,222	1459,67
206,452	1515,67
206,682	1453,67
206,912	1586,67
207,142	1468,67
207,372	1632,67
207,602	1278,67
207,832	1484,67
208,062	1609,67
208,292	1578,67
208,522	1339,67
208,752	1551,67
208,982	1395,67
209,212	1675,67
209,442	1553,67
209,672	1396,67
209,902	1389,67
210,131	1551,67
210,361	1460,67
210,591	1480,67
210,821	1413,67
211,051	1645,67
211,281	1532,67
211,51	1546,67
211,74	1523,67
211,97	1439,67
212,2	1511,67
212,429	1818,67
212,659	1563,67
212,889	1560,67
213,119	1462,67
213,348	1471,67
213,578	1663,67
213,808	1554,67
214,037	1627,67
214,267	1593,67
214,497	1547,67
214,726	1548,67
214,956	1442,67
215,186	1573,67
215,415	1553,67
215,645	1596,67
215,874	1608,67
216,104	1469,67
216,333	1555,67
216,563	1646,67
216,792	1564,67
217,022	1468,67
217,251	1577,67
217,481	1419,67
217,71	1621,67
217,94	1504,67
218,169	1509,67
218,399	1551,67
218,628	1336,67
218,858	1595,67
219,087	1584,67
219,316	1598,67
219,546	1594,67
219,775	1551,67
220,004	1737,67
220,234	1482,67
220,463	1592,67
220,692	1529,67
220,922	1518,67
221,151	1617,67
221,38	1727,67
221,61	1902,67
221,839	1770,67
222,068	1563,67
222,297	1651,67
222,526	1597,67
222,756	1645,67
222,985	1586,67
223,214	1542,67
223,443	1741,67
223,672	2001,67
223,902	1332,67
224,131	1637,67
224,36	1655,67
224,589	1430,67
224,818	1537,67
225,047	1679,67
225,276	1546,67
225,505	1799,67
225,734	1608,67
225,963	1467,67
226,192	1489,67
226,421	1574,67
226,65	1824,67
226,879	1631,67
227,108	1640,67
227,337	1686,67
227,566	1697,67
227,795	1650,67
228,024	1596,67
228,253	1597,67
228,482	1433,67
228,711	1657,67
228,94	1435,67
229,168	1555,67
229,397	1528,67
229,626	1669,67
229,855	1477,67
230,084	1526,67
230,313	1429,67
230,541	1670,67
230,77	1595,67
230,999	1312,67
231,228	1809,67
231,456	1709,67
231,685	1541,67
231,914	1649,67
232,143	1555,67
232,371	1609,67
232,6	1572,67
232,829	1537,67
233,057	1681,67
233,286	1619,67
233,515	1488,67
233,743	1538,67
233,972	1588,67
234,2	1591,67
234,429	1580,67
234,658	1654,67
234,886	1468,67
235,115	1577,67
235,343	1582,67
235,572	1615,67
235,8	1641,67
236,029	1873,67
236,257	1380,67
236,486	1641,67
236,714	1708,67
236,943	1702,67
237,171	1584,67
237,399	1602,67
237,628	1573,67
237,856	1932,67
238,085	1636,67
238,313	1508,67
238,541	1655,67
238,77	1934,67
238,998	1329,67
239,226	1596,67
239,455	1521,67
239,683	1611,67
239,911	1482,67
240,14	1672,67
240,368	1532,67
240,596	1559,67
240,824	1583,67
241,053	1528,67
241,281	1520,67
241,509	1608,67
241,737	1517,67
241,965	1425,67
242,193	1501,67
242,422	1410,67
242,65	1521,67
242,878	1650,67
243,106	1568,67
243,334	1617,67
243,562	1657,67
243,79	1618,67
244,018	1624,67
244,246	1567,67
244,474	1595,67
244,702	1573,67
244,93	1589,67
245,158	1613,67
245,386	1535,67
245,614	1442,67
245,842	1683,67
246,07	1558,67
246,298	1651,67
246,526	2010,67
246,754	1460,67
246,982	1625,67
247,21	1619,67
247,438	1516,67
247,666	1516,67
247,893	1552,67
248,121	1511,67
248,349	1581,67
248,577	1583,67
248,805	1638,67
249,033	1569,67
249,26	1609,67
249,488	1521,67
249,716	1621,67
249,944	1684,67
250,171	1544,67
250,399	1593,67
250,627	1714,67
250,854	1551,67
251,082	1508,67
251,31	1582,67
251,537	1546,67
251,765	1830,67
251,993	1503,67
252,22	1820,67
252,448	1484,67
252,676	1599,67
252,903	1552,67
253,131	1866,67
253,358	1526,67
253,586	1536,67
253,813	1429,67
254,041	1617,67
254,268	1594,67
254,496	1583,67
254,723	1527,67
254,951	1579,67
255,178	1768,67
255,406	1554,67
255,633	1612,67
255,86	1742,67
256,088	1587,67
256,315	1500,67
256,543	1647,67
256,77	1645,67
256,997	1430,67
257,225	1611,67
257,452	1487,67
257,679	1541,67
257,907	1789,67
258,134	1523,67
258,361	1723,67
258,588	1483,67
258,816	1566,67
259,043	1485,67
259,27	1586,67
259,497	1430,67
259,725	1538,67
259,952	1547,67
260,179	1410,67
260,406	1561,67
260,633	1525,67
260,86	1596,67
261,088	1575,67
261,315	1750,67
261,542	1369,67
261,769	1499,67
261,996	1848,67
262,223	1685,67
262,45	1780,67
262,677	1435,67
262,904	1535,67
263,131	1664,67
263,358	1552,67
263,585	1612,67
263,812	1909,67
264,039	1613,67
264,266	1539,67
264,493	1582,67
264,72	1474,67
264,947	1573,67
265,174	1767,67
265,401	1758,67
265,627	1708,67
265,854	1568,67
266,081	1650,67
266,308	1559,67
266,535	1661,67
266,762	1504,67
266,988	1599,67
267,215	1736,67
267,442	1500,67
267,669	1712,67
267,896	1653,67
268,122	1799,67
268,349	1606,67
268,576	1439,67
268,802	1493,67
269,029	1621,67
269,256	1612,67
269,482	1547,67
269,709	1524,67
269,936	1601,67
270,162	1760,67
270,389	1508,67
270,616	1574,67
270,842	1732,67
271,069	1665,67
271,295	1583,67
271,522	1523,67
271,748	1591,67
271,975	1684,67
272,201	1691,67
272,428	1570,67
272,654	1633,67
272,881	1893,67
273,107	1563,67
273,334	1569,67
273,56	2023,67
273,787	1425,67
274,013	1692,67
274,239	1923,67
274,466	1593,67
274,692	1652,67
274,918	1613,67
275,145	1613,67
275,371	1544,67
275,597	1695,67
275,824	1915,67
276,05	1625,67
276,276	1540,67
276,503	1543,67
276,729	1550,67
276,955	1526,67
277,181	1689,67
277,407	1565,67
277,634	1693,67
277,86	1624,67
278,086	1814,67
278,312	1491,67
278,538	1517,67
278,764	1600,67
278,991	1719,67
279,217	1554,67
279,443	1517,67
279,669	1602,67
279,895	1716,67
280,121	1601,67
280,347	1546,67
280,573	1569,67
280,799	1600,67
281,025	1740,67
281,251	1471,67
281,477	1695,67
281,703	1512,67
281,929	1592,67
282,155	1500,67
282,381	1621,67
282,607	1569,67
282,833	1601,67
283,059	1510,67
283,285	1540,67
283,51	1361,67
283,736	1408,67
283,962	1570,67
284,188	1591,67
284,414	1534,67
284,64	1630,67
284,865	1596,67
285,091	1508,67
285,317	1614,67
285,543	1725,67
285,768	1506,67
285,994	1559,67
286,22	1852,67
286,446	1622,67
286,671	1433,67
286,897	1596,67
287,123	1564,67
287,348	1546,67
287,574	2014,67
287,799	1599,67
288,025	1570,67
288,251	1745,67
288,476	1607,67
288,702	1577,67
288,927	1601,67
289,153	1561,67
289,378	1762,67
289,604	1583,67
289,829	1575,67
290,055	1514,67
290,28	1572,67
290,506	1637,67
290,731	1559,67
290,957	1630,67
291,182	1692,67
291,408	1701,67
291,633	1638,67
291,858	1531,67
292,084	1683,67
292,309	1589,67
292,535	1282,67
292,76	1721,67
292,985	1807,67
293,211	1548,67
293,436	1432,67
293,661	1456,67
293,886	1481,67
294,112	1565,67
294,337	1646,67
294,562	1245,67
294,787	1596,67
295,013	1631,67
295,238	1548,67
295,463	1619,67
295,688	1753,67
295,913	1566,67
296,138	1678,67
296,364	1600,67
296,589	1653,67
296,814	1589,67
297,039	1522,67
297,264	1681,67
297,489	1613,67
297,714	1656,67
297,939	1510,67
298,164	1535,67
298,389	1684,67
298,614	1467,67
298,839	1626,67
299,064	1673,67
299,289	1628,67
299,514	1663,67
299,739	1588,67
299,964	1491,67
300,189	1550,67
300,414	1680,67
300,639	1686,67
300,863	1492,67
301,088	1952,67
301,313	1601,67
301,538	1590,67
301,763	1388,67
301,988	1589,67
302,212	1634,67
302,437	1943,67
302,662	1485,67
302,887	1548,67
303,111	1543,67
303,336	1741,67
303,561	1635,67
303,786	1486,67
304,01	1635,67
304,235	1661,67
304,46	1535,67
304,684	1559,67
304,909	1596,67
305,134	1513,67
305,358	1701,67
305,583	1591,67
305,807	1799,67
306,032	1354,67
306,256	1624,67
306,481	1670,67
306,706	1579,67
306,93	1446,67
307,155	1917,67
307,379	1296,67
307,604	1548,67
307,828	1591,67
308,052	1752,67
308,277	1627,67
308,501	1621,67
308,726	1751,67
308,95	1669,67
309,175	1388,67
309,399	1697,67
309,623	1621,67
309,848	1503,67
310,072	1413,67
310,296	1823,67
310,521	1550,67
310,745	1276,67
310,969	1955,67
311,193	1807,67
311,418	1546,67
311,642	1581,67
311,866	1620,67
312,09	1595,67
312,315	1626,67
312,539	1625,67
312,763	1529,67
312,987	1679,67
313,211	1544,67
313,435	1684,67
313,659	1514,67
313,884	1758,67
314,108	1701,67
314,332	1743,67
314,556	1516,67
314,78	1770,67
315,004	1681,67
315,228	1768,67
315,452	1786,67
315,676	1591,67
315,9	1706,67
316,124	1445,67
316,348	1724,67
316,572	1712,67
316,796	1677,67
317,02	1612,67
317,244	1625,67
317,468	1469,67
317,691	1743,67
317,915	1640,67
318,139	1539,67
318,363	1962,67
318,587	1594,67
318,811	1544,67
319,034	1488,67
319,258	1734,67
319,482	1744,67
319,706	1671,67
319,93	1557,67
320,153	1505,67
320,377	1551,67
320,601	1516,67
320,824	1392,67
321,048	1693,67
321,272	1697,67
321,495	1597,67
321,719	1562,67
321,943	1524,67
322,166	1620,67
322,39	1595,67
322,614	1615,67
322,837	1767,67
323,061	1577,67
323,284	1618,67
323,508	1603,67
323,731	1461,67
323,955	1651,67
324,178	1594,67
324,402	1611,67
324,625	1484,67
324,849	1453,67
325,072	1675,67
325,296	1637,67
325,519	1550,67
325,743	1248,67
325,966	1650,67
326,189	1624,67
326,413	1569,67
326,636	1863,67
326,859	1664,67
327,083	1862,67
327,306	1517,67
327,529	1500,67
327,753	1456,67
327,976	1678,67
328,199	1700,67
328,422	1637,67
328,646	1580,67
328,869	1424,67
329,092	1599,67
329,315	1787,67
329,538	1824,67
329,762	1456,67
329,985	1324,67
330,208	1670,67
330,431	1592,67
330,654	1659,67
330,877	1503,67
331,1	1666,67
331,323	1597,67
331,546	1685,67
331,769	1661,67
331,993	1518,67
332,216	1610,67
332,439	1562,67
332,662	1596,67
332,885	1565,67
333,107	1462,67
333,33	1446,67
333,553	1703,67
333,776	1536,67
333,999	1560,67
334,222	1450,67
334,445	1534,67
334,668	1531,67
334,891	1583,67
335,114	1397,67
335,336	1546,67
335,559	1631,67
335,782	1819,67
336,005	1498,67
336,228	1521,67
336,45	1535,67
336,673	1575,67
336,896	1523,67
337,119	1592,67
337,341	1623,67
337,564	1499,67
337,787	1589,67
338,009	1386,67
338,232	1649,67
338,455	1714,67
338,677	1501,67
338,9	1433,67
339,122	1633,67
339,345	1453,67
339,568	1387,67
339,79	1545,67
340,013	1649,67
340,235	1644,67
340,458	1453,67
340,68	1625,67
340,903	1467,67
341,125	1524,67
341,348	1535,67
341,57	1488,67
341,793	1705,67
342,015	1433,67
342,238	1578,67
342,46	1610,67
342,682	1717,67
342,905	1510,67
343,127	1463,67
343,349	1530,67
343,572	1739,67
343,794	1504,67
344,016	1548,67
344,239	1391,67
344,461	1577,67
344,683	1422,67
344,905	1410,67
345,128	1410,67
345,35	1567,67
345,572	1647,67
345,794	1735,67
346,017	1518,67
346,239	1571,67
346,461	1515,67
346,683	1478,67
346,905	1649,67
347,127	1516,67
347,349	1527,67
347,571	1545,67
347,793	1751,67
348,016	1844,67
348,238	1791,67
348,46	1822,67
348,682	1449,67
348,904	1633,67
349,126	1660,67
349,348	1638,67
349,57	1470,67
349,792	1549,67
350,014	1620,67
350,235	1569,67
350,457	2313,67
350,679	1656,67
350,901	1449,67
351,123	1453,67
351,345	1585,67
351,567	1703,67
351,789	1704,67
352,01	1631,67
352,232	1585,67
352,454	1425,67
352,676	1627,67
352,897	1506,67
353,119	1488,67
353,341	1636,67
353,563	1596,67
353,784	1439,67
354,006	1608,67
354,228	1591,67
354,449	1538,67
354,671	1679,67
354,893	1679,67
355,114	1562,67
355,336	1587,67
355,558	1537,67
355,779	1452,67
356,001	1609,67
356,222	1534,67
356,444	1449,67
356,665	1959,67
356,887	1493,67
357,108	1495,67
357,33	1558,67
357,551	1617,67
357,773	1576,67
357,994	1550,67
358,216	1344,67
358,437	1612,67
358,659	1633,67
358,88	1549,67
359,101	1594,67
359,323	1578,67
359,544	1488,67
359,765	1446,67
359,987	1508,67
360,208	1491,67
360,429	1609,67
360,651	1478,67
360,872	1720,67
361,093	1554,67
361,314	1572,67
361,536	1414,67
361,757	1515,67
361,978	1439,67
362,199	1460,67
362,42	1393,67
362,642	1287,67
362,863	1575,67
363,084	1525,67
363,305	1512,67
363,526	1512,67
363,747	1421,67
363,968	1548,67
364,189	1703,67
364,41	1393,67
364,631	1376,67
364,852	1701,67
365,073	1532,67
365,294	1514,67
365,515	1359,67
365,736	1647,67
365,957	1630,67
366,178	1515,67
366,399	1731,67
366,62	1605,67
366,841	1659,67
367,062	1495,67
367,283	1592,67
367,504	1609,67
367,724	1423,67
367,945	1415,67
368,166	1676,67
368,387	1519,67
368,608	1496,67
368,828	1687,67
369,049	1429,67
369,27	1518,67
369,491	1506,67
369,711	1590,67
369,932	1694,67
370,153	1543,67
370,373	1652,67
370,594	1714,67
370,815	1491,67
371,035	1692,67
371,256	1424,67
371,477	1389,67
371,697	1640,67
371,918	1392,67
372,138	1569,67
372,359	1723,67
372,579	1378,67
372,8	1507,67
373,02	1618,67
373,241	1540,67
373,461	1585,67
373,682	1549,67
373,902	1545,67
374,123	1486,67
374,343	1655,67
374,564	1525,67
374,784	1453,67
375,004	1584,67
375,225	1416,67
375,445	1470,67
375,666	1671,67
375,886	1277,67
376,106	1403,67
376,326	1551,67
376,547	1642,67
376,767	1633,67
376,987	1441,67
377,208	1570,67
377,428	1474,67
377,648	1519,67
377,868	1598,67
378,088	1785,67
378,309	1637,67
378,529	1598,67
378,749	1616,67
378,969	1443,67
379,189	1610,67
379,409	1524,67
379,629	1422,67
379,849	1699,67
380,069	1505,67
380,29	1448,67
380,51	1499,67
380,73	1609,67
380,95	1687,67
381,17	1540,67
381,39	1738,67
381,61	1385,67
381,829	1478,67
382,049	1581,67
382,269	1489,67
382,489	1569,67
382,709	1551,67
382,929	1615,67
383,149	1526,67
383,369	1875,67
383,589	1473,67
383,808	1583,67
384,028	1512,67
384,248	1613,67
384,468	1571,67
384,688	1634,67
384,907	1465,67
385,127	1822,67
385,347	1787,67
385,567	1420,67
385,786	1735,67
386,006	1517,67
386,226	1651,67
386,445	1434,67
386,665	1509,67
386,885	1665,67
387,104	1443,67
387,324	1494,67
387,543	1463,67
387,763	1541,67
387,982	1566,67
388,202	1526,67
388,422	1471,67
388,641	1464,67
388,861	1570,67
389,08	1564,67
389,3	1531,67
389,519	1705,67
389,738	1542,67
389,958	1736,67
390,177	1496,67
390,397	1746,67
390,616	1468,67
390,836	1585,67
391,055	1490,67
391,274	1603,67
391,494	1496,67
391,713	1447,67
391,932	1478,67
392,151	1502,67
392,371	1493,67
392,59	1510,67
392,809	1632,67
393,029	1642,67
393,248	1657,67
393,467	1366,67
393,686	1462,67
393,905	2391,67
394,124	1486,67
394,344	1461,67
394,563	1559,67
394,782	1469,67
395,001	1533,67
395,22	1469,67
395,439	1578,67
395,658	1423,67
395,877	1569,67
396,096	1444,67
396,315	1632,67
396,534	1456,67
396,753	1544,67
396,972	1428,67
397,191	1544,67
397,41	1561,67
397,629	1493,67
397,848	1443,67
398,067	1596,67
398,286	1478,67
398,505	1527,67
398,724	1520,67
398,943	2058,67
399,161	1460,67
399,38	1567,67
399,599	1608,67
399,818	1440,67
400,037	1637,67
400,255	1567,67
400,474	1467,67
400,693	1578,67
400,912	1632,67
401,13	1537,67
401,349	1526,67
401,568	1361,67
401,786	1691,67
402,005	1587,67
402,224	1500,67
402,442	1550,67
402,661	1534,67
402,88	1533,67
403,098	1424,67
403,317	1430,67
403,535	1629,67
403,754	1529,67
403,972	1585,67
404,191	1402,67
404,409	1485,67
404,628	2190,67
404,846	1532,67
405,065	1629,67
405,283	1579,67
405,502	1570,67
405,72	1505,67
405,938	1405,67
406,157	1463,67
406,375	1477,67
406,594	1566,67
406,812	1512,67
407,03	1521,67
407,249	1340,67
407,467	1618,67
407,685	1581,67
407,903	1453,67
408,122	1840,67
408,34	1586,67
408,558	1509,67
408,776	1272,67
408,995	1508,67
409,213	1529,67
409,431	1589,67
409,649	1565,67
409,867	1460,67
410,085	1557,67
410,303	1551,67
410,522	1447,67
410,74	1431,67
410,958	1444,67
411,176	1501,67
411,394	1510,67
411,612	1535,67
411,83	1722,67
412,048	1306,67
412,266	1554,67
412,484	1565,67
412,702	1654,67
412,92	1473,67
413,138	1571,67
413,356	1526,67
413,573	1678,67
413,791	1778,67
414,009	1637,67
414,227	1773,67
414,445	1539,67
414,663	1537,67
414,881	1568,67
415,098	1525,67
415,316	1611,67
415,534	1869,67
415,752	1550,67
415,969	1647,67
416,187	1520,67
416,405	1507,67
416,623	1614,67
416,84	1431,67
417,058	1511,67
417,276	1638,67
417,493	1551,67
417,711	1483,67
417,928	1655,67
418,146	1488,67
418,364	1631,67
418,581	1522,67
418,799	1415,67
419,016	1381,67
419,234	1461,67
419,451	1990,67
419,669	1546,67
419,886	1570,67
420,104	1499,67
420,321	1485,67
420,539	1516,67
420,756	1680,67
420,974	1428,67
421,191	1458,67
421,408	1581,67
421,626	1522,67
421,843	1677,67
422,06	1475,67
422,278	1490,67
422,495	1562,67
422,712	1493,67
422,93	1576,67
423,147	1631,67
423,364	1496,67
423,581	1616,67
423,799	1451,67
424,016	1557,67
424,233	1518,67
424,45	1576,67
424,667	1549,67
424,884	1449,67
425,102	1486,67
425,319	1446,67
425,536	1475,67
425,753	1616,67
425,97	1389,67
426,187	1808,67
426,404	1434,67
426,621	1761,67
426,838	1641,67
427,055	1592,67
427,272	1532,67
427,489	1509,67
427,706	1474,67
427,923	1499,67
428,14	1528,67
428,357	1753,67
428,574	1507,67
428,791	1537,67
429,008	1496,67
429,224	1461,67
429,441	1412,67
429,658	1548,67
429,875	1747,67
430,092	1520,67
430,308	1624,67
430,525	1589,67
430,742	1552,67
430,959	1624,67
431,175	1485,67
431,392	1400,67
431,609	1680,67
431,826	1564,67
432,042	1385,67
432,259	1520,67
432,476	1810,67
432,692	1475,67
432,909	1486,67
433,125	1534,67
433,342	1391,67
433,559	1561,67
433,775	1493,67
433,992	1367,67
434,208	1391,67
434,425	1458,67
434,641	1646,67
434,858	1738,67
435,074	1632,67
435,291	1463,67
435,507	1517,67
435,723	1505,67
435,94	1665,67
436,156	1483,67
436,373	1709,67
436,589	1491,67
436,805	1578,67
437,022	1503,67
437,238	1503,67
437,454	1566,67
437,671	1511,67
437,887	1534,67
438,103	1478,67
438,319	1472,67
438,536	1686,67
438,752	1536,67
438,968	1505,67
439,184	1619,67
439,4	1421,67
439,616	1387,67
439,833	1597,67
440,049	1365,67
440,265	1696,67
440,481	1455,67
440,697	1503,67
440,913	1533,67
441,129	1496,67
441,345	1593,67
441,561	1518,67
441,777	1511,67
441,993	1540,67
442,209	1474,67
442,425	1621,67
442,641	1508,67
442,857	1575,67
443,073	1418,67
443,289	1518,67
443,505	1577,67
443,721	1624,67
443,937	1559,67
444,152	1629,67
444,368	1497,67
444,584	1554,67
444,8	1655,67
445,016	1406,67
445,231	1555,67
445,447	1672,67
445,663	1595,67
445,879	1437,67
446,094	1680,67
446,31	1649,67
446,526	1613,67
446,742	1605,67
446,957	1501,67
447,173	1543,67
447,388	1581,67
447,604	1665,67
447,82	1544,67
448,035	1645,67
448,251	1543,67
448,466	1567,67
448,682	1527,67
448,897	1416,67
449,113	1602,67
449,328	1615,67
449,544	1433,67
449,759	1826,67
449,975	1382,67
450,19	1493,67
450,406	1550,67
450,621	1478,67
450,836	1500,67
451,052	1551,67
451,267	1444,67
451,483	1496,67
451,698	1401,67
451,913	1538,67
452,129	1441,67
452,344	1434,67
452,559	1649,67
452,774	1577,67
452,99	1444,67
453,205	1421,67
453,42	1629,67
453,635	1667,67
453,85	1485,67
454,066	1461,67
454,281	1541,67
454,496	1628,67
454,711	1597,67
454,926	1570,67
455,141	1439,67
455,356	1506,67
455,571	1452,67
455,786	1588,67
456,001	1476,67
456,217	1401,67
456,432	1561,67
456,647	1502,67
456,861	1581,67
457,076	1568,67
457,291	1629,67
457,506	1532,67
457,721	1523,67
457,936	1607,67
458,151	1410,67
458,366	1722,67
458,581	1502,67
458,796	1721,67
459,01	1520,67
459,225	1566,67
459,44	1363,67
459,655	1588,67
459,87	1413,67
460,084	1423,67
460,299	1609,67
460,514	1588,67
460,729	1913,67
460,943	1491,67
461,158	1460,67
461,373	1592,67
461,587	1514,67
461,802	1469,67
462,016	1825,67
462,231	1412,67
462,446	1636,67
462,66	1518,67
462,875	1428,67
463,089	1690,67
463,304	1592,67
463,518	1503,67
463,733	1466,67
463,947	1606,67
464,162	1469,67
464,376	1459,67
464,591	1671,67
464,805	1437,67
465,02	1651,67
465,234	1554,67
465,448	1624,67
465,663	1571,67
465,877	1752,67
466,091	1483,67
466,306	1726,67
466,52	1859,67
466,734	1521,67
466,949	1569,67
467,163	1666,67
467,377	1545,67
467,591	1603,67
467,806	1473,67
468,02	1488,67
468,234	1413,67
468,448	1587,67
468,662	1545,67
468,876	1735,67
469,091	1491,67
469,305	1632,67
469,519	1440,67
469,733	1451,67
469,947	1476,67
470,161	1726,67
470,375	1380,67
470,589	1637,67
470,803	1504,67
471,017	1267,67
471,231	1468,67
471,445	1409,67
471,659	1524,67
471,873	1473,67
472,087	1487,67
472,301	1596,67
472,515	1394,67
472,728	1462,67
472,942	1370,67
473,156	1547,67
473,37	1498,67
473,584	1438,67
473,798	1533,67
474,011	1505,67
474,225	1507,67
474,439	1613,67
474,653	1610,67
474,866	1543,67
475,08	1551,67
475,294	1611,67
475,507	1417,67
475,721	1557,67
475,935	1266,67
476,148	1466,67
476,362	1384,67
476,576	1476,67
476,789	1523,67
477,003	1606,67
477,216	1616,67
477,43	1516,67
477,643	1545,67
477,857	1619,67
478,07	1523,67
478,284	1552,67
478,497	1446,67
478,711	1552,67
478,924	1507,67
479,138	1490,67
479,351	1498,67
479,564	1377,67
479,778	1389,67
479,991	1497,67
480,204	1483,67
480,418	1556,67
480,631	1379,67
480,844	1743,67
481,058	1529,67
481,271	1546,67
481,484	1571,67
481,697	1493,67
481,911	1484,67
482,124	1517,67
482,337	1563,67
482,55	1500,67
482,763	1474,67
482,976	1627,67
483,19	1429,67
483,403	1504,67
483,616	1669,67
483,829	1552,67
484,042	1557,67
484,255	1514,67
484,468	1567,67
484,681	1468,67
484,894	1598,67
485,107	1672,67
485,32	1449,67
485,533	1400,67
485,746	1640,67
485,959	1485,67
486,172	1560,67
486,385	1321,67
486,598	1537,67
486,81	1515,67
487,023	1528,67
487,236	1688,67
487,449	1468,67
487,662	1520,67
487,875	1575,67
488,087	1534,67
488,3	1582,67
488,513	1372,67
488,726	1438,67
488,938	1623,67
489,151	1531,67
489,364	1491,67
489,576	1541,67
489,789	1613,67
490,002	1539,67
490,214	1494,67
490,427	1354,67
490,64	1554,67
490,852	1570,67
491,065	1456,67
491,277	1597,67
491,49	1554,67
491,702	1354,67
491,915	1523,67
492,127	1570,67
492,34	1562,67
492,552	1370,67
492,765	1627,67
492,977	1768,67
493,19	1522,67
493,402	1517,67
493,614	1523,67
493,827	1642,67
494,039	1460,67
494,251	1457,67
494,464	1636,67
494,676	1398,67
494,888	1492,67
495,101	1503,67
495,313	1514,67
495,525	1484,67
495,737	1704,67
495,95	1556,67
496,162	1521,67
496,374	1590,67
496,586	1490,67
496,798	1571,67
497,01	1524,67
497,222	1415,67
497,435	1592,67
497,647	1595,67
497,859	1569,67
498,071	1439,67
498,283	1507,67
498,495	1491,67
498,707	1494,67
498,919	1362,67
499,131	1607,67
499,343	1411,67
499,555	1512,67
499,767	1650,67
499,979	1479,67
500,191	1637,67
500,402	1458,67
500,614	1695,67
500,826	1567,67
501,038	1362,67
501,25	1511,67
501,462	1538,67
501,673	1496,67
501,885	1415,67
502,097	1626,67
502,309	1603,67
502,521	1850,67
502,732	1354,67
502,944	1506,67
503,156	1463,67
503,367	1460,67
503,579	1442,67
503,791	1522,67
504,002	1511,67
504,214	1659,67
504,425	1830,67
504,637	1759,67
504,849	1499,67
505,06	1547,67
505,272	1697,67
505,483	1568,67
505,695	1500,67
505,906	1397,67
506,118	1485,67
506,329	1781,67
506,541	1493,67
506,752	1639,67
506,963	1486,67
507,175	1359,67
507,386	1787,67
507,598	1648,67
507,809	1450,67
508,02	1547,67
508,232	1586,67
508,443	1428,67
508,654	1746,67
508,865	1575,67
509,077	1397,67
509,288	1453,67
509,499	1762,67
509,71	1435,67
509,922	1626,67
510,133	1561,67
510,344	1692,67
510,555	1493,67
510,766	1602,67
510,977	1543,67
511,188	1488,67
511,4	1565,67
511,611	1473,67
511,822	1551,67
512,033	1553,67
512,244	1599,67
512,455	1542,67
512,666	1522,67
512,877	1583,67
513,088	1566,67
513,299	1607,67
513,51	1576,67
513,721	1506,67
513,931	1540,67
514,142	1741,67
514,353	1629,67
514,564	1483,67
514,775	1541,67
514,986	1642,67
515,196	1329,67
515,407	1492,67
515,618	1529,67
515,829	1529,67
516,04	1571,67
516,25	1384,67
516,461	1574,67
516,672	1524,67
516,882	1409,67
517,093	1681,67
517,304	1416,67
517,514	1400,67
517,725	1617,67
517,936	1436,67
518,146	1449,67
518,357	1590,67
518,567	1399,67
518,778	1792,67
518,988	1538,67
519,199	1754,67
519,409	1413,67
519,62	1445,67
519,83	1563,67
520,041	1565,67
520,251	1319,67
520,462	1546,67
520,672	1513,67
520,882	1605,67
521,093	1585,67
521,303	1616,67
521,513	1510,67
521,724	2503,67
521,934	1471,67
522,144	1514,67
522,355	1495,67
522,565	1593,67
522,775	1493,67
522,985	1515,67
523,196	1540,67
523,406	1494,67
523,616	1642,67
523,826	1376,67
524,036	2420,67
524,246	1447,67
524,457	1464,67
524,667	1373,67
524,877	1591,67
525,087	1406,67
525,297	1604,67
525,507	1648,67
525,717	1372,67
525,927	1629,67
526,137	1425,67
526,347	1520,67
526,557	1449,67
526,767	1527,67
526,977	1763,67
527,187	1452,67
527,397	1435,67
527,607	1567,67
527,816	1490,67
528,026	1490,67
528,236	1501,67
528,446	1562,67
528,656	1613,67
528,865	1748,67
529,075	1588,67
529,285	1517,67
529,495	1597,67
529,704	1552,67
529,914	1530,67
530,124	1567,67
530,334	1419,67
530,543	1491,67
530,753	1821,67
530,963	1886,67
531,172	1470,67
531,382	1438,67
531,591	1773,67
531,801	1471,67
532,01	1553,67
532,22	1517,67
532,43	1648,67
532,639	2001,67
532,849	1498,67
533,058	1474,67
533,267	1743,67
533,477	1576,67
533,686	1424,67
533,896	1617,67
534,105	1561,67
534,315	1697,67
534,524	1567,67
534,733	1548,67
534,943	1731,67
535,152	1621,67
535,361	1480,67
535,57	1472,67
535,78	1543,67
535,989	1504,67
536,198	1502,67
536,407	1298,67
536,617	1582,67
536,826	1565,67
537,035	1641,67
537,244	1453,67
537,453	1370,67
537,662	1450,67
537,872	1829,67
538,081	1496,67
538,29	1446,67
538,499	1499,67
538,708	1445,67
538,917	1449,67
539,126	1615,67
539,335	1616,67
539,544	1967,67
539,753	1459,67
539,962	1649,67
540,171	1607,67
540,38	1644,67
540,589	1523,67
540,797	1715,67
541,006	1561,67
541,215	1339,67
541,424	1658,67
541,633	1569,67
541,842	1475,67
542,05	1674,67
542,259	1573,67
542,468	1546,67
542,677	1693,67
542,885	1585,67
543,094	1513,67
543,303	1432,67
543,512	1592,67
543,72	1644,67
543,929	1619,67
544,138	1450,67
544,346	1367,67
544,555	1492,67
544,763	1566,67
544,972	1479,67
545,18	1495,67
545,389	1503,67
545,598	1359,67
545,806	1663,67
546,015	1535,67
546,223	1515,67
546,431	1729,67
546,64	1404,67
546,848	1587,67
547,057	1569,67
547,265	1442,67
547,474	1472,67
547,682	1560,67
547,89	1530,67
548,099	1618,67
548,307	1468,67
548,515	1586,67
548,723	1680,67
548,932	1542,67
549,14	1594,67
549,348	1666,67
549,556	1441,67
549,765	1472,67
549,973	1424,67
550,181	1566,67
550,389	1535,67
550,597	1642,67
550,805	1474,67
551,014	1679,67
551,222	5335,67
551,43	1191,67
551,638	1470,67
551,846	1626,67
552,054	1594,67
552,262	1626,67
552,47	1477,67
552,678	1429,67
552,886	1470,67
553,094	1319,67
553,302	1615,67
553,51	1594,67
553,717	1669,67
553,925	1350,67
554,133	1830,67
554,341	1441,67
554,549	1562,67
554,757	1467,67
554,965	1451,67
555,172	1576,67
555,38	1814,67
555,588	1338,67
555,796	1539,67
556,003	1719,67
556,211	1467,67
556,419	1596,67
556,626	1591,67
556,834	1491,67
557,042	1562,67
557,249	1555,67
557,457	1520,67
557,664	1350,67
557,872	1491,67
558,08	1507,67
558,287	1668,67
558,495	1742,67
558,702	1530,67
558,91	1587,67
559,117	1539,67
559,325	1585,67
559,532	1483,67
559,74	1636,67
559,947	1502,67
560,154	1595,67
560,362	1465,67
560,569	1478,67
560,776	1526,67
560,984	1587,67
561,191	1565,67
561,398	1575,67
561,606	1956,67
561,813	1626,67
562,02	1432,67
562,227	1371,67
562,435	1383,67
562,642	1663,67
562,849	1549,67
563,056	1573,67
563,263	1511,67
563,471	1626,67
563,678	1626,67
563,885	1280,67
564,092	1581,67
564,299	1607,67
564,506	1621,67
564,713	1494,67
564,92	1537,67
565,127	1745,67
565,334	1573,67
565,541	1838,67
565,748	1619,67
565,955	1521,67
566,162	1536,67
566,369	1539,67
566,576	1635,67
566,783	1636,67
566,99	1486,67
567,196	1669,67
567,403	1468,67
567,61	1697,67
567,817	1530,67
568,024	1534,67
568,23	1555,67
568,437	1477,67
568,644	1431,67
568,851	1652,67
569,057	1778,67
569,264	1654,67
569,471	1453,67
569,677	1524,67
569,884	1558,67
570,091	1566,67
570,297	2563,67
570,504	1687,67
570,71	1533,67
570,917	1497,67
571,123	1552,67
571,33	1516,67
571,536	1476,67
571,743	1817,67
571,949	1528,67
572,156	1483,67
572,362	1824,67
572,569	1620,67
572,775	1581,67
572,982	1632,67
573,188	1519,67
573,394	1498,67
573,601	1468,67
573,807	1442,67
574,013	1764,67
574,22	1559,67
574,426	1426,67
574,632	1605,67
574,838	1503,67
575,045	1556,67
575,251	1599,67
575,457	1589,67
575,663	1706,67
575,869	1371,67
576,076	1525,67
576,282	1547,67
576,488	1450,67
576,694	1579,67
576,9	1407,67
577,106	1488,67
577,312	1349,67
577,518	1701,67
577,724	1553,67
577,93	1457,67
578,136	1508,67
578,342	1578,67
578,548	1514,67
578,754	1418,67
578,96	1506,67
579,166	1555,67
579,372	1744,67
579,578	1688,67
579,784	1640,67
579,989	1460,67
580,195	1480,67
580,401	1480,67
580,607	1635,67
580,813	1598,67
581,018	1487,67
581,224	1545,67
581,43	1454,67
581,636	1501,67
581,841	1638,67
582,047	1539,67
582,253	1603,67
582,458	1562,67
582,664	1450,67
582,869	1577,67
583,075	1413,67
583,281	1873,67
583,486	1591,67
583,692	1464,67
583,897	1650,67
584,103	1635,67
584,308	1620,67
584,514	1675,67
584,719	1657,67
584,925	1618,67
585,13	1473,67
585,335	1496,67
585,541	1561,67
585,746	1587,67
585,952	1559,67
586,157	1478,67
586,362	1536,67
586,568	1613,67
586,773	1676,67
586,978	1522,67
587,183	1673,67
587,389	1551,67
587,594	1533,67
587,799	1661,67
588,004	1656,67
588,21	1548,67
588,415	1456,67
588,62	1658,67
588,825	1689,67
589,03	1514,67
589,235	2043,67
589,44	1688,67
589,645	1556,67
589,85	1633,67
590,055	1763,67
590,26	1578,67
590,465	1608,67
590,67	1703,67
590,875	1775,67
591,08	1644,67
591,285	1599,67
591,49	1621,67
591,695	1589,67
591,9	1551,67
592,105	1489,67
592,31	1493,67
592,515	1813,67
592,719	1475,67
592,924	1422,67
593,129	1426,67
593,334	1602,67
593,539	1498,67
593,743	1697,67
593,948	1495,67
594,153	1519,67
594,357	1710,67
594,562	1683,67
594,767	1960,67
594,971	1451,67
595,176	1543,67
595,381	1668,67
595,585	1442,67
595,79	1788,67
595,994	1427,67
596,199	1998,67
596,403	1376,67
596,608	1398,67
596,812	1566,67
597,017	1607,67
597,221	1786,67
597,426	1732,67
597,63	1507,67
597,835	1458,67
598,039	1526,67
598,243	1610,67
598,448	1785,67
598,652	1625,67
598,856	1517,67
599,061	1643,67
599,265	1465,67
599,469	1492,67
599,673	1603,67
599,878	1693,67
600,082	1515,67
600,286	1576,67
600,49	1633,67
600,695	1479,67
600,899	1565,67
601,103	1622,67
601,307	1587,67
601,511	1469,67
601,715	1614,67
601,919	1361,67
602,123	1675,67
602,327	1568,67
602,531	1532,67
602,735	1663,67
602,939	1666,67
603,143	1517,67
603,347	1587,67
603,551	1532,67
603,755	1587,67
603,959	1586,67
604,163	1481,67
604,367	1531,67
604,571	1567,67
604,775	1671,67
604,978	1529,67
605,182	1481,67
605,386	1600,67
605,59	1543,67
605,793	1439,67
605,997	1619,67
606,201	1595,67
606,405	1573,67
606,608	1666,67
606,812	1548,67
607,016	1624,67
607,219	1507,67
607,423	1526,67
607,627	1645,67
607,83	1553,67
608,034	1493,67
608,237	1587,67
608,441	1438,67
608,644	1633,67
608,848	1664,67
609,051	1569,67
609,255	1469,67
609,458	1690,67
609,662	1494,67
609,865	1531,67
610,069	1597,67
610,272	1439,67
610,475	1496,67
610,679	1521,67
610,882	1535,67
611,085	1578,67
611,289	1600,67
611,492	1514,67
611,695	1255,67
611,898	1519,67
612,102	1615,67
612,305	1543,67
612,508	1710,67
612,711	1763,67
612,914	1527,67
613,118	1591,67
613,321	1594,67
613,524	1465,67
613,727	1368,67
613,93	1517,67
614,133	1607,67
614,336	1601,67
614,539	1521,67
614,742	1479,67
614,945	1528,67
615,148	1684,67
615,351	1248,67
615,554	1641,67
615,757	1496,67
615,96	1645,67
616,163	1513,67
616,366	1607,67
616,569	1508,67
616,772	1752,67
616,974	1526,67
617,177	1660,67
617,38	1544,67
617,583	1603,67
617,786	1460,67
617,988	1473,67
618,191	1590,67
618,394	1554,67
618,596	1242,67
618,799	1443,67
619,002	1547,67
619,204	1599,67
619,407	1574,67
619,61	1441,67
619,812	1415,67
620,015	1395,67
620,217	1845,67
620,42	1565,67
620,623	1524,67
620,825	1607,67
621,028	1633,67
621,23	1616,67
621,432	1637,67
621,635	1712,67
621,837	1622,67
622,04	1422,67
622,242	1587,67
622,445	1533,67
622,647	1586,67
622,849	1586,67
623,052	1389,67
623,254	1568,67
623,456	1383,67
623,658	1636,67
623,861	1782,67
624,063	1548,67
624,265	1576,67
624,467	1603,67
624,67	1405,67
624,872	1747,67
625,074	1771,67
625,276	1631,67
625,478	1629,67
625,68	1373,67
625,882	1435,67
626,084	1603,67
626,287	1673,67
626,489	1706,67
626,691	1628,67
626,893	1532,67
627,095	1706,67
627,297	1629,67
627,499	1507,67
627,7	1405,67
627,902	1387,67
628,104	1430,67
628,306	1459,67
628,508	1566,67
628,71	1602,67
628,912	1617,67
629,114	1803,67
629,315	1505,67
629,517	1510,67
629,719	1459,67
629,921	1542,67
630,122	1556,67
630,324	1450,67
630,526	1768,67
630,728	1579,67
630,929	1533,67
631,131	1437,67
631,332	1778,67
631,534	1665,67
631,736	1551,67
631,937	1467,67
632,139	1519,67
632,34	1697,67
632,542	1672,67
632,743	1603,67
632,945	1484,67
633,146	1595,67
633,348	1630,67
633,549	1551,67
633,751	1475,67
633,952	1586,67
634,154	1433,67
634,355	1394,67
634,556	1550,67
634,758	1487,67
634,959	1353,67
635,16	1642,67
635,362	1478,67
635,563	1611,67
635,764	1538,67
635,965	1650,67
636,167	1627,67
636,368	1578,67
636,569	1490,67
636,77	1667,67
636,971	1480,67
637,172	1578,67
637,374	1384,67
637,575	1697,67
637,776	1427,67
637,977	1408,67
638,178	1595,67
638,379	1540,67
638,58	1507,67
638,781	1439,67
638,982	1335,67
639,183	1452,67
639,384	1486,67
639,585	1508,67
639,786	1468,67
639,987	1505,67
640,187	1675,67
640,388	1680,67
640,589	1540,67
640,79	1468,67
640,991	1570,67
641,192	1655,67
641,392	1447,67
641,593	1428,67
641,794	1417,67
641,995	1489,67
642,195	1304,67
642,396	1466,67
642,597	1424,67
642,797	1508,67
642,998	1592,67
643,199	1481,67
643,399	1585,67
643,6	1408,67
643,8	1521,67
644,001	1553,67
644,202	1535,67
644,402	1477,67
644,603	1623,67
644,803	1333,67
645,004	1487,67
645,204	1524,67
645,404	1448,67
645,605	1850,67
645,805	1452,67
646,006	1399,67
646,206	1965,67
646,406	1449,67
646,607	1378,67
646,807	1288,67
647,007	-38,33
647,208	-48,33
647,408	50,67
647,608	1,67
