200,697	915,5
200,927	-14,5
201,158	0,5
201,388	5,5
201,618	1521,5
201,849	1407,5
202,079	1607,5
202,309	1475,5
202,539	1642,5
202,77	1444,5
203	1654,5
203,23	1570,5
203,46	1586,5
203,691	1578,5
203,921	1629,5
204,151	1593,5
204,381	1539,5
204,611	1615,5
204,841	1543,5
205,071	1566,5
205,302	1671,5
205,532	1635,5
205,762	3707,5
205,992	1536,5
206,222	1555,5
206,452	1623,5
206,682	1507,5
206,912	1712,5
207,142	1700,5
207,372	1611,5
207,602	1561,5
207,832	1587,5
208,062	1664,5
208,292	1636,5
208,522	1422,5
208,752	1608,5
208,982	1528,5
209,212	1767,5
209,442	1543,5
209,672	1549,5
209,902	1525,5
210,131	1675,5
210,361	1494,5
210,591	1641,5
210,821	1588,5
211,051	1755,5
211,281	1595,5
211,51	1637,5
211,74	1723,5
211,97	1586,5
212,2	1634,5
212,429	1871,5
212,659	1616,5
212,889	1649,5
213,119	1507,5
213,348	1521,5
213,578	1754,5
213,808	1673,5
214,037	1740,5
214,267	1633,5
214,497	1660,5
214,726	1560,5
214,956	1536,5
215,186	1558,5
215,415	1641,5
215,645	1624,5
215,874	1703,5
216,104	1586,5
216,333	1648,5
216,563	1675,5
216,792	1663,5
217,022	1732,5
217,251	1645,5
217,481	1521,5
217,71	1679,5
217,94	1606,5
218,169	1649,5
218,399	1658,5
218,628	1598,5
218,858	1749,5
219,087	1695,5
219,316	1697,5
219,546	1676,5
219,775	1673,5
220,004	1791,5
220,234	1565,5
220,463	1654,5
220,692	1697,5
220,922	1609,5
221,151	1712,5
221,38	1627,5
221,61	2087,5
221,839	1870,5
222,068	1693,5
222,297	1749,5
222,526	1737,5
222,756	1756,5
222,985	1735,5
223,214	1680,5
223,443	1681,5
223,672	2209,5
223,902	1573,5
224,131	1670,5
224,36	1772,5
224,589	1551,5
224,818	1630,5
225,047	1760,5
225,276	1571,5
225,505	1941,5
225,734	1720,5
225,963	1603,5
226,192	1649,5
226,421	1616,5
226,65	1709,5
226,879	1701,5
227,108	1725,5
227,337	1769,5
227,566	1831,5
227,795	1675,5
228,024	1728,5
228,253	1636,5
228,482	1594,5
228,711	1738,5
228,94	1549,5
229,168	1659,5
229,397	1669,5
229,626	1724,5
229,855	1651,5
230,084	1589,5
230,313	1552,5
230,541	1805,5
230,77	1669,5
230,999	1531,5
231,228	1892,5
231,456	1787,5
231,685	1632,5
231,914	1742,5
232,143	1661,5
232,371	1705,5
232,6	1651,5
232,829	1702,5
233,057	1783,5
233,286	1685,5
233,515	1689,5
233,743	1736,5
233,972	1639,5
234,2	1742,5
234,429	1664,5
234,658	1765,5
234,886	1575,5
235,115	1720,5
235,343	1761,5
235,572	1633,5
235,8	1729,5
236,029	2016,5
236,257	1603,5
236,486	1742,5
236,714	1782,5
236,943	1799,5
237,171	1668,5
237,399	1689,5
237,628	1792,5
237,856	1816,5
238,085	1750,5
238,313	1605,5
238,541	1726,5
238,77	1996,5
238,998	1562,5
239,226	1771,5
239,455	1706,5
239,683	1721,5
239,911	1605,5
240,14	1792,5
240,368	1808,5
240,596	1718,5
240,824	1714,5
241,053	1704,5
241,281	1675,5
241,509	1685,5
241,737	1684,5
241,965	1588,5
242,193	1576,5
242,422	1619,5
242,65	1670,5
242,878	1657,5
243,106	1696,5
243,334	1710,5
243,562	1786,5
243,79	1762,5
244,018	1761,5
244,246	1688,5
244,474	1672,5
244,702	1649,5
244,93	1743,5
245,158	1683,5
245,386	1657,5
245,614	1770,5
245,842	1825,5
246,07	1644,5
246,298	1851,5
246,526	2200,5
246,754	1603,5
246,982	1725,5
247,21	1790,5
247,438	1687,5
247,666	1732,5
247,893	1683,5
248,121	1653,5
248,349	1611,5
248,577	1733,5
248,805	1857,5
249,033	1687,5
249,26	1764,5
249,488	1637,5
249,716	1761,5
249,944	1687,5
250,171	1675,5
250,399	1669,5
250,627	1843,5
250,854	1763,5
251,082	1612,5
251,31	1736,5
251,537	1736,5
251,765	1930,5
251,993	1598,5
252,22	2013,5
252,448	1622,5
252,676	1811,5
252,903	1789,5
253,131	2043,5
253,358	1677,5
253,586	1611,5
253,813	1587,5
254,041	1772,5
254,268	1727,5
254,496	1553,5
254,723	1660,5
254,951	1750,5
255,178	1744,5
255,406	1699,5
255,633	1728,5
255,86	1939,5
256,088	1672,5
256,315	1665,5
256,543	1803,5
256,77	1741,5
256,997	1691,5
257,225	1760,5
257,452	1666,5
257,679	1728,5
257,907	1800,5
258,134	1707,5
258,361	1783,5
258,588	1723,5
258,816	1755,5
259,043	1684,5
259,27	1773,5
259,497	1829,5
259,725	1652,5
259,952	1729,5
260,179	1662,5
260,406	1828,5
260,633	1666,5
260,86	1774,5
261,088	1704,5
261,315	1943,5
261,542	1649,5
261,769	1697,5
261,996	2023,5
262,223	1888,5
262,45	1959,5
262,677	1636,5
262,904	1723,5
263,131	1799,5
263,358	1751,5
263,585	1801,5
263,812	2080,5
264,039	1934,5
264,266	1750,5
264,493	1805,5
264,72	1769,5
264,947	1770,5
265,174	1998,5
265,401	1949,5
265,627	1963,5
265,854	1838,5
266,081	1874,5
266,308	1765,5
266,535	1788,5
266,762	1738,5
266,988	1881,5
267,215	1849,5
267,442	1803,5
267,669	1973,5
267,896	1865,5
268,122	1960,5
268,349	1858,5
268,576	1663,5
268,802	1789,5
269,029	1825,5
269,256	1900,5
269,482	1803,5
269,709	1799,5
269,936	1859,5
270,162	2041,5
270,389	1840,5
270,616	1887,5
270,842	2051,5
271,069	2001,5
271,295	1924,5
271,522	1831,5
271,748	1896,5
271,975	2037,5
272,201	2008,5
272,428	1905,5
272,654	1946,5
272,881	2194,5
273,107	1860,5
273,334	1971,5
273,56	2079,5
273,787	1877,5
274,013	1973,5
274,239	2281,5
274,466	1971,5
274,692	1935,5
274,918	2053,5
275,145	2039,5
275,371	1991,5
275,597	2221,5
275,824	2071,5
276,05	2132,5
276,276	2125,5
276,503	2015,5
276,729	2115,5
276,955	2050,5
277,181	2152,5
277,407	2095,5
277,634	2239,5
277,86	2160,5
278,086	2243,5
278,312	2134,5
278,538	2145,5
278,764	2219,5
278,991	2316,5
279,217	2181,5
279,443	2189,5
279,669	2219,5
279,895	2309,5
280,121	2212,5
280,347	2233,5
280,573	2227,5
280,799	2280,5
281,025	2532,5
281,251	2257,5
281,477	2515,5
281,703	2323,5
281,929	2401,5
282,155	2407,5
282,381	2549,5
282,607	2519,5
282,833	2540,5
283,059	2592,5
283,285	2543,5
283,51	2583,5
283,736	2455,5
283,962	2638,5
284,188	2688,5
284,414	2723,5
284,64	2771,5
284,865	2863,5
285,091	2726,5
285,317	2900,5
285,543	2909,5
285,768	2890,5
285,994	2956,5
286,22	3170,5
286,446	3020,5
286,671	2874,5
286,897	3034,5
287,123	2958,5
287,348	3043,5
287,574	3618,5
287,799	3201,5
288,025	3126,5
288,251	3452,5
288,476	3273,5
288,702	3302,5
288,927	3319,5
289,153	3319,5
289,378	3607,5
289,604	3460,5
289,829	3460,5
290,055	3432,5
290,28	3489,5
290,506	3684,5
290,731	3643,5
290,957	3804,5
291,182	3770,5
291,408	3905,5
291,633	3840,5
291,858	3804,5
292,084	3905,5
292,309	3884,5
292,535	3906,5
292,76	4036,5
292,985	4122,5
293,211	4040,5
293,436	3961,5
293,661	4051,5
293,886	4217,5
294,112	4280,5
294,337	4300,5
294,562	4144,5
294,787	4414,5
295,013	4363,5
295,238	4367,5
295,463	4554,5
295,688	4647,5
295,913	4628,5
296,138	4616,5
296,364	4478,5
296,589	4601,5
296,814	4472,5
297,039	4557,5
297,264	4709,5
297,489	4692,5
297,714	4688,5
297,939	4640,5
298,164	4787,5
298,389	4944,5
298,614	4875,5
298,839	4997,5
299,064	5222,5
299,289	5253,5
299,514	5300,5
299,739	5286,5
299,964	5331,5
300,189	5351,5
300,414	5509,5
300,639	5632,5
300,863	5507,5
301,088	5969,5
301,313	5670,5
301,538	5767,5
301,763	5771,5
301,988	5817,5
302,212	5891,5
302,437	6402,5
302,662	5981,5
302,887	5985,5
303,111	5939,5
303,336	6173,5
303,561	6170,5
303,786	6082,5
304,01	6217,5
304,235	6366,5
304,46	6214,5
304,684	6254,5
304,909	6370,5
305,134	6135,5
305,358	6324,5
305,583	6367,5
305,807	6533,5
306,032	6133,5
306,256	6359,5
306,481	6348,5
306,706	6382,5
306,93	6313,5
307,155	6750,5
307,379	6582,5
307,604	6697,5
307,828	6733,5
308,052	7088,5
308,277	6971,5
308,501	7002,5
308,726	7206,5
308,95	7034,5
309,175	7002,5
309,399	7247,5
309,623	7205,5
309,848	7114,5
310,072	7082,5
310,296	7589,5
310,521	7278,5
310,745	7257,5
310,969	7703,5
311,193	7531,5
311,418	7482,5
311,642	7450,5
311,866	7598,5
312,09	7652,5
312,315	7686,5
312,539	7622,5
312,763	7529,5
312,987	7757,5
313,211	7675,5
313,435	7792,5
313,659	7708,5
313,884	8026,5
314,108	7837,5
314,332	8016,5
314,556	7708,5
314,78	8047,5
315,004	7908,5
315,228	8049,5
315,452	8018,5
315,676	8021,5
315,9	7927,5
316,124	7700,5
316,348	7879,5
316,572	8021,5
316,796	7958,5
317,02	7843,5
317,244	7972,5
317,468	7891,5
317,691	8258,5
317,915	8032,5
318,139	7920,5
318,363	8324,5
318,587	7941,5
318,811	7889,5
319,034	7866,5
319,258	8155,5
319,482	8173,5
319,706	8135,5
319,93	7989,5
320,153	7932,5
320,377	8028,5
320,601	7892,5
320,824	7896,5
321,048	8235,5
321,272	8227,5
321,495	8111,5
321,719	8186,5
321,943	8103,5
322,166	8241,5
322,39	8251,5
322,614	8272,5
322,837	8419,5
323,061	8264,5
323,284	8474,5
323,508	8439,5
323,731	8236,5
323,955	8426,5
324,178	8351,5
324,402	8497,5
324,625	8519,5
324,849	8261,5
325,072	8582,5
325,296	8501,5
325,519	8465,5
325,743	8413,5
325,966	8599,5
326,189	8545,5
326,413	8389,5
326,636	8751,5
326,859	8458,5
327,083	8705,5
327,306	8191,5
327,529	8279,5
327,753	8252,5
327,976	8357,5
328,199	8463,5
328,422	8290,5
328,646	8313,5
328,869	8145,5
329,092	8339,5
329,315	8562,5
329,538	8335,5
329,762	8528,5
329,985	8421,5
330,208	8522,5
330,431	8578,5
330,654	8642,5
330,877	8600,5
331,1	8601,5
331,323	8729,5
331,546	8763,5
331,769	8756,5
331,993	8540,5
332,216	8608,5
332,439	8556,5
332,662	8685,5
332,885	8617,5
333,107	8508,5
333,33	8643,5
333,553	8800,5
333,776	8624,5
333,999	8765,5
334,222	8652,5
334,445	8701,5
334,668	8649,5
334,891	8751,5
335,114	8519,5
335,336	8625,5
335,559	8701,5
335,782	9027,5
336,005	8696,5
336,228	8624,5
336,45	8646,5
336,673	8600,5
336,896	8617,5
337,119	8665,5
337,341	8469,5
337,564	8547,5
337,787	8557,5
338,009	8532,5
338,232	8593,5
338,455	8725,5
338,677	8654,5
338,9	8615,5
339,122	8682,5
339,345	8412,5
339,568	8272,5
339,79	8539,5
340,013	8668,5
340,235	8683,5
340,458	8362,5
340,68	8625,5
340,903	8326,5
341,125	8342,5
341,348	8408,5
341,57	8333,5
341,793	8503,5
342,015	8233,5
342,238	8327,5
342,46	8399,5
342,682	8342,5
342,905	8228,5
343,127	8281,5
343,349	8161,5
343,572	8215,5
343,794	8075,5
344,016	7950,5
344,239	7991,5
344,461	7995,5
344,683	7909,5
344,905	8025,5
345,128	7985,5
345,35	8038,5
345,572	8228,5
345,794	8294,5
346,017	8199,5
346,239	8240,5
346,461	8200,5
346,683	8199,5
346,905	8297,5
347,127	8207,5
347,349	8347,5
347,571	8214,5
347,793	8502,5
348,016	8324,5
348,238	8347,5
348,46	8201,5
348,682	8192,5
348,904	8302,5
349,126	8216,5
349,348	8294,5
349,57	8123,5
349,792	8132,5
350,014	8217,5
350,235	8111,5
350,457	8506,5
350,679	8153,5
350,901	7973,5
351,123	8062,5
351,345	8085,5
351,567	8138,5
351,789	8084,5
352,01	8057,5
352,232	7999,5
352,454	7827,5
352,676	7910,5
352,897	7751,5
353,119	7635,5
353,341	7572,5
353,563	7497,5
353,784	7294,5
354,006	7434,5
354,228	7477,5
354,449	7429,5
354,671	7663,5
354,893	7738,5
355,114	7705,5
355,336	7762,5
355,558	7747,5
355,779	7721,5
356,001	7874,5
356,222	7791,5
356,444	7797,5
356,665	8294,5
356,887	7687,5
357,108	7684,5
357,33	7754,5
357,551	7794,5
357,773	7787,5
357,994	7787,5
358,216	7537,5
358,437	7872,5
358,659	7816,5
358,88	7600,5
359,101	7660,5
359,323	7739,5
359,544	7553,5
359,765	7501,5
359,987	7629,5
360,208	7617,5
360,429	7651,5
360,651	7478,5
360,872	7662,5
361,093	7552,5
361,314	7495,5
361,536	7520,5
361,757	7485,5
361,978	7500,5
362,199	7487,5
362,42	7306,5
362,642	7355,5
362,863	7616,5
363,084	7344,5
363,305	7443,5
363,526	7329,5
363,747	7236,5
363,968	7263,5
364,189	7501,5
364,41	7269,5
364,631	7097,5
364,852	7233,5
365,073	7243,5
365,294	7128,5
365,515	7109,5
365,736	7221,5
365,957	7168,5
366,178	7085,5
366,399	7285,5
366,62	7323,5
366,841	7291,5
367,062	7380,5
367,283	7255,5
367,504	7290,5
367,724	7179,5
367,945	7121,5
368,166	7432,5
368,387	7295,5
368,608	7158,5
368,828	7342,5
369,049	7102,5
369,27	7189,5
369,491	7135,5
369,711	7277,5
369,932	7345,5
370,153	7146,5
370,373	7206,5
370,594	7327,5
370,815	7148,5
371,035	7353,5
371,256	6968,5
371,477	7061,5
371,697	6983,5
371,918	6956,5
372,138	7162,5
372,359	7207,5
372,579	6971,5
372,8	7052,5
373,02	7007,5
373,241	7068,5
373,461	7046,5
373,682	7075,5
373,902	7047,5
374,123	6960,5
374,343	7235,5
374,564	7001,5
374,784	6908,5
375,004	7042,5
375,225	6881,5
375,445	6843,5
375,666	6974,5
375,886	6608,5
376,106	6682,5
376,326	6677,5
376,547	6841,5
376,767	6992,5
376,987	6835,5
377,208	6990,5
377,428	6919,5
377,648	7095,5
377,868	7168,5
378,088	7313,5
378,309	7411,5
378,529	7333,5
378,749	7350,5
378,969	7240,5
379,189	7437,5
379,409	7317,5
379,629	7088,5
379,849	7071,5
380,069	7046,5
380,29	7045,5
380,51	7161,5
380,73	7163,5
380,95	7272,5
381,17	7091,5
381,39	6933,5
381,61	6784,5
381,829	6828,5
382,049	7011,5
382,269	6888,5
382,489	6962,5
382,709	6883,5
382,929	6864,5
383,149	6827,5
383,369	7142,5
383,589	6754,5
383,808	6851,5
384,028	6798,5
384,248	6818,5
384,468	6835,5
384,688	6921,5
384,907	6764,5
385,127	6947,5
385,347	6960,5
385,567	6915,5
385,786	7113,5
386,006	6892,5
386,226	6991,5
386,445	6929,5
386,665	7240,5
386,885	7295,5
387,104	7110,5
387,324	7229,5
387,543	7312,5
387,763	7376,5
387,982	7379,5
388,202	7293,5
388,422	7395,5
388,641	7285,5
388,861	7374,5
389,08	7219,5
389,3	7015,5
389,519	7175,5
389,738	7131,5
389,958	7091,5
390,177	7100,5
390,397	7231,5
390,616	7232,5
390,836	7397,5
391,055	7212,5
391,274	7291,5
391,494	7298,5
391,713	7273,5
391,932	7529,5
392,151	7521,5
392,371	7555,5
392,59	7770,5
392,809	7719,5
393,029	7693,5
393,248	7562,5
393,467	7081,5
393,686	7025,5
393,905	7995,5
394,124	7037,5
394,344	7066,5
394,563	7156,5
394,782	7032,5
395,001	7158,5
395,22	7001,5
395,439	7133,5
395,658	7020,5
395,877	7252,5
396,096	7155,5
396,315	7351,5
396,534	7261,5
396,753	7373,5
396,972	7362,5
397,191	7565,5
397,41	7626,5
397,629	7621,5
397,848	7762,5
398,067	7895,5
398,286	7818,5
398,505	7824,5
398,724	7816,5
398,943	8240,5
399,161	7300,5
399,38	7453,5
399,599	7313,5
399,818	7346,5
400,037	7354,5
400,255	7223,5
400,474	7175,5
400,693	7115,5
400,912	7378,5
401,13	7152,5
401,349	7072,5
401,568	6925,5
401,786	7105,5
402,005	7009,5
402,224	6859,5
402,442	6960,5
402,661	6874,5
402,88	6878,5
403,098	6763,5
403,317	6903,5
403,535	6845,5
403,754	6773,5
403,972	6881,5
404,191	6888,5
404,409	6927,5
404,628	7653,5
404,846	7150,5
405,065	7279,5
405,283	7088,5
405,502	7109,5
405,72	7019,5
405,938	6927,5
406,157	6687,5
406,375	6682,5
406,594	6689,5
406,812	6642,5
407,03	6719,5
407,249	6421,5
407,467	6723,5
407,685	6801,5
407,903	6676,5
408,122	6921,5
408,34	6917,5
408,558	6806,5
408,776	6890,5
408,995	6825,5
409,213	6857,5
409,431	6912,5
409,649	6859,5
409,867	6673,5
410,085	6674,5
410,303	6695,5
410,522	6445,5
410,74	6499,5
410,958	6518,5
411,176	6539,5
411,394	6466,5
411,612	6557,5
411,83	6746,5
412,048	6645,5
412,266	6699,5
412,484	6811,5
412,702	6966,5
412,92	6632,5
413,138	6819,5
413,356	6560,5
413,573	6801,5
413,791	6800,5
414,009	6507,5
414,227	6632,5
414,445	6347,5
414,663	6368,5
414,881	6356,5
415,098	6345,5
415,316	6349,5
415,534	6794,5
415,752	6315,5
415,969	6577,5
416,187	6325,5
416,405	6353,5
416,623	6397,5
416,84	6240,5
417,058	6282,5
417,276	6455,5
417,493	6371,5
417,711	6364,5
417,928	6394,5
418,146	6323,5
418,364	6432,5
418,581	6460,5
418,799	6318,5
419,016	6351,5
419,234	6397,5
419,451	7057,5
419,669	6485,5
419,886	6522,5
420,104	6573,5
420,321	6666,5
420,539	6775,5
420,756	6943,5
420,974	7065,5
421,191	6984,5
421,408	7171,5
421,626	7292,5
421,843	7073,5
422,06	7008,5
422,278	6808,5
422,495	6806,5
422,712	6732,5
422,93	6789,5
423,147	6787,5
423,364	6667,5
423,581	6727,5
423,799	6593,5
424,016	6563,5
424,233	6542,5
424,45	6571,5
424,667	6683,5
424,884	6588,5
425,102	6757,5
425,319	6446,5
425,536	6403,5
425,753	6417,5
425,97	6238,5
426,187	6255,5
426,404	6209,5
426,621	6595,5
426,838	6616,5
427,055	6621,5
427,272	6746,5
427,489	6754,5
427,706	6595,5
427,923	6433,5
428,14	6406,5
428,357	6696,5
428,574	6584,5
428,791	6648,5
429,008	6722,5
429,224	6904,5
429,441	7052,5
429,658	7252,5
429,875	7573,5
430,092	7403,5
430,308	7398,5
430,525	7209,5
430,742	7145,5
430,959	6846,5
431,175	6648,5
431,392	6259,5
431,609	6357,5
431,826	6221,5
432,042	6047,5
432,259	5996,5
432,476	6277,5
432,692	5931,5
432,909	6073,5
433,125	6412,5
433,342	6591,5
433,559	6933,5
433,775	6804,5
433,992	6588,5
434,208	6331,5
434,425	6236,5
434,641	6281,5
434,858	6446,5
435,074	6320,5
435,291	6211,5
435,507	6253,5
435,723	6222,5
435,94	6369,5
436,156	6420,5
436,373	6643,5
436,589	6395,5
436,805	6316,5
437,022	6235,5
437,238	6112,5
437,454	6199,5
437,671	6230,5
437,887	6270,5
438,103	6223,5
438,319	6298,5
438,536	6493,5
438,752	6406,5
438,968	6194,5
439,184	6280,5
439,4	6240,5
439,616	5960,5
439,833	6184,5
440,049	6009,5
440,265	6288,5
440,481	6185,5
440,697	6484,5
440,913	6829,5
441,129	6922,5
441,345	7074,5
441,561	6997,5
441,777	6914,5
441,993	6763,5
442,209	6456,5
442,425	6491,5
442,641	6450,5
442,857	6658,5
443,073	6603,5
443,289	6765,5
443,505	6645,5
443,721	6704,5
443,937	6596,5
444,152	6395,5
444,368	6419,5
444,584	6441,5
444,8	6582,5
445,016	6336,5
445,231	6309,5
445,447	6498,5
445,663	6354,5
445,879	6359,5
446,094	6529,5
446,31	6501,5
446,526	6389,5
446,742	6296,5
446,957	6255,5
447,173	6284,5
447,388	6268,5
447,604	6312,5
447,82	6100,5
448,035	6102,5
448,251	6067,5
448,466	6203,5
448,682	6004,5
448,897	5915,5
449,113	6086,5
449,328	6194,5
449,544	6016,5
449,759	6384,5
449,975	5897,5
450,19	5960,5
450,406	5953,5
450,621	5870,5
450,836	5835,5
451,052	5815,5
451,267	5798,5
451,483	5818,5
451,698	5730,5
451,913	5868,5
452,129	5793,5
452,344	5670,5
452,559	5876,5
452,774	5670,5
452,99	5559,5
453,205	5654,5
453,42	5637,5
453,635	5662,5
453,85	5442,5
454,066	5502,5
454,281	5480,5
454,496	5652,5
454,711	5559,5
454,926	5647,5
455,141	5596,5
455,356	5637,5
455,571	5517,5
455,786	5537,5
456,001	5371,5
456,217	5217,5
456,432	5426,5
456,647	5455,5
456,861	5446,5
457,076	5499,5
457,291	5667,5
457,506	5570,5
457,721	5650,5
457,936	5700,5
458,151	5695,5
458,366	5855,5
458,581	5594,5
458,796	5823,5
459,01	5634,5
459,225	5722,5
459,44	5580,5
459,655	5665,5
459,87	5497,5
460,084	5432,5
460,299	5496,5
460,514	5421,5
460,729	5913,5
460,943	5399,5
461,158	5367,5
461,373	5353,5
461,587	5062,5
461,802	4962,5
462,016	5098,5
462,231	4882,5
462,446	5069,5
462,66	4888,5
462,875	5089,5
463,089	5198,5
463,304	5295,5
463,518	5192,5
463,733	5265,5
463,947	5334,5
464,162	5306,5
464,376	5414,5
464,591	5713,5
464,805	5475,5
465,02	5593,5
465,234	5596,5
465,448	5789,5
465,663	5721,5
465,877	5516,5
466,091	5316,5
466,306	5390,5
466,52	5395,5
466,734	4931,5
466,949	4913,5
467,163	4949,5
467,377	4862,5
467,591	4989,5
467,806	4921,5
468,02	4889,5
468,234	4646,5
468,448	4862,5
468,662	4685,5
468,876	4827,5
469,091	4579,5
469,305	4529,5
469,519	4367,5
469,733	4365,5
469,947	4411,5
470,161	4486,5
470,375	4279,5
470,589	4459,5
470,803	4389,5
471,017	4392,5
471,231	4318,5
471,445	4328,5
471,659	4388,5
471,873	4391,5
472,087	4293,5
472,301	4521,5
472,515	4393,5
472,728	4481,5
472,942	4579,5
473,156	4646,5
473,37	4567,5
473,584	4542,5
473,798	4646,5
474,011	4585,5
474,225	4402,5
474,439	4655,5
474,653	4664,5
474,866	4669,5
475,08	4757,5
475,294	4798,5
475,507	4471,5
475,721	4647,5
475,935	4633,5
476,148	4498,5
476,362	4297,5
476,576	4434,5
476,789	4356,5
477,003	4449,5
477,216	4450,5
477,43	4431,5
477,643	4591,5
477,857	4785,5
478,07	4614,5
478,284	4628,5
478,497	4344,5
478,711	4417,5
478,924	4393,5
479,138	4432,5
479,351	4417,5
479,564	4429,5
479,778	4692,5
479,991	4636,5
480,204	4635,5
480,418	4691,5
480,631	4529,5
480,844	4775,5
481,058	4616,5
481,271	4718,5
481,484	4790,5
481,697	4693,5
481,911	4679,5
482,124	4569,5
482,337	4627,5
482,55	4361,5
482,763	4410,5
482,976	4620,5
483,19	4491,5
483,403	4478,5
483,616	4636,5
483,829	4713,5
484,042	4702,5
484,255	4891,5
484,468	4961,5
484,681	4901,5
484,894	4941,5
485,107	6548,5
485,32	9979,5
485,533	13060,5
485,746	13264,5
485,959	11440,5
486,172	9657,5
486,385	7883,5
486,598	6578,5
486,81	5492,5
487,023	5043,5
487,236	5013,5
487,449	4691,5
487,662	4440,5
487,875	4312,5
488,087	4277,5
488,3	4206,5
488,513	4014,5
488,726	4107,5
488,938	4358,5
489,151	4224,5
489,364	4233,5
489,576	4202,5
489,789	4256,5
490,002	4193,5
490,214	4061,5
490,427	3904,5
490,64	4108,5
490,852	4213,5
491,065	4022,5
491,277	4066,5
491,49	4122,5
491,702	3820,5
491,915	4047,5
492,127	4132,5
492,34	4047,5
492,552	4021,5
492,765	4100,5
492,977	4226,5
493,19	4076,5
493,402	4135,5
493,614	4009,5
493,827	4026,5
494,039	4045,5
494,251	4075,5
494,464	4115,5
494,676	3738,5
494,888	3861,5
495,101	3786,5
495,313	3739,5
495,525	3854,5
495,737	4185,5
495,95	4233,5
496,162	4287,5
496,374	4173,5
496,586	4025,5
496,798	3997,5
497,01	3825,5
497,222	3639,5
497,435	3753,5
497,647	3608,5
497,859	3662,5
498,071	3755,5
498,283	3799,5
498,495	3768,5
498,707	4095,5
498,919	3770,5
499,131	3946,5
499,343	3928,5
499,555	3852,5
499,767	3923,5
499,979	3711,5
500,191	3869,5
500,402	3675,5
500,614	3803,5
500,826	3941,5
501,038	3860,5
501,25	3907,5
501,462	3763,5
501,673	3855,5
501,885	3838,5
502,097	4055,5
502,309	3870,5
502,521	3917,5
502,732	3853,5
502,944	3869,5
503,156	3825,5
503,367	3793,5
503,579	3623,5
503,791	3721,5
504,002	3734,5
504,214	3712,5
504,425	3867,5
504,637	3827,5
504,849	3641,5
505,06	3735,5
505,272	3814,5
505,483	3624,5
505,695	3555,5
505,906	3577,5
506,118	3783,5
506,329	3618,5
506,541	3486,5
506,752	3626,5
506,963	3454,5
507,175	3265,5
507,386	3594,5
507,598	3643,5
507,809	3411,5
508,02	3567,5
508,232	3631,5
508,443	3381,5
508,654	3606,5
508,865	3514,5
509,077	3195,5
509,288	3283,5
509,499	3614,5
509,71	3271,5
509,922	3546,5
510,133	3370,5
510,344	3537,5
510,555	3322,5
510,766	3389,5
510,977	3361,5
511,188	3360,5
511,4	3315,5
511,611	3203,5
511,822	3239,5
512,033	3160,5
512,244	3213,5
512,455	3226,5
512,666	3233,5
512,877	3279,5
513,088	3199,5
513,299	3206,5
513,51	3137,5
513,721	3123,5
513,931	3183,5
514,142	3261,5
514,353	3272,5
514,564	3017,5
514,775	3075,5
514,986	3057,5
515,196	3179,5
515,407	3034,5
515,618	3125,5
515,829	3104,5
516,04	3109,5
516,25	3067,5
516,461	3063,5
516,672	3134,5
516,882	3004,5
517,093	3113,5
517,304	2926,5
517,514	2930,5
517,725	3112,5
517,936	2928,5
518,146	2914,5
518,357	3078,5
518,567	2937,5
518,778	3419,5
518,988	3088,5
519,199	3258,5
519,409	2953,5
519,62	3045,5
519,83	2923,5
520,041	2935,5
520,251	2992,5
520,462	3014,5
520,672	2914,5
520,882	3001,5
521,093	3050,5
521,303	3064,5
521,513	2950,5
521,724	3959,5
521,934	2773,5
522,144	2873,5
522,355	2876,5
522,565	2924,5
522,775	2865,5
522,985	2862,5
523,196	2875,5
523,406	2824,5
523,616	3001,5
523,826	2919,5
524,036	3225,5
524,246	2834,5
524,457	2851,5
524,667	2704,5
524,877	2913,5
525,087	2799,5
525,297	2955,5
525,507	2935,5
525,717	2672,5
525,927	2857,5
526,137	2766,5
526,347	2933,5
526,557	2811,5
526,767	2853,5
526,977	3153,5
527,187	2852,5
527,397	2781,5
527,607	2705,5
527,816	2752,5
528,026	2781,5
528,236	2927,5
528,446	2944,5
528,656	3069,5
528,865	3174,5
529,075	2883,5
529,285	2865,5
529,495	2887,5
529,704	2858,5
529,914	2828,5
530,124	2826,5
530,334	2725,5
530,543	2752,5
530,753	3025,5
530,963	3126,5
531,172	2772,5
531,382	2759,5
531,591	3039,5
531,801	2681,5
532,01	2716,5
532,22	2745,5
532,43	2807,5
532,639	3102,5
532,849	2968,5
533,058	2826,5
533,267	3089,5
533,477	2835,5
533,686	2860,5
533,896	2840,5
534,105	2904,5
534,315	2976,5
534,524	2867,5
534,733	2865,5
534,943	3017,5
535,152	2913,5
535,361	2672,5
535,57	2702,5
535,78	2722,5
535,989	2657,5
536,198	2608,5
536,407	2531,5
536,617	2644,5
536,826	2617,5
537,035	2727,5
537,244	2589,5
537,453	2528,5
537,662	2699,5
537,872	2912,5
538,081	2762,5
538,29	2638,5
538,499	2681,5
538,708	2612,5
538,917	2734,5
539,126	2810,5
539,335	2762,5
539,544	3201,5
539,753	2547,5
539,962	2589,5
540,171	2606,5
540,38	2836,5
540,589	2752,5
540,797	2860,5
541,006	2681,5
541,215	2642,5
541,424	2881,5
541,633	2761,5
541,842	2631,5
542,05	2863,5
542,259	2832,5
542,468	2754,5
542,677	2763,5
542,885	2699,5
543,094	2788,5
543,303	2634,5
543,512	2774,5
543,72	2847,5
543,929	2944,5
544,138	2777,5
544,346	2694,5
544,555	2773,5
544,763	2836,5
544,972	2648,5
545,18	2561,5
545,389	2716,5
545,598	2556,5
545,806	2684,5
546,015	2681,5
546,223	2568,5
546,431	2665,5
546,64	2612,5
546,848	2650,5
547,057	2774,5
547,265	2697,5
547,474	2830,5
547,682	2899,5
547,89	2927,5
548,099	2807,5
548,307	2711,5
548,515	2783,5
548,723	2679,5
548,932	2558,5
549,14	2545,5
549,348	2662,5
549,556	2565,5
549,765	2496,5
549,973	2490,5
550,181	2562,5
550,389	2638,5
550,597	2572,5
550,805	2452,5
551,014	2632,5
551,222	4934,5
551,43	2532,5
551,638	2671,5
551,846	2842,5
552,054	2856,5
552,262	2831,5
552,47	2522,5
552,678	2508,5
552,886	2524,5
553,094	2400,5
553,302	2638,5
553,51	2586,5
553,717	2614,5
553,925	2379,5
554,133	2747,5
554,341	2391,5
554,549	2530,5
554,757	2460,5
554,965	2557,5
555,172	2539,5
555,38	2854,5
555,588	2455,5
555,796	2625,5
556,003	2776,5
556,211	2440,5
556,419	2507,5
556,626	2496,5
556,834	2446,5
557,042	2423,5
557,249	2452,5
557,457	2428,5
557,664	2261,5
557,872	2339,5
558,08	2306,5
558,287	2407,5
558,495	2427,5
558,702	2198,5
558,91	2367,5
559,117	2266,5
559,325	2334,5
559,532	2392,5
559,74	2650,5
559,947	2442,5
560,154	2568,5
560,362	2418,5
560,569	2483,5
560,776	2400,5
560,984	2438,5
561,191	2431,5
561,398	2361,5
561,606	2728,5
561,813	2363,5
562,02	2159,5
562,227	2093,5
562,435	2281,5
562,642	2387,5
562,849	2354,5
563,056	2304,5
563,263	2244,5
563,471	2470,5
563,678	2416,5
563,885	2266,5
564,092	2385,5
564,299	2385,5
564,506	2428,5
564,713	2371,5
564,92	2377,5
565,127	2381,5
565,334	2363,5
565,541	2615,5
565,748	2386,5
565,955	2306,5
566,162	2251,5
566,369	2356,5
566,576	2506,5
566,783	2419,5
566,99	2420,5
567,196	2707,5
567,403	2503,5
567,61	2631,5
567,817	2432,5
568,024	2589,5
568,23	2679,5
568,437	2575,5
568,644	2603,5
568,851	2672,5
569,057	3079,5
569,264	3125,5
569,471	3004,5
569,677	3106,5
569,884	3089,5
570,091	3127,5
570,297	4026,5
570,504	3217,5
570,71	3164,5
570,917	3199,5
571,123	3088,5
571,33	3170,5
571,536	3223,5
571,743	3489,5
571,949	2981,5
572,156	2839,5
572,362	2889,5
572,569	2688,5
572,775	2942,5
572,982	3248,5
573,188	3211,5
573,394	3133,5
573,601	3093,5
573,807	3067,5
574,013	3549,5
574,22	3281,5
574,426	3030,5
574,632	3246,5
574,838	3113,5
575,045	2961,5
575,251	2843,5
575,457	2775,5
575,663	2853,5
575,869	2826,5
576,076	2906,5
576,282	3115,5
576,488	3095,5
576,694	3102,5
576,9	2882,5
577,106	3098,5
577,312	3416,5
577,518	3717,5
577,724	3642,5
577,93	3398,5
578,136	3068,5
578,342	2995,5
578,548	2811,5
578,754	2681,5
578,96	2621,5
579,166	2775,5
579,372	3220,5
579,578	2965,5
579,784	3041,5
579,989	2988,5
580,195	2920,5
580,401	2898,5
580,607	2869,5
580,813	3240,5
581,018	3736,5
581,224	4014,5
581,43	3775,5
581,636	3623,5
581,841	3607,5
582,047	3387,5
582,253	3170,5
582,458	2881,5
582,664	2615,5
582,869	2560,5
583,075	2353,5
583,281	2750,5
583,486	2436,5
583,692	2434,5
583,897	2782,5
584,103	2739,5
584,308	2753,5
584,514	2793,5
584,719	3137,5
584,925	3058,5
585,13	2939,5
585,335	2881,5
585,541	2837,5
585,746	2667,5
585,952	2483,5
586,157	2409,5
586,362	2364,5
586,568	2473,5
586,773	2760,5
586,978	2633,5
587,183	2621,5
587,389	2664,5
587,594	2510,5
587,799	2449,5
588,004	2529,5
588,21	2472,5
588,415	2292,5
588,62	2349,5
588,825	2363,5
589,03	2149,5
589,235	2648,5
589,44	2373,5
589,645	2227,5
589,85	2280,5
590,055	2425,5
590,26	2107,5
590,465	2174,5
590,67	2180,5
590,875	2215,5
591,08	2184,5
591,285	2090,5
591,49	2153,5
591,695	2094,5
591,9	2090,5
592,105	2073,5
592,31	2209,5
592,515	2693,5
592,719	2279,5
592,924	2212,5
593,129	2203,5
593,334	2239,5
593,539	2106,5
593,743	2266,5
593,948	1963,5
594,153	1964,5
594,357	2222,5
594,562	2082,5
594,767	2544,5
594,971	1962,5
595,176	2011,5
595,381	2168,5
595,585	2026,5
595,79	2177,5
595,994	1819,5
596,199	2327,5
596,403	1711,5
596,608	1822,5
596,812	1943,5
597,017	2051,5
597,221	2217,5
597,426	2089,5
597,63	1969,5
597,835	1829,5
598,039	1831,5
598,243	1864,5
598,448	2261,5
598,652	2088,5
598,856	2027,5
599,061	2119,5
599,265	1936,5
599,469	1879,5
599,673	2066,5
599,878	2130,5
600,082	1970,5
600,286	1969,5
600,49	2011,5
600,695	1797,5
600,899	1979,5
601,103	2033,5
601,307	2071,5
601,511	1950,5
601,715	1845,5
601,919	1760,5
602,123	2059,5
602,327	1963,5
602,531	1979,5
602,735	2093,5
602,939	2125,5
603,143	1907,5
603,347	2065,5
603,551	1937,5
603,755	1937,5
603,959	1909,5
604,163	1988,5
604,367	1871,5
604,571	1859,5
604,775	1996,5
604,978	1930,5
605,182	1801,5
605,386	2000,5
605,59	1918,5
605,793	1993,5
605,997	2082,5
606,201	1966,5
606,405	1963,5
606,608	2016,5
606,812	1961,5
607,016	2060,5
607,219	1846,5
607,423	1827,5
607,627	2059,5
607,83	1888,5
608,034	1842,5
608,237	1890,5
608,441	1791,5
608,644	1943,5
608,848	2009,5
609,051	1878,5
609,255	1847,5
609,458	2007,5
609,662	1905,5
609,865	1953,5
610,069	1804,5
610,272	1707,5
610,475	1798,5
610,679	1789,5
610,882	1882,5
611,085	1824,5
611,289	1956,5
611,492	1846,5
611,695	1799,5
611,898	1809,5
612,102	1943,5
612,305	1885,5
612,508	1874,5
612,711	2027,5
612,914	1772,5
613,118	1875,5
613,321	1923,5
613,524	1796,5
613,727	1799,5
613,93	1793,5
614,133	1794,5
614,336	1917,5
614,539	1860,5
614,742	1782,5
614,945	1767,5
615,148	2000,5
615,351	1879,5
615,554	2011,5
615,757	1715,5
615,96	1890,5
616,163	1779,5
616,366	1892,5
616,569	1804,5
616,772	2003,5
616,974	1821,5
617,177	1985,5
617,38	1845,5
617,583	1838,5
617,786	1706,5
617,988	1696,5
618,191	1960,5
618,394	1779,5
618,596	1705,5
618,799	1795,5
619,002	1839,5
619,204	1846,5
619,407	1841,5
619,61	1728,5
619,812	1777,5
620,015	1771,5
620,217	1953,5
620,42	1781,5
620,623	1803,5
620,825	1777,5
621,028	1967,5
621,23	1913,5
621,432	1916,5
621,635	2004,5
621,837	1868,5
622,04	1832,5
622,242	1818,5
622,445	1844,5
622,647	1897,5
622,849	1910,5
623,052	1712,5
623,254	1875,5
623,456	1679,5
623,658	1937,5
623,861	2003,5
624,063	1816,5
624,265	1858,5
624,467	1948,5
624,67	1716,5
624,872	1798,5
625,074	2020,5
625,276	1927,5
625,478	1907,5
625,68	1647,5
625,882	1711,5
626,084	1813,5
626,287	1970,5
626,489	1884,5
626,691	1847,5
626,893	1898,5
627,095	1849,5
627,297	1876,5
627,499	1731,5
627,7	1598,5
627,902	1618,5
628,104	1594,5
628,306	1735,5
628,508	1691,5
628,71	1781,5
628,912	1790,5
629,114	2035,5
629,315	1814,5
629,517	1680,5
629,719	1716,5
629,921	1770,5
630,122	1729,5
630,324	1684,5
630,526	1893,5
630,728	1820,5
630,929	1724,5
631,131	1681,5
631,332	2006,5
631,534	1876,5
631,736	1871,5
631,937	1665,5
632,139	1807,5
632,34	1760,5
632,542	1842,5
632,743	1771,5
632,945	1664,5
633,146	1782,5
633,348	1855,5
633,549	1787,5
633,751	1680,5
633,952	1765,5
634,154	1662,5
634,355	1568,5
634,556	1740,5
634,758	1675,5
634,959	1634,5
635,16	1837,5
635,362	1675,5
635,563	1790,5
635,764	1785,5
635,965	1784,5
636,167	1720,5
636,368	1705,5
636,569	1669,5
636,77	1883,5
636,971	1666,5
637,172	1769,5
637,374	1649,5
637,575	1875,5
637,776	1582,5
637,977	1557,5
638,178	1753,5
638,379	1722,5
638,58	1745,5
638,781	1545,5
638,982	1707,5
639,183	1659,5
639,384	1659,5
639,585	1615,5
639,786	1561,5
639,987	1645,5
640,187	1799,5
640,388	1768,5
640,589	1587,5
640,79	1615,5
640,991	1689,5
641,192	1861,5
641,392	1587,5
641,593	1613,5
641,794	1537,5
641,995	1576,5
642,195	1490,5
642,396	1622,5
642,597	1509,5
642,797	1611,5
642,998	1748,5
643,199	1645,5
643,399	1746,5
643,6	1565,5
643,8	1542,5
644,001	1654,5
644,202	1703,5
644,402	1586,5
644,603	1735,5
644,803	1523,5
645,004	1710,5
645,204	1503,5
645,404	1611,5
645,605	1969,5
645,805	1558,5
646,006	1539,5
646,206	2035,5
646,406	1545,5
646,607	1447,5
646,807	1379,5
647,007	-21,5
647,208	0,5
647,408	5,5
647,608	9,5
