200,697	857,33
200,927	-64,67
201,158	-20,67
201,388	-11,67
201,618	1465,33
201,849	1354,33
202,079	1602,33
202,309	1226,33
202,539	1610,33
202,77	1420,33
203	1656,33
203,23	1652,33
203,46	1407,33
203,691	1743,33
203,921	1539,33
204,151	1664,33
204,381	1574,33
204,611	1663,33
204,841	1483,33
205,071	1588,33
205,302	1622,33
205,532	1740,33
205,762	3789,33
205,992	1536,33
206,222	1542,33
206,452	1636,33
206,682	1597,33
206,912	1744,33
207,142	1654,33
207,372	1645,33
207,602	1560,33
207,832	1566,33
208,062	1831,33
208,292	1598,33
208,522	1514,33
208,752	1681,33
208,982	1556,33
209,212	1777,33
209,442	1570,33
209,672	1590,33
209,902	1729,33
210,131	1574,33
210,361	1534,33
210,591	1697,33
210,821	1580,33
211,051	1803,33
211,281	1631,33
211,51	1697,33
211,74	1628,33
211,97	1817,33
212,2	1652,33
212,429	1914,33
212,659	1651,33
212,889	1693,33
213,119	1514,33
213,348	1751,33
213,578	1870,33
213,808	1711,33
214,037	1811,33
214,267	1704,33
214,497	1659,33
214,726	1599,33
214,956	1505,33
215,186	1602,33
215,415	1661,33
215,645	1639,33
215,874	1718,33
216,104	1542,33
216,333	1704,33
216,563	1689,33
216,792	1709,33
217,022	1733,33
217,251	1697,33
217,481	1552,33
217,71	1588,33
217,94	1564,33
218,169	1619,33
218,399	1682,33
218,628	1604,33
218,858	1725,33
219,087	1703,33
219,316	1669,33
219,546	1607,33
219,775	1687,33
220,004	1816,33
220,234	1585,33
220,463	1712,33
220,692	1726,33
220,922	1674,33
221,151	1739,33
221,38	1840,33
221,61	1967,33
221,839	1936,33
222,068	1700,33
222,297	1779,33
222,526	1622,33
222,756	1786,33
222,985	1756,33
223,214	1736,33
223,443	1656,33
223,672	2198,33
223,902	1619,33
224,131	1705,33
224,36	1946,33
224,589	1546,33
224,818	1696,33
225,047	1847,33
225,276	1616,33
225,505	2018,33
225,734	1761,33
225,963	1745,33
226,192	1816,33
226,421	1746,33
226,65	1773,33
226,879	1804,33
227,108	1856,33
227,337	1989,33
227,566	1934,33
227,795	1788,33
228,024	1787,33
228,253	1768,33
228,482	1657,33
228,711	1858,33
228,94	1687,33
229,168	1453,33
229,397	1798,33
229,626	1782,33
229,855	1689,33
230,084	1756,33
230,313	1686,33
230,541	1913,33
230,77	1770,33
230,999	1453,33
231,228	2030,33
231,456	1898,33
231,685	1755,33
231,914	2015,33
232,143	1830,33
232,371	1879,33
232,6	1540,33
232,829	1772,33
233,057	2010,33
233,286	1880,33
233,515	1809,33
233,743	1970,33
233,972	1843,33
234,2	1951,33
234,429	1855,33
234,658	1944,33
234,886	1809,33
235,115	1938,33
235,343	2051,33
235,572	1868,33
235,8	2000,33
236,029	2288,33
236,257	1868,33
236,486	2014,33
236,714	2159,33
236,943	1999,33
237,171	1902,33
237,399	1984,33
237,628	2049,33
237,856	2140,33
238,085	2048,33
238,313	1925,33
238,541	2020,33
238,77	2554,33
238,998	2013,33
239,226	2136,33
239,455	2145,33
239,683	2085,33
239,911	2012,33
240,14	2216,33
240,368	2224,33
240,596	2232,33
240,824	2102,33
241,053	2088,33
241,281	2109,33
241,509	2007,33
241,737	2157,33
241,965	1998,33
242,193	2198,33
242,422	2078,33
242,65	2150,33
242,878	2144,33
243,106	2162,33
243,334	2199,33
243,562	2282,33
243,79	2302,33
244,018	2182,33
244,246	2213,33
244,474	2274,33
244,702	2170,33
244,93	2304,33
245,158	2270,33
245,386	2252,33
245,614	2396,33
245,842	2420,33
246,07	2146,33
246,298	2518,33
246,526	2744,33
246,754	2277,33
246,982	2373,33
247,21	2443,33
247,438	2285,33
247,666	2418,33
247,893	2402,33
248,121	2320,33
248,349	2311,33
248,577	2523,33
248,805	2538,33
249,033	2417,33
249,26	2514,33
249,488	2419,33
249,716	2484,33
249,944	2534,33
250,171	2386,33
250,399	2524,33
250,627	2647,33
250,854	2527,33
251,082	2554,33
251,31	2584,33
251,537	2534,33
251,765	2931,33
251,993	2508,33
252,22	2864,33
252,448	2546,33
252,676	2628,33
252,903	2639,33
253,131	2930,33
253,358	2521,33
253,586	2516,33
253,813	2490,33
254,041	2852,33
254,268	2766,33
254,496	2556,33
254,723	2696,33
254,951	2852,33
255,178	2698,33
255,406	2780,33
255,633	2794,33
255,86	3068,33
256,088	2833,33
256,315	2799,33
256,543	3010,33
256,77	2890,33
256,997	2897,33
257,225	2921,33
257,452	2828,33
257,679	2673,33
257,907	3084,33
258,134	2876,33
258,361	2959,33
258,588	2860,33
258,816	2865,33
259,043	2874,33
259,27	2992,33
259,497	2897,33
259,725	2920,33
259,952	2924,33
260,179	3024,33
260,406	2958,33
260,633	3016,33
260,86	3047,33
261,088	2994,33
261,315	3206,33
261,542	3104,33
261,769	3023,33
261,996	3490,33
262,223	3329,33
262,45	3377,33
262,677	3037,33
262,904	3197,33
263,131	3289,33
263,358	3227,33
263,585	3241,33
263,812	3567,33
264,039	3326,33
264,266	3234,33
264,493	3259,33
264,72	3250,33
264,947	3304,33
265,174	3405,33
265,401	3370,33
265,627	3449,33
265,854	3343,33
266,081	3360,33
266,308	3345,33
266,535	3346,33
266,762	3327,33
266,988	3480,33
267,215	3511,33
267,442	3530,33
267,669	3567,33
267,896	3506,33
268,122	3510,33
268,349	3375,33
268,576	3279,33
268,802	3366,33
269,029	3435,33
269,256	3589,33
269,482	3354,33
269,709	3408,33
269,936	3590,33
270,162	3688,33
270,389	3423,33
270,616	3452,33
270,842	3670,33
271,069	3512,33
271,295	3543,33
271,522	3526,33
271,748	3445,33
271,975	3665,33
272,201	3687,33
272,428	3595,33
272,654	3555,33
272,881	3870,33
273,107	3579,33
273,334	3636,33
273,56	3820,33
273,787	3609,33
274,013	3741,33
274,239	3947,33
274,466	3747,33
274,692	3804,33
274,918	3846,33
275,145	3867,33
275,371	3740,33
275,597	3868,33
275,824	3916,33
276,05	3770,33
276,276	3956,33
276,503	3854,33
276,729	3778,33
276,955	3792,33
277,181	4002,33
277,407	3906,33
277,634	4046,33
277,86	3955,33
278,086	3953,33
278,312	3972,33
278,538	3778,33
278,764	3952,33
278,991	4038,33
279,217	3833,33
279,443	3884,33
279,669	3850,33
279,895	3948,33
280,121	4040,33
280,347	3943,33
280,573	3906,33
280,799	3945,33
281,025	4039,33
281,251	3990,33
281,477	4186,33
281,703	4009,33
281,929	4071,33
282,155	4237,33
282,381	4216,33
282,607	4273,33
282,833	4250,33
283,059	4454,33
283,285	4231,33
283,51	4372,33
283,736	4332,33
283,962	4464,33
284,188	4663,33
284,414	4509,33
284,64	4664,33
284,865	4673,33
285,091	4666,33
285,317	4769,33
285,543	4851,33
285,768	4845,33
285,994	4740,33
286,22	5002,33
286,446	4931,33
286,671	4748,33
286,897	4852,33
287,123	4806,33
287,348	4822,33
287,574	5489,33
287,799	4899,33
288,025	4789,33
288,251	5096,33
288,476	4886,33
288,702	5060,33
288,927	4881,33
289,153	4877,33
289,378	5207,33
289,604	5134,33
289,829	5137,33
290,055	5107,33
290,28	5245,33
290,506	5307,33
290,731	5339,33
290,957	5483,33
291,182	5554,33
291,408	5644,33
291,633	5691,33
291,858	5761,33
292,084	5921,33
292,309	5912,33
292,535	6079,33
292,76	6294,33
292,985	6391,33
293,211	6425,33
293,436	6297,33
293,661	6399,33
293,886	6684,33
294,112	6850,33
294,337	6952,33
294,562	6870,33
294,787	7256,33
295,013	7260,33
295,238	7256,33
295,463	7224,33
295,688	7629,33
295,913	7658,33
296,138	7537,33
296,364	7555,33
296,589	7763,33
296,814	7660,33
297,039	7724,33
297,264	7863,33
297,489	7719,33
297,714	7820,33
297,939	7783,33
298,164	7956,33
298,389	8141,33
298,614	8047,33
298,839	8064,33
299,064	8427,33
299,289	8516,33
299,514	8661,33
299,739	8855,33
299,964	8601,33
300,189	8706,33
300,414	8971,33
300,639	9102,33
300,863	8944,33
301,088	9324,33
301,313	9037,33
301,538	9012,33
301,763	9158,33
301,988	9184,33
302,212	9281,33
302,437	9682,33
302,662	9227,33
302,887	9300,33
303,111	9429,33
303,336	9431,33
303,561	9423,33
303,786	9298,33
304,01	9390,33
304,235	9338,33
304,46	9301,33
304,684	9323,33
304,909	9272,33
305,134	9052,33
305,358	9244,33
305,583	9151,33
305,807	9239,33
306,032	8873,33
306,256	9038,33
306,481	8999,33
306,706	9180,33
306,93	9057,33
307,155	9480,33
307,379	9368,33
307,604	9483,33
307,828	9436,33
308,052	9888,33
308,277	9676,33
308,501	9708,33
308,726	9795,33
308,95	9719,33
309,175	9668,33
309,399	9856,33
309,623	9811,33
309,848	9724,33
310,072	9711,33
310,296	10185,33
310,521	9908,33
310,745	9787,33
310,969	10142,33
311,193	9931,33
311,418	9971,33
311,642	9896,33
311,866	9925,33
312,09	9917,33
312,315	10183,33
312,539	10080,33
312,763	9999,33
312,987	10206,33
313,211	10044,33
313,435	10076,33
313,659	10002,33
313,884	10232,33
314,108	10264,33
314,332	10318,33
314,556	10044,33
314,78	10173,33
315,004	9874,33
315,228	10044,33
315,452	10048,33
315,676	10006,33
315,9	9873,33
316,124	9855,33
316,348	10078,33
316,572	10066,33
316,796	10099,33
317,02	9928,33
317,244	9990,33
317,468	9743,33
317,691	10261,33
317,915	10130,33
318,139	9937,33
318,363	10333,33
318,587	10012,33
318,811	9831,33
319,034	9815,33
319,258	10031,33
319,482	10142,33
319,706	9927,33
319,93	9848,33
320,153	9897,33
320,377	9941,33
320,601	10102,33
320,824	9710,33
321,048	10189,33
321,272	10304,33
321,495	10047,33
321,719	10041,33
321,943	10141,33
322,166	10216,33
322,39	10014,33
322,614	10321,33
322,837	10363,33
323,061	10170,33
323,284	10284,33
323,508	10420,33
323,731	10183,33
323,955	10296,33
324,178	10391,33
324,402	10444,33
324,625	10365,33
324,849	10290,33
325,072	10586,33
325,296	10475,33
325,519	10237,33
325,743	10411,33
325,966	10494,33
326,189	9929,33
326,413	10484,33
326,636	10448,33
326,859	10388,33
327,083	10453,33
327,306	10018,33
327,529	10121,33
327,753	10027,33
327,976	10275,33
328,199	10227,33
328,422	10139,33
328,646	10195,33
328,869	10049,33
329,092	10299,33
329,315	10494,33
329,538	10231,33
329,762	10411,33
329,985	10369,33
330,208	10292,33
330,431	10442,33
330,654	10778,33
330,877	10605,33
331,1	10519,33
331,323	10498,33
331,546	10604,33
331,769	10607,33
331,993	10482,33
332,216	10635,33
332,439	10486,33
332,662	10628,33
332,885	10616,33
333,107	10546,33
333,33	10452,33
333,553	10695,33
333,776	10796,33
333,999	10769,33
334,222	10502,33
334,445	10493,33
334,668	10610,33
334,891	10618,33
335,114	10518,33
335,336	10596,33
335,559	10674,33
335,782	10877,33
336,005	10549,33
336,228	10560,33
336,45	10517,33
336,673	10437,33
336,896	10679,33
337,119	10574,33
337,341	10502,33
337,564	10511,33
337,787	10624,33
338,009	10639,33
338,232	10629,33
338,455	10577,33
338,677	10496,33
338,9	10332,33
339,122	10685,33
339,345	10463,33
339,568	10242,33
339,79	10545,33
340,013	10468,33
340,235	10456,33
340,458	10300,33
340,68	10496,33
340,903	10243,33
341,125	10320,33
341,348	10281,33
341,57	10226,33
341,793	10415,33
342,015	10069,33
342,238	10220,33
342,46	10064,33
342,682	10182,33
342,905	9983,33
343,127	9891,33
343,349	9910,33
343,572	10016,33
343,794	9890,33
344,016	10049,33
344,239	10021,33
344,461	9765,33
344,683	9862,33
344,905	9735,33
345,128	9958,33
345,35	9939,33
345,572	10179,33
345,794	10318,33
346,017	10056,33
346,239	10197,33
346,461	10262,33
346,683	10236,33
346,905	10473,33
347,127	10336,33
347,349	10281,33
347,571	10274,33
347,793	10484,33
348,016	10387,33
348,238	10251,33
348,46	10044,33
348,682	10279,33
348,904	10232,33
349,126	10276,33
349,348	10296,33
349,57	10187,33
349,792	10323,33
350,014	10424,33
350,235	10390,33
350,457	10527,33
350,679	10248,33
350,901	10040,33
351,123	10208,33
351,345	10212,33
351,567	10148,33
351,789	10156,33
352,01	10178,33
352,232	10007,33
352,454	9985,33
352,676	10033,33
352,897	9613,33
353,119	9639,33
353,341	9617,33
353,563	9466,33
353,784	9370,33
354,006	9385,33
354,228	9629,33
354,449	9481,33
354,671	9851,33
354,893	9931,33
355,114	10083,33
355,336	10032,33
355,558	10119,33
355,779	9897,33
356,001	10204,33
356,222	10114,33
356,444	9916,33
356,665	10874,33
356,887	10111,33
357,108	9964,33
357,33	10120,33
357,551	10159,33
357,773	10409,33
357,994	10027,33
358,216	10028,33
358,437	10305,33
358,659	10187,33
358,88	10184,33
359,101	10224,33
359,323	10123,33
359,544	10118,33
359,765	10026,33
359,987	10084,33
360,208	10236,33
360,429	10132,33
360,651	10020,33
360,872	10214,33
361,093	10007,33
361,314	10172,33
361,536	10050,33
361,757	9977,33
361,978	10142,33
362,199	10049,33
362,42	9843,33
362,642	10013,33
362,863	10103,33
363,084	10144,33
363,305	9929,33
363,526	9914,33
363,747	9953,33
363,968	9881,33
364,189	10068,33
364,41	9843,33
364,631	9723,33
364,852	10060,33
365,073	9792,33
365,294	9873,33
365,515	9657,33
365,736	9957,33
365,957	9816,33
366,178	10046,33
366,399	9858,33
366,62	10089,33
366,841	10091,33
367,062	10182,33
367,283	10244,33
367,504	10261,33
367,724	10075,33
367,945	10029,33
368,166	10333,33
368,387	10211,33
368,608	10225,33
368,828	10388,33
369,049	10126,33
369,27	10387,33
369,491	10281,33
369,711	10381,33
369,932	10350,33
370,153	10233,33
370,373	10271,33
370,594	10405,33
370,815	10370,33
371,035	10540,33
371,256	10130,33
371,477	10161,33
371,697	10131,33
371,918	10138,33
372,138	10418,33
372,359	10864,33
372,579	10101,33
372,8	10201,33
373,02	10366,33
373,241	10338,33
373,461	10199,33
373,682	10270,33
373,902	10308,33
374,123	10252,33
374,343	10451,33
374,564	10376,33
374,784	10367,33
375,004	10328,33
375,225	10082,33
375,445	10104,33
375,666	10229,33
375,886	9675,33
376,106	9895,33
376,326	9913,33
376,547	10325,33
376,767	10353,33
376,987	10235,33
377,208	10412,33
377,428	10554,33
377,648	10889,33
377,868	10853,33
378,088	11050,33
378,309	11137,33
378,529	11285,33
378,749	11213,33
378,969	11115,33
379,189	11320,33
379,409	11094,33
379,629	10873,33
379,849	10983,33
380,069	10697,33
380,29	10882,33
380,51	10877,33
380,73	10860,33
380,95	10944,33
381,17	10743,33
381,39	10610,33
381,61	10682,33
381,829	10662,33
382,049	10680,33
382,269	10680,33
382,489	10811,33
382,709	10638,33
382,929	10668,33
383,149	10543,33
383,369	10886,33
383,589	10506,33
383,808	10515,33
384,028	10535,33
384,248	10688,33
384,468	10666,33
384,688	10740,33
384,907	10642,33
385,127	10681,33
385,347	10739,33
385,567	10819,33
385,786	11225,33
386,006	10814,33
386,226	11166,33
386,445	11125,33
386,665	11300,33
386,885	11399,33
387,104	11500,33
387,324	11684,33
387,543	11625,33
387,763	11734,33
387,982	11849,33
388,202	11797,33
388,422	11866,33
388,641	11738,33
388,861	11722,33
389,08	11559,33
389,3	11442,33
389,519	11575,33
389,738	11357,33
389,958	11514,33
390,177	11609,33
390,397	11622,33
390,616	11542,33
390,836	11535,33
391,055	11730,33
391,274	11719,33
391,494	11771,33
391,713	11969,33
391,932	12257,33
392,151	12341,33
392,371	12449,33
392,59	12569,33
392,809	12671,33
393,029	12268,33
393,248	12198,33
393,467	11484,33
393,686	11322,33
393,905	12333,33
394,124	11293,33
394,344	11466,33
394,563	11732,33
394,782	11533,33
395,001	11693,33
395,22	11520,33
395,439	11591,33
395,658	11482,33
395,877	11667,33
396,096	11666,33
396,315	11887,33
396,534	11828,33
396,753	11984,33
396,972	12089,33
397,191	12162,33
397,41	12426,33
397,629	12545,33
397,848	12750,33
398,067	12930,33
398,286	12962,33
398,505	12697,33
398,724	12864,33
398,943	12864,33
399,161	11846,33
399,38	12070,33
399,599	11652,33
399,818	11805,33
400,037	11748,33
400,255	11515,33
400,474	11534,33
400,693	11566,33
400,912	11502,33
401,13	11401,33
401,349	11294,33
401,568	11030,33
401,786	11258,33
402,005	11035,33
402,224	10904,33
402,442	11003,33
402,661	10828,33
402,88	10776,33
403,098	10705,33
403,317	10480,33
403,535	10739,33
403,754	10763,33
403,972	10860,33
404,191	10683,33
404,409	10893,33
404,628	11778,33
404,846	11052,33
405,065	11229,33
405,283	11221,33
405,502	11014,33
405,72	10879,33
405,938	10668,33
406,157	10392,33
406,375	10296,33
406,594	10459,33
406,812	10191,33
407,03	10219,33
407,249	10008,33
407,467	9952,33
407,685	10214,33
407,903	10079,33
408,122	10487,33
408,34	10486,33
408,558	10431,33
408,776	10133,33
408,995	10338,33
409,213	10110,33
409,431	10465,33
409,649	10301,33
409,867	10165,33
410,085	10141,33
410,303	9968,33
410,522	9759,33
410,74	9660,33
410,958	9735,33
411,176	9762,33
411,394	9561,33
411,612	9748,33
411,83	10013,33
412,048	9750,33
412,266	9734,33
412,484	9789,33
412,702	10135,33
412,92	9582,33
413,138	9758,33
413,356	9687,33
413,573	9721,33
413,791	9732,33
414,009	9369,33
414,227	9545,33
414,445	9117,33
414,663	9066,33
414,881	9223,33
415,098	9198,33
415,316	9164,33
415,534	9530,33
415,752	9127,33
415,969	9432,33
416,187	9069,33
416,405	9175,33
416,623	9254,33
416,84	8927,33
417,058	9085,33
417,276	9142,33
417,493	9018,33
417,711	8729,33
417,928	9007,33
418,146	8992,33
418,364	8949,33
418,581	8932,33
418,799	8830,33
419,016	8832,33
419,234	8858,33
419,451	9677,33
419,669	9031,33
419,886	9109,33
420,104	8946,33
420,321	9269,33
420,539	9404,33
420,756	9581,33
420,974	9445,33
421,191	9794,33
421,408	9843,33
421,626	9832,33
421,843	9595,33
422,06	9726,33
422,278	9254,33
422,495	9247,33
422,712	9210,33
422,93	9098,33
423,147	9183,33
423,364	9040,33
423,581	9144,33
423,799	8764,33
424,016	8770,33
424,233	8892,33
424,45	8827,33
424,667	8793,33
424,884	8726,33
425,102	8963,33
425,319	8511,33
425,536	8458,33
425,753	8447,33
425,97	8224,33
426,187	8278,33
426,404	8188,33
426,621	8768,33
426,838	8665,33
427,055	8731,33
427,272	8552,33
427,489	8650,33
427,706	8490,33
427,923	8344,33
428,14	8421,33
428,357	8594,33
428,574	8505,33
428,791	8607,33
429,008	8794,33
429,224	8856,33
429,441	9201,33
429,658	9524,33
429,875	9788,33
430,092	9568,33
430,308	9256,33
430,525	9096,33
430,742	9008,33
430,959	8564,33
431,175	8273,33
431,392	8011,33
431,609	7951,33
431,826	7780,33
432,042	7516,33
432,259	7488,33
432,476	7846,33
432,692	7442,33
432,909	7531,33
433,125	8162,33
433,342	8236,33
433,559	8663,33
433,775	8311,33
433,992	8252,33
434,208	7882,33
434,425	7592,33
434,641	7685,33
434,858	7893,33
435,074	7711,33
435,291	7600,33
435,507	7553,33
435,723	7452,33
435,94	7903,33
436,156	7875,33
436,373	7977,33
436,589	7765,33
436,805	7827,33
437,022	7530,33
437,238	7372,33
437,454	7422,33
437,671	7438,33
437,887	7620,33
438,103	7550,33
438,319	7634,33
438,536	7692,33
438,752	7595,33
438,968	7532,33
439,184	7431,33
439,4	7183,33
439,616	7077,33
439,833	7232,33
440,049	7286,33
440,265	7438,33
440,481	7567,33
440,697	7763,33
440,913	8035,33
441,129	8316,33
441,345	8347,33
441,561	8272,33
441,777	7985,33
441,993	7929,33
442,209	7635,33
442,425	7665,33
442,641	7699,33
442,857	7821,33
443,073	7754,33
443,289	7820,33
443,505	7926,33
443,721	7893,33
443,937	7734,33
444,152	7555,33
444,368	7613,33
444,584	7553,33
444,8	7982,33
445,016	7515,33
445,231	7275,33
445,447	7377,33
445,663	7433,33
445,879	7230,33
446,094	7557,33
446,31	7547,33
446,526	7433,33
446,742	7395,33
446,957	7146,33
447,173	7256,33
447,388	7229,33
447,604	7249,33
447,82	7150,33
448,035	7158,33
448,251	6902,33
448,466	7036,33
448,682	7057,33
448,897	6993,33
449,113	7090,33
449,328	7250,33
449,544	6928,33
449,759	7403,33
449,975	7043,33
450,19	6994,33
450,406	6930,33
450,621	6809,33
450,836	6767,33
451,052	6737,33
451,267	6642,33
451,483	6789,33
451,698	6681,33
451,913	6764,33
452,129	6772,33
452,344	6670,33
452,559	6776,33
452,774	6492,33
452,99	6555,33
453,205	6648,33
453,42	6519,33
453,635	6601,33
453,85	6243,33
454,066	6453,33
454,281	6443,33
454,496	6333,33
454,711	6603,33
454,926	6769,33
455,141	6564,33
455,356	6413,33
455,571	6388,33
455,786	6432,33
456,001	6224,33
456,217	6093,33
456,432	6237,33
456,647	6391,33
456,861	6391,33
457,076	6427,33
457,291	6569,33
457,506	6533,33
457,721	6778,33
457,936	6694,33
458,151	6570,33
458,366	6878,33
458,581	6627,33
458,796	6788,33
459,01	6649,33
459,225	6796,33
459,44	6537,33
459,655	6588,33
459,87	6497,33
460,084	6520,33
460,299	6609,33
460,514	6535,33
460,729	6896,33
460,943	6483,33
461,158	6290,33
461,373	6229,33
461,587	5912,33
461,802	5846,33
462,016	5995,33
462,231	5806,33
462,446	5871,33
462,66	5954,33
462,875	5991,33
463,089	6156,33
463,304	6071,33
463,518	6218,33
463,733	6451,33
463,947	6393,33
464,162	6367,33
464,376	6542,33
464,591	6788,33
464,805	6541,33
465,02	6736,33
465,234	6803,33
465,448	7098,33
465,663	6834,33
465,877	6622,33
466,091	6180,33
466,306	6519,33
466,52	6362,33
466,734	6009,33
466,949	5831,33
467,163	6129,33
467,377	5966,33
467,591	5995,33
467,806	5980,33
468,02	5786,33
468,234	5732,33
468,448	5987,33
468,662	5660,33
468,876	5799,33
469,091	5543,33
469,305	5606,33
469,519	5328,33
469,733	5275,33
469,947	5389,33
470,161	5520,33
470,375	5229,33
470,589	5515,33
470,803	5341,33
471,017	5292,33
471,231	5432,33
471,445	5394,33
471,659	5438,33
471,873	5493,33
472,087	5450,33
472,301	5634,33
472,515	5584,33
472,728	5745,33
472,942	5826,33
473,156	5981,33
473,37	5831,33
473,584	5712,33
473,798	5752,33
474,011	5761,33
474,225	5712,33
474,439	5883,33
474,653	6011,33
474,866	6061,33
475,08	6309,33
475,294	6249,33
475,507	5803,33
475,721	5970,33
475,935	5867,33
476,148	5786,33
476,362	5658,33
476,576	5752,33
476,789	5725,33
477,003	5884,33
477,216	5864,33
477,43	5955,33
477,643	6191,33
477,857	6310,33
478,07	6141,33
478,284	6176,33
478,497	6031,33
478,711	6055,33
478,924	6015,33
479,138	6082,33
479,351	6080,33
479,564	6209,33
479,778	6572,33
479,991	6500,33
480,204	6398,33
480,418	6593,33
480,631	6336,33
480,844	6554,33
481,058	6496,33
481,271	6753,33
481,484	6802,33
481,697	6597,33
481,911	6757,33
482,124	6496,33
482,337	6491,33
482,55	6304,33
482,763	6312,33
482,976	6536,33
483,19	6455,33
483,403	6551,33
483,616	6650,33
483,829	7023,33
484,042	7052,33
484,255	7090,33
484,468	7364,33
484,681	7204,33
484,894	7706,33
485,107	10685,33
485,32	17340,33
485,533	21266,33
485,746	20040,33
485,959	17369,33
486,172	15082,33
486,385	12360,33
486,598	9981,33
486,81	8418,33
487,023	7704,33
487,236	7607,33
487,449	7070,33
487,662	6844,33
487,875	6507,33
488,087	6581,33
488,3	6553,33
488,513	6314,33
488,726	6407,33
488,938	6563,33
489,151	6506,33
489,364	6217,33
489,576	6395,33
489,789	6390,33
490,002	6493,33
490,214	6330,33
490,427	6199,33
490,64	6406,33
490,852	6447,33
491,065	6252,33
491,277	6311,33
491,49	6325,33
491,702	6122,33
491,915	6372,33
492,127	6296,33
492,34	6376,33
492,552	6257,33
492,765	6448,33
492,977	6438,33
493,19	6242,33
493,402	6346,33
493,614	6290,33
493,827	6606,33
494,039	6509,33
494,251	6313,33
494,464	6370,33
494,676	6016,33
494,888	6032,33
495,101	5878,33
495,313	5946,33
495,525	6101,33
495,737	6669,33
495,95	6698,33
496,162	6833,33
496,374	6676,33
496,586	6424,33
496,798	6290,33
497,01	6044,33
497,222	5766,33
497,435	5848,33
497,647	5678,33
497,859	5815,33
498,071	5680,33
498,283	6048,33
498,495	5992,33
498,707	6282,33
498,919	6012,33
499,131	6433,33
499,343	6075,33
499,555	6129,33
499,767	6144,33
499,979	5934,33
500,191	6000,33
500,402	5726,33
500,614	6077,33
500,826	6188,33
501,038	6167,33
501,25	6128,33
501,462	6002,33
501,673	6028,33
501,885	6022,33
502,097	6239,33
502,309	6118,33
502,521	6230,33
502,732	5852,33
502,944	6100,33
503,156	6137,33
503,367	5973,33
503,579	5772,33
503,791	5786,33
504,002	5676,33
504,214	5754,33
504,425	5858,33
504,637	5819,33
504,849	5650,33
505,06	5736,33
505,272	5748,33
505,483	5598,33
505,695	5547,33
505,906	5578,33
506,118	5838,33
506,329	5614,33
506,541	5471,33
506,752	5316,33
506,963	5391,33
507,175	5025,33
507,386	5540,33
507,598	5417,33
507,809	5177,33
508,02	5220,33
508,232	5486,33
508,443	5139,33
508,654	5415,33
508,865	5168,33
509,077	4947,33
509,288	5062,33
509,499	5356,33
509,71	4983,33
509,922	5192,33
510,133	5008,33
510,344	4976,33
510,555	4889,33
510,766	4922,33
510,977	4841,33
511,188	4832,33
511,4	4901,33
511,611	4691,33
511,822	4705,33
512,033	4598,33
512,244	4749,33
512,455	4650,33
512,666	4666,33
512,877	4804,33
513,088	4627,33
513,299	4601,33
513,51	4602,33
513,721	4432,33
513,931	4547,33
514,142	4664,33
514,353	4674,33
514,564	4251,33
514,775	4156,33
514,986	4356,33
515,196	4329,33
515,407	4337,33
515,618	4505,33
515,829	4290,33
516,04	4359,33
516,25	4333,33
516,461	4352,33
516,672	4724,33
516,882	4156,33
517,093	4364,33
517,304	4053,33
517,514	4047,33
517,725	4230,33
517,936	4005,33
518,146	4035,33
518,357	4211,33
518,567	4193,33
518,778	4592,33
518,988	4328,33
519,199	4717,33
519,409	4253,33
519,62	4124,33
519,83	4082,33
520,041	3963,33
520,251	3848,33
520,462	4060,33
520,672	3980,33
520,882	4017,33
521,093	4071,33
521,303	4161,33
521,513	3974,33
521,724	5005,33
521,934	3660,33
522,144	3818,33
522,355	3798,33
522,565	3896,33
522,775	3875,33
522,985	3800,33
523,196	3785,33
523,406	3805,33
523,616	4060,33
523,826	3879,33
524,036	4144,33
524,246	3794,33
524,457	3635,33
524,667	3592,33
524,877	3779,33
525,087	3657,33
525,297	3797,33
525,507	3700,33
525,717	3580,33
525,927	3800,33
526,137	3682,33
526,347	3616,33
526,557	3688,33
526,767	3768,33
526,977	4043,33
527,187	3660,33
527,397	3553,33
527,607	3532,33
527,816	3611,33
528,026	3520,33
528,236	3920,33
528,446	3926,33
528,656	3850,33
528,865	4014,33
529,075	3540,33
529,285	3656,33
529,495	3736,33
529,704	3660,33
529,914	3553,33
530,124	3619,33
530,334	3452,33
530,543	3481,33
530,753	3807,33
530,963	3884,33
531,172	3520,33
531,382	3465,33
531,591	3746,33
531,801	3418,33
532,01	3478,33
532,22	3437,33
532,43	3576,33
532,639	3954,33
532,849	3677,33
533,058	3649,33
533,267	3637,33
533,477	3601,33
533,686	3567,33
533,896	3636,33
534,105	3667,33
534,315	3669,33
534,524	3626,33
534,733	3599,33
534,943	3768,33
535,152	3624,33
535,361	3415,33
535,57	3477,33
535,78	3420,33
535,989	3288,33
536,198	3290,33
536,407	3228,33
536,617	3083,33
536,826	3288,33
537,035	3397,33
537,244	3290,33
537,453	3213,33
537,662	3476,33
537,872	3812,33
538,081	3431,33
538,29	3456,33
538,499	3495,33
538,708	3437,33
538,917	3603,33
539,126	3533,33
539,335	3577,33
539,544	3954,33
539,753	3363,33
539,962	3367,33
540,171	3436,33
540,38	3624,33
540,589	3469,33
540,797	3703,33
541,006	3636,33
541,215	3453,33
541,424	3764,33
541,633	3580,33
541,842	3323,33
542,05	3874,33
542,259	3679,33
542,468	3650,33
542,677	3677,33
542,885	3414,33
543,094	3726,33
543,303	3557,33
543,512	3746,33
543,72	3845,33
543,929	3846,33
544,138	3766,33
544,346	3678,33
544,555	3800,33
544,763	3888,33
544,972	3700,33
545,18	3590,33
545,389	3869,33
545,598	3539,33
545,806	3619,33
546,015	3607,33
546,223	3566,33
546,431	3657,33
546,64	3670,33
546,848	3743,33
547,057	3818,33
547,265	3791,33
547,474	3934,33
547,682	4054,33
547,89	4088,33
548,099	4001,33
548,307	3842,33
548,515	3880,33
548,723	3729,33
548,932	3575,33
549,14	3643,33
549,348	3735,33
549,556	3669,33
549,765	3605,33
549,973	3492,33
550,181	3692,33
550,389	3699,33
550,597	4066,33
550,805	3494,33
551,014	3666,33
551,222	6131,33
551,43	3607,33
551,638	3936,33
551,846	4039,33
552,054	4125,33
552,262	3998,33
552,47	3822,33
552,678	3709,33
552,886	3783,33
553,094	3758,33
553,302	3899,33
553,51	3895,33
553,717	3893,33
553,925	3787,33
554,133	3955,33
554,341	3536,33
554,549	3742,33
554,757	3772,33
554,965	3862,33
555,172	3936,33
555,38	4186,33
555,588	3887,33
555,796	4004,33
556,003	4123,33
556,211	3785,33
556,419	3817,33
556,626	3888,33
556,834	3688,33
557,042	3796,33
557,249	3802,33
557,457	3864,33
557,664	3722,33
557,872	3790,33
558,08	3661,33
558,287	3835,33
558,495	3885,33
558,702	3619,33
558,91	3826,33
559,117	3947,33
559,325	3811,33
559,532	3879,33
559,74	4194,33
559,947	4055,33
560,154	4215,33
560,362	4358,33
560,569	4170,33
560,776	4170,33
560,984	4196,33
561,191	4238,33
561,398	4107,33
561,606	4458,33
561,813	4084,33
562,02	3950,33
562,227	3924,33
562,435	4165,33
562,642	4122,33
562,849	4167,33
563,056	4285,33
563,263	4200,33
563,471	4521,33
563,678	4475,33
563,885	4401,33
564,092	4448,33
564,299	4540,33
564,506	4521,33
564,713	4545,33
564,92	4653,33
565,127	4750,33
565,334	4618,33
565,541	4976,33
565,748	4665,33
565,955	4632,33
566,162	4818,33
566,369	4960,33
566,576	5097,33
566,783	5326,33
566,99	5277,33
567,196	5511,33
567,403	5319,33
567,61	5446,33
567,817	5341,33
568,024	5533,33
568,23	5709,33
568,437	5735,33
568,644	5852,33
568,851	6041,33
569,057	6402,33
569,264	6705,33
569,471	6717,33
569,677	6928,33
569,884	6828,33
570,091	6824,33
570,297	7757,33
570,504	7193,33
570,71	7215,33
570,917	7226,33
571,123	7120,33
571,33	7477,33
571,536	7571,33
571,743	7786,33
571,949	7170,33
572,156	6961,33
572,362	7081,33
572,569	6844,33
572,775	7562,33
572,982	7931,33
573,188	7896,33
573,394	7748,33
573,601	7927,33
573,807	8064,33
574,013	8674,33
574,22	8330,33
574,426	8054,33
574,632	8364,33
574,838	8204,33
575,045	7957,33
575,251	7734,33
575,457	7889,33
575,663	7881,33
575,869	8031,33
576,076	8319,33
576,282	8546,33
576,488	8379,33
576,694	8788,33
576,9	8491,33
577,106	9019,33
577,312	9641,33
577,518	10213,33
577,724	9953,33
577,93	9591,33
578,136	8954,33
578,342	8812,33
578,548	8566,33
578,754	8446,33
578,96	8346,33
579,166	8834,33
579,372	9354,33
579,578	9046,33
579,784	9433,33
579,989	9267,33
580,195	9180,33
580,401	9088,33
580,607	9137,33
580,813	10011,33
581,018	11026,33
581,224	11399,33
581,43	11105,33
581,636	10724,33
581,841	10738,33
582,047	10236,33
582,253	9754,33
582,458	9312,33
582,664	9018,33
582,869	8791,33
583,075	8526,33
583,281	8874,33
583,486	8564,33
583,692	8826,33
583,897	9359,33
584,103	9139,33
584,308	9304,33
584,514	9601,33
584,719	9992,33
584,925	9769,33
585,13	9887,33
585,335	9617,33
585,541	9325,33
585,746	9135,33
585,952	8755,33
586,157	8467,33
586,362	8877,33
586,568	8912,33
586,773	9375,33
586,978	9370,33
587,183	9338,33
587,389	9187,33
587,594	8890,33
587,799	8705,33
588,004	8810,33
588,21	8843,33
588,415	8307,33
588,62	8345,33
588,825	8399,33
589,03	8097,33
589,235	8558,33
589,44	8282,33
589,645	8212,33
589,85	8098,33
590,055	8175,33
590,26	7998,33
590,465	7871,33
590,67	7722,33
590,875	7744,33
591,08	7793,33
591,285	7756,33
591,49	7683,33
591,695	7549,33
591,9	7473,33
592,105	7687,33
592,31	8004,33
592,515	8378,33
592,719	7950,33
592,924	7787,33
593,129	7748,33
593,334	7707,33
593,539	7595,33
593,743	7571,33
593,948	7190,33
594,153	7125,33
594,357	7490,33
594,562	7265,33
594,767	7704,33
594,971	7073,33
595,176	7122,33
595,381	7147,33
595,585	6882,33
595,79	6949,33
595,994	6602,33
596,199	7097,33
596,403	6456,33
596,608	6446,33
596,812	6631,33
597,017	6960,33
597,221	6799,33
597,426	6636,33
597,63	6519,33
597,835	6324,33
598,039	6292,33
598,243	6293,33
598,448	7122,33
598,652	6606,33
598,856	6548,33
599,061	6276,33
599,265	6125,33
599,469	6149,33
599,673	6339,33
599,878	6362,33
600,082	6150,33
600,286	6063,33
600,49	6044,33
600,695	5832,33
600,899	6039,33
601,103	5990,33
601,307	5967,33
601,511	5900,33
601,715	5616,33
601,919	5482,33
602,123	5817,33
602,327	5753,33
602,531	5664,33
602,735	5840,33
602,939	5825,33
603,143	5624,33
603,347	5995,33
603,551	5517,33
603,755	5441,33
603,959	5351,33
604,163	5429,33
604,367	5216,33
604,571	5172,33
604,775	5320,33
604,978	5256,33
605,182	5183,33
605,386	5296,33
605,59	5029,33
605,793	5126,33
605,997	5235,33
606,201	5006,33
606,405	5041,33
606,608	4982,33
606,812	4969,33
607,016	4998,33
607,219	4857,33
607,423	4710,33
607,627	4936,33
607,83	4774,33
608,034	4725,33
608,237	4699,33
608,441	4538,33
608,644	4664,33
608,848	4664,33
609,051	4497,33
609,255	4438,33
609,458	4605,33
609,662	4465,33
609,865	4556,33
610,069	4312,33
610,272	4096,33
610,475	4016,33
610,679	4216,33
610,882	4230,33
611,085	4290,33
611,289	4347,33
611,492	4074,33
611,695	4207,33
611,898	3920,33
612,102	4153,33
612,305	4035,33
612,508	4072,33
612,711	4234,33
612,914	4012,33
613,118	4057,33
613,321	4017,33
613,524	3842,33
613,727	3882,33
613,93	3592,33
614,133	3823,33
614,336	3907,33
614,539	3798,33
614,742	3682,33
614,945	3820,33
615,148	3912,33
615,351	3836,33
615,554	3693,33
615,757	3652,33
615,96	3700,33
616,163	3621,33
616,366	3875,33
616,569	3617,33
616,772	3635,33
616,974	3590,33
617,177	3754,33
617,38	3536,33
617,583	3677,33
617,786	3504,33
617,988	3413,33
618,191	3707,33
618,394	3392,33
618,596	3318,33
618,799	3386,33
619,002	3724,33
619,204	3414,33
619,407	3379,33
619,61	3316,33
619,812	3383,33
620,015	3391,33
620,217	3671,33
620,42	3236,33
620,623	3287,33
620,825	3256,33
621,028	3430,33
621,23	3354,33
621,432	3392,33
621,635	3538,33
621,837	3404,33
622,04	3278,33
622,242	3184,33
622,445	3479,33
622,647	3286,33
622,849	3445,33
623,052	3115,33
623,254	3172,33
623,456	2987,33
623,658	3358,33
623,861	3117,33
624,063	3266,33
624,265	3137,33
624,467	3134,33
624,67	3120,33
624,872	3052,33
625,074	3251,33
625,276	3155,33
625,478	3136,33
625,68	2804,33
625,882	2866,33
626,084	3002,33
626,287	3131,33
626,489	2967,33
626,691	2930,33
626,893	2918,33
627,095	3005,33
627,297	3042,33
627,499	2681,33
627,7	2623,33
627,902	2634,33
628,104	2508,33
628,306	2663,33
628,508	2659,33
628,71	2548,33
628,912	2742,33
629,114	2928,33
629,315	2771,33
629,517	2614,33
629,719	2535,33
629,921	2646,33
630,122	2533,33
630,324	2560,33
630,526	2570,33
630,728	2477,33
630,929	2353,33
631,131	2386,33
631,332	2687,33
631,534	2615,33
631,736	2560,33
631,937	2332,33
632,139	2479,33
632,34	2680,33
632,542	2591,33
632,743	2311,33
632,945	2313,33
633,146	2430,33
633,348	2430,33
633,549	2335,33
633,751	2247,33
633,952	2318,33
634,154	2180,33
634,355	2132,33
634,556	2332,33
634,758	2226,33
634,959	2194,33
635,16	2362,33
635,362	2141,33
635,563	2211,33
635,764	2329,33
635,965	2320,33
636,167	2277,33
636,368	2249,33
636,569	2070,33
636,77	2336,33
636,971	2057,33
637,172	2063,33
637,374	1945,33
637,575	2260,33
637,776	1897,33
637,977	1919,33
638,178	2156,33
638,379	2090,33
638,58	2059,33
638,781	1865,33
638,982	1992,33
639,183	1840,33
639,384	2052,33
639,585	1888,33
639,786	1774,33
639,987	1915,33
640,187	2034,33
640,388	2083,33
640,589	1761,33
640,79	1865,33
640,991	1968,33
641,192	2017,33
641,392	1800,33
641,593	1824,33
641,794	1627,33
641,995	1699,33
642,195	1728,33
642,396	1721,33
642,597	1686,33
642,797	1812,33
642,998	1888,33
643,199	1853,33
643,399	1927,33
643,6	1580,33
643,8	1668,33
644,001	1799,33
644,202	1540,33
644,402	1724,33
644,603	1790,33
644,803	1626,33
645,004	1774,33
645,204	1568,33
645,404	1720,33
645,605	2302,33
645,805	1642,33
646,006	1639,33
646,206	2094,33
646,406	1643,33
646,607	1405,33
646,807	1432,33
647,007	-19,67
647,208	5,33
647,408	-10,67
647,608	57,33
