200,697	1078,5
200,927	29,5
201,158	60,5
201,388	6,5
201,618	838,5
201,849	766,5
202,079	1165,5
202,309	862,5
202,539	966,5
202,77	795,5
203	1014,5
203,23	932,5
203,46	915,5
203,691	950,5
203,921	925,5
204,151	923,5
204,381	860,5
204,611	1042,5
204,841	878,5
205,071	891,5
205,302	989,5
205,532	993,5
205,762	2638,5
205,992	868,5
206,222	894,5
206,452	950,5
206,682	920,5
206,912	1014,5
207,142	1006,5
207,372	771,5
207,602	854,5
207,832	924,5
208,062	978,5
208,292	1006,5
208,522	845,5
208,752	980,5
208,982	878,5
209,212	942,5
209,442	947,5
209,672	910,5
209,902	907,5
210,131	958,5
210,361	774,5
210,591	900,5
210,821	891,5
211,051	1043,5
211,281	990,5
211,51	811,5
211,74	1027,5
211,97	926,5
212,2	926,5
212,429	1267,5
212,659	926,5
212,889	947,5
213,119	881,5
213,348	924,5
213,578	1005,5
213,808	1042,5
214,037	1045,5
214,267	1010,5
214,497	987,5
214,726	878,5
214,956	934,5
215,186	942,5
215,415	938,5
215,645	966,5
215,874	1022,5
216,104	910,5
216,333	942,5
216,563	958,5
216,792	813,5
217,022	1118,5
217,251	862,5
217,481	837,5
217,71	950,5
217,94	924,5
218,169	970,5
218,399	1002,5
218,628	1054,5
218,858	950,5
219,087	1061,5
219,316	1004,5
219,546	954,5
219,775	925,5
220,004	1014,5
220,234	924,5
220,463	990,5
220,692	989,5
220,922	956,5
221,151	1182,5
221,38	852,5
221,61	1305,5
221,839	1214,5
222,068	981,5
222,297	1038,5
222,526	998,5
222,756	1022,5
222,985	1022,5
223,214	966,5
223,443	994,5
223,672	1315,5
223,902	916,5
224,131	989,5
224,36	1106,5
224,589	854,5
224,818	950,5
225,047	1038,5
225,276	965,5
225,505	1134,5
225,734	1086,5
225,963	942,5
226,192	926,5
226,421	1017,5
226,65	990,5
226,879	1062,5
227,108	1076,5
227,337	1076,5
227,566	1125,5
227,795	995,5
228,024	1014,5
228,253	835,5
228,482	954,5
228,711	969,5
228,94	901,5
229,168	1003,5
229,397	1006,5
229,626	1059,5
229,855	948,5
230,084	910,5
230,313	858,5
230,541	1075,5
230,77	1070,5
230,999	950,5
231,228	1070,5
231,456	1174,5
231,685	1062,5
231,914	1004,5
232,143	966,5
232,371	1006,5
232,6	995,5
232,829	862,5
233,057	1061,5
233,286	966,5
233,515	968,5
233,743	1014,5
233,972	958,5
234,2	995,5
234,429	950,5
234,658	1046,5
234,886	910,5
235,115	1028,5
235,343	1038,5
235,572	972,5
235,8	1043,5
236,029	1006,5
236,257	910,5
236,486	998,5
236,714	1066,5
236,943	1062,5
237,171	906,5
237,399	917,5
237,628	995,5
237,856	1025,5
238,085	969,5
238,313	942,5
238,541	950,5
238,77	1228,5
238,998	1034,5
239,226	1053,5
239,455	990,5
239,683	1062,5
239,911	870,5
240,14	1061,5
240,368	910,5
240,596	1014,5
240,824	1053,5
241,053	1010,5
241,281	973,5
241,509	969,5
241,737	963,5
241,965	920,5
242,193	925,5
242,422	955,5
242,65	931,5
242,878	942,5
243,106	973,5
243,334	1022,5
243,562	1030,5
243,79	1030,5
244,018	1022,5
244,246	971,5
244,474	1030,5
244,702	902,5
244,93	1022,5
245,158	1014,5
245,386	902,5
245,614	1078,5
245,842	980,5
246,07	932,5
246,298	1038,5
246,526	1269,5
246,754	942,5
246,982	1086,5
247,21	970,5
247,438	1078,5
247,666	971,5
247,893	1021,5
248,121	958,5
248,349	910,5
248,577	920,5
248,805	1108,5
249,033	966,5
249,26	1021,5
249,488	932,5
249,716	1010,5
249,944	786,5
250,171	884,5
250,399	1046,5
250,627	1038,5
250,854	1025,5
251,082	940,5
251,31	984,5
251,537	1062,5
251,765	1198,5
251,993	886,5
252,22	1225,5
252,448	901,5
252,676	1093,5
252,903	1034,5
253,131	1090,5
253,358	926,5
253,586	910,5
253,813	908,5
254,041	1070,5
254,268	1057,5
254,496	854,5
254,723	989,5
254,951	972,5
255,178	932,5
255,406	990,5
255,633	1013,5
255,86	1110,5
256,088	994,5
256,315	894,5
256,543	1038,5
256,77	1042,5
256,997	1034,5
257,225	1046,5
257,452	956,5
257,679	955,5
257,907	1058,5
258,134	974,5
258,361	1019,5
258,588	916,5
258,816	1066,5
259,043	931,5
259,27	974,5
259,497	1228,5
259,725	1038,5
259,952	1084,5
260,179	942,5
260,406	970,5
260,633	926,5
260,86	914,5
261,088	915,5
261,315	1147,5
261,542	942,5
261,769	940,5
261,996	1230,5
262,223	1075,5
262,45	1118,5
262,677	854,5
262,904	955,5
263,131	1030,5
263,358	985,5
263,585	997,5
263,812	1222,5
264,039	1102,5
264,266	956,5
264,493	958,5
264,72	958,5
264,947	996,5
265,174	1150,5
265,401	1090,5
265,627	1091,5
265,854	974,5
266,081	1046,5
266,308	998,5
266,535	878,5
266,762	981,5
266,988	1022,5
267,215	1130,5
267,442	920,5
267,669	1077,5
267,896	1051,5
268,122	1059,5
268,349	931,5
268,576	918,5
268,802	862,5
269,029	997,5
269,256	1118,5
269,482	966,5
269,709	998,5
269,936	987,5
270,162	1132,5
270,389	900,5
270,616	988,5
270,842	1115,5
271,069	1038,5
271,295	1012,5
271,522	940,5
271,748	1054,5
271,975	1084,5
272,201	1091,5
272,428	998,5
272,654	998,5
272,881	1110,5
273,107	893,5
273,334	1014,5
273,56	1070,5
273,787	1078,5
274,013	886,5
274,239	1182,5
274,466	1006,5
274,692	963,5
274,918	1014,5
275,145	1021,5
275,371	917,5
275,597	1021,5
275,824	1139,5
276,05	958,5
276,276	1086,5
276,503	986,5
276,729	958,5
276,955	910,5
277,181	1011,5
277,407	988,5
277,634	1043,5
277,86	998,5
278,086	1061,5
278,312	1045,5
278,538	910,5
278,764	1113,5
278,991	1158,5
279,217	966,5
279,443	925,5
279,669	1133,5
279,895	1142,5
280,121	971,5
280,347	994,5
280,573	957,5
280,799	981,5
281,025	1134,5
281,251	811,5
281,477	1070,5
281,703	950,5
281,929	926,5
282,155	1002,5
282,381	1067,5
282,607	931,5
282,833	966,5
283,059	1030,5
283,285	811,5
283,51	892,5
283,736	862,5
283,962	987,5
284,188	1002,5
284,414	1005,5
284,64	998,5
284,865	984,5
285,091	926,5
285,317	1018,5
285,543	1019,5
285,768	1043,5
285,994	1010,5
286,22	1221,5
286,446	1150,5
286,671	862,5
286,897	1010,5
287,123	1050,5
287,348	918,5
287,574	1374,5
287,799	1206,5
288,025	1150,5
288,251	1128,5
288,476	942,5
288,702	974,5
288,927	854,5
289,153	990,5
289,378	1166,5
289,604	1077,5
289,829	965,5
290,055	950,5
290,28	998,5
290,506	1060,5
290,731	940,5
290,957	1037,5
291,182	1054,5
291,408	1091,5
291,633	1026,5
291,858	974,5
292,084	1035,5
292,309	923,5
292,535	997,5
292,76	1318,5
292,985	982,5
293,211	974,5
293,436	926,5
293,661	870,5
293,886	974,5
294,112	1053,5
294,337	1012,5
294,562	867,5
294,787	931,5
295,013	987,5
295,238	1118,5
295,463	1046,5
295,688	1028,5
295,913	958,5
296,138	1060,5
296,364	918,5
296,589	1092,5
296,814	920,5
297,039	950,5
297,264	1099,5
297,489	1114,5
297,714	950,5
297,939	942,5
298,164	985,5
298,389	934,5
298,614	934,5
298,839	1014,5
299,064	1054,5
299,289	1027,5
299,514	1062,5
299,739	988,5
299,964	919,5
300,189	926,5
300,414	1035,5
300,639	1076,5
300,863	910,5
301,088	1188,5
301,313	998,5
301,538	970,5
301,763	994,5
301,988	1030,5
302,212	958,5
302,437	1364,5
302,662	955,5
302,887	974,5
303,111	1044,5
303,336	1038,5
303,561	990,5
303,786	990,5
304,01	1050,5
304,235	1077,5
304,46	742,5
304,684	1036,5
304,909	1033,5
305,134	969,5
305,358	1102,5
305,583	1013,5
305,807	1142,5
306,032	891,5
306,256	1022,5
306,481	990,5
306,706	786,5
306,93	906,5
307,155	1116,5
307,379	938,5
307,604	1165,5
307,828	972,5
308,052	1118,5
308,277	958,5
308,501	1025,5
308,726	1044,5
308,95	1013,5
309,175	942,5
309,399	1010,5
309,623	1002,5
309,848	926,5
310,072	889,5
310,296	1246,5
310,521	926,5
310,745	867,5
310,969	1165,5
311,193	1118,5
311,418	846,5
311,642	1132,5
311,866	942,5
312,09	958,5
312,315	1021,5
312,539	1011,5
312,763	972,5
312,987	1070,5
313,211	958,5
313,435	1314,5
313,659	966,5
313,884	964,5
314,108	1078,5
314,332	1245,5
314,556	958,5
314,78	1130,5
315,004	1068,5
315,228	1093,5
315,452	1051,5
315,676	1037,5
315,9	1062,5
316,124	987,5
316,348	934,5
316,572	1005,5
316,796	1118,5
317,02	838,5
317,244	1038,5
317,468	926,5
317,691	1108,5
317,915	995,5
318,139	958,5
318,363	1242,5
318,587	990,5
318,811	990,5
319,034	918,5
319,258	1110,5
319,482	1140,5
319,706	1054,5
319,93	969,5
320,153	950,5
320,377	1006,5
320,601	971,5
320,824	1102,5
321,048	1078,5
321,272	1084,5
321,495	1006,5
321,719	1034,5
321,943	985,5
322,166	1022,5
322,39	974,5
322,614	1054,5
322,837	1026,5
323,061	958,5
323,284	998,5
323,508	989,5
323,731	652,5
323,955	974,5
324,178	941,5
324,402	1054,5
324,625	1038,5
324,849	878,5
325,072	978,5
325,296	1189,5
325,519	1030,5
325,743	958,5
325,966	1051,5
326,189	989,5
326,413	892,5
326,636	1238,5
326,859	1069,5
327,083	1203,5
327,306	934,5
327,529	958,5
327,753	957,5
327,976	1050,5
328,199	1085,5
328,422	1013,5
328,646	1030,5
328,869	907,5
329,092	1059,5
329,315	1131,5
329,538	934,5
329,762	986,5
329,985	908,5
330,208	1252,5
330,431	1054,5
330,654	1126,5
330,877	1006,5
331,1	1052,5
331,323	966,5
331,546	1102,5
331,769	1066,5
331,993	940,5
332,216	1158,5
332,439	998,5
332,662	1000,5
332,885	994,5
333,107	1054,5
333,33	934,5
333,553	1101,5
333,776	932,5
333,999	1002,5
334,222	926,5
334,445	958,5
334,668	948,5
334,891	1334,5
335,114	894,5
335,336	1021,5
335,559	1037,5
335,782	1155,5
336,005	926,5
336,228	918,5
336,45	942,5
336,673	972,5
336,896	974,5
337,119	987,5
337,341	942,5
337,564	985,5
337,787	1003,5
338,009	974,5
338,232	982,5
338,455	966,5
338,677	1006,5
338,9	1003,5
339,122	1161,5
339,345	884,5
339,568	876,5
339,79	984,5
340,013	1053,5
340,235	1061,5
340,458	917,5
340,68	1003,5
340,903	934,5
341,125	950,5
341,348	966,5
341,57	886,5
341,793	1086,5
342,015	890,5
342,238	1029,5
342,46	910,5
342,682	1076,5
342,905	963,5
343,127	1001,5
343,349	986,5
343,572	1052,5
343,794	1026,5
344,016	940,5
344,239	906,5
344,461	1036,5
344,683	894,5
344,905	1038,5
345,128	854,5
345,35	966,5
345,572	987,5
345,794	1070,5
346,017	981,5
346,239	1018,5
346,461	948,5
346,683	932,5
346,905	1004,5
347,127	966,5
347,349	965,5
347,571	974,5
347,793	1068,5
348,016	986,5
348,238	910,5
348,46	1006,5
348,682	922,5
348,904	980,5
349,126	998,5
349,348	990,5
349,57	916,5
349,792	950,5
350,014	1044,5
350,235	972,5
350,457	1214,5
350,679	990,5
350,901	876,5
351,123	916,5
351,345	937,5
351,567	1094,5
351,789	1086,5
352,01	1014,5
352,232	965,5
352,454	923,5
352,676	1004,5
352,897	949,5
353,119	918,5
353,341	933,5
353,563	973,5
353,784	916,5
354,006	1013,5
354,228	970,5
354,449	934,5
354,671	1043,5
354,893	1046,5
355,114	1006,5
355,336	1010,5
355,558	987,5
355,779	933,5
356,001	998,5
356,222	966,5
356,444	926,5
356,665	1452,5
356,887	948,5
357,108	973,5
357,33	918,5
357,551	1165,5
357,773	1017,5
357,994	989,5
358,216	942,5
358,437	1086,5
358,659	1062,5
358,88	949,5
359,101	1033,5
359,323	1050,5
359,544	965,5
359,765	822,5
359,987	1038,5
360,208	934,5
360,429	950,5
360,651	918,5
360,872	1092,5
361,093	958,5
361,314	1014,5
361,536	942,5
361,757	955,5
361,978	934,5
362,199	882,5
362,42	1029,5
362,642	654,5
362,863	1110,5
363,084	932,5
363,305	987,5
363,526	942,5
363,747	883,5
363,968	940,5
364,189	1054,5
364,41	926,5
364,631	870,5
364,852	1110,5
365,073	954,5
365,294	1006,5
365,515	765,5
365,736	993,5
365,957	1044,5
366,178	905,5
366,399	985,5
366,62	905,5
366,841	1058,5
367,062	950,5
367,283	938,5
367,504	1037,5
367,724	894,5
367,945	845,5
368,166	1054,5
368,387	978,5
368,608	915,5
368,828	1022,5
369,049	918,5
369,27	1078,5
369,491	939,5
369,711	1014,5
369,932	1028,5
370,153	972,5
370,373	1012,5
370,594	1134,5
370,815	958,5
371,035	1092,5
371,256	870,5
371,477	877,5
371,697	969,5
371,918	931,5
372,138	1012,5
372,359	1098,5
372,579	876,5
372,8	926,5
373,02	989,5
373,241	902,5
373,461	998,5
373,682	958,5
373,902	988,5
374,123	894,5
374,343	1070,5
374,564	854,5
374,784	980,5
375,004	942,5
375,225	886,5
375,445	926,5
375,666	1054,5
375,886	910,5
376,106	910,5
376,326	996,5
376,547	1094,5
376,767	1027,5
376,987	902,5
377,208	958,5
377,428	862,5
377,648	1021,5
377,868	958,5
378,088	1086,5
378,309	902,5
378,529	990,5
378,749	958,5
378,969	860,5
379,189	997,5
379,409	1014,5
379,629	861,5
379,849	996,5
380,069	931,5
380,29	870,5
380,51	926,5
380,73	1187,5
380,95	1269,5
381,17	989,5
381,39	1014,5
381,61	890,5
381,829	953,5
382,049	909,5
382,269	934,5
382,489	979,5
382,709	906,5
382,929	996,5
383,149	981,5
383,369	1206,5
383,589	965,5
383,808	1126,5
384,028	884,5
384,248	1006,5
384,468	995,5
384,688	1014,5
384,907	834,5
385,127	940,5
385,347	1010,5
385,567	870,5
385,786	1054,5
386,006	886,5
386,226	942,5
386,445	884,5
386,665	906,5
386,885	1054,5
387,104	876,5
387,324	938,5
387,543	1054,5
387,763	1003,5
387,982	1006,5
388,202	947,5
388,422	938,5
388,641	910,5
388,861	1021,5
389,08	998,5
389,3	919,5
389,519	1035,5
389,738	933,5
389,958	1108,5
390,177	910,5
390,397	1052,5
390,616	905,5
390,836	1030,5
391,055	986,5
391,274	980,5
391,494	942,5
391,713	908,5
391,932	1014,5
392,151	973,5
392,371	934,5
392,59	969,5
392,809	1129,5
393,029	1206,5
393,248	1115,5
393,467	838,5
393,686	918,5
393,905	1683,5
394,124	862,5
394,344	980,5
394,563	982,5
394,782	919,5
395,001	966,5
395,22	926,5
395,439	994,5
395,658	902,5
395,877	998,5
396,096	899,5
396,315	1026,5
396,534	846,5
396,753	709,5
396,972	898,5
397,191	899,5
397,41	950,5
397,629	942,5
397,848	883,5
398,067	990,5
398,286	883,5
398,505	893,5
398,724	998,5
398,943	1422,5
399,161	958,5
399,38	1021,5
399,599	998,5
399,818	948,5
400,037	1050,5
400,255	1022,5
400,474	852,5
400,693	989,5
400,912	1062,5
401,13	979,5
401,349	974,5
401,568	838,5
401,786	1062,5
402,005	1305,5
402,224	793,5
402,442	998,5
402,661	984,5
402,88	947,5
403,098	813,5
403,317	994,5
403,535	934,5
403,754	882,5
403,972	982,5
404,191	922,5
404,409	934,5
404,628	1380,5
404,846	1011,5
405,065	1019,5
405,283	990,5
405,502	894,5
405,72	923,5
405,938	1068,5
406,157	883,5
406,375	902,5
406,594	1036,5
406,812	918,5
407,03	972,5
407,249	822,5
407,467	942,5
407,685	1046,5
407,903	850,5
408,122	1118,5
408,34	885,5
408,558	949,5
408,776	883,5
408,995	926,5
409,213	912,5
409,431	1011,5
409,649	1014,5
409,867	907,5
410,085	958,5
410,303	972,5
410,522	870,5
410,74	920,5
410,958	956,5
411,176	868,5
411,394	992,5
411,612	862,5
411,83	1062,5
412,048	950,5
412,266	934,5
412,484	958,5
412,702	1046,5
412,92	886,5
413,138	1022,5
413,356	902,5
413,573	1046,5
413,791	1181,5
414,009	1076,5
414,227	1078,5
414,445	934,5
414,663	941,5
414,881	898,5
415,098	902,5
415,316	958,5
415,534	1226,5
415,752	958,5
415,969	1062,5
416,187	885,5
416,405	910,5
416,623	1018,5
416,84	878,5
417,058	990,5
417,276	1060,5
417,493	1102,5
417,711	898,5
417,928	1022,5
418,146	918,5
418,364	948,5
418,581	964,5
418,799	910,5
419,016	779,5
419,234	917,5
419,451	1363,5
419,669	942,5
419,886	977,5
420,104	1110,5
420,321	1032,5
420,539	909,5
420,756	1067,5
420,974	1014,5
421,191	762,5
421,408	978,5
421,626	942,5
421,843	921,5
422,06	917,5
422,278	874,5
422,495	963,5
422,712	957,5
422,93	1014,5
423,147	989,5
423,364	947,5
423,581	1074,5
423,799	875,5
424,016	1034,5
424,233	998,5
424,45	958,5
424,667	958,5
424,884	877,5
425,102	1018,5
425,319	814,5
425,536	937,5
425,753	1027,5
425,97	906,5
426,187	1086,5
426,404	902,5
426,621	948,5
426,838	1126,5
427,055	918,5
427,272	998,5
427,489	910,5
427,706	859,5
427,923	955,5
428,14	916,5
428,357	1118,5
428,574	977,5
428,791	965,5
429,008	878,5
429,224	994,5
429,441	1002,5
429,658	974,5
429,875	1070,5
430,092	1054,5
430,308	979,5
430,525	1000,5
430,742	982,5
430,959	982,5
431,175	982,5
431,392	894,5
431,609	996,5
431,826	1038,5
432,042	908,5
432,259	870,5
432,476	1230,5
432,692	942,5
432,909	923,5
433,125	779,5
433,342	838,5
433,559	977,5
433,775	938,5
433,992	878,5
434,208	877,5
434,425	854,5
434,641	1060,5
434,858	1125,5
435,074	1030,5
435,291	947,5
435,507	948,5
435,723	1036,5
435,94	942,5
436,156	955,5
436,373	1067,5
436,589	933,5
436,805	950,5
437,022	924,5
437,238	916,5
437,454	974,5
437,671	925,5
437,887	942,5
438,103	1046,5
438,319	1021,5
438,536	878,5
438,752	1062,5
438,968	973,5
439,184	910,5
439,4	950,5
439,616	852,5
439,833	1036,5
440,049	942,5
440,265	1038,5
440,481	956,5
440,697	948,5
440,913	998,5
441,129	980,5
441,345	931,5
441,561	986,5
441,777	950,5
441,993	917,5
442,209	1006,5
442,425	1019,5
442,641	912,5
442,857	963,5
443,073	934,5
443,289	922,5
443,505	982,5
443,721	1022,5
443,937	926,5
444,152	1014,5
444,368	932,5
444,584	931,5
444,8	1022,5
445,016	958,5
445,231	979,5
445,447	1033,5
445,663	1067,5
445,879	886,5
446,094	1060,5
446,31	1030,5
446,526	874,5
446,742	993,5
446,957	859,5
447,173	1091,5
447,388	883,5
447,604	1123,5
447,82	964,5
448,035	982,5
448,251	834,5
448,466	1038,5
448,682	877,5
448,897	836,5
449,113	971,5
449,328	1006,5
449,544	898,5
449,759	1172,5
449,975	886,5
450,19	924,5
450,406	958,5
450,621	950,5
450,836	922,5
451,052	1038,5
451,267	803,5
451,483	950,5
451,698	862,5
451,913	985,5
452,129	910,5
452,344	836,5
452,559	1084,5
452,774	922,5
452,99	1014,5
453,205	1006,5
453,42	1034,5
453,635	1134,5
453,85	969,5
454,066	1038,5
454,281	957,5
454,496	981,5
454,711	1070,5
454,926	997,5
455,141	890,5
455,356	942,5
455,571	886,5
455,786	986,5
456,001	997,5
456,217	885,5
456,432	835,5
456,647	886,5
456,861	958,5
457,076	963,5
457,291	977,5
457,506	950,5
457,721	926,5
457,936	965,5
458,151	902,5
458,366	1067,5
458,581	950,5
458,796	1116,5
459,01	867,5
459,225	934,5
459,44	837,5
459,655	956,5
459,87	894,5
460,084	780,5
460,299	1009,5
460,514	986,5
460,729	1230,5
460,943	892,5
461,158	844,5
461,373	942,5
461,587	996,5
461,802	866,5
462,016	1198,5
462,231	965,5
462,446	1021,5
462,66	702,5
462,875	902,5
463,089	901,5
463,304	974,5
463,518	934,5
463,733	947,5
463,947	969,5
464,162	910,5
464,376	915,5
464,591	1045,5
464,805	790,5
465,02	1179,5
465,234	934,5
465,448	1269,5
465,663	1070,5
465,877	998,5
466,091	862,5
466,306	1066,5
466,52	1174,5
466,734	1022,5
466,949	916,5
467,163	1017,5
467,377	934,5
467,591	995,5
467,806	966,5
468,02	829,5
468,234	860,5
468,448	1054,5
468,662	979,5
468,876	1090,5
469,091	1035,5
469,305	998,5
469,519	974,5
469,733	924,5
469,947	934,5
470,161	1054,5
470,375	846,5
470,589	1019,5
470,803	1158,5
471,017	924,5
471,231	1021,5
471,445	886,5
471,659	1057,5
471,873	966,5
472,087	860,5
472,301	1070,5
472,515	894,5
472,728	890,5
472,942	905,5
473,156	924,5
473,37	917,5
473,584	910,5
473,798	989,5
474,011	1016,5
474,225	922,5
474,439	878,5
474,653	1035,5
474,866	934,5
475,08	990,5
475,294	1014,5
475,507	838,5
475,721	942,5
475,935	998,5
476,148	874,5
476,362	837,5
476,576	902,5
476,789	894,5
477,003	982,5
477,216	939,5
477,43	956,5
477,643	956,5
477,857	1061,5
478,07	862,5
478,284	981,5
478,497	939,5
478,711	939,5
478,924	892,5
479,138	950,5
479,351	922,5
479,564	878,5
479,778	892,5
479,991	825,5
480,204	899,5
480,418	982,5
480,631	796,5
480,844	1025,5
481,058	925,5
481,271	974,5
481,484	1044,5
481,697	916,5
481,911	913,5
482,124	956,5
482,337	969,5
482,55	798,5
482,763	1022,5
482,976	982,5
483,19	930,5
483,403	942,5
483,616	974,5
483,829	1021,5
484,042	948,5
484,255	938,5
484,468	980,5
484,681	900,5
484,894	974,5
485,107	1046,5
485,32	925,5
485,533	838,5
485,746	934,5
485,959	920,5
486,172	926,5
486,385	854,5
486,598	994,5
486,81	862,5
487,023	972,5
487,236	1059,5
487,449	1027,5
487,662	921,5
487,875	934,5
488,087	1043,5
488,3	988,5
488,513	876,5
488,726	822,5
488,938	1022,5
489,151	1029,5
489,364	1062,5
489,576	966,5
489,789	998,5
490,002	994,5
490,214	958,5
490,427	845,5
490,64	972,5
490,852	970,5
491,065	926,5
491,277	1025,5
491,49	1158,5
491,702	902,5
491,915	996,5
492,127	806,5
492,34	981,5
492,552	1013,5
492,765	1028,5
492,977	1094,5
493,19	1021,5
493,402	1034,5
493,614	958,5
493,827	995,5
494,039	965,5
494,251	972,5
494,464	1014,5
494,676	822,5
494,888	950,5
495,101	926,5
495,313	934,5
495,525	918,5
495,737	1133,5
495,95	1010,5
496,162	982,5
496,374	958,5
496,586	955,5
496,798	974,5
497,01	933,5
497,222	870,5
497,435	843,5
497,647	894,5
497,859	922,5
498,071	926,5
498,283	722,5
498,495	918,5
498,707	1075,5
498,919	915,5
499,131	1013,5
499,343	862,5
499,555	914,5
499,767	1019,5
499,979	925,5
500,191	971,5
500,402	1012,5
500,614	1017,5
500,826	998,5
501,038	995,5
501,25	794,5
501,462	914,5
501,673	984,5
501,885	867,5
502,097	1018,5
502,309	956,5
502,521	1026,5
502,732	920,5
502,944	947,5
503,156	899,5
503,367	925,5
503,579	925,5
503,791	938,5
504,002	958,5
504,214	1060,5
504,425	1158,5
504,637	1066,5
504,849	947,5
505,06	1014,5
505,272	1036,5
505,483	982,5
505,695	1042,5
505,906	890,5
506,118	934,5
506,329	889,5
506,541	878,5
506,752	1019,5
506,963	942,5
507,175	964,5
507,386	1038,5
507,598	1094,5
507,809	890,5
508,02	884,5
508,232	995,5
508,443	901,5
508,654	1118,5
508,865	1004,5
509,077	1117,5
509,288	969,5
509,499	1134,5
509,71	940,5
509,922	1182,5
510,133	1020,5
510,344	1116,5
510,555	942,5
510,766	982,5
510,977	958,5
511,188	926,5
511,4	955,5
511,611	939,5
511,822	978,5
512,033	958,5
512,244	1026,5
512,455	1020,5
512,666	977,5
512,877	1052,5
513,088	990,5
513,299	939,5
513,51	1003,5
513,721	886,5
513,931	990,5
514,142	1053,5
514,353	1070,5
514,564	926,5
514,775	934,5
514,986	882,5
515,196	1035,5
515,407	910,5
515,618	946,5
515,829	974,5
516,04	878,5
516,25	894,5
516,461	907,5
516,672	995,5
516,882	918,5
517,093	1036,5
517,304	878,5
517,514	844,5
517,725	1078,5
517,936	899,5
518,146	902,5
518,357	994,5
518,567	870,5
518,778	824,5
518,988	910,5
519,199	1069,5
519,409	862,5
519,62	965,5
519,83	981,5
520,041	1003,5
520,251	1011,5
520,462	1052,5
520,672	891,5
520,882	1028,5
521,093	1004,5
521,303	1070,5
521,513	922,5
521,724	1606,5
521,934	891,5
522,144	1034,5
522,355	932,5
522,565	958,5
522,775	940,5
522,985	902,5
523,196	971,5
523,406	894,5
523,616	956,5
523,826	1016,5
524,036	1462,5
524,246	915,5
524,457	891,5
524,667	954,5
524,877	990,5
525,087	963,5
525,297	989,5
525,507	1022,5
525,717	877,5
525,927	973,5
526,137	942,5
526,347	1038,5
526,557	1054,5
526,767	926,5
526,977	1174,5
527,187	1022,5
527,397	918,5
527,607	851,5
527,816	1014,5
528,026	910,5
528,236	926,5
528,446	934,5
528,656	974,5
528,865	1100,5
529,075	914,5
529,285	934,5
529,495	980,5
529,704	974,5
529,914	949,5
530,124	990,5
530,334	891,5
530,543	875,5
530,753	1221,5
530,963	1240,5
531,172	902,5
531,382	914,5
531,591	1124,5
531,801	947,5
532,01	950,5
532,22	942,5
532,43	1022,5
532,639	1222,5
532,849	948,5
533,058	873,5
533,267	1069,5
533,477	798,5
533,686	918,5
533,896	942,5
534,105	921,5
534,315	989,5
534,524	958,5
534,733	979,5
534,943	1086,5
535,152	1085,5
535,361	702,5
535,57	917,5
535,78	982,5
535,989	958,5
536,198	789,5
536,407	974,5
536,617	938,5
536,826	1034,5
537,035	1037,5
537,244	987,5
537,453	828,5
537,662	987,5
537,872	1091,5
538,081	949,5
538,29	942,5
538,499	934,5
538,708	910,5
538,917	950,5
539,126	1038,5
539,335	987,5
539,544	1241,5
539,753	822,5
539,962	998,5
540,171	982,5
540,38	1046,5
540,589	982,5
540,797	1038,5
541,006	934,5
541,215	1101,5
541,424	1062,5
541,633	966,5
541,842	924,5
542,05	1061,5
542,259	1053,5
542,468	950,5
542,677	1001,5
542,885	921,5
543,094	990,5
543,303	910,5
543,512	1002,5
543,72	979,5
543,929	827,5
544,138	942,5
544,346	868,5
544,555	886,5
544,763	994,5
544,972	968,5
545,18	828,5
545,389	1026,5
545,598	918,5
545,806	1069,5
546,015	884,5
546,223	934,5
546,431	990,5
546,64	900,5
546,848	958,5
547,057	1017,5
547,265	892,5
547,474	870,5
547,682	972,5
547,89	977,5
548,099	982,5
548,307	958,5
548,515	1062,5
548,723	1075,5
548,932	986,5
549,14	998,5
549,348	1058,5
549,556	920,5
549,765	1153,5
549,973	828,5
550,181	1077,5
550,389	1017,5
550,597	1002,5
550,805	837,5
551,014	1118,5
551,222	3694,5
551,43	805,5
551,638	942,5
551,846	1014,5
552,054	1033,5
552,262	1077,5
552,47	918,5
552,678	1006,5
552,886	987,5
553,094	857,5
553,302	955,5
553,51	990,5
553,717	1278,5
553,925	925,5
554,133	1187,5
554,341	902,5
554,549	930,5
554,757	931,5
554,965	910,5
555,172	934,5
555,38	1150,5
555,588	851,5
555,796	993,5
556,003	1054,5
556,211	918,5
556,419	1020,5
556,626	1033,5
556,834	899,5
557,042	950,5
557,249	998,5
557,457	942,5
557,664	830,5
557,872	860,5
558,08	886,5
558,287	1042,5
558,495	758,5
558,702	902,5
558,91	1012,5
559,117	971,5
559,325	1002,5
559,532	1092,5
559,74	1046,5
559,947	997,5
560,154	996,5
560,362	942,5
560,569	969,5
560,776	942,5
560,984	1003,5
561,191	986,5
561,398	1054,5
561,606	1238,5
561,813	1006,5
562,02	838,5
562,227	838,5
562,435	838,5
562,642	1027,5
562,849	966,5
563,056	982,5
563,263	978,5
563,471	1086,5
563,678	1012,5
563,885	924,5
564,092	1021,5
564,299	1050,5
564,506	1067,5
564,713	956,5
564,92	954,5
565,127	1053,5
565,334	954,5
565,541	1213,5
565,748	1021,5
565,955	1012,5
566,162	942,5
566,369	1020,5
566,576	1054,5
566,783	974,5
566,99	842,5
567,196	1070,5
567,403	942,5
567,61	1056,5
567,817	949,5
568,024	994,5
568,23	1022,5
568,437	950,5
568,644	918,5
568,851	950,5
569,057	1150,5
569,264	1059,5
569,471	894,5
569,677	924,5
569,884	1075,5
570,091	996,5
570,297	1754,5
570,504	1118,5
570,71	1126,5
570,917	1113,5
571,123	852,5
571,33	1033,5
571,536	957,5
571,743	1076,5
571,949	924,5
572,156	965,5
572,362	1069,5
572,569	898,5
572,775	1004,5
572,982	1070,5
573,188	966,5
573,394	900,5
573,601	942,5
573,807	873,5
574,013	1099,5
574,22	1021,5
574,426	883,5
574,632	1020,5
574,838	958,5
575,045	920,5
575,251	953,5
575,457	1029,5
575,663	1046,5
575,869	965,5
576,076	907,5
576,282	963,5
576,488	934,5
576,694	974,5
576,9	638,5
577,106	906,5
577,312	926,5
577,518	976,5
577,724	1020,5
577,93	955,5
578,136	926,5
578,342	1062,5
578,548	749,5
578,754	938,5
578,96	878,5
579,166	830,5
579,372	1163,5
579,578	1018,5
579,784	1037,5
579,989	918,5
580,195	872,5
580,401	1035,5
580,607	934,5
580,813	1038,5
581,018	985,5
581,224	958,5
581,43	894,5
581,636	934,5
581,841	1014,5
582,047	997,5
582,253	1004,5
582,458	958,5
582,664	923,5
582,869	981,5
583,075	883,5
583,281	1198,5
583,486	1011,5
583,692	955,5
583,897	1011,5
584,103	974,5
584,308	1190,5
584,514	913,5
584,719	1131,5
584,925	1098,5
585,13	925,5
585,335	926,5
585,541	1132,5
585,746	955,5
585,952	963,5
586,157	1006,5
586,362	938,5
586,568	966,5
586,773	1019,5
586,978	750,5
587,183	1030,5
587,389	933,5
587,594	942,5
587,799	971,5
588,004	1070,5
588,21	797,5
588,415	894,5
588,62	969,5
588,825	1108,5
589,03	912,5
589,235	1326,5
589,44	1036,5
589,645	916,5
589,85	1046,5
590,055	1091,5
590,26	982,5
590,465	978,5
590,67	963,5
590,875	1139,5
591,08	1030,5
591,285	1038,5
591,49	987,5
591,695	986,5
591,9	1006,5
592,105	1004,5
592,31	914,5
592,515	1174,5
592,719	1108,5
592,924	869,5
593,129	1026,5
593,334	1006,5
593,539	933,5
593,743	1114,5
593,948	843,5
594,153	993,5
594,357	1092,5
594,562	934,5
594,767	1276,5
594,971	910,5
595,176	957,5
595,381	1070,5
595,585	1195,5
595,79	1078,5
595,994	966,5
596,199	1380,5
596,403	870,5
596,608	934,5
596,812	1022,5
597,017	997,5
597,221	1222,5
597,426	1016,5
597,63	982,5
597,835	931,5
598,039	893,5
598,243	926,5
598,448	1252,5
598,652	971,5
598,856	926,5
599,061	1046,5
599,265	934,5
599,469	926,5
599,673	1060,5
599,878	1046,5
600,082	977,5
600,286	966,5
600,49	1019,5
600,695	860,5
600,899	939,5
601,103	1006,5
601,307	858,5
601,511	1004,5
601,715	877,5
601,919	822,5
602,123	1073,5
602,327	990,5
602,531	1139,5
602,735	1054,5
602,939	1138,5
603,143	898,5
603,347	1062,5
603,551	942,5
603,755	1101,5
603,959	956,5
604,163	774,5
604,367	950,5
604,571	937,5
604,775	958,5
604,978	972,5
605,182	882,5
605,386	1254,5
605,59	1012,5
605,793	1014,5
605,997	1037,5
606,201	1045,5
606,405	1020,5
606,608	1068,5
606,812	889,5
607,016	1054,5
607,219	922,5
607,423	918,5
607,627	1093,5
607,83	968,5
608,034	971,5
608,237	982,5
608,441	889,5
608,644	1054,5
608,848	1044,5
609,051	1068,5
609,255	899,5
609,458	1038,5
609,662	932,5
609,865	1062,5
610,069	875,5
610,272	890,5
610,475	878,5
610,679	977,5
610,882	918,5
611,085	954,5
611,289	1099,5
611,492	985,5
611,695	926,5
611,898	924,5
612,102	1019,5
612,305	972,5
612,508	782,5
612,711	1158,5
612,914	906,5
613,118	1052,5
613,321	989,5
613,524	934,5
613,727	932,5
613,93	899,5
614,133	982,5
614,336	926,5
614,539	1012,5
614,742	884,5
614,945	905,5
615,148	1043,5
615,351	884,5
615,554	1042,5
615,757	926,5
615,96	1005,5
616,163	942,5
616,366	1038,5
616,569	1086,5
616,772	1150,5
616,974	978,5
617,177	1107,5
617,38	958,5
617,583	939,5
617,786	942,5
617,988	916,5
618,191	1194,5
618,394	954,5
618,596	922,5
618,799	942,5
619,002	958,5
619,204	1028,5
619,407	990,5
619,61	653,5
619,812	901,5
620,015	916,5
620,217	1102,5
620,42	958,5
620,623	958,5
620,825	993,5
621,028	1342,5
621,23	1054,5
621,432	1067,5
621,635	1052,5
621,837	974,5
622,04	874,5
622,242	1046,5
622,445	854,5
622,647	1044,5
622,849	1101,5
623,052	934,5
623,254	1082,5
623,456	824,5
623,658	1118,5
623,861	1066,5
624,063	898,5
624,265	995,5
624,467	1043,5
624,67	886,5
624,872	1022,5
625,074	1091,5
625,276	1060,5
625,478	1038,5
625,68	862,5
625,882	910,5
626,084	974,5
626,287	1078,5
626,489	1070,5
626,691	760,5
626,893	992,5
627,095	1005,5
627,297	1030,5
627,499	934,5
627,7	886,5
627,902	934,5
628,104	981,5
628,306	910,5
628,508	957,5
628,71	934,5
628,912	1014,5
629,114	1129,5
629,315	1046,5
629,517	739,5
629,719	846,5
629,921	1014,5
630,122	1101,5
630,324	874,5
630,526	1044,5
630,728	1017,5
630,929	1005,5
631,131	865,5
631,332	1114,5
631,534	1068,5
631,736	1033,5
631,937	869,5
632,139	1042,5
632,34	924,5
632,542	1034,5
632,743	1035,5
632,945	931,5
633,146	1038,5
633,348	1046,5
633,549	1027,5
633,751	950,5
633,952	993,5
634,154	899,5
634,355	912,5
634,556	1005,5
634,758	913,5
634,959	906,5
635,16	1051,5
635,362	942,5
635,563	939,5
635,764	990,5
635,965	1026,5
636,167	950,5
636,368	892,5
636,569	1060,5
636,77	998,5
636,971	964,5
637,172	1020,5
637,374	885,5
637,575	1070,5
637,776	724,5
637,977	989,5
638,178	966,5
638,379	958,5
638,58	1022,5
638,781	870,5
638,982	969,5
639,183	813,5
639,384	1005,5
639,585	1006,5
639,786	862,5
639,987	932,5
640,187	1060,5
640,388	990,5
640,589	892,5
640,79	934,5
640,991	1054,5
641,192	1027,5
641,392	838,5
641,593	950,5
641,794	894,5
641,995	901,5
642,195	785,5
642,396	919,5
642,597	861,5
642,797	958,5
642,998	1078,5
643,199	902,5
643,399	1086,5
643,6	898,5
643,8	926,5
644,001	947,5
644,202	986,5
644,402	902,5
644,603	980,5
644,803	970,5
645,004	924,5
645,204	914,5
645,404	950,5
645,605	1187,5
645,805	878,5
646,006	838,5
646,206	1406,5
646,406	862,5
646,607	878,5
646,807	770,5
647,007	14,5
647,208	9,5
647,408	-33,5
647,608	-57,5
