200,697	961,83
200,927	21,83
201,158	53,83
201,388	-123,17
201,618	1013,83
201,849	856,83
202,079	1027,83
202,309	950,83
202,539	1028,83
202,77	957,83
203	1081,83
203,23	997,83
203,46	1007,83
203,691	1012,83
203,921	1071,83
204,151	1041,83
204,381	1004,83
204,611	909,83
204,841	965,83
205,071	915,83
205,302	1051,83
205,532	1123,83
205,762	2605,83
205,992	957,83
206,222	970,83
206,452	965,83
206,682	972,83
206,912	1101,83
207,142	1077,83
207,372	1260,83
207,602	945,83
207,832	1018,83
208,062	1061,83
208,292	1051,83
208,522	908,83
208,752	1045,83
208,982	969,83
209,212	948,83
209,442	923,83
209,672	917,83
209,902	963,83
210,131	1101,83
210,361	957,83
210,591	1053,83
210,821	944,83
211,051	1192,83
211,281	972,83
211,51	1069,83
211,74	1064,83
211,97	1059,83
212,2	1077,83
212,429	1206,83
212,659	989,83
212,889	1028,83
213,119	916,83
213,348	973,83
213,578	1149,83
213,808	1101,83
214,037	1044,83
214,267	1109,83
214,497	1049,83
214,726	1027,83
214,956	989,83
215,186	1052,83
215,415	1061,83
215,645	1033,83
215,874	1028,83
216,104	1002,83
216,333	972,83
216,563	1027,83
216,792	1064,83
217,022	1101,83
217,251	1149,83
217,481	981,83
217,71	1037,83
217,94	1049,83
218,169	987,83
218,399	1037,83
218,628	973,83
218,858	1435,83
219,087	1043,83
219,316	1194,83
219,546	981,83
219,775	1053,83
220,004	1120,83
220,234	1020,83
220,463	1099,83
220,692	1256,83
220,922	1085,83
221,151	1107,83
221,38	1048,83
221,61	1351,83
221,839	1179,83
222,068	1050,83
222,297	1117,83
222,526	1105,83
222,756	1123,83
222,985	1153,83
223,214	1088,83
223,443	1085,83
223,672	1452,83
223,902	1045,83
224,131	1072,83
224,36	1141,83
224,589	1001,83
224,818	1060,83
225,047	1147,83
225,276	1072,83
225,505	1427,83
225,734	1045,83
225,963	971,83
226,192	1015,83
226,421	1061,83
226,65	900,83
226,879	1146,83
227,108	1149,83
227,337	1199,83
227,566	1292,83
227,795	1085,83
228,024	1141,83
228,253	1228,83
228,482	1015,83
228,711	1189,83
228,94	1069,83
229,168	1115,83
229,397	1138,83
229,626	1205,83
229,855	1100,83
230,084	1141,83
230,313	940,83
230,541	1280,83
230,77	1125,83
230,999	1096,83
231,228	1388,83
231,456	1284,83
231,685	1196,83
231,914	1250,83
232,143	1210,83
232,371	1237,83
232,6	1236,83
232,829	1300,83
233,057	1245,83
233,286	1389,83
233,515	1210,83
233,743	1332,83
233,972	1197,83
234,2	1320,83
234,429	1301,83
234,658	1381,83
234,886	1460,83
235,115	1275,83
235,343	1408,83
235,572	1301,83
235,8	1379,83
236,029	1563,83
236,257	1403,83
236,486	1429,83
236,714	1508,83
236,943	1461,83
237,171	1333,83
237,399	1373,83
237,628	1467,83
237,856	1337,83
238,085	1403,83
238,313	1300,83
238,541	1421,83
238,77	1672,83
238,998	1357,83
239,226	1532,83
239,455	1468,83
239,683	1617,83
239,911	1449,83
240,14	1682,83
240,368	1556,83
240,596	1525,83
240,824	1515,83
241,053	1477,83
241,281	1532,83
241,509	1602,83
241,737	1496,83
241,965	1537,83
242,193	1509,83
242,422	1553,83
242,65	1657,83
242,878	1588,83
243,106	1644,83
243,334	1637,83
243,562	1677,83
243,79	1736,83
244,018	1671,83
244,246	1641,83
244,474	1413,83
244,702	1641,83
244,93	1677,83
245,158	1671,83
245,386	1636,83
245,614	1643,83
245,842	1992,83
246,07	1677,83
246,298	1829,83
246,526	2157,83
246,754	1755,83
246,982	1805,83
247,21	1893,83
247,438	1985,83
247,666	1879,83
247,893	1866,83
248,121	1765,83
248,349	1737,83
248,577	1917,83
248,805	1901,83
249,033	1765,83
249,26	1754,83
249,488	1917,83
249,716	1861,83
249,944	1896,83
250,171	1872,83
250,399	1937,83
250,627	2047,83
250,854	1924,83
251,082	1890,83
251,31	1981,83
251,537	1924,83
251,765	2149,83
251,993	1861,83
252,22	2300,83
252,448	1917,83
252,676	2092,83
252,903	2053,83
253,131	2233,83
253,358	1981,83
253,586	1951,83
253,813	1831,83
254,041	2131,83
254,268	1952,83
254,496	1965,83
254,723	1989,83
254,951	2117,83
255,178	2097,83
255,406	1967,83
255,633	2132,83
255,86	2237,83
256,088	2053,83
256,315	2098,83
256,543	2178,83
256,77	2203,83
256,997	2080,83
257,225	2249,83
257,452	2080,83
257,679	2100,83
257,907	2168,83
258,134	2088,83
258,361	2157,83
258,588	2091,83
258,816	2109,83
259,043	2049,83
259,27	2157,83
259,497	2152,83
259,725	2084,83
259,952	2112,83
260,179	2044,83
260,406	2194,83
260,633	2069,83
260,86	2136,83
261,088	2097,83
261,315	2237,83
261,542	2232,83
261,769	2053,83
261,996	2437,83
262,223	2365,83
262,45	2317,83
262,677	2070,83
262,904	2157,83
263,131	2173,83
263,358	2249,83
263,585	2268,83
263,812	2393,83
264,039	2181,83
264,266	2109,83
264,493	2167,83
264,72	2237,83
264,947	2181,83
265,174	2307,83
265,401	2237,83
265,627	2261,83
265,854	2197,83
266,081	2157,83
266,308	2058,83
266,535	2073,83
266,762	2133,83
266,988	2218,83
267,215	2152,83
267,442	2114,83
267,669	2189,83
267,896	2153,83
268,122	2202,83
268,349	2298,83
268,576	1987,83
268,802	2131,83
269,029	2069,83
269,256	2212,83
269,482	2139,83
269,709	2137,83
269,936	2092,83
270,162	2305,83
270,389	2125,83
270,616	2149,83
270,842	2244,83
271,069	2161,83
271,295	2149,83
271,522	2098,83
271,748	2161,83
271,975	2213,83
272,201	2259,83
272,428	2235,83
272,654	2169,83
272,881	2402,83
273,107	2112,83
273,334	2215,83
273,56	2317,83
273,787	2156,83
274,013	2215,83
274,239	2379,83
274,466	2245,83
274,692	2213,83
274,918	2227,83
275,145	2237,83
275,371	2242,83
275,597	2474,83
275,824	2419,83
276,05	2301,83
276,276	2337,83
276,503	2241,83
276,729	2371,83
276,955	2291,83
277,181	2293,83
277,407	2357,83
277,634	2312,83
277,86	2188,83
278,086	2397,83
278,312	2269,83
278,538	2274,83
278,764	2349,83
278,991	2413,83
279,217	2249,83
279,443	2253,83
279,669	2229,83
279,895	2365,83
280,121	2307,83
280,347	2397,83
280,573	2293,83
280,799	2381,83
281,025	2475,83
281,251	2325,83
281,477	2427,83
281,703	2348,83
281,929	2349,83
282,155	2437,83
282,381	2405,83
282,607	2524,83
282,833	2473,83
283,059	2538,83
283,285	2453,83
283,51	2429,83
283,736	2165,83
283,962	2479,83
284,188	2483,83
284,414	2453,83
284,64	2571,83
284,865	2599,83
285,091	2629,83
285,317	2552,83
285,543	2668,83
285,768	2680,83
285,994	2576,83
286,22	2726,83
286,446	2644,83
286,671	2576,83
286,897	2625,83
287,123	2449,83
287,348	2633,83
287,574	3131,83
287,799	2677,83
288,025	2649,83
288,251	2779,83
288,476	2721,83
288,702	2658,83
288,927	2701,83
289,153	2613,83
289,378	2868,83
289,604	2629,83
289,829	2575,83
290,055	2729,83
290,28	2835,83
290,506	2788,83
290,731	2827,83
290,957	2880,83
291,182	2852,83
291,408	2864,83
291,633	2911,83
291,858	2850,83
292,084	2800,83
292,309	2801,83
292,535	2757,83
292,76	2883,83
292,985	2864,83
293,211	3028,83
293,436	2757,83
293,661	2762,83
293,886	2815,83
294,112	2877,83
294,337	2820,83
294,562	2761,83
294,787	2857,83
295,013	2792,83
295,238	2860,83
295,463	2915,83
295,688	2957,83
295,913	2800,83
296,138	2807,83
296,364	2765,83
296,589	2837,83
296,814	2677,83
297,039	3021,83
297,264	2869,83
297,489	2661,83
297,714	2843,83
297,939	2749,83
298,164	2786,83
298,389	2909,83
298,614	2772,83
298,839	2835,83
299,064	3003,83
299,289	2941,83
299,514	3021,83
299,739	2922,83
299,964	2912,83
300,189	2892,83
300,414	2985,83
300,639	3013,83
300,863	2941,83
301,088	3325,83
301,313	2967,83
301,538	3002,83
301,763	3002,83
301,988	3021,83
302,212	3041,83
302,437	3221,83
302,662	3026,83
302,887	2917,83
303,111	3021,83
303,336	3082,83
303,561	3099,83
303,786	2831,83
304,01	3339,83
304,235	3029,83
304,46	2933,83
304,684	2949,83
304,909	2920,83
305,134	2947,83
305,358	3060,83
305,583	2916,83
305,807	3169,83
306,032	2663,83
306,256	2817,83
306,481	2965,83
306,706	2858,83
306,93	2856,83
307,155	3149,83
307,379	2906,83
307,604	3009,83
307,828	2917,83
308,052	3122,83
308,277	3077,83
308,501	2877,83
308,726	3137,83
308,95	3037,83
309,175	2915,83
309,399	3123,83
309,623	2999,83
309,848	2984,83
310,072	2877,83
310,296	3314,83
310,521	2924,83
310,745	3029,83
310,969	3281,83
311,193	3173,83
311,418	2983,83
311,642	3032,83
311,866	3047,83
312,09	2919,83
312,315	3090,83
312,539	3189,83
312,763	2925,83
312,987	3125,83
313,211	2924,83
313,435	3083,83
313,659	2967,83
313,884	3205,83
314,108	3127,83
314,332	3168,83
314,556	2988,83
314,78	3157,83
315,004	2999,83
315,228	3128,83
315,452	3053,83
315,676	3016,83
315,9	3000,83
316,124	2851,83
316,348	3037,83
316,572	3019,83
316,796	3036,83
317,02	2887,83
317,244	2949,83
317,468	2885,83
317,691	3122,83
317,915	2956,83
318,139	2881,83
318,363	3242,83
318,587	2956,83
318,811	2866,83
319,034	2764,83
319,258	3009,83
319,482	3005,83
319,706	2999,83
319,93	2955,83
320,153	2843,83
320,377	2945,83
320,601	2837,83
320,824	2827,83
321,048	3029,83
321,272	3170,83
321,495	2932,83
321,719	2987,83
321,943	2909,83
322,166	2865,83
322,39	2925,83
322,614	2755,83
322,837	2998,83
323,061	2819,83
323,284	2947,83
323,508	3017,83
323,731	2891,83
323,955	3016,83
324,178	2840,83
324,402	3021,83
324,625	2765,83
324,849	2707,83
325,072	3061,83
325,296	2946,83
325,519	2883,83
325,743	2883,83
325,966	2988,83
326,189	2979,83
326,413	2828,83
326,636	3059,83
326,859	2917,83
327,083	3085,83
327,306	2564,83
327,529	2789,83
327,753	2728,83
327,976	2841,83
328,199	2907,83
328,422	2855,83
328,646	2837,83
328,869	2757,83
329,092	2989,83
329,315	2937,83
329,538	2837,83
329,762	2920,83
329,985	2804,83
330,208	2871,83
330,431	2877,83
330,654	3048,83
330,877	2929,83
331,1	2866,83
331,323	2791,83
331,546	2994,83
331,769	2936,83
331,993	2760,83
332,216	2921,83
332,439	2914,83
332,662	2869,83
332,885	2845,83
333,107	2790,83
333,33	2765,83
333,553	2967,83
333,776	2824,83
333,999	2881,83
334,222	2853,83
334,445	2859,83
334,668	2861,83
334,891	2873,83
335,114	2745,83
335,336	2822,83
335,559	2831,83
335,782	3029,83
336,005	2809,83
336,228	2810,83
336,45	2800,83
336,673	2509,83
336,896	2882,83
337,119	2763,83
337,341	2744,83
337,564	2749,83
337,787	2800,83
338,009	2786,83
338,232	2791,83
338,455	2864,83
338,677	2798,83
338,9	2806,83
339,122	2907,83
339,345	2695,83
339,568	2753,83
339,79	2791,83
340,013	2681,83
340,235	2837,83
340,458	2681,83
340,68	2809,83
340,903	2661,83
341,125	2772,83
341,348	2740,83
341,57	2641,83
341,793	2877,83
342,015	2572,83
342,238	2721,83
342,46	2780,83
342,682	2760,83
342,905	2628,83
343,127	2723,83
343,349	2712,83
343,572	2728,83
343,794	2621,83
344,016	2599,83
344,239	2635,83
344,461	2585,83
344,683	2570,83
344,905	2635,83
345,128	2632,83
345,35	2667,83
345,572	2859,83
345,794	2882,83
346,017	2749,83
346,239	2709,83
346,461	2707,83
346,683	2672,83
346,905	2753,83
347,127	2732,83
347,349	2779,83
347,571	2800,83
347,793	2949,83
348,016	2716,83
348,238	2730,83
348,46	2756,83
348,682	2576,83
348,904	2746,83
349,126	2705,83
349,348	2694,83
349,57	2664,83
349,792	2656,83
350,014	2839,83
350,235	2753,83
350,457	3261,83
350,679	2692,83
350,901	2604,83
351,123	2672,83
351,345	2647,83
351,567	2713,83
351,789	2664,83
352,01	2716,83
352,232	2673,83
352,454	2537,83
352,676	2690,83
352,897	2685,83
353,119	2556,83
353,341	2552,83
353,563	2489,83
353,784	2497,83
354,006	2493,83
354,228	2597,83
354,449	2573,83
354,671	2691,83
354,893	2761,83
355,114	2667,83
355,336	2673,83
355,558	2679,83
355,779	2681,83
356,001	2773,83
356,222	2645,83
356,444	2609,83
356,665	3229,83
356,887	2483,83
357,108	2573,83
357,33	2617,83
357,551	2725,83
357,773	2730,83
357,994	2682,83
358,216	2586,83
358,437	2581,83
358,659	2761,83
358,88	2546,83
359,101	2666,83
359,323	2581,83
359,544	2633,83
359,765	2545,83
359,987	2666,83
360,208	2604,83
360,429	2635,83
360,651	2629,83
360,872	2861,83
361,093	2594,83
361,314	2683,83
361,536	2682,83
361,757	2648,83
361,978	2562,83
362,199	2589,83
362,42	2493,83
362,642	2647,83
362,863	2717,83
363,084	2577,83
363,305	2640,83
363,526	2571,83
363,747	2532,83
363,968	2608,83
364,189	2890,83
364,41	2364,83
364,631	2553,83
364,852	2636,83
365,073	2603,83
365,294	2601,83
365,515	2485,83
365,736	2609,83
365,957	2500,83
366,178	2708,83
366,399	2610,83
366,62	2651,83
366,841	2754,83
367,062	2714,83
367,283	2603,83
367,504	2693,83
367,724	2530,83
367,945	2540,83
368,166	2708,83
368,387	2741,83
368,608	2505,83
368,828	2781,83
369,049	2564,83
369,27	2680,83
369,491	2635,83
369,711	2661,83
369,932	2711,83
370,153	2660,83
370,373	2690,83
370,594	2749,83
370,815	2685,83
371,035	2780,83
371,256	2517,83
371,477	2634,83
371,697	2628,83
371,918	2581,83
372,138	2682,83
372,359	2800,83
372,579	2567,83
372,8	2669,83
373,02	2685,83
373,241	2669,83
373,461	2829,83
373,682	2685,83
373,902	2649,83
374,123	2546,83
374,343	2817,83
374,564	2647,83
374,784	2700,83
375,004	2714,83
375,225	2877,83
375,445	2613,83
375,666	2781,83
375,886	2506,83
376,106	2565,83
376,326	2625,83
376,547	2836,83
376,767	2973,83
376,987	2690,83
377,208	2777,83
377,428	2725,83
377,648	2564,83
377,868	2765,83
378,088	2924,83
378,309	2915,83
378,529	2933,83
378,749	2882,83
378,969	2789,83
379,189	2973,83
379,409	2869,83
379,629	2836,83
379,849	2858,83
380,069	2781,83
380,29	2845,83
380,51	2745,83
380,73	2799,83
380,95	2945,83
381,17	2860,83
381,39	2802,83
381,61	2715,83
381,829	2779,83
382,049	2853,83
382,269	2700,83
382,489	2893,83
382,709	2860,83
382,929	2745,83
383,149	2809,83
383,369	3041,83
383,589	2755,83
383,808	3005,83
384,028	2708,83
384,248	2882,83
384,468	2823,83
384,688	2788,83
384,907	2823,83
385,127	2875,83
385,347	2980,83
385,567	2839,83
385,786	2992,83
386,006	2829,83
386,226	2965,83
386,445	2873,83
386,665	3011,83
386,885	2965,83
387,104	3049,83
387,324	3005,83
387,543	3032,83
387,763	3109,83
387,982	3121,83
388,202	3109,83
388,422	3037,83
388,641	3005,83
388,861	3045,83
389,08	3329,83
389,3	2973,83
389,519	3189,83
389,738	3068,83
389,958	3066,83
390,177	3032,83
390,397	3168,83
390,616	3077,83
390,836	3207,83
391,055	3133,83
391,274	3197,83
391,494	3163,83
391,713	3293,83
391,932	3340,83
392,151	3309,83
392,371	3331,83
392,59	3293,83
392,809	3299,83
393,029	3437,83
393,248	3173,83
393,467	2990,83
393,686	3045,83
393,905	3757,83
394,124	3107,83
394,344	3221,83
394,563	3237,83
394,782	3098,83
395,001	3176,83
395,22	3066,83
395,439	3175,83
395,658	3131,83
395,877	3163,83
396,096	3165,83
396,315	3293,83
396,534	3249,83
396,753	3396,83
396,972	3255,83
397,191	3427,83
397,41	3437,83
397,629	3441,83
397,848	3467,83
398,067	3621,83
398,286	3493,83
398,505	3453,83
398,724	3464,83
398,943	3692,83
399,161	3216,83
399,38	3332,83
399,599	3300,83
399,818	3218,83
400,037	3344,83
400,255	3162,83
400,474	3195,83
400,693	3277,83
400,912	3378,83
401,13	3029,83
401,349	3153,83
401,568	2957,83
401,786	3245,83
402,005	3048,83
402,224	3029,83
402,442	3128,83
402,661	3171,83
402,88	3064,83
403,098	2986,83
403,317	3130,83
403,535	3085,83
403,754	3041,83
403,972	3197,83
404,191	3097,83
404,409	3069,83
404,628	3658,83
404,846	3205,83
405,065	3165,83
405,283	3193,83
405,502	3157,83
405,72	3077,83
405,938	3059,83
406,157	3019,83
406,375	2979,83
406,594	3046,83
406,812	2985,83
407,03	3020,83
407,249	2515,83
407,467	3056,83
407,685	3013,83
407,903	3029,83
408,122	3105,83
408,34	3117,83
408,558	3077,83
408,776	3004,83
408,995	3065,83
409,213	3025,83
409,431	3127,83
409,649	3092,83
409,867	3041,83
410,085	2954,83
410,303	3064,83
410,522	2880,83
410,74	2893,83
410,958	2747,83
411,176	3024,83
411,394	2938,83
411,612	2898,83
411,83	3141,83
412,048	3033,83
412,266	2998,83
412,484	2979,83
412,702	3074,83
412,92	2937,83
413,138	3009,83
413,356	2900,83
413,573	2999,83
413,791	3139,83
414,009	2908,83
414,227	2960,83
414,445	3002,83
414,663	2877,83
414,881	2858,83
415,098	2901,83
415,316	2907,83
415,534	3099,83
415,752	2900,83
415,969	3010,83
416,187	2778,83
416,405	2935,83
416,623	2874,83
416,84	2853,83
417,058	2874,83
417,276	3005,83
417,493	2945,83
417,711	2852,83
417,928	2921,83
418,146	2841,83
418,364	2861,83
418,581	2909,83
418,799	2858,83
419,016	2829,83
419,234	2948,83
419,451	3233,83
419,669	2968,83
419,886	2962,83
420,104	3063,83
420,321	2956,83
420,539	3047,83
420,756	3245,83
420,974	3085,83
421,191	3053,83
421,408	3108,83
421,626	3183,83
421,843	3050,83
422,06	3004,83
422,278	2947,83
422,495	2947,83
422,712	3031,83
422,93	3025,83
423,147	3027,83
423,364	3019,83
423,581	2988,83
423,799	2832,83
424,016	2907,83
424,233	2994,83
424,45	2939,83
424,667	2994,83
424,884	2930,83
425,102	2967,83
425,319	2708,83
425,536	2819,83
425,753	2874,83
425,97	2765,83
426,187	2868,83
426,404	2781,83
426,621	3123,83
426,838	3037,83
427,055	2973,83
427,272	2984,83
427,489	2941,83
427,706	2969,83
427,923	2885,83
428,14	2937,83
428,357	3256,83
428,574	2961,83
428,791	2998,83
429,008	3147,83
429,224	2893,83
429,441	3181,83
429,658	3229,83
429,875	3421,83
430,092	3349,83
430,308	3285,83
430,525	3184,83
430,742	3036,83
430,959	2998,83
431,175	2983,83
431,392	2796,83
431,609	2883,83
431,826	2771,83
432,042	2813,83
432,259	2685,83
432,476	3018,83
432,692	2726,83
432,909	2893,83
433,125	3002,83
433,342	2973,83
433,559	3107,83
433,775	3068,83
433,992	2884,83
434,208	2781,83
434,425	2749,83
434,641	2949,83
434,858	2957,83
435,074	2872,83
435,291	2881,83
435,507	2937,83
435,723	2903,83
435,94	2941,83
436,156	2933,83
436,373	3053,83
436,589	2885,83
436,805	3048,83
437,022	2855,83
437,238	2884,83
437,454	2668,83
437,671	2837,83
437,887	2945,83
438,103	2874,83
438,319	2981,83
438,536	2995,83
438,752	2860,83
438,968	2915,83
439,184	2877,83
439,4	2837,83
439,616	2764,83
439,833	2954,83
440,049	2793,83
440,265	3019,83
440,481	3016,83
440,697	3125,83
440,913	3259,83
441,129	3173,83
441,345	3315,83
441,561	3173,83
441,777	3117,83
441,993	3080,83
442,209	2960,83
442,425	3060,83
442,641	3064,83
442,857	3127,83
443,073	3053,83
443,289	2957,83
443,505	2965,83
443,721	3217,83
443,937	2989,83
444,152	2972,83
444,368	3093,83
444,584	3007,83
444,8	3141,83
445,016	3010,83
445,231	3013,83
445,447	3069,83
445,663	3101,83
445,879	3015,83
446,094	3090,83
446,31	3056,83
446,526	3163,83
446,742	3060,83
446,957	3013,83
447,173	2963,83
447,388	2957,83
447,604	3075,83
447,82	2945,83
448,035	3035,83
448,251	3109,83
448,466	2998,83
448,682	2889,83
448,897	2997,83
449,113	3076,83
449,328	2986,83
449,544	2933,83
449,759	3247,83
449,975	3005,83
450,19	2906,83
450,406	2957,83
450,621	2915,83
450,836	2872,83
451,052	2893,83
451,267	2778,83
451,483	2866,83
451,698	2815,83
451,913	2893,83
452,129	2930,83
452,344	2612,83
452,559	3010,83
452,774	2796,83
452,99	2829,83
453,205	2840,83
453,42	2885,83
453,635	2836,83
453,85	2754,83
454,066	2917,83
454,281	2773,83
454,496	2882,83
454,711	3034,83
454,926	2914,83
455,141	2882,83
455,356	2954,83
455,571	2760,83
455,786	2931,83
456,001	2755,83
456,217	2803,83
456,432	2866,83
456,647	2861,83
456,861	2860,83
457,076	2941,83
457,291	3021,83
457,506	2901,83
457,721	2986,83
457,936	2941,83
458,151	2963,83
458,366	3096,83
458,581	2952,83
458,796	3109,83
459,01	2989,83
459,225	2964,83
459,44	2789,83
459,655	2937,83
459,87	2845,83
460,084	2843,83
460,299	2921,83
460,514	2969,83
460,729	3293,83
460,943	2829,83
461,158	2618,83
461,373	2834,83
461,587	2779,83
461,802	2645,83
462,016	2839,83
462,231	2617,83
462,446	2725,83
462,66	2784,83
462,875	2785,83
463,089	2826,83
463,304	2869,83
463,518	2892,83
463,733	2691,83
463,947	2925,83
464,162	2976,83
464,376	3074,83
464,591	3181,83
464,805	3059,83
465,02	3177,83
465,234	3061,83
465,448	3130,83
465,663	3141,83
465,877	3026,83
466,091	2909,83
466,306	3034,83
466,52	3069,83
466,734	2755,83
466,949	2796,83
467,163	2836,83
467,377	2773,83
467,591	2880,83
467,806	2781,83
468,02	2717,83
468,234	2738,83
468,448	2777,83
468,662	2717,83
468,876	2821,83
469,091	2543,83
469,305	2682,83
469,519	2569,83
469,733	2411,83
469,947	2562,83
470,161	2517,83
470,375	2521,83
470,589	2426,83
470,803	2557,83
471,017	2599,83
471,231	2613,83
471,445	2552,83
471,659	2571,83
471,873	2660,83
472,087	2536,83
472,301	2819,83
472,515	2589,83
472,728	2709,83
472,942	2735,83
473,156	2781,83
473,37	2484,83
473,584	2660,83
473,798	2703,83
474,011	2602,83
474,225	2828,83
474,439	2855,83
474,653	2887,83
474,866	2957,83
475,08	2857,83
475,294	2794,83
475,507	2727,83
475,721	2875,83
475,935	2802,83
476,148	2731,83
476,362	2663,83
476,576	2633,83
476,789	2685,83
477,003	2781,83
477,216	2850,83
477,43	2901,83
477,643	2904,83
477,857	3016,83
478,07	2893,83
478,284	2923,83
478,497	2780,83
478,711	2843,83
478,924	2691,83
479,138	2781,83
479,351	2901,83
479,564	3053,83
479,778	3051,83
479,991	2931,83
480,204	2980,83
480,418	3002,83
480,631	3018,83
480,844	3114,83
481,058	3021,83
481,271	3179,83
481,484	3058,83
481,697	3037,83
481,911	3037,83
482,124	2956,83
482,337	3089,83
482,55	2923,83
482,763	2949,83
482,976	3178,83
483,19	2949,83
483,403	3037,83
483,616	3139,83
483,829	3186,83
484,042	3275,83
484,255	3293,83
484,468	3346,83
484,681	3324,83
484,894	4221,83
485,107	6897,83
485,32	8805,83
485,533	8397,83
485,746	7757,83
485,959	6902,83
486,172	5613,83
486,385	4392,83
486,598	3850,83
486,81	3474,83
487,023	3333,83
487,236	3445,83
487,449	3205,83
487,662	2963,83
487,875	2900,83
488,087	2973,83
488,3	2733,83
488,513	2799,83
488,726	2861,83
488,938	3060,83
489,151	3083,83
489,364	2944,83
489,576	2933,83
489,789	2939,83
490,002	2948,83
490,214	2887,83
490,427	2945,83
490,64	2947,83
490,852	2953,83
491,065	2853,83
491,277	2960,83
491,49	2901,83
491,702	2843,83
491,915	2778,83
492,127	2952,83
492,34	2956,83
492,552	2917,83
492,765	2969,83
492,977	3092,83
493,19	2972,83
493,402	2961,83
493,614	2949,83
493,827	3002,83
494,039	3013,83
494,251	3052,83
494,464	2965,83
494,676	2871,83
494,888	2811,83
495,101	2762,83
495,313	2896,83
495,525	2960,83
495,737	3187,83
495,95	3285,83
496,162	3168,83
496,374	3074,83
496,586	2800,83
496,798	2872,83
497,01	2773,83
497,222	2843,83
497,435	2867,83
497,647	2842,83
497,859	2773,83
498,071	2829,83
498,283	2973,83
498,495	2877,83
498,707	3156,83
498,919	2904,83
499,131	3244,83
499,343	2963,83
499,555	2962,83
499,767	2923,83
499,979	3035,83
500,191	2899,83
500,402	2900,83
500,614	3055,83
500,826	3213,83
501,038	2989,83
501,25	2997,83
501,462	3067,83
501,673	3093,83
501,885	2964,83
502,097	3116,83
502,309	3045,83
502,521	3105,83
502,732	3043,83
502,944	3012,83
503,156	3007,83
503,367	2861,83
503,579	2859,83
503,791	2931,83
504,002	2801,83
504,214	2939,83
504,425	3081,83
504,637	2977,83
504,849	2899,83
505,06	2941,83
505,272	2976,83
505,483	2797,83
505,695	2915,83
505,906	2893,83
506,118	2988,83
506,329	2922,83
506,541	2700,83
506,752	2810,83
506,963	2763,83
507,175	2706,83
507,386	2957,83
507,598	2981,83
507,809	2715,83
508,02	2806,83
508,232	2969,83
508,443	2619,83
508,654	2877,83
508,865	2772,83
509,077	2554,83
509,288	2732,83
509,499	2965,83
509,71	2617,83
509,922	2825,83
510,133	2713,83
510,344	2776,83
510,555	2693,83
510,766	2759,83
510,977	2661,83
511,188	2591,83
511,4	2613,83
511,611	2557,83
511,822	2674,83
512,033	2640,83
512,244	2654,83
512,455	2617,83
512,666	2581,83
512,877	2653,83
513,088	2516,83
513,299	2576,83
513,51	2617,83
513,721	2546,83
513,931	2557,83
514,142	2392,83
514,353	2642,83
514,564	2320,83
514,775	2461,83
514,986	2433,83
515,196	2617,83
515,407	2508,83
515,618	2612,83
515,829	2554,83
516,04	2641,83
516,25	2483,83
516,461	2517,83
516,672	2589,83
516,882	2365,83
517,093	2629,83
517,304	2413,83
517,514	2371,83
517,725	2306,83
517,936	2399,83
518,146	2401,83
518,357	2443,83
518,567	2427,83
518,778	2785,83
518,988	2529,83
519,199	2771,83
519,409	2449,83
519,62	2437,83
519,83	2388,83
520,041	2357,83
520,251	2419,83
520,462	2386,83
520,672	2357,83
520,882	2488,83
521,093	2442,83
521,303	2482,83
521,513	2401,83
521,724	3093,83
521,934	2336,83
522,144	2381,83
522,355	2381,83
522,565	2396,83
522,775	2311,83
522,985	2413,83
523,196	2413,83
523,406	2365,83
523,616	2413,83
523,826	2477,83
524,036	2931,83
524,246	2343,83
524,457	2381,83
524,667	2125,83
524,877	2380,83
525,087	2336,83
525,297	2385,83
525,507	2341,83
525,717	2155,83
525,927	2304,83
526,137	2282,83
526,347	2367,83
526,557	2479,83
526,767	2356,83
526,977	2561,83
527,187	2387,83
527,397	2284,83
527,607	2230,83
527,816	2365,83
528,026	2387,83
528,236	2529,83
528,446	2397,83
528,656	2435,83
528,865	2629,83
529,075	2345,83
529,285	2345,83
529,495	2425,83
529,704	2388,83
529,914	2284,83
530,124	2278,83
530,334	2235,83
530,543	2186,83
530,753	2445,83
530,963	2653,83
531,172	2217,83
531,382	2220,83
531,591	2331,83
531,801	2257,83
532,01	2212,83
532,22	2252,83
532,43	2125,83
532,639	2539,83
532,849	2404,83
533,058	2429,83
533,267	2517,83
533,477	2349,83
533,686	2359,83
533,896	2340,83
534,105	2273,83
534,315	2491,83
534,524	2365,83
534,733	2307,83
534,943	2325,83
535,152	2361,83
535,361	2080,83
535,57	2125,83
535,78	2213,83
535,989	2100,83
536,198	2073,83
536,407	2037,83
536,617	2032,83
536,826	2144,83
537,035	2221,83
537,244	2118,83
537,453	2055,83
537,662	2257,83
537,872	2314,83
538,081	2248,83
538,29	2184,83
538,499	2212,83
538,708	2235,83
538,917	2353,83
539,126	2226,83
539,335	2248,83
539,544	2557,83
539,753	2084,83
539,962	2201,83
540,171	2153,83
540,38	2641,83
540,589	2226,83
540,797	2373,83
541,006	2253,83
541,215	2370,83
541,424	2354,83
541,633	2269,83
541,842	2267,83
542,05	2378,83
542,259	2325,83
542,468	2265,83
542,677	2275,83
542,885	2316,83
543,094	2334,83
543,303	2245,83
543,512	2349,83
543,72	2345,83
543,929	2402,83
544,138	2324,83
544,346	2272,83
544,555	2275,83
544,763	2249,83
544,972	2165,83
545,18	2009,83
545,389	2163,83
545,598	2100,83
545,806	2157,83
546,015	2135,83
546,223	2109,83
546,431	2173,83
546,64	2058,83
546,848	2269,83
547,057	2309,83
547,265	2249,83
547,474	2365,83
547,682	2353,83
547,89	2313,83
548,099	2263,83
548,307	2141,83
548,515	2200,83
548,723	2132,83
548,932	2089,83
549,14	2060,83
549,348	2145,83
549,556	1997,83
549,765	2042,83
549,973	1973,83
550,181	1975,83
550,389	2065,83
550,597	1941,83
550,805	1884,83
551,014	2029,83
551,222	4879,83
551,43	2140,83
551,638	2133,83
551,846	2253,83
552,054	2306,83
552,262	2235,83
552,47	2039,83
552,678	1829,83
552,886	2031,83
553,094	1962,83
553,302	2035,83
553,51	2081,83
553,717	2105,83
553,925	1892,83
554,133	2071,83
554,341	1874,83
554,549	2074,83
554,757	2042,83
554,965	2021,83
555,172	2148,83
555,38	2218,83
555,588	2051,83
555,796	2092,83
556,003	2077,83
556,211	1853,83
556,419	1931,83
556,626	1861,83
556,834	1887,83
557,042	1909,83
557,249	1955,83
557,457	1922,83
557,664	1664,83
557,872	1634,83
558,08	1845,83
558,287	1725,83
558,495	1876,83
558,702	1580,83
558,91	1789,83
559,117	1741,83
559,325	1840,83
559,532	1856,83
559,74	2057,83
559,947	1869,83
560,154	2032,83
560,362	1785,83
560,569	1929,83
560,776	1891,83
560,984	1917,83
561,191	1867,83
561,398	1882,83
561,606	2065,83
561,813	1737,83
562,02	1653,83
562,227	1661,83
562,435	1749,83
562,642	1837,83
562,849	1811,83
563,056	1842,83
563,263	1717,83
563,471	1901,83
563,678	1843,83
563,885	1732,83
564,092	1793,83
564,299	1779,83
564,506	1867,83
564,713	1834,83
564,92	1720,83
565,127	1821,83
565,334	1775,83
565,541	2017,83
565,748	1826,83
565,955	1712,83
566,162	1770,83
566,369	1709,83
566,576	1940,83
566,783	2043,83
566,99	1961,83
567,196	2045,83
567,403	1964,83
567,61	2027,83
567,817	1957,83
568,024	2066,83
568,23	2129,83
568,437	2065,83
568,644	2120,83
568,851	2184,83
569,057	2664,83
569,264	2637,83
569,471	2499,83
569,677	2501,83
569,884	2305,83
570,091	2621,83
570,297	3210,83
570,504	2812,83
570,71	2724,83
570,917	2589,83
571,123	2575,83
571,33	2804,83
571,536	2653,83
571,743	2669,83
571,949	2267,83
572,156	2050,83
572,362	2317,83
572,569	2362,83
572,775	2633,83
572,982	2742,83
573,188	2560,83
573,394	2536,83
573,601	2713,83
573,807	2748,83
574,013	2867,83
574,22	2653,83
574,426	2583,83
574,632	2691,83
574,838	2331,83
575,045	2360,83
575,251	2169,83
575,457	2193,83
575,663	2453,83
575,869	2257,83
576,076	2467,83
576,282	2596,83
576,488	2557,83
576,694	2578,83
576,9	2580,83
577,106	3041,83
577,312	3149,83
577,518	3261,83
577,724	2957,83
577,93	2572,83
578,136	2442,83
578,342	2309,83
578,548	2284,83
578,754	2068,83
578,96	2379,83
579,166	2505,83
579,372	2610,83
579,578	2483,83
579,784	2587,83
579,989	2483,83
580,195	2285,83
580,401	2301,83
580,607	2709,83
580,813	3389,83
581,018	3760,83
581,224	3373,83
581,43	3242,83
581,636	3187,83
581,841	3019,83
582,047	2790,83
582,253	2408,83
582,458	2273,83
582,664	2085,83
582,869	1944,83
583,075	1798,83
583,281	2109,83
583,486	2293,83
583,692	2130,83
583,897	2319,83
584,103	2173,83
584,308	2428,83
584,514	2564,83
584,719	2583,83
584,925	2604,83
585,13	2403,83
585,335	2322,83
585,541	2178,83
585,746	2021,83
585,952	1963,83
586,157	1951,83
586,362	2040,83
586,568	2141,83
586,773	2293,83
586,978	2172,83
587,183	2173,83
587,389	2116,83
587,594	1940,83
587,799	1933,83
588,004	2029,83
588,21	1917,83
588,415	1663,83
588,62	1685,83
588,825	1753,83
589,03	1629,83
589,235	2075,83
589,44	1781,83
589,645	1642,83
589,85	1655,83
590,055	1757,83
590,26	1552,83
590,465	1543,83
590,67	1445,83
590,875	1642,83
591,08	1568,83
591,285	1523,83
591,49	1533,83
591,695	1437,83
591,9	1636,83
592,105	1648,83
592,31	1808,83
592,515	2011,83
592,719	1653,83
592,924	1625,83
593,129	1823,83
593,334	1640,83
593,539	1517,83
593,743	1559,83
593,948	1363,83
594,153	1450,83
594,357	1689,83
594,562	1442,83
594,767	1875,83
594,971	1364,83
595,176	1426,83
595,381	1515,83
595,585	1378,83
595,79	1224,83
595,994	1273,83
596,199	1612,83
596,403	1180,83
596,608	1360,83
596,812	1421,83
597,017	1477,83
597,221	1516,83
597,426	1428,83
597,63	1300,83
597,835	1232,83
598,039	1287,83
598,243	1397,83
598,448	1703,83
598,652	1499,83
598,856	1379,83
599,061	1427,83
599,265	1317,83
599,469	1356,83
599,673	1468,83
599,878	1464,83
600,082	1341,83
600,286	1420,83
600,49	1370,83
600,695	1213,83
600,899	1368,83
601,103	1362,83
601,307	1453,83
601,511	1336,83
601,715	1091,83
601,919	1193,83
602,123	1454,83
602,327	1378,83
602,531	1379,83
602,735	1499,83
602,939	1577,83
603,143	1266,83
603,347	1472,83
603,551	1364,83
603,755	1333,83
603,959	1301,83
604,163	1357,83
604,367	1397,83
604,571	1243,83
604,775	1394,83
604,978	1371,83
605,182	1267,83
605,386	1397,83
605,59	1354,83
605,793	1293,83
605,997	1401,83
606,201	1307,83
606,405	1295,83
606,608	1405,83
606,812	1325,83
607,016	1410,83
607,219	1226,83
607,423	1258,83
607,627	1381,83
607,83	1287,83
608,034	1156,83
608,237	1319,83
608,441	1180,83
608,644	1300,83
608,848	1369,83
609,051	1220,83
609,255	1157,83
609,458	1341,83
609,662	1229,83
609,865	1365,83
610,069	1229,83
610,272	1079,83
610,475	1190,83
610,679	1206,83
610,882	1207,83
611,085	1242,83
611,289	1313,83
611,492	1123,83
611,695	1144,83
611,898	1181,83
612,102	1305,83
612,305	1236,83
612,508	1175,83
612,711	1261,83
612,914	1157,83
613,118	1202,83
613,321	1305,83
613,524	1219,83
613,727	1181,83
613,93	1181,83
614,133	1274,83
614,336	1229,83
614,539	1162,83
614,742	1234,83
614,945	1149,83
615,148	1277,83
615,351	1221,83
615,554	1253,83
615,757	1128,83
615,96	1091,83
616,163	1117,83
616,366	1209,83
616,569	1163,83
616,772	1325,83
616,974	1229,83
617,177	1316,83
617,38	1178,83
617,583	1309,83
617,786	1085,83
617,988	1077,83
618,191	1229,83
618,394	1109,83
618,596	1012,83
618,799	1229,83
619,002	1169,83
619,204	1213,83
619,407	1196,83
619,61	1169,83
619,812	1141,83
620,015	1250,83
620,217	1197,83
620,42	1109,83
620,623	1181,83
620,825	1145,83
621,028	1293,83
621,23	1456,83
621,432	1141,83
621,635	1372,83
621,837	1291,83
622,04	1130,83
622,242	1245,83
622,445	1213,83
622,647	1261,83
622,849	1250,83
623,052	1057,83
623,254	1178,83
623,456	1077,83
623,658	1234,83
623,861	1313,83
624,063	1189,83
624,265	1228,83
624,467	1355,83
624,67	1091,83
624,872	1242,83
625,074	1329,83
625,276	1250,83
625,478	1245,83
625,68	1075,83
625,882	1217,83
626,084	1128,83
626,287	1307,83
626,489	1270,83
626,691	1197,83
626,893	1205,83
627,095	1128,83
627,297	1061,83
627,499	1153,83
627,7	1015,83
627,902	1065,83
628,104	1020,83
628,306	1303,83
628,508	1207,83
628,71	1277,83
628,912	1154,83
629,114	1365,83
629,315	1180,83
629,517	1101,83
629,719	1085,83
629,921	1171,83
630,122	1127,83
630,324	1099,83
630,526	1185,83
630,728	1093,83
630,929	1092,83
631,131	1061,83
631,332	1260,83
631,534	1256,83
631,736	1165,83
631,937	1051,83
632,139	1139,83
632,34	1117,83
632,542	1157,83
632,743	1153,83
632,945	1032,83
633,146	1085,83
633,348	1133,83
633,549	1085,83
633,751	956,83
633,952	1148,83
634,154	1079,83
634,355	823,83
634,556	1163,83
634,758	1054,83
634,959	1053,83
635,16	1185,83
635,362	1063,83
635,563	1229,83
635,764	1081,83
635,965	1215,83
636,167	1140,83
636,368	1099,83
636,569	1104,83
636,77	1072,83
636,971	1117,83
637,172	1133,83
637,374	1031,83
637,575	1202,83
637,776	992,83
637,977	987,83
638,178	898,83
638,379	1097,83
638,58	1080,83
638,781	986,83
638,982	1084,83
639,183	1065,83
639,384	1097,83
639,585	949,83
639,786	1050,83
639,987	993,83
640,187	1098,83
640,388	1130,83
640,589	1004,83
640,79	945,83
640,991	1065,83
641,192	1061,83
641,392	973,83
641,593	1034,83
641,794	944,83
641,995	1028,83
642,195	955,83
642,396	1003,83
642,597	819,83
642,797	1109,83
642,998	1041,83
643,199	993,83
643,399	1109,83
643,6	940,83
643,8	972,83
644,001	1192,83
644,202	1120,83
644,402	1012,83
644,603	1141,83
644,803	972,83
645,004	1019,83
645,204	944,83
645,404	1084,83
645,605	1235,83
645,805	989,83
646,006	908,83
646,206	1434,83
646,406	939,83
646,607	1028,83
646,807	844,83
647,007	33,83
647,208	0,83
647,408	52,83
647,608	-18,17
