200,697	938
200,927	-14
201,158	4
201,388	-4
201,618	921
201,849	817
202,079	948
202,309	873
202,539	931
202,77	868
203	948
203,23	937
203,46	884
203,691	962
203,921	972
204,151	880
204,381	928
204,611	959
204,841	980
205,071	867
205,302	1276
205,532	1015
205,762	2824
205,992	833
206,222	964
206,452	980
206,682	916
206,912	996
207,142	959
207,372	1004
207,602	836
207,832	905
208,062	984
208,292	964
208,522	842
208,752	836
208,982	896
209,212	988
209,442	898
209,672	738
209,902	911
210,131	896
210,361	890
210,591	962
210,821	836
211,051	1026
211,281	923
211,51	921
211,74	1012
211,97	903
212,2	972
212,429	1108
212,659	984
212,889	953
213,119	884
213,348	857
213,578	1066
213,808	995
214,037	1064
214,267	971
214,497	1108
214,726	908
214,956	954
215,186	916
215,415	1004
215,645	972
215,874	980
216,104	860
216,333	948
216,563	944
216,792	956
217,022	1010
217,251	979
217,481	777
217,71	1004
217,94	928
218,169	904
218,399	1044
218,628	945
218,858	994
219,087	1002
219,316	1092
219,546	961
219,775	975
220,004	1060
220,234	924
220,463	946
220,692	954
220,922	948
221,151	980
221,38	924
221,61	1252
221,839	1100
222,068	975
222,297	1051
222,526	996
222,756	851
222,985	1044
223,214	964
223,443	975
223,672	1295
223,902	948
224,131	882
224,36	1324
224,589	882
224,818	976
225,047	892
225,276	956
225,505	1129
225,734	975
225,963	908
226,192	937
226,421	896
226,65	988
226,879	993
227,108	1039
227,337	1076
227,566	1074
227,795	956
228,024	1019
228,253	962
228,482	884
228,711	1066
228,94	803
229,168	988
229,397	979
229,626	972
229,855	968
230,084	940
230,313	892
230,541	1052
230,77	932
230,999	868
231,228	1124
231,456	1010
231,685	1036
231,914	1024
232,143	810
232,371	1049
232,6	900
232,829	945
233,057	1072
233,286	972
233,515	1064
233,743	1089
233,972	883
234,2	988
234,429	956
234,658	1076
234,886	868
235,115	976
235,343	993
235,572	916
235,8	1068
236,029	1180
236,257	932
236,486	1067
236,714	1060
236,943	1060
237,171	928
237,399	1042
237,628	1028
237,856	1083
238,085	1036
238,313	844
238,541	995
238,77	1129
238,998	980
239,226	964
239,455	964
239,683	1073
239,911	948
240,14	1032
240,368	1060
240,596	979
240,824	980
241,053	987
241,281	956
241,509	1009
241,737	1228
241,965	916
242,193	993
242,422	923
242,65	916
242,878	940
243,106	788
243,334	1172
243,562	930
243,79	1052
244,018	867
244,246	948
244,474	940
244,702	940
244,93	988
245,158	985
245,386	908
245,614	948
245,842	988
246,07	916
246,298	1076
246,526	1300
246,754	1036
246,982	929
247,21	968
247,438	970
247,666	968
247,893	1057
248,121	932
248,349	931
248,577	1020
248,805	1050
249,033	948
249,26	983
249,488	916
249,716	998
249,944	916
250,171	956
250,399	1001
250,627	1068
250,854	1012
251,082	1026
251,31	968
251,537	990
251,765	1108
251,993	932
252,22	1146
252,448	900
252,676	1156
252,903	867
253,131	1104
253,358	980
253,586	1105
253,813	834
254,041	1070
254,268	1051
254,496	793
254,723	967
254,951	1036
255,178	972
255,406	958
255,633	986
255,86	1092
256,088	924
256,315	866
256,543	1011
256,77	996
256,997	921
257,225	1067
257,452	876
257,679	978
257,907	1073
258,134	913
258,361	1025
258,588	967
258,816	1024
259,043	923
259,27	975
259,497	1004
259,725	932
259,952	991
260,179	948
260,406	897
260,633	796
260,86	889
261,088	932
261,315	1140
261,542	910
261,769	860
261,996	1155
262,223	1156
262,45	1060
262,677	928
262,904	968
263,131	1140
263,358	1009
263,585	1036
263,812	1212
264,039	1020
264,266	928
264,493	964
264,72	948
264,947	969
265,174	1122
265,401	1052
265,627	1172
265,854	937
266,081	1009
266,308	1020
266,535	1002
266,762	891
266,988	980
267,215	1068
267,442	969
267,669	1028
267,896	1019
268,122	1116
268,349	1026
268,576	986
268,802	948
269,029	940
269,256	1044
269,482	940
269,709	948
269,936	1004
270,162	1380
270,389	970
270,616	1059
270,842	1084
271,069	1036
271,295	1002
271,522	964
271,748	713
271,975	1114
272,201	1044
272,428	1028
272,654	804
272,881	1193
273,107	916
273,334	980
273,56	1099
273,787	923
274,013	1012
274,239	1171
274,466	1092
274,692	929
274,918	962
275,145	954
275,371	948
275,597	1084
275,824	1052
276,05	1012
276,276	1116
276,503	980
276,729	980
276,955	977
277,181	1010
277,407	976
277,634	1056
277,86	980
278,086	1048
278,312	978
278,538	964
278,764	1025
278,991	1084
279,217	921
279,443	1044
279,669	916
279,895	1084
280,121	996
280,347	976
280,573	962
280,799	964
281,025	938
281,251	881
281,477	996
281,703	972
281,929	900
282,155	1059
282,381	955
282,607	932
282,833	994
283,059	1084
283,285	946
283,51	988
283,736	859
283,962	954
284,188	1010
284,414	948
284,64	1050
284,865	988
285,091	964
285,317	1012
285,543	1100
285,768	1009
285,994	1012
286,22	1123
286,446	1035
286,671	904
286,897	996
287,123	940
287,348	908
287,574	1330
287,799	1004
288,025	969
288,251	1129
288,476	876
288,702	1008
288,927	968
289,153	828
289,378	1144
289,604	1049
289,829	923
290,055	916
290,28	1010
290,506	842
290,731	972
290,957	978
291,182	1024
291,408	939
291,633	1012
291,858	947
292,084	996
292,309	916
292,535	988
292,76	1011
292,985	995
293,211	977
293,436	860
293,661	868
293,886	879
294,112	1016
294,337	969
294,562	860
294,787	1066
295,013	890
295,238	962
295,463	1067
295,688	1066
295,913	1004
296,138	1023
296,364	986
296,589	1012
296,814	931
297,039	948
297,264	1058
297,489	996
297,714	992
297,939	940
298,164	948
298,389	924
298,614	948
298,839	1020
299,064	1036
299,289	1020
299,514	1026
299,739	868
299,964	1057
300,189	884
300,414	1084
300,639	1120
300,863	1076
301,088	1219
301,313	1033
301,538	1019
301,763	975
301,988	1024
302,212	1028
302,437	1372
302,662	931
302,887	940
303,111	940
303,336	1130
303,561	1032
303,786	1032
304,01	1065
304,235	1049
304,46	914
304,684	964
304,909	1000
305,134	915
305,358	1072
305,583	932
305,807	1161
306,032	898
306,256	1036
306,481	1016
306,706	986
306,93	924
307,155	1167
307,379	932
307,604	859
307,828	1026
308,052	1010
308,277	988
308,501	1020
308,726	1044
308,95	1042
309,175	1172
309,399	1186
309,623	1083
309,848	921
310,072	883
310,296	1380
310,521	979
310,745	860
310,969	1172
311,193	1012
311,418	975
311,642	971
311,866	996
312,09	962
312,315	1048
312,539	1116
312,763	924
312,987	1060
313,211	922
313,435	1044
313,659	921
313,884	1160
314,108	1058
314,332	1100
314,556	898
314,78	1113
315,004	1043
315,228	1080
315,452	1042
315,676	1044
315,9	1008
316,124	876
316,348	954
316,572	1035
316,796	1044
317,02	1052
317,244	996
317,468	948
317,691	1132
317,915	1018
318,139	995
318,363	1360
318,587	932
318,811	883
319,034	944
319,258	1056
319,482	1116
319,706	898
319,93	996
320,153	914
320,377	1020
320,601	923
320,824	884
321,048	1075
321,272	1050
321,495	994
321,719	1020
321,943	929
322,166	1000
322,39	984
322,614	1004
322,837	1024
323,061	946
323,284	1004
323,508	1028
323,731	932
323,955	1033
324,178	938
324,402	1068
324,625	944
324,849	824
325,072	1033
325,296	1007
325,519	963
325,743	971
325,966	1041
326,189	1060
326,413	868
326,636	1220
326,859	1059
327,083	1199
327,306	908
327,529	940
327,753	740
327,976	972
328,199	1058
328,422	986
328,646	971
328,869	980
329,092	996
329,315	1129
329,538	924
329,762	975
329,985	908
330,208	944
330,431	976
330,654	1028
330,877	1001
331,1	1188
331,323	884
331,546	1132
331,769	1064
331,993	858
332,216	1020
332,439	948
332,662	979
332,885	996
333,107	852
333,33	899
333,553	1073
333,776	908
333,999	971
334,222	900
334,445	948
334,668	972
334,891	1010
335,114	902
335,336	996
335,559	788
335,782	1266
336,005	916
336,228	916
336,45	932
336,673	932
336,896	971
337,119	924
337,341	808
337,564	937
337,787	932
338,009	900
338,232	883
338,455	1067
338,677	924
338,9	988
339,122	1019
339,345	884
339,568	872
339,79	969
340,013	1026
340,235	1036
340,458	810
340,68	1002
340,903	892
341,125	916
341,348	968
341,57	896
341,793	1097
342,015	876
342,238	958
342,46	940
342,682	1036
342,905	940
343,127	994
343,349	968
343,572	1036
343,794	938
344,016	940
344,239	1003
344,461	898
344,683	905
344,905	1210
345,128	907
345,35	1020
345,572	1082
345,794	1108
346,017	939
346,239	944
346,461	1010
346,683	906
346,905	916
347,127	1012
347,349	963
347,571	892
347,793	1108
348,016	956
348,238	964
348,46	955
348,682	956
348,904	972
349,126	969
349,348	980
349,57	953
349,792	896
350,014	1044
350,235	996
350,457	1210
350,679	1004
350,901	860
351,123	928
351,345	948
351,567	1020
351,789	1004
352,01	996
352,232	964
352,454	932
352,676	970
352,897	972
353,119	927
353,341	1041
353,563	948
353,784	922
354,006	1049
354,228	896
354,449	978
354,671	1036
354,893	1034
355,114	1024
355,336	970
355,558	1160
355,779	916
356,001	1282
356,222	1004
356,444	932
356,665	1457
356,887	1166
357,108	930
357,33	968
357,551	1092
357,773	1018
357,994	972
358,216	922
358,437	1084
358,659	980
358,88	684
359,101	948
359,323	898
359,544	939
359,765	924
359,987	940
360,208	972
360,429	1009
360,651	920
360,872	1065
361,093	948
361,314	948
361,536	964
361,757	987
361,978	874
362,199	904
362,42	835
362,642	898
362,863	1100
363,084	915
363,305	784
363,526	852
363,747	876
363,968	954
364,189	1068
364,41	912
364,631	876
364,852	868
365,073	938
365,294	812
365,515	879
365,736	1000
365,957	940
366,178	937
366,399	980
366,62	1016
366,841	972
367,062	988
367,283	944
367,504	1008
367,724	922
367,945	819
368,166	1081
368,387	910
368,608	906
368,828	1026
369,049	867
369,27	892
369,491	924
369,711	1020
369,932	1007
370,153	1020
370,373	988
370,594	1076
370,815	988
371,035	1068
371,256	852
371,477	922
371,697	946
371,918	884
372,138	993
372,359	1076
372,579	1188
372,8	955
373,02	1012
373,241	937
373,461	1020
373,682	904
373,902	748
374,123	924
374,343	1036
374,564	884
374,784	922
375,004	970
375,225	953
375,445	747
375,666	1121
375,886	897
376,106	922
376,326	948
376,547	1056
376,767	961
376,987	969
377,208	913
377,428	908
377,648	939
377,868	956
378,088	1083
378,309	972
378,529	1012
378,749	1026
378,969	819
379,189	1024
379,409	940
379,629	932
379,849	990
380,069	924
380,29	876
380,51	939
380,73	948
380,95	1098
381,17	1035
381,39	996
381,61	976
381,829	913
382,049	968
382,269	944
382,489	945
382,709	956
382,929	996
383,149	1236
383,369	1188
383,589	891
383,808	1050
384,028	898
384,248	958
384,468	963
384,688	960
384,907	892
385,127	900
385,347	969
385,567	908
385,786	1068
386,006	820
386,226	980
386,445	964
386,665	892
386,885	1092
387,104	868
387,324	892
387,543	908
387,763	922
387,982	988
388,202	956
388,422	948
388,641	904
388,861	940
389,08	1066
389,3	914
389,519	1074
389,738	915
389,958	972
390,177	922
390,397	1001
390,616	1002
390,836	852
391,055	876
391,274	913
391,494	948
391,713	892
391,932	968
392,151	999
392,371	800
392,59	1034
392,809	975
393,029	962
393,248	1034
393,467	844
393,686	841
393,905	1730
394,124	836
394,344	960
394,563	983
394,782	890
395,001	1004
395,22	828
395,439	1072
395,658	938
395,877	898
396,096	891
396,315	994
396,534	865
396,753	1004
396,972	883
397,191	954
397,41	964
397,629	932
397,848	889
398,067	946
398,286	892
398,505	912
398,724	1060
398,943	1377
399,161	820
399,38	988
399,599	1022
399,818	912
400,037	1330
400,255	961
400,474	880
400,693	974
400,912	1076
401,13	940
401,349	764
401,568	835
401,786	1017
402,005	1194
402,224	928
402,442	1009
402,661	964
402,88	636
403,098	851
403,317	939
403,535	972
403,754	875
403,972	978
404,191	875
404,409	849
404,628	1508
404,846	948
405,065	1004
405,283	994
405,502	896
405,72	996
405,938	912
406,157	823
406,375	908
406,594	1002
406,812	916
407,03	959
407,249	831
407,467	916
407,685	1060
407,903	906
408,122	1068
408,34	996
408,558	916
408,776	915
408,995	987
409,213	890
409,431	1060
409,649	963
409,867	858
410,085	954
410,303	976
410,522	1124
410,74	959
410,958	994
411,176	825
411,394	892
411,612	923
411,83	1074
412,048	1212
412,266	928
412,484	994
412,702	1084
412,92	910
413,138	903
413,356	972
413,573	1132
413,791	1124
414,009	1036
414,227	1076
414,445	867
414,663	967
414,881	932
415,098	932
415,316	936
415,534	1210
415,752	944
415,969	1066
416,187	860
416,405	1020
416,623	992
416,84	842
417,058	959
417,276	1019
417,493	924
417,711	940
417,928	964
418,146	692
418,364	946
418,581	889
418,799	873
419,016	828
419,234	866
419,451	1396
419,669	882
419,886	964
420,104	859
420,321	960
420,539	884
420,756	1007
420,974	1116
421,191	992
421,408	978
421,626	1020
421,843	923
422,06	914
422,278	834
422,495	959
422,712	1041
422,93	960
423,147	995
423,364	1004
423,581	1020
423,799	937
424,016	948
424,233	948
424,45	915
424,667	1044
424,884	899
425,102	1026
425,319	852
425,536	921
425,753	996
425,97	908
426,187	968
426,404	860
426,621	1228
426,838	1011
427,055	932
427,272	1279
427,489	924
427,706	905
427,923	972
428,14	913
428,357	1119
428,574	770
428,791	932
429,008	894
429,224	731
429,441	824
429,658	1092
429,875	948
430,092	1050
430,308	874
430,525	964
430,742	967
430,959	964
431,175	889
431,392	874
431,609	1202
431,826	953
432,042	908
432,259	908
432,476	1148
432,692	876
432,909	929
433,125	884
433,342	890
433,559	1060
433,775	897
433,992	812
434,208	859
434,425	866
434,641	1084
434,858	1089
435,074	905
435,291	940
435,507	954
435,723	932
435,94	932
436,156	1004
436,373	1019
436,589	972
436,805	860
437,022	930
437,238	912
437,454	932
437,671	1178
437,887	995
438,103	826
438,319	890
438,536	921
438,752	994
438,968	1104
439,184	946
439,4	988
439,616	844
439,833	1034
440,049	804
440,265	980
440,481	970
440,697	1004
440,913	962
441,129	948
441,345	890
441,561	972
441,777	988
441,993	948
442,209	888
442,425	1003
442,641	915
442,857	948
443,073	930
443,289	931
443,505	932
443,721	948
443,937	1004
444,152	892
444,368	960
444,584	908
444,8	1028
445,016	892
445,231	740
445,447	1124
445,663	944
445,879	881
446,094	1028
446,31	1048
446,526	962
446,742	857
446,957	834
447,173	1168
447,388	1010
447,604	1073
447,82	948
448,035	940
448,251	900
448,466	975
448,682	884
448,897	900
449,113	916
449,328	1028
449,544	891
449,759	1268
449,975	916
450,19	1004
450,406	923
450,621	860
450,836	900
451,052	908
451,267	844
451,483	954
451,698	836
451,913	947
452,129	961
452,344	844
452,559	1004
452,774	948
452,99	884
453,205	953
453,42	1092
453,635	1012
453,85	836
454,066	1107
454,281	924
454,496	1012
454,711	1035
454,926	970
455,141	873
455,356	900
455,571	756
455,786	1057
456,001	884
456,217	849
456,432	948
456,647	972
456,861	1018
457,076	1011
457,291	844
457,506	922
457,721	1018
457,936	948
458,151	888
458,366	1121
458,581	948
458,796	732
459,01	956
459,225	900
459,44	836
459,655	959
459,87	881
460,084	884
460,299	1082
460,514	986
460,729	1226
460,943	889
461,158	841
461,373	1024
461,587	1012
461,802	841
462,016	1049
462,231	908
462,446	1043
462,66	929
462,875	956
463,089	908
463,304	985
463,518	858
463,733	962
463,947	953
464,162	889
464,376	916
464,591	1220
464,805	888
465,02	1071
465,234	1027
465,448	1010
465,663	1033
465,877	995
466,091	900
466,306	1020
466,52	971
466,734	1012
466,949	956
467,163	1044
467,377	908
467,591	937
467,806	998
468,02	852
468,234	852
468,448	1002
468,662	921
468,876	1138
469,091	920
469,305	976
469,519	906
469,733	900
469,947	932
470,161	1075
470,375	760
470,589	1041
470,803	938
471,017	966
471,231	923
471,445	896
471,659	896
471,873	1036
472,087	794
472,301	980
472,515	916
472,728	868
472,942	868
473,156	938
473,37	922
473,584	812
473,798	956
474,011	1004
474,225	916
474,439	1004
474,653	953
474,866	874
475,08	1220
475,294	1058
475,507	812
475,721	988
475,935	987
476,148	887
476,362	841
476,576	820
476,789	921
477,003	961
477,216	916
477,43	938
477,643	974
477,857	1043
478,07	916
478,284	1001
478,497	852
478,711	937
478,924	892
479,138	884
479,351	932
479,564	843
479,778	908
479,991	849
480,204	922
480,418	916
480,631	913
480,844	986
481,058	916
481,271	980
481,484	908
481,697	836
481,911	992
482,124	998
482,337	1002
482,55	931
482,763	910
482,976	995
483,19	852
483,403	953
483,616	1036
483,829	993
484,042	959
484,255	1036
484,468	948
484,681	922
484,894	964
485,107	1028
485,32	963
485,533	860
485,746	1060
485,959	873
486,172	932
486,385	827
486,598	905
486,81	996
487,023	700
487,236	1066
487,449	980
487,662	914
487,875	977
488,087	1025
488,3	948
488,513	841
488,726	836
488,938	1015
489,151	988
489,364	922
489,576	1084
489,789	960
490,002	1012
490,214	1010
490,427	868
490,64	752
490,852	942
491,065	876
491,277	956
491,49	988
491,702	852
491,915	954
492,127	986
492,34	972
492,552	956
492,765	1040
492,977	1060
493,19	940
493,402	972
493,614	1036
493,827	975
494,039	900
494,251	706
494,464	907
494,676	852
494,888	980
495,101	900
495,313	868
495,525	930
495,737	1330
495,95	1067
496,162	996
496,374	924
496,586	930
496,798	876
497,01	970
497,222	835
497,435	1044
497,647	910
497,859	906
498,071	866
498,283	948
498,495	910
498,707	1058
498,919	864
499,131	1047
499,343	911
499,555	876
499,767	1016
499,979	946
500,191	1000
500,402	948
500,614	1020
500,826	994
501,038	884
501,25	967
501,462	912
501,673	991
501,885	875
502,097	1073
502,309	1000
502,521	1004
502,732	876
502,944	959
503,156	771
503,367	1000
503,579	820
503,791	924
504,002	964
504,214	1023
504,425	1140
504,637	868
504,849	860
505,06	946
505,272	1012
505,483	954
505,695	930
505,906	874
506,118	906
506,329	899
506,541	898
506,752	972
506,963	880
507,175	977
507,386	1084
507,598	1044
507,809	841
508,02	860
508,232	802
508,443	836
508,654	1040
508,865	1004
509,077	868
509,288	940
509,499	1083
509,71	889
509,922	1004
510,133	948
510,344	1060
510,555	932
510,766	1033
510,977	979
511,188	911
511,4	882
511,611	924
511,822	724
512,033	1123
512,244	904
512,455	1028
512,666	978
512,877	1043
513,088	948
513,299	1114
513,51	1204
513,721	932
513,931	991
514,142	1050
514,353	1052
514,564	876
514,775	884
514,986	1018
515,196	1041
515,407	884
515,618	961
515,829	906
516,04	996
516,25	834
516,461	914
516,672	924
516,882	956
517,093	1188
517,304	876
517,514	892
517,725	1032
517,936	868
518,146	899
518,357	1016
518,567	876
518,778	1104
518,988	924
519,199	1060
519,409	892
519,62	937
519,83	986
520,041	1009
520,251	977
520,462	1028
520,672	874
520,882	986
521,093	1044
521,303	994
521,513	908
521,724	1618
521,934	892
522,144	1139
522,355	776
522,565	980
522,775	948
522,985	929
523,196	988
523,406	916
523,616	1050
523,826	876
524,036	1500
524,246	921
524,457	931
524,667	892
524,877	972
525,087	968
525,297	1028
525,507	993
525,717	818
525,927	788
526,137	916
526,347	900
526,557	890
526,767	979
526,977	1140
527,187	924
527,397	900
527,607	884
527,816	1012
528,026	923
528,236	919
528,446	955
528,656	996
528,865	1060
529,075	910
529,285	676
529,495	996
529,704	1027
529,914	884
530,124	971
530,334	880
530,543	890
530,753	1252
530,963	1564
531,172	1042
531,382	868
531,591	1153
531,801	884
532,01	940
532,22	948
532,43	985
532,639	1138
532,849	962
533,058	924
533,267	963
533,477	956
533,686	892
533,896	896
534,105	988
534,315	1044
534,524	972
534,733	1044
534,943	1084
535,152	1044
535,361	866
535,57	932
535,78	932
535,989	968
536,198	900
536,407	977
536,617	962
536,826	1010
537,035	1017
537,244	948
537,453	820
537,662	992
537,872	1136
538,081	890
538,29	903
538,499	1044
538,708	896
538,917	971
539,126	1000
539,335	976
539,544	1468
539,753	555
539,962	905
540,171	903
540,38	1025
540,589	932
540,797	1032
541,006	916
541,215	938
541,424	1064
541,633	992
541,842	908
542,05	1020
542,259	988
542,468	956
542,677	971
542,885	988
543,094	1034
543,303	816
543,512	940
543,72	1051
543,929	1012
544,138	836
544,346	924
544,555	882
544,763	969
544,972	940
545,18	913
545,389	960
545,598	924
545,806	1024
546,015	939
546,223	932
546,431	948
546,64	623
546,848	900
547,057	1052
547,265	792
547,474	985
547,682	940
547,89	992
548,099	1012
548,307	988
548,515	1156
548,723	995
548,932	948
549,14	979
549,348	890
549,556	932
549,765	924
549,973	860
550,181	991
550,389	996
550,597	930
550,805	876
551,014	1088
551,222	3776
551,43	856
551,638	1012
551,846	1044
552,054	1176
552,262	1108
552,47	976
552,678	907
552,886	962
553,094	820
553,302	956
553,51	961
553,717	946
553,925	884
554,133	1105
554,341	897
554,549	1004
554,757	916
554,965	905
555,172	843
555,38	1162
555,588	851
555,796	996
556,003	1035
556,211	922
556,419	948
556,626	978
556,834	1092
557,042	888
557,249	970
557,457	931
557,664	819
557,872	924
558,08	927
558,287	1032
558,495	1003
558,702	864
558,91	1036
559,117	1020
559,325	932
559,532	996
559,74	1075
559,947	940
560,154	1011
560,362	892
560,569	1010
560,776	884
560,984	993
561,191	996
561,398	984
561,606	1216
561,813	992
562,02	848
562,227	924
562,435	923
562,642	1011
562,849	1015
563,056	976
563,263	924
563,471	1040
563,678	1052
563,885	778
564,092	1019
564,299	956
564,506	820
564,713	938
564,92	944
565,127	1012
565,334	1068
565,541	1265
565,748	1153
565,955	844
566,162	1014
566,369	999
566,576	1068
566,783	980
566,99	932
567,196	1060
567,403	987
567,61	1050
567,817	1007
568,024	940
568,23	1040
568,437	945
568,644	828
568,851	968
569,057	1076
569,264	937
569,471	868
569,677	937
569,884	967
570,091	1144
570,297	1721
570,504	1084
570,71	979
570,917	940
571,123	932
571,33	1004
571,536	900
571,743	1073
571,949	900
572,156	984
572,362	1044
572,569	1043
572,775	924
572,982	1020
573,188	1075
573,394	868
573,601	945
573,807	868
574,013	1287
574,22	994
574,426	848
574,632	1076
574,838	908
575,045	921
575,251	956
575,457	1044
575,663	1011
575,869	932
576,076	900
576,282	974
576,488	900
576,694	1028
576,9	768
577,106	896
577,312	876
577,518	1001
577,724	963
577,93	1137
578,136	975
578,342	940
578,548	940
578,754	936
578,96	884
579,166	932
579,372	1091
579,578	972
579,784	1004
579,989	906
580,195	910
580,401	929
580,607	1000
580,813	1028
581,018	1064
581,224	982
581,43	964
581,636	928
581,841	947
582,047	995
582,253	1008
582,458	1076
582,664	1004
582,869	890
583,075	625
583,281	1164
583,486	932
583,692	931
583,897	1026
584,103	996
584,308	1012
584,514	970
584,719	1068
584,925	1052
585,13	984
585,335	996
585,541	968
585,746	985
585,952	842
586,157	1006
586,362	961
586,568	831
586,773	1028
586,978	944
587,183	932
587,389	988
587,594	900
587,799	1012
588,004	1028
588,21	876
588,415	882
588,62	982
588,825	1044
589,03	988
589,235	1330
589,44	994
589,645	1036
589,85	996
590,055	1107
590,26	1068
590,465	1006
590,67	1056
590,875	1080
591,08	1180
591,285	991
591,49	971
591,695	1215
591,9	948
592,105	996
592,31	913
592,515	1156
592,719	962
592,924	876
593,129	948
593,334	928
593,539	938
593,743	1070
593,948	945
594,153	972
594,357	1260
594,562	987
594,767	1288
594,971	820
595,176	924
595,381	1011
595,585	1012
595,79	1105
595,994	852
596,199	1264
596,403	816
596,608	884
596,812	924
597,017	1049
597,221	1119
597,426	1050
597,63	980
597,835	836
598,039	1106
598,243	868
598,448	1188
598,652	1060
598,856	732
599,061	1036
599,265	924
599,469	1068
599,673	1027
599,878	1051
600,082	860
600,286	948
600,49	988
600,695	851
600,899	1055
601,103	1019
601,307	1068
601,511	960
601,715	899
601,919	831
602,123	1114
602,327	994
602,531	964
602,735	1003
602,939	1074
603,143	889
603,347	969
603,551	1060
603,755	948
603,959	940
604,163	1028
604,367	922
604,571	930
604,775	1034
604,978	953
605,182	922
605,386	940
605,59	960
605,793	932
605,997	1028
606,201	1028
606,405	1012
606,608	788
606,812	940
607,016	940
607,219	863
607,423	1068
607,627	1039
607,83	956
608,034	908
608,237	930
608,441	908
608,644	1320
608,848	1034
609,051	1012
609,255	940
609,458	1040
609,662	948
609,865	986
610,069	895
610,272	756
610,475	916
610,679	963
610,882	922
611,085	948
611,289	1011
611,492	964
611,695	956
611,898	940
612,102	968
612,305	980
612,508	939
612,711	1076
612,914	916
613,118	969
613,321	1018
613,524	858
613,727	891
613,93	932
614,133	977
614,336	1012
614,539	980
614,742	852
614,945	860
615,148	1072
615,351	922
615,554	1076
615,757	882
615,96	1028
616,163	948
616,366	1204
616,569	932
616,772	1060
616,974	1012
617,177	1058
617,38	1035
617,583	948
617,786	851
617,988	956
618,191	1007
618,394	907
618,596	924
618,799	844
619,002	995
619,204	970
619,407	996
619,61	879
619,812	924
620,015	878
620,217	1058
620,42	906
620,623	946
620,825	985
621,028	1036
621,23	976
621,432	996
621,635	1043
621,837	976
622,04	905
622,242	963
622,445	946
622,647	984
622,849	1066
623,052	880
623,254	958
623,456	857
623,658	1081
623,861	1019
624,063	936
624,265	1073
624,467	1057
624,67	913
624,872	796
625,074	1036
625,276	1043
625,478	1039
625,68	652
625,882	864
626,084	996
626,287	1138
626,489	1036
626,691	992
626,893	994
627,095	1012
627,297	1026
627,499	940
627,7	824
627,902	804
628,104	844
628,306	924
628,508	868
628,71	972
628,912	1040
629,114	1155
629,315	1052
629,517	844
629,719	896
629,921	968
630,122	948
630,324	956
630,526	1016
630,728	948
630,929	944
631,131	890
631,332	1116
631,534	1060
631,736	988
631,937	972
632,139	940
632,34	986
632,542	1090
632,743	964
632,945	932
633,146	1001
633,348	894
633,549	1016
633,751	939
633,952	971
634,154	1074
634,355	868
634,556	980
634,758	940
634,959	914
635,16	1052
635,362	895
635,563	932
635,764	1028
635,965	975
636,167	964
636,368	1043
636,569	882
636,77	1140
636,971	899
637,172	1004
637,374	882
637,575	1052
637,776	876
637,977	868
638,178	1008
638,379	953
638,58	940
638,781	858
638,982	927
639,183	976
639,384	913
639,585	938
639,786	876
639,987	956
640,187	1153
640,388	1084
640,589	900
640,79	898
640,991	940
641,192	915
641,392	883
641,593	667
641,794	759
641,995	900
642,195	836
642,396	780
642,597	780
642,797	972
642,998	1018
643,199	953
643,399	970
643,6	850
643,8	932
644,001	944
644,202	1004
644,402	874
644,603	1044
644,803	796
645,004	946
645,204	777
645,404	904
645,605	1128
645,805	865
646,006	868
646,206	1228
646,406	890
646,607	812
646,807	836
647,007	-16
647,208	1
647,408	11
647,608	4
