200,697	911,83
200,927	-56,17
201,158	23,83
201,388	-1,17
201,618	788,83
201,849	764,83
202,079	901,83
202,309	802,83
202,539	924,83
202,77	831,83
203	899,83
203,23	923,83
203,46	911,83
203,691	878,83
203,921	949,83
204,151	887,83
204,381	866,83
204,611	919,83
204,841	887,83
205,071	799,83
205,302	1020,83
205,532	958,83
205,762	2701,83
205,992	836,83
206,222	886,83
206,452	998,83
206,682	819,83
206,912	991,83
207,142	950,83
207,372	708,83
207,602	959,83
207,832	763,83
208,062	956,83
208,292	935,83
208,522	804,83
208,752	931,83
208,982	863,83
209,212	957,83
209,442	935,83
209,672	892,83
209,902	878,83
210,131	983,83
210,361	823,83
210,591	967,83
210,821	903,83
211,051	987,83
211,281	959,83
211,51	935,83
211,74	863,83
211,97	882,83
212,2	927,83
212,429	1075,83
212,659	943,83
212,889	989,83
213,119	813,83
213,348	854,83
213,578	959,83
213,808	925,83
214,037	983,83
214,267	963,83
214,497	932,83
214,726	831,83
214,956	847,83
215,186	870,83
215,415	895,83
215,645	911,83
215,874	1007,83
216,104	749,83
216,333	875,83
216,563	971,83
216,792	940,83
217,022	1212,83
217,251	820,83
217,481	1013,83
217,71	799,83
217,94	950,83
218,169	916,83
218,399	959,83
218,628	1165,83
218,858	1013,83
219,087	931,83
219,316	981,83
219,546	911,83
219,775	919,83
220,004	1012,83
220,234	884,83
220,463	931,83
220,692	915,83
220,922	895,83
221,151	979,83
221,38	927,83
221,61	1253,83
221,839	1103,83
222,068	902,83
222,297	1095,83
222,526	966,83
222,756	1023,83
222,985	1011,83
223,214	967,83
223,443	957,83
223,672	1263,83
223,902	877,83
224,131	933,83
224,36	989,83
224,589	887,83
224,818	903,83
225,047	964,83
225,276	933,83
225,505	1079,83
225,734	917,83
225,963	917,83
226,192	878,83
226,421	963,83
226,65	910,83
226,879	779,83
227,108	988,83
227,337	1007,83
227,566	1075,83
227,795	955,83
228,024	959,83
228,253	750,83
228,482	839,83
228,711	911,83
228,94	931,83
229,168	956,83
229,397	918,83
229,626	1003,83
229,855	942,83
230,084	862,83
230,313	807,83
230,541	1015,83
230,77	943,83
230,999	853,83
231,228	1103,83
231,456	1023,83
231,685	1015,83
231,914	1021,83
232,143	948,83
232,371	964,83
232,6	964,83
232,829	949,83
233,057	1015,83
233,286	1063,83
233,515	919,83
233,743	1007,83
233,972	895,83
234,2	962,83
234,429	943,83
234,658	1027,83
234,886	883,83
235,115	870,83
235,343	1035,83
235,572	847,83
235,8	924,83
236,029	1087,83
236,257	855,83
236,486	1186,83
236,714	1037,83
236,943	1111,83
237,171	999,83
237,399	903,83
237,628	1100,83
237,856	1035,83
238,085	989,83
238,313	882,83
238,541	1004,83
238,77	1175,83
238,998	919,83
239,226	1070,83
239,455	903,83
239,683	1063,83
239,911	871,83
240,14	1037,83
240,368	1055,83
240,596	999,83
240,824	974,83
241,053	983,83
241,281	837,83
241,509	954,83
241,737	930,83
241,965	862,83
242,193	871,83
242,422	927,83
242,65	932,83
242,878	956,83
243,106	925,83
243,334	892,83
243,562	1015,83
243,79	973,83
244,018	986,83
244,246	986,83
244,474	983,83
244,702	1063,83
244,93	997,83
245,158	974,83
245,386	942,83
245,614	971,83
245,842	1068,83
246,07	1015,83
246,298	1087,83
246,526	1308,83
246,754	908,83
246,982	975,83
247,21	775,83
247,438	901,83
247,666	916,83
247,893	903,83
248,121	909,83
248,349	877,83
248,577	987,83
248,805	991,83
249,033	943,83
249,26	933,83
249,488	915,83
249,716	980,83
249,944	940,83
250,171	930,83
250,399	887,83
250,627	1069,83
250,854	941,83
251,082	926,83
251,31	951,83
251,537	983,83
251,765	1116,83
251,993	879,83
252,22	1159,83
252,448	895,83
252,676	1021,83
252,903	982,83
253,131	1173,83
253,358	871,83
253,586	884,83
253,813	901,83
254,041	1047,83
254,268	807,83
254,496	855,83
254,723	851,83
254,951	973,83
255,178	1015,83
255,406	887,83
255,633	780,83
255,86	1055,83
256,088	926,83
256,315	911,83
256,543	1045,83
256,77	973,83
256,997	884,83
257,225	1015,83
257,452	919,83
257,679	911,83
257,907	1039,83
258,134	930,83
258,361	1003,83
258,588	929,83
258,816	1015,83
259,043	909,83
259,27	951,83
259,497	981,83
259,725	925,83
259,952	935,83
260,179	799,83
260,406	951,83
260,633	847,83
260,86	947,83
261,088	911,83
261,315	1055,83
261,542	875,83
261,769	887,83
261,996	1171,83
262,223	1047,83
262,45	1094,83
262,677	837,83
262,904	887,83
263,131	1023,83
263,358	917,83
263,585	823,83
263,812	1221,83
264,039	971,83
264,266	879,83
264,493	1059,83
264,72	951,83
264,947	1052,83
265,174	1077,83
265,401	1051,83
265,627	1004,83
265,854	957,83
266,081	1007,83
266,308	1259,83
266,535	945,83
266,762	971,83
266,988	995,83
267,215	1012,83
267,442	975,83
267,669	1053,83
267,896	1011,83
268,122	1068,83
268,349	991,83
268,576	861,83
268,802	927,83
269,029	919,83
269,256	1012,83
269,482	959,83
269,709	948,83
269,936	959,83
270,162	1079,83
270,389	943,83
270,616	989,83
270,842	1079,83
271,069	1012,83
271,295	975,83
271,522	877,83
271,748	987,83
271,975	1059,83
272,201	1050,83
272,428	1013,83
272,654	949,83
272,881	1142,83
273,107	1127,83
273,334	996,83
273,56	1095,83
273,787	927,83
274,013	863,83
274,239	1171,83
274,466	863,83
274,692	1135,83
274,918	949,83
275,145	964,83
275,371	963,83
275,597	1015,83
275,824	829,83
276,05	1077,83
276,276	1055,83
276,503	962,83
276,729	954,83
276,955	935,83
277,181	957,83
277,407	985,83
277,634	1031,83
277,86	980,83
278,086	1023,83
278,312	988,83
278,538	863,83
278,764	926,83
278,991	1026,83
279,217	951,83
279,443	919,83
279,669	1053,83
279,895	1026,83
280,121	927,83
280,347	973,83
280,573	916,83
280,799	987,83
281,025	1103,83
281,251	876,83
281,477	1009,83
281,703	886,83
281,929	945,83
282,155	895,83
282,381	1074,83
282,607	799,83
282,833	965,83
283,059	996,83
283,285	831,83
283,51	988,83
283,736	783,83
283,962	767,83
284,188	903,83
284,414	901,83
284,64	958,83
284,865	959,83
285,091	1042,83
285,317	975,83
285,543	1119,83
285,768	932,83
285,994	951,83
286,22	1116,83
286,446	1023,83
286,671	854,83
286,897	1015,83
287,123	903,83
287,348	887,83
287,574	1315,83
287,799	973,83
288,025	919,83
288,251	1023,83
288,476	1007,83
288,702	903,83
288,927	933,83
289,153	903,83
289,378	1093,83
289,604	967,83
289,829	939,83
290,055	862,83
290,28	919,83
290,506	999,83
290,731	916,83
290,957	1015,83
291,182	1019,83
291,408	1076,83
291,633	997,83
291,858	767,83
292,084	995,83
292,309	869,83
292,535	940,83
292,76	1131,83
292,985	945,83
293,211	963,83
293,436	971,83
293,661	775,83
293,886	972,83
294,112	1004,83
294,337	946,83
294,562	714,83
294,787	1022,83
295,013	835,83
295,238	871,83
295,463	1029,83
295,688	1057,83
295,913	996,83
296,138	999,83
296,364	964,83
296,589	966,83
296,814	871,83
297,039	949,83
297,264	998,83
297,489	973,83
297,714	999,83
297,939	951,83
298,164	911,83
298,389	1051,83
298,614	894,83
298,839	983,83
299,064	995,83
299,289	974,83
299,514	946,83
299,739	994,83
299,964	967,83
300,189	871,83
300,414	1027,83
300,639	1103,83
300,863	847,83
301,088	1198,83
301,313	1183,83
301,538	974,83
301,763	967,83
301,988	983,83
302,212	878,83
302,437	1255,83
302,662	884,83
302,887	1214,83
303,111	1007,83
303,336	1078,83
303,561	1031,83
303,786	951,83
304,01	1022,83
304,235	987,83
304,46	894,83
304,684	967,83
304,909	927,83
305,134	863,83
305,358	999,83
305,583	919,83
305,807	1151,83
306,032	845,83
306,256	983,83
306,481	963,83
306,706	895,83
306,93	892,83
307,155	1255,83
307,379	902,83
307,604	950,83
307,828	940,83
308,052	1069,83
308,277	1011,83
308,501	990,83
308,726	1037,83
308,95	988,83
309,175	903,83
309,399	1031,83
309,623	947,83
309,848	903,83
310,072	901,83
310,296	1156,83
310,521	1015,83
310,745	750,83
310,969	1142,83
311,193	1037,83
311,418	935,83
311,642	974,83
311,866	933,83
312,09	959,83
312,315	830,83
312,539	997,83
312,763	903,83
312,987	1047,83
313,211	868,83
313,435	1085,83
313,659	903,83
313,884	1058,83
314,108	1079,83
314,332	1047,83
314,556	903,83
314,78	1175,83
315,004	1023,83
315,228	1037,83
315,452	1036,83
315,676	1005,83
315,9	962,83
316,124	838,83
316,348	1059,83
316,572	1005,83
316,796	1023,83
317,02	935,83
317,244	1027,83
317,468	885,83
317,691	1116,83
317,915	1013,83
318,139	935,83
318,363	1204,83
318,587	972,83
318,811	934,83
319,034	881,83
319,258	1020,83
319,482	1095,83
319,706	1023,83
319,93	807,83
320,153	957,83
320,377	975,83
320,601	884,83
320,824	869,83
321,048	1012,83
321,272	1031,83
321,495	1022,83
321,719	799,83
321,943	975,83
322,166	996,83
322,39	940,83
322,614	831,83
322,837	1277,83
323,061	861,83
323,284	1031,83
323,508	999,83
323,731	882,83
323,955	887,83
324,178	847,83
324,402	1015,83
324,625	925,83
324,849	830,83
325,072	983,83
325,296	945,83
325,519	937,83
325,743	1019,83
325,966	1015,83
326,189	1052,83
326,413	943,83
326,636	1175,83
326,859	1027,83
327,083	1194,83
327,306	900,83
327,529	839,83
327,753	862,83
327,976	1039,83
328,199	1012,83
328,422	975,83
328,646	997,83
328,869	931,83
329,092	1015,83
329,315	1263,83
329,538	953,83
329,762	991,83
329,985	909,83
330,208	837,83
330,431	962,83
330,654	1004,83
330,877	988,83
331,1	1091,83
331,323	903,83
331,546	1037,83
331,769	918,83
331,993	845,83
332,216	871,83
332,439	967,83
332,662	959,83
332,885	939,83
333,107	862,83
333,33	917,83
333,553	1111,83
333,776	895,83
333,999	934,83
334,222	887,83
334,445	851,83
334,668	924,83
334,891	1151,83
335,114	836,83
335,336	982,83
335,559	963,83
335,782	1068,83
336,005	930,83
336,228	935,83
336,45	895,83
336,673	919,83
336,896	1003,83
337,119	1004,83
337,341	902,83
337,564	939,83
337,787	991,83
338,009	956,83
338,232	966,83
338,455	1021,83
338,677	823,83
338,9	894,83
339,122	1031,83
339,345	763,83
339,568	927,83
339,79	943,83
340,013	999,83
340,235	967,83
340,458	807,83
340,68	1013,83
340,903	932,83
341,125	867,83
341,348	1071,83
341,57	805,83
341,793	1079,83
342,015	799,83
342,238	919,83
342,46	999,83
342,682	967,83
342,905	883,83
343,127	991,83
343,349	943,83
343,572	1012,83
343,794	887,83
344,016	911,83
344,239	1093,83
344,461	942,83
344,683	911,83
344,905	847,83
345,128	852,83
345,35	943,83
345,572	1015,83
345,794	1005,83
346,017	1046,83
346,239	971,83
346,461	847,83
346,683	884,83
346,905	967,83
347,127	941,83
347,349	945,83
347,571	919,83
347,793	1068,83
348,016	1063,83
348,238	911,83
348,46	894,83
348,682	820,83
348,904	940,83
349,126	908,83
349,348	983,83
349,57	727,83
349,792	887,83
350,014	1079,83
350,235	964,83
350,457	1199,83
350,679	717,83
350,901	967,83
351,123	807,83
351,345	871,83
351,567	1151,83
351,789	950,83
352,01	1007,83
352,232	915,83
352,454	931,83
352,676	1013,83
352,897	834,83
353,119	978,83
353,341	1044,83
353,563	924,83
353,784	901,83
354,006	940,83
354,228	894,83
354,449	919,83
354,671	997,83
354,893	1006,83
355,114	967,83
355,336	893,83
355,558	935,83
355,779	893,83
356,001	1003,83
356,222	988,83
356,444	884,83
356,665	1390,83
356,887	891,83
357,108	838,83
357,33	836,83
357,551	1031,83
357,773	963,83
357,994	1154,83
358,216	863,83
358,437	1020,83
358,659	973,83
358,88	940,83
359,101	794,83
359,323	1007,83
359,544	975,83
359,765	779,83
359,987	1150,83
360,208	1003,83
360,429	726,83
360,651	887,83
360,872	1023,83
361,093	862,83
361,314	967,83
361,536	916,83
361,757	910,83
361,978	887,83
362,199	854,83
362,42	799,83
362,642	983,83
362,863	980,83
363,084	881,83
363,305	935,83
363,526	932,83
363,747	911,83
363,968	927,83
364,189	1035,83
364,41	870,83
364,631	839,83
364,852	1023,83
365,073	951,83
365,294	871,83
365,515	887,83
365,736	998,83
365,957	983,83
366,178	871,83
366,399	1031,83
366,62	1041,83
366,841	903,83
367,062	1015,83
367,283	880,83
367,504	983,83
367,724	876,83
367,945	1124,83
368,166	998,83
368,387	791,83
368,608	863,83
368,828	1003,83
369,049	860,83
369,27	895,83
369,491	973,83
369,711	948,83
369,932	927,83
370,153	1027,83
370,373	924,83
370,594	1030,83
370,815	948,83
371,035	1046,83
371,256	823,83
371,477	871,83
371,697	979,83
371,918	866,83
372,138	998,83
372,359	1055,83
372,579	815,83
372,8	903,83
373,02	1031,83
373,241	935,83
373,461	987,83
373,682	1023,83
373,902	831,83
374,123	900,83
374,343	986,83
374,564	892,83
374,784	871,83
375,004	971,83
375,225	862,83
375,445	975,83
375,666	963,83
375,886	887,83
376,106	903,83
376,326	743,83
376,547	1101,83
376,767	919,83
376,987	839,83
377,208	951,83
377,428	978,83
377,648	901,83
377,868	1013,83
378,088	1047,83
378,309	994,83
378,529	926,83
378,749	951,83
378,969	909,83
379,189	956,83
379,409	975,83
379,629	836,83
379,849	939,83
380,069	806,83
380,29	847,83
380,51	1043,83
380,73	1012,83
380,95	1111,83
381,17	1012,83
381,39	940,83
381,61	844,83
381,829	899,83
382,049	869,83
382,269	911,83
382,489	951,83
382,709	895,83
382,929	950,83
383,149	959,83
383,369	1185,83
383,589	895,83
383,808	1158,83
384,028	869,83
384,248	975,83
384,468	932,83
384,688	938,83
384,907	869,83
385,127	940,83
385,347	943,83
385,567	955,83
385,786	999,83
386,006	943,83
386,226	908,83
386,445	917,83
386,665	851,83
386,885	997,83
387,104	903,83
387,324	799,83
387,543	933,83
387,763	865,83
387,982	831,83
388,202	893,83
388,422	1111,83
388,641	895,83
388,861	924,83
389,08	974,83
389,3	1071,83
389,519	1039,83
389,738	935,83
389,958	911,83
390,177	919,83
390,397	919,83
390,616	901,83
390,836	1013,83
391,055	914,83
391,274	951,83
391,494	879,83
391,713	893,83
391,932	939,83
392,151	900,83
392,371	919,83
392,59	869,83
392,809	1036,83
393,029	861,83
393,248	1087,83
393,467	791,83
393,686	903,83
393,905	1652,83
394,124	887,83
394,344	854,83
394,563	991,83
394,782	805,83
395,001	948,83
395,22	895,83
395,439	978,83
395,658	843,83
395,877	919,83
396,096	839,83
396,315	998,83
396,534	751,83
396,753	949,83
396,972	783,83
397,191	903,83
397,41	895,83
397,629	890,83
397,848	876,83
398,067	951,83
398,286	878,83
398,505	420,83
398,724	919,83
398,943	1271,83
399,161	831,83
399,38	1023,83
399,599	935,83
399,818	979,83
400,037	1003,83
400,255	957,83
400,474	887,83
400,693	919,83
400,912	1046,83
401,13	895,83
401,349	901,83
401,568	847,83
401,786	1039,83
402,005	935,83
402,224	903,83
402,442	879,83
402,661	959,83
402,88	903,83
403,098	903,83
403,317	900,83
403,535	855,83
403,754	827,83
403,972	918,83
404,191	846,83
404,409	914,83
404,628	1311,83
404,846	943,83
405,065	981,83
405,283	938,83
405,502	910,83
405,72	931,83
405,938	879,83
406,157	870,83
406,375	916,83
406,594	919,83
406,812	983,83
407,03	885,83
407,249	786,83
407,467	965,83
407,685	1005,83
407,903	1028,83
408,122	1047,83
408,34	996,83
408,558	845,83
408,776	940,83
408,995	938,83
409,213	868,83
409,431	1014,83
409,649	954,83
409,867	865,83
410,085	935,83
410,303	963,83
410,522	847,83
410,74	838,83
410,958	875,83
411,176	986,83
411,394	879,83
411,612	926,83
411,83	1021,83
412,048	949,83
412,266	877,83
412,484	919,83
412,702	1148,83
412,92	806,83
413,138	1039,83
413,356	885,83
413,573	1077,83
413,791	1157,83
414,009	972,83
414,227	1101,83
414,445	894,83
414,663	883,83
414,881	991,83
415,098	918,83
415,316	989,83
415,534	1187,83
415,752	862,83
415,969	1051,83
416,187	821,83
416,405	863,83
416,623	789,83
416,84	743,83
417,058	919,83
417,276	1003,83
417,493	639,83
417,711	943,83
417,928	901,83
418,146	853,83
418,364	965,83
418,581	911,83
418,799	830,83
419,016	815,83
419,234	863,83
419,451	1319,83
419,669	892,83
419,886	924,83
420,104	911,83
420,321	940,83
420,539	823,83
420,756	980,83
420,974	924,83
421,191	831,83
421,408	869,83
421,626	850,83
421,843	931,83
422,06	892,83
422,278	855,83
422,495	979,83
422,712	925,83
422,93	982,83
423,147	951,83
423,364	892,83
423,581	941,83
423,799	871,83
424,016	887,83
424,233	919,83
424,45	933,83
424,667	949,83
424,884	847,83
425,102	983,83
425,319	839,83
425,536	1035,83
425,753	1085,83
425,97	919,83
426,187	999,83
426,404	947,83
426,621	791,83
426,838	974,83
427,055	991,83
427,272	891,83
427,489	929,83
427,706	887,83
427,923	901,83
428,14	882,83
428,357	1031,83
428,574	911,83
428,791	958,83
429,008	903,83
429,224	908,83
429,441	631,83
429,658	975,83
429,875	967,83
430,092	930,83
430,308	964,83
430,525	983,83
430,742	1004,83
430,959	961,83
431,175	935,83
431,392	879,83
431,609	999,83
431,826	927,83
432,042	863,83
432,259	846,83
432,476	1119,83
432,692	887,83
432,909	877,83
433,125	891,83
433,342	863,83
433,559	887,83
433,775	946,83
433,992	769,83
434,208	831,83
434,425	908,83
434,641	1006,83
434,858	862,83
435,074	1027,83
435,291	823,83
435,507	647,83
435,723	950,83
435,94	839,83
436,156	959,83
436,373	1003,83
436,589	892,83
436,805	935,83
437,022	911,83
437,238	859,83
437,454	903,83
437,671	894,83
437,887	946,83
438,103	950,83
438,319	903,83
438,536	1151,83
438,752	948,83
438,968	994,83
439,184	942,83
439,4	871,83
439,616	719,83
439,833	1055,83
440,049	863,83
440,265	1071,83
440,481	871,83
440,697	1007,83
440,913	927,83
441,129	918,83
441,345	967,83
441,561	854,83
441,777	950,83
441,993	1015,83
442,209	867,83
442,425	999,83
442,641	908,83
442,857	911,83
443,073	919,83
443,289	903,83
443,505	1079,83
443,721	863,83
443,937	1079,83
444,152	907,83
444,368	1053,83
444,584	892,83
444,8	971,83
445,016	998,83
445,231	951,83
445,447	1028,83
445,663	967,83
445,879	893,83
446,094	1015,83
446,31	1055,83
446,526	927,83
446,742	974,83
446,957	939,83
447,173	1005,83
447,388	1021,83
447,604	917,83
447,82	855,83
448,035	986,83
448,251	908,83
448,466	962,83
448,682	839,83
448,897	862,83
449,113	958,83
449,328	955,83
449,544	831,83
449,759	1135,83
449,975	853,83
450,19	852,83
450,406	895,83
450,621	887,83
450,836	916,83
451,052	916,83
451,267	855,83
451,483	887,83
451,698	774,83
451,913	908,83
452,129	924,83
452,344	846,83
452,559	1013,83
452,774	827,83
452,99	935,83
453,205	943,83
453,42	783,83
453,635	910,83
453,85	941,83
454,066	919,83
454,281	991,83
454,496	983,83
454,711	951,83
454,926	1001,83
455,141	815,83
455,356	788,83
455,571	898,83
455,786	980,83
456,001	885,83
456,217	887,83
456,432	935,83
456,647	1007,83
456,861	918,83
457,076	902,83
457,291	997,83
457,506	839,83
457,721	910,83
457,936	927,83
458,151	884,83
458,366	1028,83
458,581	899,83
458,796	1047,83
459,01	943,83
459,225	942,83
459,44	805,83
459,655	959,83
459,87	828,83
460,084	908,83
460,299	917,83
460,514	947,83
460,729	1191,83
460,943	759,83
461,158	847,83
461,373	1148,83
461,587	783,83
461,802	1093,83
462,016	959,83
462,231	1013,83
462,446	919,83
462,66	839,83
462,875	903,83
463,089	917,83
463,304	951,83
463,518	917,83
463,733	903,83
463,947	951,83
464,162	891,83
464,376	891,83
464,591	1031,83
464,805	851,83
465,02	998,83
465,234	943,83
465,448	1004,83
465,663	941,83
465,877	1006,83
466,091	892,83
466,306	1077,83
466,52	1062,83
466,734	962,83
466,949	879,83
467,163	941,83
467,377	935,83
467,591	871,83
467,806	871,83
468,02	903,83
468,234	774,83
468,448	1004,83
468,662	1031,83
468,876	1055,83
469,091	910,83
469,305	975,83
469,519	895,83
469,733	847,83
469,947	919,83
470,161	999,83
470,375	903,83
470,589	996,83
470,803	911,83
471,017	951,83
471,231	699,83
471,445	747,83
471,659	951,83
471,873	893,83
472,087	828,83
472,301	959,83
472,515	830,83
472,728	867,83
472,942	860,83
473,156	911,83
473,37	911,83
473,584	892,83
473,798	927,83
474,011	861,83
474,225	1015,83
474,439	1031,83
474,653	973,83
474,866	935,83
475,08	887,83
475,294	983,83
475,507	910,83
475,721	927,83
475,935	1009,83
476,148	846,83
476,362	827,83
476,576	878,83
476,789	917,83
477,003	950,83
477,216	947,83
477,43	917,83
477,643	915,83
477,857	997,83
478,07	911,83
478,284	967,83
478,497	867,83
478,711	871,83
478,924	877,83
479,138	1095,83
479,351	854,83
479,564	871,83
479,778	847,83
479,991	931,83
480,204	747,83
480,418	1215,83
480,631	875,83
480,844	1043,83
481,058	967,83
481,271	882,83
481,484	972,83
481,697	885,83
481,911	874,83
482,124	882,83
482,337	967,83
482,55	815,83
482,763	821,83
482,976	966,83
483,19	910,83
483,403	918,83
483,616	983,83
483,829	929,83
484,042	911,83
484,255	828,83
484,468	938,83
484,681	919,83
484,894	910,83
485,107	1007,83
485,32	878,83
485,533	863,83
485,746	983,83
485,959	863,83
486,172	934,83
486,385	791,83
486,598	982,83
486,81	871,83
487,023	908,83
487,236	1028,83
487,449	892,83
487,662	1014,83
487,875	941,83
488,087	972,83
488,3	1011,83
488,513	831,83
488,726	895,83
488,938	898,83
489,151	941,83
489,364	847,83
489,576	946,83
489,789	931,83
490,002	951,83
490,214	983,83
490,427	765,83
490,64	911,83
490,852	966,83
491,065	863,83
491,277	967,83
491,49	1007,83
491,702	788,83
491,915	973,83
492,127	845,83
492,34	903,83
492,552	900,83
492,765	983,83
492,977	1109,83
493,19	941,83
493,402	957,83
493,614	911,83
493,827	916,83
494,039	895,83
494,251	805,83
494,464	1039,83
494,676	815,83
494,888	957,83
495,101	945,83
495,313	910,83
495,525	894,83
495,737	1014,83
495,95	917,83
496,162	919,83
496,374	879,83
496,586	853,83
496,798	1087,83
497,01	839,83
497,222	915,83
497,435	1085,83
497,647	956,83
497,859	838,83
498,071	972,83
498,283	981,83
498,495	903,83
498,707	1037,83
498,919	839,83
499,131	991,83
499,343	834,83
499,555	855,83
499,767	970,83
499,979	895,83
500,191	1036,83
500,402	813,83
500,614	978,83
500,826	940,83
501,038	902,83
501,25	1031,83
501,462	886,83
501,673	959,83
501,885	932,83
502,097	1005,83
502,309	926,83
502,521	1005,83
502,732	855,83
502,944	854,83
503,156	836,83
503,367	903,83
503,579	855,83
503,791	867,83
504,002	917,83
504,214	1036,83
504,425	1189,83
504,637	1069,83
504,849	863,83
505,06	967,83
505,272	999,83
505,483	926,83
505,695	868,83
505,906	863,83
506,118	943,83
506,329	1022,83
506,541	727,83
506,752	999,83
506,963	852,83
507,175	847,83
507,386	1093,83
507,598	967,83
507,809	798,83
508,02	927,83
508,232	999,83
508,443	804,83
508,654	1150,83
508,865	998,83
509,077	867,83
509,288	863,83
509,499	1055,83
509,71	887,83
509,922	941,83
510,133	919,83
510,344	1015,83
510,555	998,83
510,766	942,83
510,977	945,83
511,188	954,83
511,4	911,83
511,611	911,83
511,822	963,83
512,033	941,83
512,244	962,83
512,455	937,83
512,666	959,83
512,877	1037,83
513,088	911,83
513,299	957,83
513,51	999,83
513,721	911,83
513,931	1005,83
514,142	1117,83
514,353	1069,83
514,564	775,83
514,775	997,83
514,986	919,83
515,196	839,83
515,407	823,83
515,618	887,83
515,829	1119,83
516,04	938,83
516,25	895,83
516,461	882,83
516,672	956,83
516,882	872,83
517,093	991,83
517,304	847,83
517,514	823,83
517,725	1003,83
517,936	883,83
518,146	868,83
518,357	933,83
518,567	799,83
518,778	1060,83
518,988	895,83
519,199	1015,83
519,409	851,83
519,62	942,83
519,83	883,83
520,041	895,83
520,251	1007,83
520,462	910,83
520,672	999,83
520,882	967,83
521,093	935,83
521,303	1006,83
521,513	895,83
521,724	1455,83
521,934	822,83
522,144	947,83
522,355	878,83
522,565	955,83
522,775	911,83
522,985	887,83
523,196	692,83
523,406	839,83
523,616	972,83
523,826	894,83
524,036	1174,83
524,246	823,83
524,457	837,83
524,667	610,83
524,877	919,83
525,087	895,83
525,297	988,83
525,507	1018,83
525,717	807,83
525,927	943,83
526,137	887,83
526,347	925,83
526,557	823,83
526,767	951,83
526,977	1079,83
527,187	803,83
527,397	999,83
527,607	863,83
527,816	903,83
528,026	1075,83
528,236	911,83
528,446	929,83
528,656	932,83
528,865	1095,83
529,075	887,83
529,285	901,83
529,495	974,83
529,704	970,83
529,914	910,83
530,124	927,83
530,334	887,83
530,543	868,83
530,753	1130,83
530,963	1195,83
531,172	902,83
531,382	887,83
531,591	1095,83
531,801	807,83
532,01	852,83
532,22	941,83
532,43	935,83
532,639	999,83
532,849	1047,83
533,058	935,83
533,267	1022,83
533,477	1077,83
533,686	839,83
533,896	879,83
534,105	983,83
534,315	978,83
534,524	951,83
534,733	963,83
534,943	1079,83
535,152	999,83
535,361	919,83
535,57	875,83
535,78	899,83
535,989	932,83
536,198	916,83
536,407	919,83
536,617	930,83
536,826	965,83
537,035	955,83
537,244	915,83
537,453	823,83
537,662	935,83
537,872	1070,83
538,081	915,83
538,29	887,83
538,499	852,83
538,708	878,83
538,917	942,83
539,126	955,83
539,335	967,83
539,544	1292,83
539,753	871,83
539,962	915,83
540,171	999,83
540,38	951,83
540,589	659,83
540,797	1031,83
541,006	828,83
541,215	863,83
541,424	991,83
541,633	812,83
541,842	903,83
542,05	939,83
542,259	943,83
542,468	887,83
542,677	983,83
542,885	926,83
543,094	932,83
543,303	883,83
543,512	965,83
543,72	943,83
543,929	939,83
544,138	869,83
544,346	859,83
544,555	860,83
544,763	934,83
544,972	875,83
545,18	863,83
545,389	1015,83
545,598	887,83
545,806	1012,83
546,015	895,83
546,223	903,83
546,431	903,83
546,64	900,83
546,848	916,83
547,057	879,83
547,265	901,83
547,474	903,83
547,682	879,83
547,89	938,83
548,099	949,83
548,307	919,83
548,515	999,83
548,723	1015,83
548,932	927,83
549,14	908,83
549,348	1127,83
549,556	868,83
549,765	877,83
549,973	764,83
550,181	1187,83
550,389	988,83
550,597	1021,83
550,805	1062,83
551,014	1047,83
551,222	3814,83
551,43	807,83
551,638	903,83
551,846	1002,83
552,054	1023,83
552,262	1062,83
552,47	915,83
552,678	879,83
552,886	949,83
553,094	790,83
553,302	996,83
553,51	919,83
553,717	975,83
553,925	754,83
554,133	1079,83
554,341	798,83
554,549	930,83
554,757	919,83
554,965	839,83
555,172	956,83
555,38	1157,83
555,588	868,83
555,796	940,83
556,003	1027,83
556,211	903,83
556,419	965,83
556,626	975,83
556,834	898,83
557,042	940,83
557,249	959,83
557,457	908,83
557,664	804,83
557,872	1074,83
558,08	975,83
558,287	979,83
558,495	1005,83
558,702	795,83
558,91	727,83
559,117	847,83
559,325	879,83
559,532	703,83
559,74	951,83
559,947	915,83
560,154	1004,83
560,362	862,83
560,569	895,83
560,776	871,83
560,984	975,83
561,191	951,83
561,398	946,83
561,606	1171,83
561,813	967,83
562,02	791,83
562,227	863,83
562,435	933,83
562,642	991,83
562,849	965,83
563,056	903,83
563,263	927,83
563,471	1071,83
563,678	958,83
563,885	887,83
564,092	964,83
564,299	999,83
564,506	1002,83
564,713	930,83
564,92	910,83
565,127	1031,83
565,334	973,83
565,541	1137,83
565,748	911,83
565,955	959,83
566,162	879,83
566,369	978,83
566,576	1083,83
566,783	927,83
566,99	891,83
567,196	999,83
567,403	999,83
567,61	996,83
567,817	901,83
568,024	941,83
568,23	1067,83
568,437	903,83
568,644	917,83
568,851	880,83
569,057	1079,83
569,264	1031,83
569,471	855,83
569,677	934,83
569,884	975,83
570,091	1076,83
570,297	1665,83
570,504	1031,83
570,71	1003,83
570,917	943,83
571,123	839,83
571,33	1004,83
571,536	915,83
571,743	1086,83
571,949	855,83
572,156	895,83
572,362	1063,83
572,569	951,83
572,775	931,83
572,982	930,83
573,188	951,83
573,394	869,83
573,601	942,83
573,807	831,83
574,013	1051,83
574,22	975,83
574,426	895,83
574,632	996,83
574,838	943,83
575,045	1021,83
575,251	781,83
575,457	1043,83
575,663	1059,83
575,869	919,83
576,076	903,83
576,282	1095,83
576,488	919,83
576,694	838,83
576,9	796,83
577,106	855,83
577,312	902,83
577,518	977,83
577,724	919,83
577,93	971,83
578,136	868,83
578,342	946,83
578,548	935,83
578,754	899,83
578,96	935,83
579,166	926,83
579,372	1067,83
579,578	967,83
579,784	895,83
579,989	880,83
580,195	893,83
580,401	911,83
580,607	982,83
580,813	974,83
581,018	973,83
581,224	935,83
581,43	972,83
581,636	943,83
581,841	983,83
582,047	943,83
582,253	983,83
582,458	925,83
582,664	863,83
582,869	951,83
583,075	812,83
583,281	1138,83
583,486	979,83
583,692	615,83
583,897	995,83
584,103	870,83
584,308	974,83
584,514	1109,83
584,719	951,83
584,925	959,83
585,13	919,83
585,335	1094,83
585,541	1013,83
585,746	967,83
585,952	903,83
586,157	935,83
586,362	863,83
586,568	933,83
586,773	978,83
586,978	845,83
587,183	919,83
587,389	950,83
587,594	919,83
587,799	1015,83
588,004	1029,83
588,21	982,83
588,415	855,83
588,62	967,83
588,825	1042,83
589,03	927,83
589,235	1235,83
589,44	1044,83
589,645	895,83
589,85	998,83
590,055	1060,83
590,26	917,83
590,465	951,83
590,67	958,83
590,875	1061,83
591,08	1028,83
591,285	983,83
591,49	972,83
591,695	942,83
591,9	918,83
592,105	862,83
592,31	1052,83
592,515	1115,83
592,719	903,83
592,924	1023,83
593,129	973,83
593,334	1205,83
593,539	870,83
593,743	1116,83
593,948	931,83
594,153	943,83
594,357	1091,83
594,562	871,83
594,767	1233,83
594,971	837,83
595,176	951,83
595,381	1023,83
595,585	930,83
595,79	1051,83
595,994	895,83
596,199	1271,83
596,403	743,83
596,608	879,83
596,812	891,83
597,017	1045,83
597,221	1078,83
597,426	1060,83
597,63	878,83
597,835	846,83
598,039	834,83
598,243	871,83
598,448	1119,83
598,652	935,83
598,856	955,83
599,061	1059,83
599,265	925,83
599,469	853,83
599,673	1003,83
599,878	1007,83
600,082	883,83
600,286	967,83
600,49	1007,83
600,695	1015,83
600,899	946,83
601,103	1030,83
601,307	1020,83
601,511	877,83
601,715	823,83
601,919	807,83
602,123	1095,83
602,327	916,83
602,531	855,83
602,735	1036,83
602,939	988,83
603,143	901,83
603,347	967,83
603,551	948,83
603,755	954,83
603,959	924,83
604,163	999,83
604,367	911,83
604,571	948,83
604,775	973,83
604,978	975,83
605,182	931,83
605,386	951,83
605,59	1047,83
605,793	919,83
605,997	1023,83
606,201	1095,83
606,405	935,83
606,608	1020,83
606,812	931,83
607,016	1015,83
607,219	887,83
607,423	893,83
607,627	1062,83
607,83	932,83
608,034	854,83
608,237	964,83
608,441	855,83
608,644	1013,83
608,848	997,83
609,051	989,83
609,255	676,83
609,458	945,83
609,662	915,83
609,865	975,83
610,069	823,83
610,272	871,83
610,475	679,83
610,679	945,83
610,882	870,83
611,085	966,83
611,289	975,83
611,492	879,83
611,695	903,83
611,898	927,83
612,102	1100,83
612,305	934,83
612,508	938,83
612,711	1043,83
612,914	903,83
613,118	955,83
613,321	961,83
613,524	853,83
613,727	918,83
613,93	887,83
614,133	991,83
614,336	949,83
614,539	947,83
614,742	850,83
614,945	911,83
615,148	1013,83
615,351	903,83
615,554	1015,83
615,757	903,83
615,96	978,83
616,163	933,83
616,366	1015,83
616,569	870,83
616,772	1021,83
616,974	995,83
617,177	1019,83
617,38	939,83
617,583	868,83
617,786	932,83
617,988	892,83
618,191	959,83
618,394	801,83
618,596	863,83
618,799	807,83
619,002	970,83
619,204	990,83
619,407	1059,83
619,61	823,83
619,812	941,83
620,015	939,83
620,217	1039,83
620,42	887,83
620,623	930,83
620,825	942,83
621,028	1043,83
621,23	1029,83
621,432	967,83
621,635	1015,83
621,837	959,83
622,04	950,83
622,242	935,83
622,445	947,83
622,647	975,83
622,849	996,83
623,052	702,83
623,254	996,83
623,456	781,83
623,658	1099,83
623,861	989,83
624,063	909,83
624,265	941,83
624,467	1015,83
624,67	766,83
624,872	1015,83
625,074	1085,83
625,276	1023,83
625,478	1021,83
625,68	836,83
625,882	895,83
626,084	1055,83
626,287	1159,83
626,489	1015,83
626,691	855,83
626,893	972,83
627,095	935,83
627,297	935,83
627,499	1110,83
627,7	778,83
627,902	871,83
628,104	877,83
628,306	908,83
628,508	871,83
628,71	931,83
628,912	899,83
629,114	1103,83
629,315	983,83
629,517	903,83
629,719	871,83
629,921	946,83
630,122	1023,83
630,324	799,83
630,526	1015,83
630,728	981,83
630,929	851,83
631,131	855,83
631,332	1119,83
631,534	1085,83
631,736	989,83
631,937	887,83
632,139	1011,83
632,34	962,83
632,542	1031,83
632,743	1022,83
632,945	949,83
633,146	974,83
633,348	964,83
633,549	967,83
633,751	887,83
633,952	951,83
634,154	835,83
634,355	852,83
634,556	868,83
634,758	831,83
634,959	891,83
635,16	1043,83
635,362	955,83
635,563	955,83
635,764	924,83
635,965	919,83
636,167	939,83
636,368	804,83
636,569	956,83
636,77	1015,83
636,971	818,83
637,172	1227,83
637,374	844,83
637,575	1039,83
637,776	831,83
637,977	839,83
638,178	964,83
638,379	959,83
638,58	988,83
638,781	759,83
638,982	959,83
639,183	915,83
639,384	910,83
639,585	919,83
639,786	835,83
639,987	903,83
640,187	983,83
640,388	1006,83
640,589	883,83
640,79	899,83
640,991	948,83
641,192	1015,83
641,392	863,83
641,593	895,83
641,794	807,83
641,995	871,83
642,195	812,83
642,396	879,83
642,597	774,83
642,797	887,83
642,998	942,83
643,199	836,83
643,399	999,83
643,6	1021,83
643,8	795,83
644,001	911,83
644,202	1130,83
644,402	799,83
644,603	1030,83
644,803	874,83
645,004	941,83
645,204	815,83
645,404	862,83
645,605	1174,83
645,805	813,83
646,006	821,83
646,206	1186,83
646,406	887,83
646,607	828,83
646,807	831,83
647,007	31,83
647,208	-41,17
647,408	-3,17
647,608	-10,17
