200,697	948,33
200,927	61,33
201,158	-74,67
201,388	66,33
201,618	1040,33
201,849	958,33
202,079	1022,33
202,309	967,33
202,539	1061,33
202,77	911,33
203	940,33
203,23	986,33
203,46	970,33
203,691	1047,33
203,921	1056,33
204,151	1134,33
204,381	939,33
204,611	1048,33
204,841	1002,33
205,071	929,33
205,302	961,33
205,532	1065,33
205,762	2778,33
205,992	971,33
206,222	989,33
206,452	1045,33
206,682	994,33
206,912	1193,33
207,142	1062,33
207,372	1033,33
207,602	935,33
207,832	1011,33
208,062	1029,33
208,292	1062,33
208,522	926,33
208,752	1045,33
208,982	1029,33
209,212	1150,33
209,442	982,33
209,672	986,33
209,902	1068,33
210,131	1036,33
210,361	994,33
210,591	753,33
210,821	974,33
211,051	1084,33
211,281	770,33
211,51	1017,33
211,74	1076,33
211,97	996,33
212,2	1115,33
212,429	1280,33
212,659	1076,33
212,889	1034,33
213,119	971,33
213,348	966,33
213,578	1150,33
213,808	890,33
214,037	1206,33
214,267	963,33
214,497	1072,33
214,726	966,33
214,956	1091,33
215,186	1036,33
215,415	1053,33
215,645	1064,33
215,874	1114,33
216,104	950,33
216,333	1054,33
216,563	1102,33
216,792	1057,33
217,022	1101,33
217,251	1061,33
217,481	992,33
217,71	1138,33
217,94	1001,33
218,169	1090,33
218,399	1106,33
218,628	1036,33
218,858	1166,33
219,087	1080,33
219,316	1093,33
219,546	1093,33
219,775	1100,33
220,004	1140,33
220,234	952,33
220,463	1059,33
220,692	1084,33
220,922	1252,33
221,151	1115,33
221,38	1049,33
221,61	1340,33
221,839	1260,33
222,068	1094,33
222,297	1206,33
222,526	1153,33
222,756	1120,33
222,985	1130,33
223,214	1129,33
223,443	1104,33
223,672	1403,33
223,902	1035,33
224,131	1134,33
224,36	1228,33
224,589	974,33
224,818	1074,33
225,047	1162,33
225,276	1012,33
225,505	1275,33
225,734	1155,33
225,963	1013,33
226,192	1097,33
226,421	1067,33
226,65	1062,33
226,879	1230,33
227,108	1221,33
227,337	1089,33
227,566	1259,33
227,795	1128,33
228,024	1165,33
228,253	1115,33
228,482	1059,33
228,711	1211,33
228,94	1056,33
229,168	1179,33
229,397	1145,33
229,626	1018,33
229,855	1137,33
230,084	1082,33
230,313	986,33
230,541	1282,33
230,77	1133,33
230,999	1123,33
231,228	1370,33
231,456	1227,33
231,685	1214,33
231,914	1227,33
232,143	1230,33
232,371	1268,33
232,6	1194,33
232,829	1233,33
233,057	1612,33
233,286	1234,33
233,515	1230,33
233,743	1213,33
233,972	1076,33
234,2	1273,33
234,429	1204,33
234,658	1304,33
234,886	1185,33
235,115	1264,33
235,343	1346,33
235,572	1239,33
235,8	1372,33
236,029	1488,33
236,257	1220,33
236,486	1358,33
236,714	1443,33
236,943	1378,33
237,171	1289,33
237,399	1342,33
237,628	1392,33
237,856	1406,33
238,085	1377,33
238,313	1288,33
238,541	1358,33
238,77	1581,33
238,998	1223,33
239,226	1512,33
239,455	1418,33
239,683	1443,33
239,911	1583,33
240,14	1488,33
240,368	1582,33
240,596	1436,33
240,824	1465,33
241,053	1380,33
241,281	1278,33
241,509	1492,33
241,737	1422,33
241,965	1347,33
242,193	1398,33
242,422	1374,33
242,65	1324,33
242,878	1505,33
243,106	1516,33
243,334	1466,33
243,562	1605,33
243,79	1551,33
244,018	1652,33
244,246	1554,33
244,474	1534,33
244,702	1483,33
244,93	1523,33
245,158	1542,33
245,386	1459,33
245,614	1646,33
245,842	1695,33
246,07	1567,33
246,298	1546,33
246,526	2033,33
246,754	1536,33
246,982	1595,33
247,21	1746,33
247,438	1653,33
247,666	1633,33
247,893	1589,33
248,121	1581,33
248,349	1614,33
248,577	1762,33
248,805	1827,33
249,033	1619,33
249,26	1685,33
249,488	1564,33
249,716	1721,33
249,944	1643,33
250,171	1704,33
250,399	1672,33
250,627	1630,33
250,854	1791,33
251,082	1608,33
251,31	1763,33
251,537	1780,33
251,765	1918,33
251,993	1779,33
252,22	1987,33
252,448	1766,33
252,676	1882,33
252,903	1819,33
253,131	2053,33
253,358	1780,33
253,586	1733,33
253,813	1695,33
254,041	1924,33
254,268	1853,33
254,496	1807,33
254,723	1814,33
254,951	1870,33
255,178	1922,33
255,406	1838,33
255,633	1827,33
255,86	2075,33
256,088	1858,33
256,315	1841,33
256,543	1948,33
256,77	1894,33
256,997	1931,33
257,225	1923,33
257,452	1877,33
257,679	1912,33
257,907	1998,33
258,134	1980,33
258,361	1966,33
258,588	1891,33
258,816	2014,33
259,043	1732,33
259,27	1937,33
259,497	2039,33
259,725	1911,33
259,952	1936,33
260,179	2070,33
260,406	1961,33
260,633	1980,33
260,86	1888,33
261,088	1957,33
261,315	2104,33
261,542	1792,33
261,769	2053,33
261,996	2114,33
262,223	1947,33
262,45	2200,33
262,677	1891,33
262,904	1950,33
263,131	2076,33
263,358	2012,33
263,585	1992,33
263,812	2222,33
264,039	2133,33
264,266	1980,33
264,493	2049,33
264,72	1942,33
264,947	2054,33
265,174	2163,33
265,401	2153,33
265,627	2126,33
265,854	2072,33
266,081	2039,33
266,308	1994,33
266,535	2013,33
266,762	1990,33
266,988	2008,33
267,215	2040,33
267,442	2091,33
267,669	2068,33
267,896	2154,33
268,122	2156,33
268,349	2063,33
268,576	2094,33
268,802	1942,33
269,029	2023,33
269,256	2034,33
269,482	1995,33
269,709	1899,33
269,936	2097,33
270,162	2104,33
270,389	2016,33
270,616	2051,33
270,842	2098,33
271,069	2068,33
271,295	2015,33
271,522	2015,33
271,748	2052,33
271,975	2096,33
272,201	2182,33
272,428	2070,33
272,654	2082,33
272,881	2338,33
273,107	2097,33
273,334	2091,33
273,56	2204,33
273,787	2016,33
274,013	2154,33
274,239	2352,33
274,466	2109,33
274,692	2218,33
274,918	2193,33
275,145	2233,33
275,371	2158,33
275,597	2362,33
275,824	2199,33
276,05	2190,33
276,276	2306,33
276,503	2145,33
276,729	2147,33
276,955	1931,33
277,181	2194,33
277,407	2134,33
277,634	2258,33
277,86	2162,33
278,086	2238,33
278,312	2221,33
278,538	2151,33
278,764	2262,33
278,991	2136,33
279,217	2138,33
279,443	2108,33
279,669	2187,33
279,895	2283,33
280,121	2196,33
280,347	2216,33
280,573	2508,33
280,799	2216,33
281,025	2488,33
281,251	2228,33
281,477	2439,33
281,703	2243,33
281,929	2254,33
282,155	2382,33
282,381	2443,33
282,607	2437,33
282,833	2407,33
283,059	2421,33
283,285	2394,33
283,51	2465,33
283,736	2266,33
283,962	2470,33
284,188	2442,33
284,414	2483,33
284,64	2449,33
284,865	2478,33
285,091	2460,33
285,317	2477,33
285,543	2578,33
285,768	2516,33
285,994	2546,33
286,22	2570,33
286,446	2630,33
286,671	2412,33
286,897	2578,33
287,123	2520,33
287,348	2729,33
287,574	2853,33
287,799	2678,33
288,025	2588,33
288,251	2709,33
288,476	2876,33
288,702	2634,33
288,927	2550,33
289,153	2514,33
289,378	2787,33
289,604	2711,33
289,829	2626,33
290,055	2560,33
290,28	2663,33
290,506	2800,33
290,731	2684,33
290,957	2710,33
291,182	2728,33
291,408	2762,33
291,633	2717,33
291,858	2640,33
292,084	2740,33
292,309	2634,33
292,535	2721,33
292,76	2808,33
292,985	2771,33
293,211	2727,33
293,436	2647,33
293,661	2621,33
293,886	2775,33
294,112	2801,33
294,337	2746,33
294,562	2665,33
294,787	2838,33
295,013	2811,33
295,238	2735,33
295,463	2787,33
295,688	2961,33
295,913	2899,33
296,138	2681,33
296,364	2630,33
296,589	2759,33
296,814	2632,33
297,039	2730,33
297,264	2714,33
297,489	2614,33
297,714	2770,33
297,939	2606,33
298,164	2662,33
298,389	2857,33
298,614	2693,33
298,839	2784,33
299,064	2807,33
299,289	2889,33
299,514	2792,33
299,739	2942,33
299,964	2801,33
300,189	2788,33
300,414	2902,33
300,639	3020,33
300,863	2881,33
301,088	3141,33
301,313	2929,33
301,538	2942,33
301,763	2889,33
301,988	2938,33
302,212	2949,33
302,437	3237,33
302,662	2946,33
302,887	2894,33
303,111	3058,33
303,336	2920,33
303,561	3006,33
303,786	2902,33
304,01	2979,33
304,235	3014,33
304,46	2837,33
304,684	2840,33
304,909	2924,33
305,134	2941,33
305,358	2941,33
305,583	2891,33
305,807	3048,33
306,032	2764,33
306,256	2603,33
306,481	2842,33
306,706	2806,33
306,93	2768,33
307,155	3032,33
307,379	2896,33
307,604	2926,33
307,828	2992,33
308,052	3063,33
308,277	2987,33
308,501	3000,33
308,726	2903,33
308,95	3106,33
309,175	2881,33
309,399	3093,33
309,623	2963,33
309,848	2894,33
310,072	2862,33
310,296	3268,33
310,521	2908,33
310,745	2968,33
310,969	3218,33
311,193	3070,33
311,418	3098,33
311,642	2981,33
311,866	3027,33
312,09	2941,33
312,315	3014,33
312,539	3063,33
312,763	2926,33
312,987	3039,33
313,211	3006,33
313,435	3080,33
313,659	3006,33
313,884	3198,33
314,108	3091,33
314,332	3239,33
314,556	2902,33
314,78	3215,33
315,004	3118,33
315,228	3134,33
315,452	3053,33
315,676	3195,33
315,9	3055,33
316,124	2878,33
316,348	2986,33
316,572	3102,33
316,796	3085,33
317,02	2885,33
317,244	3070,33
317,468	2856,33
317,691	3121,33
317,915	3010,33
318,139	2881,33
318,363	3116,33
318,587	3057,33
318,811	2851,33
319,034	2870,33
319,258	3037,33
319,482	3044,33
319,706	2973,33
319,93	2920,33
320,153	2933,33
320,377	2932,33
320,601	2889,33
320,824	2795,33
321,048	3092,33
321,272	3025,33
321,495	2904,33
321,719	3030,33
321,943	2936,33
322,166	2983,33
322,39	2983,33
322,614	3001,33
322,837	2993,33
323,061	2857,33
323,284	3035,33
323,508	2982,33
323,731	2736,33
323,955	2939,33
324,178	2741,33
324,402	2994,33
324,625	2920,33
324,849	2755,33
325,072	3120,33
325,296	2958,33
325,519	2936,33
325,743	3039,33
325,966	3035,33
326,189	3076,33
326,413	2866,33
326,636	3205,33
326,859	2887,33
327,083	3132,33
327,306	2866,33
327,529	3114,33
327,753	2746,33
327,976	3036,33
328,199	2981,33
328,422	2902,33
328,646	2924,33
328,869	2784,33
329,092	2956,33
329,315	3033,33
329,538	2846,33
329,762	2967,33
329,985	2885,33
330,208	2857,33
330,431	2939,33
330,654	2930,33
330,877	3025,33
331,1	2985,33
331,323	2870,33
331,546	3062,33
331,769	3001,33
331,993	2893,33
332,216	2984,33
332,439	2777,33
332,662	2973,33
332,885	2886,33
333,107	2989,33
333,33	2825,33
333,553	3107,33
333,776	2899,33
333,999	2991,33
334,222	2950,33
334,445	2744,33
334,668	3006,33
334,891	3003,33
335,114	2831,33
335,336	2848,33
335,559	2996,33
335,782	3167,33
336,005	2861,33
336,228	2877,33
336,45	2907,33
336,673	2927,33
336,896	2761,33
337,119	3018,33
337,341	2792,33
337,564	2892,33
337,787	2932,33
338,009	2958,33
338,232	2964,33
338,455	2986,33
338,677	2917,33
338,9	2955,33
339,122	2963,33
339,345	2734,33
339,568	2761,33
339,79	2882,33
340,013	2996,33
340,235	2947,33
340,458	2811,33
340,68	2924,33
340,903	2834,33
341,125	2814,33
341,348	2860,33
341,57	2781,33
341,793	3024,33
342,015	2727,33
342,238	3040,33
342,46	2821,33
342,682	2956,33
342,905	2778,33
343,127	2833,33
343,349	2757,33
343,572	3038,33
343,794	2736,33
344,016	2794,33
344,239	2758,33
344,461	2659,33
344,683	2708,33
344,905	2712,33
345,128	2801,33
345,35	2869,33
345,572	2937,33
345,794	2956,33
346,017	2857,33
346,239	2843,33
346,461	2808,33
346,683	2774,33
346,905	2973,33
347,127	2883,33
347,349	2869,33
347,571	2903,33
347,793	2986,33
348,016	2872,33
348,238	2858,33
348,46	2845,33
348,682	2835,33
348,904	2894,33
349,126	2949,33
349,348	2913,33
349,57	2838,33
349,792	2898,33
350,014	2910,33
350,235	2794,33
350,457	3522,33
350,679	2869,33
350,901	2786,33
351,123	2829,33
351,345	2801,33
351,567	2619,33
351,789	2693,33
352,01	2925,33
352,232	2868,33
352,454	2731,33
352,676	2906,33
352,897	2547,33
353,119	2687,33
353,341	2784,33
353,563	2602,33
353,784	2750,33
354,006	2695,33
354,228	2732,33
354,449	2795,33
354,671	2924,33
354,893	2896,33
355,114	2842,33
355,336	2761,33
355,558	2925,33
355,779	2727,33
356,001	2817,33
356,222	2851,33
356,444	2773,33
356,665	3041,33
356,887	2844,33
357,108	2848,33
357,33	2794,33
357,551	2912,33
357,773	2877,33
357,994	2854,33
358,216	2761,33
358,437	2989,33
358,659	2896,33
358,88	2838,33
359,101	2843,33
359,323	2898,33
359,544	2814,33
359,765	2711,33
359,987	2840,33
360,208	2892,33
360,429	2846,33
360,651	2739,33
360,872	3014,33
361,093	2797,33
361,314	2838,33
361,536	2843,33
361,757	2849,33
361,978	2793,33
362,199	2618,33
362,42	2647,33
362,642	2828,33
362,863	2926,33
363,084	2702,33
363,305	2885,33
363,526	2727,33
363,747	2669,33
363,968	2777,33
364,189	2876,33
364,41	2749,33
364,631	2561,33
364,852	2730,33
365,073	2662,33
365,294	2796,33
365,515	2735,33
365,736	2796,33
365,957	2821,33
366,178	2791,33
366,399	2877,33
366,62	2847,33
366,841	2848,33
367,062	2831,33
367,283	2814,33
367,504	3059,33
367,724	2790,33
367,945	2785,33
368,166	2996,33
368,387	2890,33
368,608	2872,33
368,828	2975,33
369,049	2783,33
369,27	2850,33
369,491	2820,33
369,711	2978,33
369,932	3032,33
370,153	2912,33
370,373	2958,33
370,594	2978,33
370,815	2904,33
371,035	3052,33
371,256	2772,33
371,477	3019,33
371,697	2858,33
371,918	2867,33
372,138	2846,33
372,359	3030,33
372,579	2893,33
372,8	2799,33
373,02	2911,33
373,241	2921,33
373,461	2938,33
373,682	2912,33
373,902	3116,33
374,123	2857,33
374,343	3092,33
374,564	2889,33
374,784	2934,33
375,004	2987,33
375,225	2829,33
375,445	2877,33
375,666	3027,33
375,886	2794,33
376,106	2823,33
376,326	2873,33
376,547	3052,33
376,767	3056,33
376,987	2889,33
377,208	3003,33
377,428	2961,33
377,648	3086,33
377,868	3102,33
378,088	3264,33
378,309	3207,33
378,529	3183,33
378,749	3178,33
378,969	3096,33
379,189	3032,33
379,409	3064,33
379,629	3154,33
379,849	3146,33
380,069	3160,33
380,29	3097,33
380,51	3022,33
380,73	3180,33
380,95	3281,33
381,17	2962,33
381,39	3140,33
381,61	2950,33
381,829	3192,33
382,049	3033,33
382,269	3099,33
382,489	3081,33
382,709	3043,33
382,929	3114,33
383,149	3065,33
383,369	3338,33
383,589	3032,33
383,808	3126,33
384,028	3068,33
384,248	3184,33
384,468	3139,33
384,688	3098,33
384,907	3157,33
385,127	3106,33
385,347	3300,33
385,567	3214,33
385,786	3411,33
386,006	3195,33
386,226	3320,33
386,445	3283,33
386,665	3368,33
386,885	3481,33
387,104	3390,33
387,324	3420,33
387,543	3438,33
387,763	3498,33
387,982	3524,33
388,202	3448,33
388,422	3473,33
388,641	3390,33
388,861	3470,33
389,08	3497,33
389,3	3333,33
389,519	3534,33
389,738	3629,33
389,958	3414,33
390,177	3554,33
390,397	3634,33
390,616	3577,33
390,836	3582,33
391,055	3650,33
391,274	3559,33
391,494	3609,33
391,713	3582,33
391,932	3684,33
392,151	3778,33
392,371	3630,33
392,59	3805,33
392,809	3829,33
393,029	3788,33
393,248	3623,33
393,467	3473,33
393,686	3547,33
393,905	4361,33
394,124	3513,33
394,344	3686,33
394,563	3675,33
394,782	3592,33
395,001	3623,33
395,22	3602,33
395,439	3609,33
395,658	3555,33
395,877	3706,33
396,096	3614,33
396,315	3793,33
396,534	3774,33
396,753	3830,33
396,972	3851,33
397,191	3868,33
397,41	4123,33
397,629	3986,33
397,848	3943,33
398,067	4038,33
398,286	3986,33
398,505	3931,33
398,724	3988,33
398,943	4413,33
399,161	3832,33
399,38	3803,33
399,599	3682,33
399,818	3773,33
400,037	3692,33
400,255	3712,33
400,474	3659,33
400,693	3760,33
400,912	3721,33
401,13	3661,33
401,349	3703,33
401,568	3477,33
401,786	3654,33
402,005	3611,33
402,224	3459,33
402,442	3556,33
402,661	3531,33
402,88	3534,33
403,098	3476,33
403,317	3529,33
403,535	3530,33
403,754	3444,33
403,972	3563,33
404,191	3427,33
404,409	3593,33
404,628	4168,33
404,846	3684,33
405,065	3691,33
405,283	3689,33
405,502	3586,33
405,72	3610,33
405,938	3495,33
406,157	3415,33
406,375	3370,33
406,594	3246,33
406,812	3365,33
407,03	3385,33
407,249	3260,33
407,467	3516,33
407,685	3505,33
407,903	3438,33
408,122	3459,33
408,34	3563,33
408,558	3255,33
408,776	3528,33
408,995	3406,33
409,213	3385,33
409,431	3645,33
409,649	3532,33
409,867	3473,33
410,085	3411,33
410,303	3408,33
410,522	3127,33
410,74	3378,33
410,958	3335,33
411,176	3421,33
411,394	3416,33
411,612	3339,33
411,83	3567,33
412,048	3449,33
412,266	3465,33
412,484	3445,33
412,702	3620,33
412,92	3377,33
413,138	3306,33
413,356	3385,33
413,573	3388,33
413,791	3518,33
414,009	3324,33
414,227	3382,33
414,445	3260,33
414,663	3210,33
414,881	3301,33
415,098	3320,33
415,316	3238,33
415,534	3504,33
415,752	3397,33
415,969	3376,33
416,187	3211,33
416,405	3239,33
416,623	3402,33
416,84	3157,33
417,058	3273,33
417,276	3596,33
417,493	3262,33
417,711	3281,33
417,928	3384,33
418,146	3155,33
418,364	3450,33
418,581	3222,33
418,799	3206,33
419,016	3181,33
419,234	3278,33
419,451	3657,33
419,669	3675,33
419,886	3320,33
420,104	3260,33
420,321	3364,33
420,539	3491,33
420,756	3670,33
420,974	3580,33
421,191	3534,33
421,408	3646,33
421,626	3657,33
421,843	3553,33
422,06	3537,33
422,278	3378,33
422,495	3510,33
422,712	3460,33
422,93	3435,33
423,147	3513,33
423,364	3352,33
423,581	3429,33
423,799	3273,33
424,016	3370,33
424,233	3326,33
424,45	3413,33
424,667	3575,33
424,884	3390,33
425,102	3481,33
425,319	3181,33
425,536	3234,33
425,753	3296,33
425,97	3202,33
426,187	3429,33
426,404	3270,33
426,621	3602,33
426,838	3370,33
427,055	3285,33
427,272	3457,33
427,489	3426,33
427,706	3295,33
427,923	3262,33
428,14	3303,33
428,357	3600,33
428,574	3446,33
428,791	3550,33
429,008	3668,33
429,224	3622,33
429,441	3620,33
429,658	3836,33
429,875	3981,33
430,092	3760,33
430,308	3753,33
430,525	3736,33
430,742	3580,33
430,959	3526,33
431,175	3157,33
431,392	3170,33
431,609	3266,33
431,826	3151,33
432,042	3004,33
432,259	3072,33
432,476	3345,33
432,692	3112,33
432,909	3275,33
433,125	3505,33
433,342	3443,33
433,559	3595,33
433,775	3254,33
433,992	3308,33
434,208	3140,33
434,425	3179,33
434,641	3371,33
434,858	3404,33
435,074	3330,33
435,291	3219,33
435,507	3289,33
435,723	3257,33
435,94	3320,33
436,156	3361,33
436,373	3428,33
436,589	3345,33
436,805	3303,33
437,022	3195,33
437,238	3252,33
437,454	3245,33
437,671	3318,33
437,887	3276,33
438,103	3284,33
438,319	3358,33
438,536	3347,33
438,752	3345,33
438,968	3382,33
439,184	3221,33
439,4	3214,33
439,616	3140,33
439,833	3338,33
440,049	3177,33
440,265	3492,33
440,481	3486,33
440,697	3561,33
440,913	3795,33
441,129	3704,33
441,345	3743,33
441,561	3614,33
441,777	3530,33
441,993	3480,33
442,209	3390,33
442,425	3516,33
442,641	3428,33
442,857	3714,33
443,073	3605,33
443,289	3578,33
443,505	3693,33
443,721	3534,33
443,937	3480,33
444,152	3434,33
444,368	3408,33
444,584	3499,33
444,8	3660,33
445,016	3400,33
445,231	3466,33
445,447	3580,33
445,663	3537,33
445,879	3393,33
446,094	3556,33
446,31	3545,33
446,526	3518,33
446,742	3438,33
446,957	3368,33
447,173	3275,33
447,388	3453,33
447,604	3501,33
447,82	3326,33
448,035	3413,33
448,251	3406,33
448,466	3480,33
448,682	3302,33
448,897	3432,33
449,113	3290,33
449,328	3502,33
449,544	3277,33
449,759	3617,33
449,975	3265,33
450,19	3276,33
450,406	3291,33
450,621	3269,33
450,836	3324,33
451,052	3277,33
451,267	3229,33
451,483	3276,33
451,698	3248,33
451,913	3223,33
452,129	3390,33
452,344	3172,33
452,559	3388,33
452,774	3237,33
452,99	3122,33
453,205	3245,33
453,42	3214,33
453,635	3210,33
453,85	3050,33
454,066	3236,33
454,281	3161,33
454,496	3210,33
454,711	3309,33
454,926	3307,33
455,141	3206,33
455,356	3140,33
455,571	2995,33
455,786	3324,33
456,001	2984,33
456,217	3043,33
456,432	3204,33
456,647	3244,33
456,861	3301,33
457,076	3254,33
457,291	3377,33
457,506	3246,33
457,721	3356,33
457,936	3346,33
458,151	3050,33
458,366	3573,33
458,581	3307,33
458,796	3484,33
459,01	3389,33
459,225	3398,33
459,44	3208,33
459,655	3451,33
459,87	3134,33
460,084	3274,33
460,299	3245,33
460,514	3302,33
460,729	3612,33
460,943	3251,33
461,158	3070,33
461,373	3212,33
461,587	3089,33
461,802	2932,33
462,016	3099,33
462,231	2930,33
462,446	2954,33
462,66	3154,33
462,875	3065,33
463,089	3189,33
463,304	3269,33
463,518	3266,33
463,733	3313,33
463,947	3276,33
464,162	3364,33
464,376	3440,33
464,591	3567,33
464,805	3401,33
465,02	3619,33
465,234	3760,33
465,448	3824,33
465,663	3561,33
465,877	3457,33
466,091	3243,33
466,306	3374,33
466,52	3304,33
466,734	3158,33
466,949	3086,33
467,163	3261,33
467,377	2992,33
467,591	3225,33
467,806	3234,33
468,02	3035,33
468,234	3040,33
468,448	3074,33
468,662	2990,33
468,876	3341,33
469,091	2808,33
469,305	2968,33
469,519	2874,33
469,733	2776,33
469,947	2826,33
470,161	2956,33
470,375	2732,33
470,589	2900,33
470,803	2852,33
471,017	2948,33
471,231	2880,33
471,445	2841,33
471,659	2900,33
471,873	2916,33
472,087	2931,33
472,301	3053,33
472,515	2880,33
472,728	3035,33
472,942	3060,33
473,156	3088,33
473,37	3053,33
473,584	3018,33
473,798	3056,33
474,011	3123,33
474,225	2904,33
474,439	3196,33
474,653	3281,33
474,866	3220,33
475,08	3215,33
475,294	3237,33
475,507	3109,33
475,721	3150,33
475,935	3118,33
476,148	2723,33
476,362	2998,33
476,576	2924,33
476,789	3095,33
477,003	3091,33
477,216	3158,33
477,43	3161,33
477,643	3171,33
477,857	3177,33
478,07	3228,33
478,284	3211,33
478,497	3049,33
478,711	3219,33
478,924	3110,33
479,138	3158,33
479,351	3294,33
479,564	3258,33
479,778	3433,33
479,991	3256,33
480,204	3153,33
480,418	3446,33
480,631	3262,33
480,844	3468,33
481,058	3329,33
481,271	3524,33
481,484	3515,33
481,697	3390,33
481,911	3353,33
482,124	3296,33
482,337	3345,33
482,55	3261,33
482,763	3266,33
482,976	3054,33
483,19	3361,33
483,403	3200,33
483,616	3543,33
483,829	3650,33
484,042	3618,33
484,255	3664,33
484,468	3760,33
484,681	3763,33
484,894	4770,33
485,107	7911,33
485,32	10184,33
485,533	9899,33
485,746	9054,33
485,959	7836,33
486,172	6451,33
486,385	4856,33
486,598	4362,33
486,81	3914,33
487,023	3685,33
487,236	3646,33
487,449	3551,33
487,662	3396,33
487,875	3264,33
488,087	3322,33
488,3	3371,33
488,513	3115,33
488,726	3186,33
488,938	3310,33
489,151	3422,33
489,364	3303,33
489,576	3319,33
489,789	3291,33
490,002	3182,33
490,214	3323,33
490,427	3228,33
490,64	3284,33
490,852	3225,33
491,065	3148,33
491,277	3310,33
491,49	3233,33
491,702	3101,33
491,915	3309,33
492,127	3258,33
492,34	3322,33
492,552	3278,33
492,765	3314,33
492,977	3414,33
493,19	3278,33
493,402	3358,33
493,614	3284,33
493,827	3297,33
494,039	3211,33
494,251	3342,33
494,464	3304,33
494,676	3027,33
494,888	3135,33
495,101	3145,33
495,313	3209,33
495,525	3124,33
495,737	3501,33
495,95	3601,33
496,162	3465,33
496,374	3396,33
496,586	3317,33
496,798	3118,33
497,01	3173,33
497,222	3045,33
497,435	3186,33
497,647	3109,33
497,859	2967,33
498,071	3179,33
498,283	3165,33
498,495	3239,33
498,707	3430,33
498,919	3292,33
499,131	3410,33
499,343	3239,33
499,555	3274,33
499,767	3334,33
499,979	3141,33
500,191	3281,33
500,402	3158,33
500,614	3219,33
500,826	3438,33
501,038	3340,33
501,25	3285,33
501,462	3304,33
501,673	3420,33
501,885	3379,33
502,097	3497,33
502,309	3340,33
502,521	3691,33
502,732	3370,33
502,944	3463,33
503,156	3324,33
503,367	3262,33
503,579	3164,33
503,791	3153,33
504,002	3190,33
504,214	3140,33
504,425	3477,33
504,637	3272,33
504,849	3221,33
505,06	3227,33
505,272	3208,33
505,483	3134,33
505,695	3259,33
505,906	3226,33
506,118	3249,33
506,329	3112,33
506,541	3033,33
506,752	3066,33
506,963	3035,33
507,175	2999,33
507,386	3185,33
507,598	3141,33
507,809	3054,33
508,02	3157,33
508,232	3155,33
508,443	2993,33
508,654	3207,33
508,865	3047,33
509,077	2859,33
509,288	2984,33
509,499	3145,33
509,71	2834,33
509,922	3050,33
510,133	2943,33
510,344	3062,33
510,555	2942,33
510,766	3025,33
510,977	2986,33
511,188	2854,33
511,4	3073,33
511,611	2632,33
511,822	2866,33
512,033	2824,33
512,244	2900,33
512,455	2845,33
512,666	2836,33
512,877	2859,33
513,088	2959,33
513,299	2776,33
513,51	2932,33
513,721	2782,33
513,931	2862,33
514,142	2862,33
514,353	2819,33
514,564	2707,33
514,775	2654,33
514,986	2710,33
515,196	2766,33
515,407	2672,33
515,618	2734,33
515,829	2773,33
516,04	2831,33
516,25	2809,33
516,461	2745,33
516,672	2743,33
516,882	2663,33
517,093	2776,33
517,304	2593,33
517,514	2554,33
517,725	2703,33
517,936	2604,33
518,146	2489,33
518,357	2510,33
518,567	2762,33
518,778	3006,33
518,988	2735,33
519,199	2934,33
519,409	2602,33
519,62	2677,33
519,83	2584,33
520,041	2762,33
520,251	2663,33
520,462	2882,33
520,672	2670,33
520,882	2652,33
521,093	2718,33
521,303	2708,33
521,513	2590,33
521,724	3198,33
521,934	2162,33
522,144	2635,33
522,355	2472,33
522,565	2581,33
522,775	2555,33
522,985	2550,33
523,196	2565,33
523,406	2606,33
523,616	2711,33
523,826	2594,33
524,036	3229,33
524,246	2390,33
524,457	2439,33
524,667	2390,33
524,877	2472,33
525,087	2541,33
525,297	2626,33
525,507	2609,33
525,717	2406,33
525,927	2492,33
526,137	2502,33
526,347	2594,33
526,557	2519,33
526,767	2564,33
526,977	2574,33
527,187	2570,33
527,397	2366,33
527,607	2432,33
527,816	2560,33
528,026	2561,33
528,236	2692,33
528,446	2618,33
528,656	2686,33
528,865	3014,33
529,075	2441,33
529,285	2556,33
529,495	2535,33
529,704	2521,33
529,914	2456,33
530,124	2496,33
530,334	2390,33
530,543	2426,33
530,753	2783,33
530,963	2684,33
531,172	2516,33
531,382	2356,33
531,591	2604,33
531,801	2358,33
532,01	2408,33
532,22	2451,33
532,43	2471,33
532,639	2792,33
532,849	2598,33
533,058	2534,33
533,267	2719,33
533,477	2525,33
533,686	2395,33
533,896	2525,33
534,105	2478,33
534,315	2593,33
534,524	2452,33
534,733	2566,33
534,943	2588,33
535,152	2462,33
535,361	2361,33
535,57	2059,33
535,78	2210,33
535,989	2381,33
536,198	2221,33
536,407	2134,33
536,617	2192,33
536,826	2290,33
537,035	2304,33
537,244	2292,33
537,453	2393,33
537,662	2446,33
537,872	2670,33
538,081	2433,33
538,29	2327,33
538,499	2370,33
538,708	2348,33
538,917	2349,33
539,126	2430,33
539,335	2459,33
539,544	2568,33
539,753	2246,33
539,962	2318,33
540,171	2294,33
540,38	2413,33
540,589	2382,33
540,797	2447,33
541,006	2394,33
541,215	2310,33
541,424	2645,33
541,633	2425,33
541,842	2370,33
542,05	2571,33
542,259	2446,33
542,468	2438,33
542,677	2424,33
542,885	2407,33
543,094	2430,33
543,303	2426,33
543,512	2582,33
543,72	2546,33
543,929	2537,33
544,138	2455,33
544,346	2285,33
544,555	2568,33
544,763	2331,33
544,972	2318,33
545,18	2221,33
545,389	2256,33
545,598	2230,33
545,806	2336,33
546,015	2227,33
546,223	2350,33
546,431	2293,33
546,64	2103,33
546,848	2316,33
547,057	2396,33
547,265	2513,33
547,474	2562,33
547,682	2634,33
547,89	2527,33
548,099	2475,33
548,307	2373,33
548,515	2320,33
548,723	2244,33
548,932	2100,33
549,14	2196,33
549,348	2288,33
549,556	2165,33
549,765	2113,33
549,973	2063,33
550,181	2284,33
550,389	2168,33
550,597	2142,33
550,805	2024,33
551,014	2197,33
551,222	5126,33
551,43	2229,33
551,638	2380,33
551,846	2505,33
552,054	2430,33
552,262	2405,33
552,47	2197,33
552,678	2197,33
552,886	1946,33
553,094	2171,33
553,302	2167,33
553,51	2251,33
553,717	2134,33
553,925	2039,33
554,133	2254,33
554,341	1947,33
554,549	2151,33
554,757	2410,33
554,965	2076,33
555,172	2268,33
555,38	2630,33
555,588	2170,33
555,796	2167,33
556,003	2215,33
556,211	1919,33
556,419	2058,33
556,626	2125,33
556,834	2078,33
557,042	2044,33
557,249	2078,33
557,457	1993,33
557,664	1825,33
557,872	1877,33
558,08	1870,33
558,287	1918,33
558,495	1995,33
558,702	1784,33
558,91	1909,33
559,117	1854,33
559,325	1909,33
559,532	1951,33
559,74	2183,33
559,947	1951,33
560,154	2107,33
560,362	1968,33
560,569	2042,33
560,776	1980,33
560,984	1857,33
561,191	1951,33
561,398	1923,33
561,606	2130,33
561,813	1935,33
562,02	1595,33
562,227	1711,33
562,435	1886,33
562,642	1856,33
562,849	1930,33
563,056	1913,33
563,263	1825,33
563,471	1670,33
563,678	1966,33
563,885	1756,33
564,092	1908,33
564,299	1889,33
564,506	1941,33
564,713	1916,33
564,92	1854,33
565,127	1873,33
565,334	1841,33
565,541	2075,33
565,748	1889,33
565,955	1804,33
566,162	1775,33
566,369	1982,33
566,576	2081,33
566,783	2164,33
566,99	2110,33
567,196	2199,33
567,403	2200,33
567,61	2138,33
567,817	2198,33
568,024	2223,33
568,23	2302,33
568,437	2212,33
568,644	2357,33
568,851	2456,33
569,057	2874,33
569,264	2865,33
569,471	2682,33
569,677	2646,33
569,884	2556,33
570,091	2435,33
570,297	3549,33
570,504	2883,33
570,71	3173,33
570,917	2802,33
571,123	2798,33
571,33	3031,33
571,536	2847,33
571,743	2845,33
571,949	2455,33
572,156	2204,33
572,362	2429,33
572,569	2719,33
572,775	2771,33
572,982	3075,33
573,188	2902,33
573,394	2704,33
573,601	2889,33
573,807	2944,33
574,013	3043,33
574,22	2868,33
574,426	2757,33
574,632	2873,33
574,838	2640,33
575,045	2398,33
575,251	2408,33
575,457	2418,33
575,663	2594,33
575,869	2608,33
576,076	2714,33
576,282	2814,33
576,488	2691,33
576,694	2702,33
576,9	2698,33
577,106	3198,33
577,312	3397,33
577,518	3514,33
577,724	3175,33
577,93	2878,33
578,136	2630,33
578,342	2497,33
578,548	2277,33
578,754	2404,33
578,96	2503,33
579,166	2627,33
579,372	2538,33
579,578	2709,33
579,784	2800,33
579,989	2681,33
580,195	2439,33
580,401	2514,33
580,607	2841,33
580,813	3652,33
581,018	4012,33
581,224	3625,33
581,43	3472,33
581,636	3307,33
581,841	3296,33
582,047	2787,33
582,253	2594,33
582,458	2378,33
582,664	2183,33
582,869	2040,33
583,075	1861,33
583,281	2215,33
583,486	2246,33
583,692	2290,33
583,897	2359,33
584,103	2358,33
584,308	2609,33
584,514	2782,33
584,719	2827,33
584,925	2719,33
585,13	2658,33
585,335	2533,33
585,541	2409,33
585,746	2094,33
585,952	1959,33
586,157	1990,33
586,362	2061,33
586,568	2183,33
586,773	2366,33
586,978	2374,33
587,183	2101,33
587,389	2318,33
587,594	1915,33
587,799	2078,33
588,004	2018,33
588,21	2048,33
588,415	1774,33
588,62	1765,33
588,825	1794,33
589,03	1682,33
589,235	2151,33
589,44	1837,33
589,645	1673,33
589,85	1809,33
590,055	1796,33
590,26	1632,33
590,465	1612,33
590,67	1600,33
590,875	1667,33
591,08	1671,33
591,285	1508,33
591,49	1598,33
591,695	1496,33
591,9	1560,33
592,105	1814,33
592,31	1932,33
592,515	2147,33
592,719	1769,33
592,924	1598,33
593,129	1704,33
593,334	1658,33
593,539	1580,33
593,743	1567,33
593,948	1459,33
594,153	1530,33
594,357	1777,33
594,562	1585,33
594,767	1954,33
594,971	1432,33
595,176	1433,33
595,381	1598,33
595,585	1461,33
595,79	1801,33
595,994	1326,33
596,199	1687,33
596,403	1120,33
596,608	1390,33
596,812	1382,33
597,017	1443,33
597,221	1579,33
597,426	1545,33
597,63	1466,33
597,835	1368,33
598,039	1334,33
598,243	1351,33
598,448	1817,33
598,652	1530,33
598,856	1454,33
599,061	1474,33
599,265	1448,33
599,469	1470,33
599,673	1488,33
599,878	1537,33
600,082	1356,33
600,286	1465,33
600,49	1491,33
600,695	1321,33
600,899	1330,33
601,103	1411,33
601,307	1476,33
601,511	1313,33
601,715	1273,33
601,919	1289,33
602,123	1524,33
602,327	1365,33
602,531	1409,33
602,735	1486,33
602,939	1544,33
603,143	1382,33
603,347	1425,33
603,551	1360,33
603,755	1322,33
603,959	1377,33
604,163	1317,33
604,367	1410,33
604,571	1294,33
604,775	1377,33
604,978	1349,33
605,182	1230,33
605,386	1486,33
605,59	1390,33
605,793	1404,33
605,997	1416,33
606,201	1540,33
606,405	1383,33
606,608	1478,33
606,812	1419,33
607,016	1353,33
607,219	1342,33
607,423	1342,33
607,627	1398,33
607,83	1332,33
608,034	1248,33
608,237	1411,33
608,441	1258,33
608,644	1362,33
608,848	1348,33
609,051	1270,33
609,255	1247,33
609,458	1435,33
609,662	1342,33
609,865	1433,33
610,069	1184,33
610,272	1207,33
610,475	1256,33
610,679	1284,33
610,882	1316,33
611,085	1334,33
611,289	1385,33
611,492	1242,33
611,695	1182,33
611,898	1220,33
612,102	1258,33
612,305	1289,33
612,508	1281,33
612,711	1654,33
612,914	1166,33
613,118	1317,33
613,321	1331,33
613,524	1450,33
613,727	1206,33
613,93	1220,33
614,133	1257,33
614,336	1273,33
614,539	1398,33
614,742	1086,33
614,945	1295,33
615,148	1333,33
615,351	1298,33
615,554	1336,33
615,757	1127,33
615,96	1241,33
616,163	1177,33
616,366	1237,33
616,569	1228,33
616,772	1302,33
616,974	1245,33
617,177	1350,33
617,38	1270,33
617,583	1303,33
617,786	1143,33
617,988	1156,33
618,191	1275,33
618,394	1151,33
618,596	1059,33
618,799	1164,33
619,002	1144,33
619,204	1240,33
619,407	1238,33
619,61	1234,33
619,812	1165,33
620,015	1207,33
620,217	1299,33
620,42	1193,33
620,623	1175,33
620,825	1200,33
621,028	1342,33
621,23	1148,33
621,432	1325,33
621,635	1372,33
621,837	1258,33
622,04	1113,33
622,242	1219,33
622,445	1222,33
622,647	1268,33
622,849	1291,33
623,052	804,33
623,254	1259,33
623,456	1041,33
623,658	1284,33
623,861	1026,33
624,063	1264,33
624,265	1230,33
624,467	1274,33
624,67	1103,33
624,872	1225,33
625,074	1255,33
625,276	1282,33
625,478	1232,33
625,68	1065,33
625,882	1155,33
626,084	1186,33
626,287	1313,33
626,489	1268,33
626,691	1318,33
626,893	1240,33
627,095	1306,33
627,297	1238,33
627,499	1186,33
627,7	1023,33
627,902	1073,33
628,104	1042,33
628,306	1138,33
628,508	1106,33
628,71	1128,33
628,912	1171,33
629,114	1387,33
629,315	1162,33
629,517	1038,33
629,719	1026,33
629,921	1206,33
630,122	1193,33
630,324	1173,33
630,526	1179,33
630,728	1202,33
630,929	1094,33
631,131	1142,33
631,332	1183,33
631,534	1246,33
631,736	1175,33
631,937	1059,33
632,139	1197,33
632,34	1296,33
632,542	1179,33
632,743	1192,33
632,945	1065,33
633,146	1175,33
633,348	1185,33
633,549	1166,33
633,751	1069,33
633,952	1134,33
634,154	1062,33
634,355	1009,33
634,556	1124,33
634,758	1089,33
634,959	1004,33
635,16	1205,33
635,362	1010,33
635,563	1071,33
635,764	1130,33
635,965	1118,33
636,167	1121,33
636,368	1113,33
636,569	1063,33
636,77	1222,33
636,971	1037,33
637,172	1130,33
637,374	1086,33
637,575	1257,33
637,776	1001,33
637,977	917,33
638,178	1110,33
638,379	1122,33
638,58	1128,33
638,781	856,33
638,982	1163,33
639,183	1032,33
639,384	1039,33
639,585	1054,33
639,786	969,33
639,987	1054,33
640,187	1117,33
640,388	1145,33
640,589	922,33
640,79	1043,33
640,991	1061,33
641,192	1198,33
641,392	1022,33
641,593	1067,33
641,794	958,33
641,995	1041,33
642,195	927,33
642,396	1060,33
642,597	940,33
642,797	1047,33
642,998	1104,33
643,199	1038,33
643,399	1123,33
643,6	1046,33
643,8	973,33
644,001	1046,33
644,202	1017,33
644,402	1025,33
644,603	1105,33
644,803	1003,33
645,004	1090,33
645,204	957,33
645,404	1054,33
645,605	1297,33
645,805	992,33
646,006	974,33
646,206	1267,33
646,406	1108,33
646,607	913,33
646,807	861,33
647,007	17,33
647,208	-33,67
647,408	-29,67
647,608	54,33
