200,697	870,33
200,927	-50,67
201,158	-6,67
201,388	4,33
201,618	1453,33
201,849	1298,33
202,079	1480,33
202,309	1413,33
202,539	1725,33
202,77	1470,33
203	1476,33
203,23	1532,33
203,46	1580,33
203,691	1375,33
203,921	1356,33
204,151	1634,33
204,381	1438,33
204,611	1530,33
204,841	1455,33
205,071	1557,33
205,302	1550,33
205,532	1610,33
205,762	3630,33
205,992	1389,33
206,222	1381,33
206,452	1559,33
206,682	1625,33
206,912	1537,33
207,142	1672,33
207,372	1557,33
207,602	1382,33
207,832	1552,33
208,062	1605,33
208,292	1587,33
208,522	1430,33
208,752	1551,33
208,982	1520,33
209,212	1615,33
209,442	1552,33
209,672	1516,33
209,902	1500,33
210,131	1624,33
210,361	1492,33
210,591	1561,33
210,821	1466,33
211,051	1697,33
211,281	1565,33
211,51	1581,33
211,74	1613,33
211,97	1445,33
212,2	1482,33
212,429	1817,33
212,659	1510,33
212,889	1639,33
213,119	1588,33
213,348	1521,33
213,578	1645,33
213,808	1680,33
214,037	1681,33
214,267	1605,33
214,497	1584,33
214,726	1482,33
214,956	1485,33
215,186	1516,33
215,415	1593,33
215,645	1564,33
215,874	1558,33
216,104	1432,33
216,333	1557,33
216,563	1572,33
216,792	1545,33
217,022	1662,33
217,251	1588,33
217,481	1420,33
217,71	1578,33
217,94	1540,33
218,169	1537,33
218,399	1595,33
218,628	1501,33
218,858	1646,33
219,087	1562,33
219,316	1646,33
219,546	1662,33
219,775	1633,33
220,004	1691,33
220,234	1543,33
220,463	1639,33
220,692	1558,33
220,922	1487,33
221,151	1630,33
221,38	1568,33
221,61	1989,33
221,839	1716,33
222,068	1496,33
222,297	1752,33
222,526	1669,33
222,756	1358,33
222,985	1719,33
223,214	1617,33
223,443	1627,33
223,672	2080,33
223,902	1574,33
224,131	1639,33
224,36	1734,33
224,589	1504,33
224,818	1607,33
225,047	1678,33
225,276	1558,33
225,505	1941,33
225,734	1644,33
225,963	1570,33
226,192	1638,33
226,421	1543,33
226,65	1674,33
226,879	1819,33
227,108	1791,33
227,337	1786,33
227,566	1870,33
227,795	1752,33
228,024	1660,33
228,253	1586,33
228,482	1605,33
228,711	1728,33
228,94	1550,33
229,168	1684,33
229,397	1700,33
229,626	1767,33
229,855	1710,33
230,084	1687,33
230,313	1618,33
230,541	1859,33
230,77	1736,33
230,999	1644,33
231,228	1863,33
231,456	1704,33
231,685	1667,33
231,914	1862,33
232,143	1822,33
232,371	1926,33
232,6	1909,33
232,829	1833,33
233,057	1941,33
233,286	1919,33
233,515	1944,33
233,743	1892,33
233,972	1853,33
234,2	2015,33
234,429	1948,33
234,658	2083,33
234,886	1999,33
235,115	2179,33
235,343	2110,33
235,572	2024,33
235,8	2266,33
236,029	2455,33
236,257	2045,33
236,486	2236,33
236,714	2418,33
236,943	2443,33
237,171	2331,33
237,399	2421,33
237,628	2588,33
237,856	2618,33
238,085	2548,33
238,313	2469,33
238,541	2653,33
238,77	2922,33
238,998	2605,33
239,226	2786,33
239,455	2808,33
239,683	2918,33
239,911	2802,33
240,14	3046,33
240,368	3018,33
240,596	3058,33
240,824	3321,33
241,053	3040,33
241,281	3061,33
241,509	3226,33
241,737	3114,33
241,965	3353,33
242,193	3236,33
242,422	3486,33
242,65	3383,33
242,878	3454,33
243,106	3554,33
243,334	3482,33
243,562	3690,33
243,79	3740,33
244,018	3712,33
244,246	3775,33
244,474	3768,33
244,702	3739,33
244,93	3867,33
245,158	3929,33
245,386	3917,33
245,614	3972,33
245,842	4085,33
246,07	4064,33
246,298	4167,33
246,526	4549,33
246,754	4102,33
246,982	4204,33
247,21	4252,33
247,438	4250,33
247,666	4344,33
247,893	4386,33
248,121	4271,33
248,349	4215,33
248,577	4376,33
248,805	4504,33
249,033	4258,33
249,26	4433,33
249,488	4423,33
249,716	4550,33
249,944	4429,33
250,171	4688,33
250,399	4327,33
250,627	4789,33
250,854	4621,33
251,082	4404,33
251,31	4666,33
251,537	4381,33
251,765	4727,33
251,993	4545,33
252,22	4905,33
252,448	4619,33
252,676	4740,33
252,903	4840,33
253,131	5062,33
253,358	4649,33
253,586	4681,33
253,813	4579,33
254,041	4805,33
254,268	4738,33
254,496	4622,33
254,723	4790,33
254,951	4784,33
255,178	4758,33
255,406	4852,33
255,633	4706,33
255,86	4960,33
256,088	4791,33
256,315	4717,33
256,543	4937,33
256,77	4855,33
256,997	4869,33
257,225	4940,33
257,452	4826,33
257,679	4849,33
257,907	4992,33
258,134	4818,33
258,361	4932,33
258,588	4801,33
258,816	4804,33
259,043	4767,33
259,27	4790,33
259,497	4887,33
259,725	4668,33
259,952	4993,33
260,179	4740,33
260,406	4922,33
260,633	4795,33
260,86	4942,33
261,088	4837,33
261,315	5278,33
261,542	4677,33
261,769	4664,33
261,996	5005,33
262,223	4938,33
262,45	4990,33
262,677	4656,33
262,904	4684,33
263,131	4811,33
263,358	4728,33
263,585	4716,33
263,812	4981,33
264,039	4836,33
264,266	4722,33
264,493	4687,33
264,72	4612,33
264,947	4639,33
265,174	4807,33
265,401	4769,33
265,627	4779,33
265,854	4655,33
266,081	4682,33
266,308	4730,33
266,535	4615,33
266,762	4597,33
266,988	4656,33
267,215	4596,33
267,442	4506,33
267,669	4682,33
267,896	4633,33
268,122	4621,33
268,349	4698,33
268,576	4394,33
268,802	4425,33
269,029	4412,33
269,256	4488,33
269,482	4373,33
269,709	4509,33
269,936	4449,33
270,162	4628,33
270,389	4269,33
270,616	4538,33
270,842	4463,33
271,069	4557,33
271,295	4513,33
271,522	4458,33
271,748	4596,33
271,975	4651,33
272,201	4768,33
272,428	4522,33
272,654	4603,33
272,881	4931,33
273,107	4558,33
273,334	4682,33
273,56	4848,33
273,787	4608,33
274,013	4686,33
274,239	5086,33
274,466	4739,33
274,692	4774,33
274,918	4870,33
275,145	4827,33
275,371	4860,33
275,597	5022,33
275,824	4928,33
276,05	5036,33
276,276	5010,33
276,503	4957,33
276,729	4975,33
276,955	5008,33
277,181	5078,33
277,407	4989,33
277,634	5092,33
277,86	5166,33
278,086	5284,33
278,312	5092,33
278,538	4958,33
278,764	4982,33
278,991	5059,33
279,217	4982,33
279,443	4978,33
279,669	5100,33
279,895	5052,33
280,121	5245,33
280,347	5225,33
280,573	5342,33
280,799	5273,33
281,025	5690,33
281,251	5376,33
281,477	5642,33
281,703	5544,33
281,929	5696,33
282,155	5696,33
282,381	5851,33
282,607	5889,33
282,833	5950,33
283,059	5942,33
283,285	5993,33
283,51	5963,33
283,736	5851,33
283,962	6138,33
284,188	6273,33
284,414	6231,33
284,64	6358,33
284,865	6419,33
285,091	6502,33
285,317	6619,33
285,543	6684,33
285,768	6761,33
285,994	6783,33
286,22	7114,33
286,446	6874,33
286,671	6828,33
286,897	6922,33
287,123	7002,33
287,348	7095,33
287,574	7729,33
287,799	7263,33
288,025	7323,33
288,251	7701,33
288,476	7491,33
288,702	7487,33
288,927	7460,33
289,153	7518,33
289,378	8004,33
289,604	7497,33
289,829	7776,33
290,055	7626,33
290,28	7803,33
290,506	7976,33
290,731	7886,33
290,957	8047,33
291,182	8034,33
291,408	8139,33
291,633	7955,33
291,858	8064,33
292,084	8215,33
292,309	8140,33
292,535	8244,33
292,76	8303,33
292,985	8097,33
293,211	8432,33
293,436	8124,33
293,661	8127,33
293,886	8294,33
294,112	8338,33
294,337	8337,33
294,562	8120,33
294,787	8421,33
295,013	8314,33
295,238	8281,33
295,463	8379,33
295,688	8440,33
295,913	8313,33
296,138	8301,33
296,364	8162,33
296,589	8175,33
296,814	8059,33
297,039	8014,33
297,264	8179,33
297,489	7794,33
297,714	8062,33
297,939	7998,33
298,164	7975,33
298,389	8212,33
298,614	7938,33
298,839	8298,33
299,064	8378,33
299,289	8450,33
299,514	8619,33
299,739	8558,33
299,964	8501,33
300,189	8512,33
300,414	8727,33
300,639	8808,33
300,863	8706,33
301,088	9147,33
301,313	8752,33
301,538	8755,33
301,763	8746,33
301,988	8741,33
302,212	8838,33
302,437	9413,33
302,662	8697,33
302,887	8765,33
303,111	8801,33
303,336	8933,33
303,561	8967,33
303,786	8750,33
304,01	8896,33
304,235	8909,33
304,46	8630,33
304,684	8723,33
304,909	8715,33
305,134	8471,33
305,358	8697,33
305,583	8533,33
305,807	8743,33
306,032	8278,33
306,256	8366,33
306,481	8436,33
306,706	8065,33
306,93	8448,33
307,155	8854,33
307,379	8535,33
307,604	8708,33
307,828	8745,33
308,052	9196,33
308,277	8764,33
308,501	9234,33
308,726	9043,33
308,95	8926,33
309,175	8851,33
309,399	9128,33
309,623	9001,33
309,848	8813,33
310,072	8761,33
310,296	9293,33
310,521	8996,33
310,745	8836,33
310,969	9260,33
311,193	9146,33
311,418	8914,33
311,642	8959,33
311,866	8850,33
312,09	8992,33
312,315	9037,33
312,539	8992,33
312,763	8850,33
312,987	9223,33
313,211	8903,33
313,435	8976,33
313,659	8887,33
313,884	9166,33
314,108	8909,33
314,332	9056,33
314,556	8840,33
314,78	9149,33
315,004	8990,33
315,228	9114,33
315,452	8917,33
315,676	8912,33
315,9	8809,33
316,124	8876,33
316,348	8772,33
316,572	8869,33
316,796	8798,33
317,02	8640,33
317,244	8894,33
317,468	8814,33
317,691	9057,33
317,915	8594,33
318,139	8704,33
318,363	9098,33
318,587	8740,33
318,811	8588,33
319,034	8432,33
319,258	8679,33
319,482	8686,33
319,706	8663,33
319,93	8462,33
320,153	8537,33
320,377	8589,33
320,601	8469,33
320,824	8353,33
321,048	8764,33
321,272	8635,33
321,495	8553,33
321,719	8576,33
321,943	8616,33
322,166	8594,33
322,39	8656,33
322,614	8694,33
322,837	8755,33
323,061	8603,33
323,284	8752,33
323,508	8707,33
323,731	8611,33
323,955	8638,33
324,178	8544,33
324,402	8774,33
324,625	8662,33
324,849	8520,33
325,072	8697,33
325,296	8846,33
325,519	8380,33
325,743	8624,33
325,966	8782,33
326,189	8622,33
326,413	8493,33
326,636	8817,33
326,859	8279,33
327,083	8853,33
327,306	8328,33
327,529	8299,33
327,753	8278,33
327,976	8499,33
328,199	8497,33
328,422	8404,33
328,646	8217,33
328,869	8140,33
329,092	8471,33
329,315	8447,33
329,538	8336,33
329,762	8503,33
329,985	8469,33
330,208	8396,33
330,431	8483,33
330,654	8552,33
330,877	8526,33
331,1	8662,33
331,323	8513,33
331,546	8663,33
331,769	8635,33
331,993	8486,33
332,216	8548,33
332,439	8592,33
332,662	8511,33
332,885	8496,33
333,107	8324,33
333,33	8328,33
333,553	8566,33
333,776	8455,33
333,999	8443,33
334,222	8365,33
334,445	8479,33
334,668	8171,33
334,891	8778,33
335,114	8228,33
335,336	8341,33
335,559	8440,33
335,782	8666,33
336,005	8359,33
336,228	8198,33
336,45	8197,33
336,673	8248,33
336,896	8334,33
337,119	8275,33
337,341	8107,33
337,564	8303,33
337,787	8224,33
338,009	8178,33
338,232	8287,33
338,455	8312,33
338,677	8264,33
338,9	8355,33
339,122	8246,33
339,345	8054,33
339,568	7940,33
339,79	8168,33
340,013	8229,33
340,235	8234,33
340,458	8109,33
340,68	8213,33
340,903	8003,33
341,125	7964,33
341,348	7964,33
341,57	7965,33
341,793	8096,33
342,015	7746,33
342,238	7773,33
342,46	7794,33
342,682	7927,33
342,905	7750,33
343,127	7829,33
343,349	7656,33
343,572	7699,33
343,794	7470,33
344,016	7700,33
344,239	7661,33
344,461	7590,33
344,683	7576,33
344,905	7556,33
345,128	7528,33
345,35	7678,33
345,572	8010,33
345,794	7974,33
346,017	7807,33
346,239	7832,33
346,461	7768,33
346,683	7644,33
346,905	7925,33
347,127	7770,33
347,349	7713,33
347,571	7802,33
347,793	7995,33
348,016	7693,33
348,238	7832,33
348,46	7704,33
348,682	7630,33
348,904	7624,33
349,126	7695,33
349,348	7655,33
349,57	7572,33
349,792	7635,33
350,014	7778,33
350,235	7553,33
350,457	7900,33
350,679	7617,33
350,901	7546,33
351,123	7500,33
351,345	7550,33
351,567	7630,33
351,789	7492,33
352,01	7570,33
352,232	7449,33
352,454	7283,33
352,676	7372,33
352,897	7213,33
353,119	7296,33
353,341	6992,33
353,563	6864,33
353,784	6869,33
354,006	6964,33
354,228	6941,33
354,449	6915,33
354,671	7173,33
354,893	7337,33
355,114	7367,33
355,336	7213,33
355,558	7294,33
355,779	7448,33
356,001	7383,33
356,222	7248,33
356,444	7189,33
356,665	7728,33
356,887	7257,33
357,108	7236,33
357,33	7200,33
357,551	7435,33
357,773	7205,33
357,994	7214,33
358,216	7205,33
358,437	7266,33
358,659	7266,33
358,88	7072,33
359,101	7156,33
359,323	7169,33
359,544	7018,33
359,765	6968,33
359,987	7149,33
360,208	7040,33
360,429	7068,33
360,651	6924,33
360,872	7287,33
361,093	6984,33
361,314	6957,33
361,536	6877,33
361,757	6907,33
361,978	6872,33
362,199	6872,33
362,42	6642,33
362,642	7195,33
362,863	7041,33
363,084	6804,33
363,305	6758,33
363,526	6784,33
363,747	6729,33
363,968	6768,33
364,189	6802,33
364,41	6689,33
364,631	6624,33
364,852	6678,33
365,073	6732,33
365,294	6663,33
365,515	6435,33
365,736	6730,33
365,957	6758,33
366,178	6692,33
366,399	6652,33
366,62	6804,33
366,841	6794,33
367,062	6875,33
367,283	6760,33
367,504	6841,33
367,724	6651,33
367,945	6591,33
368,166	6889,33
368,387	6879,33
368,608	6604,33
368,828	6887,33
369,049	6684,33
369,27	6715,33
369,491	6622,33
369,711	6657,33
369,932	6756,33
370,153	6659,33
370,373	6662,33
370,594	6810,33
370,815	6567,33
371,035	6760,33
371,256	6373,33
371,477	6433,33
371,697	6747,33
371,918	6409,33
372,138	6750,33
372,359	6775,33
372,579	6363,33
372,8	6456,33
373,02	6561,33
373,241	6110,33
373,461	6611,33
373,682	6464,33
373,902	6426,33
374,123	6472,33
374,343	6652,33
374,564	6493,33
374,784	6442,33
375,004	6592,33
375,225	6283,33
375,445	6185,33
375,666	6437,33
375,886	6174,33
376,106	6034,33
376,326	6121,33
376,547	6512,33
376,767	6466,33
376,987	6379,33
377,208	6434,33
377,428	6516,33
377,648	6694,33
377,868	6759,33
378,088	6988,33
378,309	6868,33
378,529	6945,33
378,749	6788,33
378,969	6744,33
379,189	6819,33
379,409	6860,33
379,629	6615,33
379,849	6733,33
380,069	6518,33
380,29	6559,33
380,51	6643,33
380,73	6631,33
380,95	6615,33
381,17	6419,33
381,39	6486,33
381,61	6387,33
381,829	6509,33
382,049	6420,33
382,269	6330,33
382,489	6639,33
382,709	6213,33
382,929	6475,33
383,149	6206,33
383,369	6501,33
383,589	6375,33
383,808	6424,33
384,028	6351,33
384,248	6363,33
384,468	6416,33
384,688	6302,33
384,907	6440,33
385,127	6425,33
385,347	6548,33
385,567	6516,33
385,786	6519,33
386,006	6456,33
386,226	6642,33
386,445	6573,33
386,665	6584,33
386,885	6820,33
387,104	6670,33
387,324	6849,33
387,543	6823,33
387,763	7005,33
387,982	6977,33
388,202	6898,33
388,422	6836,33
388,641	6801,33
388,861	6760,33
389,08	6802,33
389,3	6691,33
389,519	6736,33
389,738	6715,33
389,958	6807,33
390,177	7084,33
390,397	6825,33
390,616	6719,33
390,836	6889,33
391,055	6704,33
391,274	6743,33
391,494	6767,33
391,713	6884,33
391,932	7136,33
392,151	7054,33
392,371	7133,33
392,59	7242,33
392,809	7262,33
393,029	7152,33
393,248	6996,33
393,467	6559,33
393,686	6688,33
393,905	7619,33
394,124	6422,33
394,344	6720,33
394,563	6882,33
394,782	6776,33
395,001	6667,33
395,22	6578,33
395,439	6831,33
395,658	6730,33
395,877	6659,33
396,096	6649,33
396,315	6968,33
396,534	6844,33
396,753	7017,33
396,972	6960,33
397,191	7174,33
397,41	7187,33
397,629	7258,33
397,848	7362,33
398,067	7397,33
398,286	7411,33
398,505	7392,33
398,724	7463,33
398,943	7877,33
399,161	6833,33
399,38	7004,33
399,599	7101,33
399,818	6891,33
400,037	7034,33
400,255	6885,33
400,474	6864,33
400,693	6942,33
400,912	7034,33
401,13	6953,33
401,349	6723,33
401,568	6539,33
401,786	6844,33
402,005	6677,33
402,224	6508,33
402,442	6709,33
402,661	6607,33
402,88	6565,33
403,098	6516,33
403,317	6582,33
403,535	6605,33
403,754	6632,33
403,972	6661,33
404,191	6556,33
404,409	6647,33
404,628	7372,33
404,846	6824,33
405,065	7066,33
405,283	6931,33
405,502	6799,33
405,72	6810,33
405,938	6677,33
406,157	6559,33
406,375	6446,33
406,594	6528,33
406,812	6391,33
407,03	6432,33
407,249	6139,33
407,467	6504,33
407,685	6550,33
407,903	6471,33
408,122	6580,33
408,34	6676,33
408,558	6593,33
408,776	6584,33
408,995	6609,33
409,213	6614,33
409,431	6805,33
409,649	6630,33
409,867	6506,33
410,085	6471,33
410,303	6238,33
410,522	6338,33
410,74	6229,33
410,958	6252,33
411,176	6457,33
411,394	6251,33
411,612	6389,33
411,83	6505,33
412,048	6529,33
412,266	6507,33
412,484	6534,33
412,702	6731,33
412,92	6422,33
413,138	6509,33
413,356	6433,33
413,573	6588,33
413,791	6590,33
414,009	6329,33
414,227	6435,33
414,445	6161,33
414,663	6358,33
414,881	6253,33
415,098	6155,33
415,316	6183,33
415,534	6519,33
415,752	6200,33
415,969	6436,33
416,187	6074,33
416,405	6551,33
416,623	6455,33
416,84	6154,33
417,058	6267,33
417,276	6254,33
417,493	6562,33
417,711	6189,33
417,928	6190,33
418,146	6124,33
418,364	6297,33
418,581	6217,33
418,799	6093,33
419,016	6118,33
419,234	6280,33
419,451	6862,33
419,669	6392,33
419,886	6374,33
420,104	6340,33
420,321	6458,33
420,539	6631,33
420,756	6728,33
420,974	6732,33
421,191	6744,33
421,408	6942,33
421,626	7097,33
421,843	7065,33
422,06	6643,33
422,278	6567,33
422,495	6686,33
422,712	6512,33
422,93	6576,33
423,147	6568,33
423,364	6499,33
423,581	6665,33
423,799	6352,33
424,016	6358,33
424,233	6356,33
424,45	6426,33
424,667	6422,33
424,884	6343,33
425,102	6443,33
425,319	6168,33
425,536	6166,33
425,753	6344,33
425,97	6064,33
426,187	6121,33
426,404	6099,33
426,621	6442,33
426,838	6497,33
427,055	6457,33
427,272	6446,33
427,489	6566,33
427,706	6326,33
427,923	6385,33
428,14	6264,33
428,357	6368,33
428,574	6519,33
428,791	6536,33
429,008	6682,33
429,224	6904,33
429,441	6859,33
429,658	7229,33
429,875	7421,33
430,092	7303,33
430,308	7265,33
430,525	6989,33
430,742	6878,33
430,959	7134,33
431,175	6508,33
431,392	6199,33
431,609	6257,33
431,826	5993,33
432,042	5872,33
432,259	5876,33
432,476	6155,33
432,692	5808,33
432,909	5989,33
433,125	6350,33
433,342	6515,33
433,559	6666,33
433,775	6570,33
433,992	6392,33
434,208	6238,33
434,425	6170,33
434,641	6158,33
434,858	6341,33
435,074	6141,33
435,291	5983,33
435,507	5877,33
435,723	6241,33
435,94	6112,33
436,156	6137,33
436,373	6486,33
436,589	6182,33
436,805	6140,33
437,022	6046,33
437,238	5993,33
437,454	6229,33
437,671	6024,33
437,887	6174,33
438,103	6083,33
438,319	5989,33
438,536	6292,33
438,752	6220,33
438,968	6173,33
439,184	6014,33
439,4	5985,33
439,616	5877,33
439,833	6245,33
440,049	5648,33
440,265	6172,33
440,481	6088,33
440,697	6300,33
440,913	6592,33
441,129	6674,33
441,345	6795,33
441,561	6718,33
441,777	6561,33
441,993	6436,33
442,209	6176,33
442,425	6260,33
442,641	6220,33
442,857	6320,33
443,073	6389,33
443,289	6431,33
443,505	6485,33
443,721	6582,33
443,937	6370,33
444,152	6286,33
444,368	6224,33
444,584	6205,33
444,8	6323,33
445,016	6107,33
445,231	6061,33
445,447	6275,33
445,663	6173,33
445,879	6034,33
446,094	6270,33
446,31	6210,33
446,526	6163,33
446,742	6092,33
446,957	6120,33
447,173	5993,33
447,388	5958,33
447,604	6045,33
447,82	5885,33
448,035	5920,33
448,251	5848,33
448,466	6029,33
448,682	5953,33
448,897	5984,33
449,113	6105,33
449,328	6010,33
449,544	5768,33
449,759	6217,33
449,975	5617,33
450,19	5790,33
450,406	5727,33
450,621	5613,33
450,836	5619,33
451,052	5515,33
451,267	5601,33
451,483	5675,33
451,698	5369,33
451,913	5643,33
452,129	5696,33
452,344	5532,33
452,559	5874,33
452,774	5516,33
452,99	5399,33
453,205	5475,33
453,42	5437,33
453,635	5180,33
453,85	5277,33
454,066	5407,33
454,281	5331,33
454,496	5409,33
454,711	5439,33
454,926	5415,33
455,141	5278,33
455,356	5450,33
455,571	5359,33
455,786	5290,33
456,001	5082,33
456,217	5118,33
456,432	5199,33
456,647	5221,33
456,861	5390,33
457,076	5331,33
457,291	5475,33
457,506	5355,33
457,721	5584,33
457,936	5528,33
458,151	5448,33
458,366	5639,33
458,581	5426,33
458,796	5647,33
459,01	5456,33
459,225	5439,33
459,44	5337,33
459,655	5399,33
459,87	5273,33
460,084	5269,33
460,299	5291,33
460,514	5245,33
460,729	5740,33
460,943	5253,33
461,158	5052,33
461,373	5223,33
461,587	4644,33
461,802	4676,33
462,016	4930,33
462,231	4752,33
462,446	4941,33
462,66	4652,33
462,875	4880,33
463,089	5073,33
463,304	5044,33
463,518	5006,33
463,733	5163,33
463,947	5239,33
464,162	5157,33
464,376	5099,33
464,591	5496,33
464,805	5377,33
465,02	5503,33
465,234	5531,33
465,448	5547,33
465,663	5470,33
465,877	5346,33
466,091	5128,33
466,306	5217,33
466,52	5189,33
466,734	5104,33
466,949	4996,33
467,163	4859,33
467,377	4749,33
467,591	4858,33
467,806	4758,33
468,02	4672,33
468,234	4589,33
468,448	4795,33
468,662	4564,33
468,876	4630,33
469,091	4482,33
469,305	4433,33
469,519	4243,33
469,733	4256,33
469,947	4291,33
470,161	4394,33
470,375	4114,33
470,589	4478,33
470,803	4224,33
471,017	4201,33
471,231	4241,33
471,445	4164,33
471,659	4290,33
471,873	4397,33
472,087	4308,33
472,301	4446,33
472,515	4406,33
472,728	4374,33
472,942	4390,33
473,156	4544,33
473,37	4557,33
473,584	4431,33
473,798	4438,33
474,011	4386,33
474,225	4380,33
474,439	4504,33
474,653	4633,33
474,866	4684,33
475,08	4742,33
475,294	4720,33
475,507	4575,33
475,721	4522,33
475,935	4349,33
476,148	4366,33
476,362	4315,33
476,576	4426,33
476,789	4311,33
477,003	4376,33
477,216	4381,33
477,43	4438,33
477,643	4530,33
477,857	4690,33
478,07	4578,33
478,284	4569,33
478,497	4381,33
478,711	4468,33
478,924	4405,33
479,138	4428,33
479,351	4554,33
479,564	4383,33
479,778	4772,33
479,991	4628,33
480,204	4580,33
480,418	4874,33
480,631	4624,33
480,844	4670,33
481,058	4574,33
481,271	4775,33
481,484	4776,33
481,697	4741,33
481,911	4742,33
482,124	4611,33
482,337	4590,33
482,55	4562,33
482,763	4454,33
482,976	4597,33
483,19	4545,33
483,403	4558,33
483,616	4777,33
483,829	4733,33
484,042	4788,33
484,255	4873,33
484,468	5238,33
484,681	4973,33
484,894	5072,33
485,107	6982,33
485,32	10328,33
485,533	12390,33
485,746	11966,33
485,959	10575,33
486,172	9304,33
486,385	7617,33
486,598	6471,33
486,81	5520,33
487,023	5005,33
487,236	5056,33
487,449	4733,33
487,662	4560,33
487,875	4357,33
488,087	4439,33
488,3	4264,33
488,513	4169,33
488,726	4213,33
488,938	4478,33
489,151	4313,33
489,364	4367,33
489,576	4287,33
489,789	4366,33
490,002	4181,33
490,214	4261,33
490,427	4045,33
490,64	4270,33
490,852	4302,33
491,065	4147,33
491,277	4200,33
491,49	4186,33
491,702	4031,33
491,915	4248,33
492,127	4279,33
492,34	4234,33
492,552	4167,33
492,765	4159,33
492,977	4315,33
493,19	4328,33
493,402	4231,33
493,614	3781,33
493,827	4212,33
494,039	4124,33
494,251	4277,33
494,464	4225,33
494,676	3938,33
494,888	4062,33
495,101	3887,33
495,313	3928,33
495,525	3998,33
495,737	4452,33
495,95	4325,33
496,162	4384,33
496,374	4262,33
496,586	4100,33
496,798	4012,33
497,01	4063,33
497,222	3876,33
497,435	4015,33
497,647	3924,33
497,859	3822,33
498,071	3917,33
498,283	3874,33
498,495	3865,33
498,707	4170,33
498,919	3931,33
499,131	4202,33
499,343	3951,33
499,555	4043,33
499,767	4078,33
499,979	3890,33
500,191	3956,33
500,402	3790,33
500,614	3951,33
500,826	4084,33
501,038	3996,33
501,25	3975,33
501,462	3959,33
501,673	4053,33
501,885	4002,33
502,097	4495,33
502,309	4044,33
502,521	4382,33
502,732	3978,33
502,944	4006,33
503,156	3923,33
503,367	3933,33
503,579	3692,33
503,791	3946,33
504,002	3793,33
504,214	3938,33
504,425	4073,33
504,637	3947,33
504,849	3804,33
505,06	3862,33
505,272	3826,33
505,483	3709,33
505,695	3719,33
505,906	3691,33
506,118	3840,33
506,329	3813,33
506,541	3673,33
506,752	3615,33
506,963	3578,33
507,175	3435,33
507,386	3680,33
507,598	3732,33
507,809	3548,33
508,02	3656,33
508,232	3728,33
508,443	3622,33
508,654	3813,33
508,865	3479,33
509,077	3300,33
509,288	3485,33
509,499	3742,33
509,71	3490,33
509,922	3679,33
510,133	3488,33
510,344	3564,33
510,555	3470,33
510,766	3604,33
510,977	3486,33
511,188	3351,33
511,4	3109,33
511,611	3302,33
511,822	3350,33
512,033	3360,33
512,244	3374,33
512,455	3290,33
512,666	3367,33
512,877	3461,33
513,088	3322,33
513,299	3328,33
513,51	3356,33
513,721	3306,33
513,931	3274,33
514,142	3316,33
514,353	3378,33
514,564	3086,33
514,775	3224,33
514,986	3297,33
515,196	3455,33
515,407	3216,33
515,618	3217,33
515,829	3272,33
516,04	3218,33
516,25	3154,33
516,461	3221,33
516,672	3316,33
516,882	3088,33
517,093	3171,33
517,304	2965,33
517,514	3047,33
517,725	3239,33
517,936	3011,33
518,146	3057,33
518,357	3160,33
518,567	3095,33
518,778	3487,33
518,988	3179,33
519,199	3364,33
519,409	3054,33
519,62	3406,33
519,83	3135,33
520,041	2948,33
520,251	3123,33
520,462	3150,33
520,672	3044,33
520,882	3061,33
521,093	3115,33
521,303	3189,33
521,513	2962,33
521,724	4014,33
521,934	2896,33
522,144	3024,33
522,355	2917,33
522,565	3005,33
522,775	2989,33
522,985	2937,33
523,196	3060,33
523,406	2911,33
523,616	3152,33
523,826	3011,33
524,036	3758,33
524,246	2956,33
524,457	2890,33
524,667	2827,33
524,877	2977,33
525,087	2898,33
525,297	3043,33
525,507	3043,33
525,717	2799,33
525,927	3005,33
526,137	2909,33
526,347	2956,33
526,557	2895,33
526,767	2968,33
526,977	3182,33
527,187	2927,33
527,397	2783,33
527,607	2786,33
527,816	2855,33
528,026	2872,33
528,236	3095,33
528,446	3027,33
528,656	3192,33
528,865	3029,33
529,075	2948,33
529,285	2926,33
529,495	2938,33
529,704	2920,33
529,914	2888,33
530,124	2864,33
530,334	2842,33
530,543	2827,33
530,753	3123,33
530,963	3226,33
531,172	2831,33
531,382	2723,33
531,591	3082,33
531,801	2726,33
532,01	2810,33
532,22	2748,33
532,43	2860,33
532,639	3239,33
532,849	2910,33
533,058	2893,33
533,267	3110,33
533,477	2877,33
533,686	2788,33
533,896	2893,33
534,105	2853,33
534,315	2988,33
534,524	2894,33
534,733	2842,33
534,943	2978,33
535,152	2888,33
535,361	2733,33
535,57	2726,33
535,78	2793,33
535,989	2630,33
536,198	2602,33
536,407	2591,33
536,617	2680,33
536,826	2685,33
537,035	3012,33
537,244	2626,33
537,453	2334,33
537,662	2777,33
537,872	2877,33
538,081	2759,33
538,29	2710,33
538,499	2669,33
538,708	2681,33
538,917	2799,33
539,126	2797,33
539,335	2761,33
539,544	3210,33
539,753	2587,33
539,962	2712,33
540,171	2547,33
540,38	2808,33
540,589	2774,33
540,797	2881,33
541,006	2798,33
541,215	2696,33
541,424	2954,33
541,633	2688,33
541,842	2683,33
542,05	2891,33
542,259	2777,33
542,468	2737,33
542,677	2823,33
542,885	2724,33
543,094	2756,33
543,303	2658,33
543,512	2842,33
543,72	2820,33
543,929	2945,33
544,138	2762,33
544,346	2688,33
544,555	2764,33
544,763	2863,33
544,972	2753,33
545,18	2632,33
545,389	2725,33
545,598	2648,33
545,806	2631,33
546,015	2809,33
546,223	2544,33
546,431	2659,33
546,64	2630,33
546,848	2676,33
547,057	2755,33
547,265	2716,33
547,474	2738,33
547,682	2890,33
547,89	2918,33
548,099	2853,33
548,307	2631,33
548,515	2826,33
548,723	2688,33
548,932	2470,33
549,14	2698,33
549,348	2668,33
549,556	2509,33
549,765	2434,33
549,973	2504,33
550,181	2520,33
550,389	2671,33
550,597	2607,33
550,805	2427,33
551,014	2655,33
551,222	5689,33
551,43	2470,33
551,638	2710,33
551,846	2843,33
552,054	2787,33
552,262	2836,33
552,47	2629,33
552,678	2488,33
552,886	2500,33
553,094	2546,33
553,302	2672,33
553,51	2589,33
553,717	2663,33
553,925	2391,33
554,133	2678,33
554,341	2580,33
554,549	2508,33
554,757	2357,33
554,965	2586,33
555,172	2421,33
555,38	2802,33
555,588	2420,33
555,796	2629,33
556,003	2709,33
556,211	2474,33
556,419	2445,33
556,626	2499,33
556,834	2356,33
557,042	2496,33
557,249	2480,33
557,457	2482,33
557,664	2230,33
557,872	2452,33
558,08	2256,33
558,287	2338,33
558,495	2352,33
558,702	2273,33
558,91	2321,33
559,117	2243,33
559,325	2327,33
559,532	2319,33
559,74	2602,33
559,947	2424,33
560,154	2579,33
560,362	2444,33
560,569	2489,33
560,776	2450,33
560,984	2493,33
561,191	2530,33
561,398	2418,33
561,606	2739,33
561,813	2363,33
562,02	2127,33
562,227	2144,33
562,435	2348,33
562,642	2359,33
562,849	2449,33
563,056	2127,33
563,263	2502,33
563,471	2407,33
563,678	2714,33
563,885	2334,33
564,092	2418,33
564,299	2461,33
564,506	2400,33
564,713	2373,33
564,92	2384,33
565,127	2365,33
565,334	2344,33
565,541	2656,33
565,748	2375,33
565,955	2296,33
566,162	2237,33
566,369	2422,33
566,576	2492,33
566,783	2520,33
566,99	2546,33
567,196	2771,33
567,403	2480,33
567,61	2612,33
567,817	2492,33
568,024	2598,33
568,23	2679,33
568,437	2569,33
568,644	2567,33
568,851	2693,33
569,057	3136,33
569,264	3117,33
569,471	2968,33
569,677	3053,33
569,884	3063,33
570,091	3120,33
570,297	4050,33
570,504	3269,33
570,71	3198,33
570,917	3168,33
571,123	3049,33
571,33	3114,33
571,536	3127,33
571,743	3351,33
571,949	2898,33
572,156	2834,33
572,362	2577,33
572,569	2714,33
572,775	2857,33
572,982	3262,33
573,188	3167,33
573,394	3061,33
573,601	3132,33
573,807	3128,33
574,013	3539,33
574,22	3246,33
574,426	3111,33
574,632	3282,33
574,838	3119,33
575,045	3004,33
575,251	2755,33
575,457	2818,33
575,663	2823,33
575,869	2897,33
576,076	2932,33
576,282	3163,33
576,488	3047,33
576,694	3152,33
576,9	2870,33
577,106	3256,33
577,312	3520,33
577,518	3766,33
577,724	3653,33
577,93	3369,33
578,136	3047,33
578,342	2985,33
578,548	2802,33
578,754	2627,33
578,96	2702,33
579,166	2867,33
579,372	3124,33
579,578	3003,33
579,784	3055,33
579,989	2900,33
580,195	2805,33
580,401	2972,33
580,607	2772,33
580,813	3365,33
581,018	4202,33
581,224	3912,33
581,43	3893,33
581,636	3618,33
581,841	3572,33
582,047	3372,33
582,253	3137,33
582,458	2831,33
582,664	2666,33
582,869	2552,33
583,075	2385,33
583,281	2710,33
583,486	2496,33
583,692	2474,33
583,897	2812,33
584,103	2692,33
584,308	2753,33
584,514	2880,33
584,719	3138,33
584,925	3059,33
585,13	2884,33
585,335	2887,33
585,541	2828,33
585,746	2636,33
585,952	2455,33
586,157	2408,33
586,362	2393,33
586,568	2562,33
586,773	2764,33
586,978	2636,33
587,183	2713,33
587,389	2675,33
587,594	2427,33
587,799	2494,33
588,004	2567,33
588,21	2516,33
588,415	2256,33
588,62	2131,33
588,825	2386,33
589,03	1846,33
589,235	2606,33
589,44	2304,33
589,645	2181,33
589,85	2250,33
590,055	2336,33
590,26	2126,33
590,465	2113,33
590,67	2101,33
590,875	2274,33
591,08	2175,33
591,285	2082,33
591,49	2168,33
591,695	2011,33
591,9	2043,33
592,105	2112,33
592,31	2218,33
592,515	2664,33
592,719	2091,33
592,924	2117,33
593,129	2169,33
593,334	2233,33
593,539	2108,33
593,743	2208,33
593,948	2028,33
594,153	1890,33
594,357	2257,33
594,562	2072,33
594,767	2521,33
594,971	1945,33
595,176	2034,33
595,381	2128,33
595,585	1941,33
595,79	2141,33
595,994	1830,33
596,199	2282,33
596,403	1670,33
596,608	1821,33
596,812	1942,33
597,017	1999,33
597,221	2421,33
597,426	2198,33
597,63	1787,33
597,835	1854,33
598,039	1955,33
598,243	1659,33
598,448	2185,33
598,652	2062,33
598,856	1944,33
599,061	2032,33
599,265	1872,33
599,469	1789,33
599,673	2041,33
599,878	2066,33
600,082	1868,33
600,286	2019,33
600,49	1996,33
600,695	1697,33
600,899	1884,33
601,103	1960,33
601,307	2064,33
601,511	1910,33
601,715	1834,33
601,919	1782,33
602,123	2038,33
602,327	1907,33
602,531	1891,33
602,735	2043,33
602,939	2086,33
603,143	1853,33
603,347	1989,33
603,551	1902,33
603,755	1893,33
603,959	1888,33
604,163	1920,33
604,367	1805,33
604,571	1876,33
604,775	1909,33
604,978	1910,33
605,182	1779,33
605,386	1906,33
605,59	2066,33
605,793	1884,33
605,997	1632,33
606,201	1912,33
606,405	1850,33
606,608	1844,33
606,812	1944,33
607,016	1941,33
607,219	1717,33
607,423	1842,33
607,627	2008,33
607,83	1811,33
608,034	1856,33
608,237	1900,33
608,441	1785,33
608,644	1868,33
608,848	1919,33
609,051	1788,33
609,255	1714,33
609,458	1972,33
609,662	1809,33
609,865	1915,33
610,069	1749,33
610,272	1692,33
610,475	1729,33
610,679	1777,33
610,882	1796,33
611,085	1896,33
611,289	1862,33
611,492	1824,33
611,695	1722,33
611,898	1684,33
612,102	1946,33
612,305	1784,33
612,508	1821,33
612,711	1930,33
612,914	1685,33
613,118	1826,33
613,321	1940,33
613,524	1719,33
613,727	1724,33
613,93	1739,33
614,133	1722,33
614,336	1760,33
614,539	1827,33
614,742	1668,33
614,945	1777,33
615,148	1798,33
615,351	1770,33
615,554	1866,33
615,757	1665,33
615,96	1758,33
616,163	1756,33
616,366	1871,33
616,569	1737,33
616,772	1954,33
616,974	1757,33
617,177	1811,33
617,38	1890,33
617,583	1868,33
617,786	1719,33
617,988	1685,33
618,191	1827,33
618,394	1736,33
618,596	1710,33
618,799	1745,33
619,002	1807,33
619,204	1834,33
619,407	1764,33
619,61	1732,33
619,812	1748,33
620,015	1680,33
620,217	1883,33
620,42	1712,33
620,623	1721,33
620,825	1738,33
621,028	1906,33
621,23	1856,33
621,432	1822,33
621,635	1889,33
621,837	1806,33
622,04	1716,33
622,242	1644,33
622,445	1755,33
622,647	1640,33
622,849	1851,33
623,052	1594,33
623,254	1746,33
623,456	1600,33
623,658	1763,33
623,861	1861,33
624,063	1781,33
624,265	1817,33
624,467	1815,33
624,67	1600,33
624,872	1878,33
625,074	1915,33
625,276	1851,33
625,478	1876,33
625,68	1573,33
625,882	1638,33
626,084	1793,33
626,287	1883,33
626,489	1872,33
626,691	1714,33
626,893	1842,33
627,095	1786,33
627,297	1771,33
627,499	1694,33
627,7	1595,33
627,902	1631,33
628,104	1479,33
628,306	1645,33
628,508	1615,33
628,71	1721,33
628,912	1769,33
629,114	1928,33
629,315	1727,33
629,517	1644,33
629,719	1622,33
629,921	1615,33
630,122	1642,33
630,324	1610,33
630,526	1731,33
630,728	1700,33
630,929	1434,33
631,131	1551,33
631,332	1879,33
631,534	1716,33
631,736	1693,33
631,937	1667,33
632,139	1979,33
632,34	1775,33
632,542	1727,33
632,743	1776,33
632,945	1598,33
633,146	1689,33
633,348	1747,33
633,549	1699,33
633,751	1607,33
633,952	1649,33
634,154	1606,33
634,355	1479,33
634,556	1661,33
634,758	1660,33
634,959	1544,33
635,16	1781,33
635,362	1621,33
635,563	1569,33
635,764	1665,33
635,965	1683,33
636,167	1742,33
636,368	1618,33
636,569	1634,33
636,77	1809,33
636,971	1568,33
637,172	1711,33
637,374	1477,33
637,575	1722,33
637,776	1476,33
637,977	1508,33
638,178	1699,33
638,379	1666,33
638,58	1672,33
638,781	1458,33
638,982	1627,33
639,183	1621,33
639,384	1861,33
639,585	1616,33
639,786	1524,33
639,987	1592,33
640,187	1682,33
640,388	1504,33
640,589	1401,33
640,79	1489,33
640,991	1547,33
641,192	1724,33
641,392	1506,33
641,593	1630,33
641,794	1408,33
641,995	1468,33
642,195	1458,33
642,396	1543,33
642,597	1519,33
642,797	1534,33
642,998	1719,33
643,199	1648,33
643,399	1642,33
643,6	1502,33
643,8	1423,33
644,001	1623,33
644,202	1634,33
644,402	1527,33
644,603	1679,33
644,803	1451,33
645,004	1583,33
645,204	1418,33
645,404	1547,33
645,605	1903,33
645,805	1462,33
646,006	1480,33
646,206	1967,33
646,406	1527,33
646,607	1249,33
646,807	1287,33
647,007	0,33
647,208	-32,67
647,408	-2,67
647,608	37,33
