200,697	949,67
200,927	11,67
201,158	-16,33
201,388	-52,33
201,618	1488,67
201,849	1459,67
202,079	1650,67
202,309	1494,67
202,539	1670,67
202,77	1554,67
203	1671,67
203,23	1583,67
203,46	1827,67
203,691	1688,67
203,921	1605,67
204,151	1681,67
204,381	1593,67
204,611	1849,67
204,841	1573,67
205,071	1587,67
205,302	1739,67
205,532	1689,67
205,762	3943,67
205,992	1559,67
206,222	1593,67
206,452	1684,67
206,682	1728,67
206,912	1715,67
207,142	1721,67
207,372	1665,67
207,602	1556,67
207,832	1657,67
208,062	1684,67
208,292	1751,67
208,522	1540,67
208,752	1711,67
208,982	1600,67
209,212	1834,67
209,442	1685,67
209,672	1553,67
209,902	1576,67
210,131	1694,67
210,361	1529,67
210,591	1716,67
210,821	1593,67
211,051	1828,67
211,281	1629,67
211,51	1725,67
211,74	1787,67
211,97	1604,67
212,2	1709,67
212,429	1947,67
212,659	1684,67
212,889	1896,67
213,119	1631,67
213,348	1578,67
213,578	1817,67
213,808	1730,67
214,037	1664,67
214,267	1664,67
214,497	1727,67
214,726	1585,67
214,956	1584,67
215,186	1645,67
215,415	1789,67
215,645	1732,67
215,874	1790,67
216,104	1509,67
216,333	1723,67
216,563	1758,67
216,792	1757,67
217,022	1772,67
217,251	1694,67
217,481	1561,67
217,71	1702,67
217,94	1693,67
218,169	1764,67
218,399	1730,67
218,628	1642,67
218,858	1799,67
219,087	1794,67
219,316	1795,67
219,546	1674,67
219,775	1707,67
220,004	1885,67
220,234	1668,67
220,463	1798,67
220,692	1715,67
220,922	1718,67
221,151	1773,67
221,38	1714,67
221,61	2091,67
221,839	1965,67
222,068	1736,67
222,297	1813,67
222,526	1677,67
222,756	1757,67
222,985	1856,67
223,214	1747,67
223,443	1724,67
223,672	2446,67
223,902	1670,67
224,131	1814,67
224,36	1928,67
224,589	1672,67
224,818	1924,67
225,047	1728,67
225,276	1767,67
225,505	2091,67
225,734	1936,67
225,963	1750,67
226,192	1857,67
226,421	1847,67
226,65	1850,67
226,879	1864,67
227,108	1947,67
227,337	1930,67
227,566	2033,67
227,795	1897,67
228,024	1835,67
228,253	1855,67
228,482	1759,67
228,711	1982,67
228,94	1755,67
229,168	1810,67
229,397	1853,67
229,626	1890,67
229,855	1820,67
230,084	1792,67
230,313	1787,67
230,541	2021,67
230,77	1851,67
230,999	1775,67
231,228	2169,67
231,456	2021,67
231,685	1960,67
231,914	2042,67
232,143	1951,67
232,371	2007,67
232,6	1935,67
232,829	1941,67
233,057	2085,67
233,286	2084,67
233,515	2053,67
233,743	2047,67
233,972	1988,67
234,2	2110,67
234,429	1811,67
234,658	2143,67
234,886	2026,67
235,115	2117,67
235,343	2236,67
235,572	2110,67
235,8	2193,67
236,029	2486,67
236,257	2075,67
236,486	2226,67
236,714	2369,67
236,943	2309,67
237,171	2173,67
237,399	2164,67
237,628	2360,67
237,856	2365,67
238,085	2351,67
238,313	2227,67
238,541	2482,67
238,77	2624,67
238,998	2292,67
239,226	2481,67
239,455	2360,67
239,683	2507,67
239,911	2312,67
240,14	2552,67
240,368	2571,67
240,596	2493,67
240,824	2572,67
241,053	2536,67
241,281	2456,67
241,509	2600,67
241,737	2596,67
241,965	2485,67
242,193	2513,67
242,422	2603,67
242,65	2614,67
242,878	2327,67
243,106	2653,67
243,334	2685,67
243,562	2815,67
243,79	2744,67
244,018	2881,67
244,246	2765,67
244,474	2857,67
244,702	2803,67
244,93	2828,67
245,158	2989,67
245,386	2806,67
245,614	2940,67
245,842	3029,67
246,07	2847,67
246,298	3116,67
246,526	3433,67
246,754	2966,67
246,982	3048,67
247,21	3101,67
247,438	3088,67
247,666	3096,67
247,893	3055,67
248,121	3041,67
248,349	3073,67
248,577	3197,67
248,805	3318,67
249,033	3251,67
249,26	3265,67
249,488	3140,67
249,716	3225,67
249,944	3185,67
250,171	3156,67
250,399	3254,67
250,627	3398,67
250,854	3391,67
251,082	3446,67
251,31	3341,67
251,537	3393,67
251,765	3542,67
251,993	3284,67
252,22	3769,67
252,448	3331,67
252,676	3457,67
252,903	3439,67
253,131	3765,67
253,358	3378,67
253,586	3340,67
253,813	3317,67
254,041	3550,67
254,268	3379,67
254,496	3424,67
254,723	3482,67
254,951	3533,67
255,178	3525,67
255,406	3520,67
255,633	3584,67
255,86	3716,67
256,088	3643,67
256,315	3547,67
256,543	3693,67
256,77	3673,67
256,997	3575,67
257,225	3665,67
257,452	3645,67
257,679	3568,67
257,907	3712,67
258,134	3614,67
258,361	3748,67
258,588	3563,67
258,816	3654,67
259,043	3450,67
259,27	3662,67
259,497	3713,67
259,725	3545,67
259,952	3685,67
260,179	3532,67
260,406	3713,67
260,633	3401,67
260,86	3693,67
261,088	3634,67
261,315	3880,67
261,542	3538,67
261,769	3584,67
261,996	4109,67
262,223	3836,67
262,45	3853,67
262,677	3514,67
262,904	3682,67
263,131	3716,67
263,358	3525,67
263,585	3734,67
263,812	4137,67
264,039	3695,67
264,266	3655,67
264,493	3682,67
264,72	3598,67
264,947	3669,67
265,174	3786,67
265,401	3760,67
265,627	3711,67
265,854	3621,67
266,081	3603,67
266,308	3596,67
266,535	3615,67
266,762	3436,67
266,988	3649,67
267,215	3587,67
267,442	3511,67
267,669	3637,67
267,896	3628,67
268,122	3614,67
268,349	3609,67
268,576	3427,67
268,802	3523,67
269,029	3557,67
269,256	3500,67
269,482	3503,67
269,709	3465,67
269,936	3467,67
270,162	3771,67
270,389	3459,67
270,616	3559,67
270,842	3670,67
271,069	3657,67
271,295	3428,67
271,522	3510,67
271,748	3542,67
271,975	3691,67
272,201	3737,67
272,428	3623,67
272,654	3611,67
272,881	3772,67
273,107	3568,67
273,334	3707,67
273,56	3795,67
273,787	3512,67
274,013	3722,67
274,239	3984,67
274,466	3733,67
274,692	3760,67
274,918	3752,67
275,145	3787,67
275,371	3761,67
275,597	4002,67
275,824	3912,67
276,05	3884,67
276,276	3904,67
276,503	3868,67
276,729	3851,67
276,955	3821,67
277,181	3913,67
277,407	3838,67
277,634	3996,67
277,86	3929,67
278,086	3962,67
278,312	3940,67
278,538	3876,67
278,764	3967,67
278,991	4035,67
279,217	3899,67
279,443	3961,67
279,669	3888,67
279,895	4044,67
280,121	4003,67
280,347	3983,67
280,573	4033,67
280,799	4181,67
281,025	4269,67
281,251	4024,67
281,477	4288,67
281,703	3997,67
281,929	4166,67
282,155	4309,67
282,381	4212,67
282,607	4362,67
282,833	4130,67
283,059	4379,67
283,285	4345,67
283,51	4413,67
283,736	4339,67
283,962	4427,67
284,188	4503,67
284,414	4608,67
284,64	4597,67
284,865	4605,67
285,091	4574,67
285,317	4778,67
285,543	4845,67
285,768	4852,67
285,994	4909,67
286,22	5124,67
286,446	5034,67
286,671	4724,67
286,897	5041,67
287,123	4921,67
287,348	5121,67
287,574	5659,67
287,799	5229,67
288,025	5137,67
288,251	5402,67
288,476	5260,67
288,702	5414,67
288,927	5259,67
289,153	5365,67
289,378	5659,67
289,604	5357,67
289,829	5428,67
290,055	5409,67
290,28	5643,67
290,506	5759,67
290,731	5405,67
290,957	5683,67
291,182	5693,67
291,408	5777,67
291,633	5832,67
291,858	5653,67
292,084	5767,67
292,309	5819,67
292,535	5853,67
292,76	5894,67
292,985	5813,67
293,211	5710,67
293,436	5723,67
293,661	5659,67
293,886	5787,67
294,112	5882,67
294,337	5861,67
294,562	5736,67
294,787	6087,67
295,013	5790,67
295,238	5904,67
295,463	6115,67
295,688	6084,67
295,913	5902,67
296,138	5900,67
296,364	5677,67
296,589	5795,67
296,814	5690,67
297,039	5633,67
297,264	5826,67
297,489	5737,67
297,714	5722,67
297,939	5697,67
298,164	5638,67
298,389	5938,67
298,614	5714,67
298,839	5837,67
299,064	6065,67
299,289	6057,67
299,514	6019,67
299,739	5934,67
299,964	6036,67
300,189	6077,67
300,414	6149,67
300,639	6320,67
300,863	6071,67
301,088	6607,67
301,313	6090,67
301,538	6077,67
301,763	6238,67
301,988	6225,67
302,212	6299,67
302,437	6690,67
302,662	6235,67
302,887	6162,67
303,111	6185,67
303,336	6326,67
303,561	6353,67
303,786	6140,67
304,01	6312,67
304,235	6373,67
304,46	6123,67
304,684	6161,67
304,909	6195,67
305,134	6049,67
305,358	6256,67
305,583	6041,67
305,807	6332,67
306,032	5789,67
306,256	6095,67
306,481	6113,67
306,706	6036,67
306,93	5987,67
307,155	6285,67
307,379	6072,67
307,604	6355,67
307,828	6265,67
308,052	6505,67
308,277	6468,67
308,501	6363,67
308,726	6499,67
308,95	6433,67
309,175	6094,67
309,399	6429,67
309,623	6396,67
309,848	6383,67
310,072	6381,67
310,296	6763,67
310,521	6346,67
310,745	6300,67
310,969	6828,67
311,193	6415,67
311,418	6459,67
311,642	6331,67
311,866	6451,67
312,09	6373,67
312,315	6552,67
312,539	6520,67
312,763	6391,67
312,987	6594,67
313,211	6316,67
313,435	6583,67
313,659	6347,67
313,884	6645,67
314,108	6541,67
314,332	6543,67
314,556	6312,67
314,78	6695,67
315,004	6518,67
315,228	6611,67
315,452	6520,67
315,676	6414,67
315,9	6359,67
316,124	6104,67
316,348	6454,67
316,572	6408,67
316,796	6310,67
317,02	6132,67
317,244	6373,67
317,468	6082,67
317,691	6519,67
317,915	6251,67
318,139	6186,67
318,363	6631,67
318,587	6352,67
318,811	6131,67
319,034	6229,67
319,258	6270,67
319,482	6291,67
319,706	6218,67
319,93	6190,67
320,153	6020,67
320,377	6211,67
320,601	6132,67
320,824	6069,67
321,048	6376,67
321,272	6259,67
321,495	6166,67
321,719	6202,67
321,943	6160,67
322,166	6224,67
322,39	6275,67
322,614	6387,67
322,837	6314,67
323,061	6174,67
323,284	6476,67
323,508	6245,67
323,731	6221,67
323,955	6263,67
324,178	6193,67
324,402	6281,67
324,625	6200,67
324,849	6119,67
325,072	6288,67
325,296	6263,67
325,519	6176,67
325,743	6164,67
325,966	6306,67
326,189	6510,67
326,413	6220,67
326,636	6448,67
326,859	6169,67
327,083	6376,67
327,306	5955,67
327,529	6154,67
327,753	5777,67
327,976	6203,67
328,199	6142,67
328,422	5768,67
328,646	6037,67
328,869	5904,67
329,092	6082,67
329,315	6254,67
329,538	6101,67
329,762	6073,67
329,985	6061,67
330,208	6030,67
330,431	6245,67
330,654	6355,67
330,877	6133,67
331,1	6182,67
331,323	6153,67
331,546	6322,67
331,769	6260,67
331,993	6049,67
332,216	6162,67
332,439	6173,67
332,662	6106,67
332,885	6073,67
333,107	5925,67
333,33	5987,67
333,553	6313,67
333,776	6047,67
333,999	6147,67
334,222	5973,67
334,445	6032,67
334,668	6087,67
334,891	6160,67
335,114	5928,67
335,336	6109,67
335,559	6028,67
335,782	6244,67
336,005	5971,67
336,228	5913,67
336,45	5917,67
336,673	5922,67
336,896	6088,67
337,119	6026,67
337,341	5995,67
337,564	5832,67
337,787	5967,67
338,009	5944,67
338,232	5960,67
338,455	6091,67
338,677	5997,67
338,9	5946,67
339,122	6077,67
339,345	5816,67
339,568	5925,67
339,79	5968,67
340,013	5969,67
340,235	6004,67
340,458	5785,67
340,68	5959,67
340,903	5833,67
341,125	5887,67
341,348	5865,67
341,57	5817,67
341,793	5975,67
342,015	5489,67
342,238	5688,67
342,46	5798,67
342,682	5819,67
342,905	5625,67
343,127	5822,67
343,349	5585,67
343,572	5728,67
343,794	5525,67
344,016	5533,67
344,239	5703,67
344,461	5535,67
344,683	5416,67
344,905	5666,67
345,128	5445,67
345,35	5597,67
345,572	5746,67
345,794	5811,67
346,017	5669,67
346,239	5676,67
346,461	5805,67
346,683	5630,67
346,905	5789,67
347,127	5658,67
347,349	5490,67
347,571	5653,67
347,793	5839,67
348,016	5713,67
348,238	5627,67
348,46	5757,67
348,682	5655,67
348,904	5704,67
349,126	5586,67
349,348	5693,67
349,57	5678,67
349,792	5635,67
350,014	5803,67
350,235	5571,67
350,457	5895,67
350,679	5547,67
350,901	5471,67
351,123	5431,67
351,345	5444,67
351,567	5610,67
351,789	5469,67
352,01	5565,67
352,232	5440,67
352,454	5345,67
352,676	5438,67
352,897	5266,67
353,119	5251,67
353,341	5222,67
353,563	5123,67
353,784	5062,67
354,006	5403,67
354,228	5146,67
354,449	5161,67
354,671	5456,67
354,893	5396,67
355,114	5338,67
355,336	5374,67
355,558	5371,67
355,779	5272,67
356,001	5340,67
356,222	5277,67
356,444	5227,67
356,665	5882,67
356,887	5312,67
357,108	5282,67
357,33	5372,67
357,551	5674,67
357,773	5378,67
357,994	5449,67
358,216	5243,67
358,437	5423,67
358,659	5331,67
358,88	5295,67
359,101	5382,67
359,323	5317,67
359,544	5153,67
359,765	5091,67
359,987	5204,67
360,208	5181,67
360,429	5257,67
360,651	5104,67
360,872	5436,67
361,093	5268,67
361,314	5214,67
361,536	5185,67
361,757	5152,67
361,978	5027,67
362,199	5031,67
362,42	4941,67
362,642	5060,67
362,863	5243,67
363,084	5055,67
363,305	4874,67
363,526	5037,67
363,747	4978,67
363,968	4985,67
364,189	5198,67
364,41	4987,67
364,631	4893,67
364,852	4780,67
365,073	4838,67
365,294	5014,67
365,515	4822,67
365,736	5136,67
365,957	5066,67
366,178	4941,67
366,399	5041,67
366,62	5100,67
366,841	5054,67
367,062	5083,67
367,283	4989,67
367,504	5082,67
367,724	4907,67
367,945	4851,67
368,166	5091,67
368,387	4991,67
368,608	4931,67
368,828	5163,67
369,049	4795,67
369,27	5025,67
369,491	4926,67
369,711	5036,67
369,932	5050,67
370,153	4991,67
370,373	5000,67
370,594	5115,67
370,815	4912,67
371,035	5045,67
371,256	4790,67
371,477	4849,67
371,697	4788,67
371,918	4767,67
372,138	5141,67
372,359	5081,67
372,579	4947,67
372,8	4795,67
373,02	4846,67
373,241	4877,67
373,461	4933,67
373,682	4923,67
373,902	4879,67
374,123	4817,67
374,343	5064,67
374,564	4879,67
374,784	4827,67
375,004	4856,67
375,225	4761,67
375,445	4707,67
375,666	4997,67
375,886	4587,67
376,106	4466,67
376,326	4778,67
376,547	4956,67
376,767	4824,67
376,987	4815,67
377,208	4928,67
377,428	4856,67
377,648	5062,67
377,868	4935,67
378,088	5078,67
378,309	5100,67
378,529	5194,67
378,749	5064,67
378,969	5164,67
379,189	5169,67
379,409	5251,67
379,629	4947,67
379,849	5035,67
380,069	4949,67
380,29	4896,67
380,51	4885,67
380,73	4987,67
380,95	5258,67
381,17	4960,67
381,39	4872,67
381,61	4843,67
381,829	4797,67
382,049	4860,67
382,269	4806,67
382,489	5017,67
382,709	4884,67
382,929	4857,67
383,149	4799,67
383,369	5108,67
383,589	4719,67
383,808	5012,67
384,028	4891,67
384,248	4951,67
384,468	4731,67
384,688	4906,67
384,907	4880,67
385,127	4852,67
385,347	4994,67
385,567	4857,67
385,786	4976,67
386,006	4859,67
386,226	4936,67
386,445	4968,67
386,665	4961,67
386,885	5194,67
387,104	5066,67
387,324	5096,67
387,543	5100,67
387,763	5223,67
387,982	5261,67
388,202	5201,67
388,422	5233,67
388,641	5104,67
388,861	5115,67
389,08	5124,67
389,3	4947,67
389,519	5207,67
389,738	4985,67
389,958	5223,67
390,177	5020,67
390,397	5177,67
390,616	5114,67
390,836	5299,67
391,055	5141,67
391,274	5232,67
391,494	5222,67
391,713	5221,67
391,932	5374,67
392,151	5325,67
392,371	5441,67
392,59	5481,67
392,809	5483,67
393,029	5435,67
393,248	5369,67
393,467	5070,67
393,686	4938,67
393,905	6127,67
394,124	4994,67
394,344	5049,67
394,563	5125,67
394,782	5054,67
395,001	5096,67
395,22	5030,67
395,439	5194,67
395,658	5027,67
395,877	5243,67
396,096	5082,67
396,315	5206,67
396,534	5225,67
396,753	5317,67
396,972	5166,67
397,191	5323,67
397,41	5371,67
397,629	5501,67
397,848	5334,67
398,067	5566,67
398,286	5415,67
398,505	5460,67
398,724	5557,67
398,943	6038,67
399,161	4994,67
399,38	5299,67
399,599	5238,67
399,818	5016,67
400,037	5301,67
400,255	5161,67
400,474	5079,67
400,693	5036,67
400,912	5284,67
401,13	5150,67
401,349	4969,67
401,568	4837,67
401,786	5125,67
402,005	5031,67
402,224	4866,67
402,442	4964,67
402,661	4870,67
402,88	4933,67
403,098	4791,67
403,317	4835,67
403,535	5103,67
403,754	4801,67
403,972	5009,67
404,191	4869,67
404,409	4949,67
404,628	5584,67
404,846	5019,67
405,065	5179,67
405,283	5064,67
405,502	4910,67
405,72	5012,67
405,938	4924,67
406,157	4731,67
406,375	4758,67
406,594	4856,67
406,812	4625,67
407,03	4716,67
407,249	4489,67
407,467	4819,67
407,685	4826,67
407,903	4605,67
408,122	4929,67
408,34	4972,67
408,558	4887,67
408,776	4831,67
408,995	4742,67
409,213	4823,67
409,431	4981,67
409,649	4889,67
409,867	4768,67
410,085	4833,67
410,303	4785,67
410,522	4535,67
410,74	4503,67
410,958	4537,67
411,176	4857,67
411,394	4539,67
411,612	4644,67
411,83	4928,67
412,048	4739,67
412,266	4678,67
412,484	4835,67
412,702	4989,67
412,92	4553,67
413,138	4823,67
413,356	4677,67
413,573	4925,67
413,791	4817,67
414,009	4615,67
414,227	4815,67
414,445	4499,67
414,663	4486,67
414,881	4502,67
415,098	4552,67
415,316	4487,67
415,534	4906,67
415,752	4536,67
415,969	4679,67
416,187	4457,67
416,405	4478,67
416,623	4582,67
416,84	4504,67
417,058	4607,67
417,276	4560,67
417,493	4530,67
417,711	4500,67
417,928	4496,67
418,146	4438,67
418,364	4641,67
418,581	4507,67
418,799	4573,67
419,016	4465,67
419,234	4424,67
419,451	5062,67
419,669	4612,67
419,886	4608,67
420,104	4655,67
420,321	4635,67
420,539	4763,67
420,756	4979,67
420,974	4916,67
421,191	4841,67
421,408	5044,67
421,626	5041,67
421,843	4794,67
422,06	4820,67
422,278	4693,67
422,495	4778,67
422,712	4527,67
422,93	4822,67
423,147	4757,67
423,364	4664,67
423,581	4679,67
423,799	4606,67
424,016	4683,67
424,233	4610,67
424,45	4636,67
424,667	4683,67
424,884	4470,67
425,102	4748,67
425,319	4504,67
425,536	4446,67
425,753	4640,67
425,97	4380,67
426,187	4510,67
426,404	4613,67
426,621	4821,67
426,838	4699,67
427,055	4780,67
427,272	4714,67
427,489	4710,67
427,706	4575,67
427,923	4595,67
428,14	4586,67
428,357	4862,67
428,574	4669,67
428,791	4807,67
429,008	4752,67
429,224	4848,67
429,441	4839,67
429,658	5039,67
429,875	5339,67
430,092	5191,67
430,308	5160,67
430,525	5044,67
430,742	4947,67
430,959	4991,67
431,175	4718,67
431,392	4433,67
431,609	4656,67
431,826	4519,67
432,042	4294,67
432,259	4241,67
432,476	4627,67
432,692	4299,67
432,909	4435,67
433,125	4630,67
433,342	4759,67
433,559	4903,67
433,775	4670,67
433,992	4618,67
434,208	4403,67
434,425	4362,67
434,641	4559,67
434,858	4769,67
435,074	4547,67
435,291	4477,67
435,507	4256,67
435,723	4455,67
435,94	4535,67
436,156	4556,67
436,373	4774,67
436,589	4605,67
436,805	4669,67
437,022	4506,67
437,238	4349,67
437,454	4421,67
437,671	4536,67
437,887	4565,67
438,103	4508,67
438,319	4789,67
438,536	4654,67
438,752	4585,67
438,968	4560,67
439,184	4392,67
439,4	4383,67
439,616	4334,67
439,833	4525,67
440,049	4433,67
440,265	4630,67
440,481	4592,67
440,697	4781,67
440,913	4898,67
441,129	4969,67
441,345	5089,67
441,561	4979,67
441,777	4871,67
441,993	4779,67
442,209	4556,67
442,425	4813,67
442,641	4680,67
442,857	4841,67
443,073	4876,67
443,289	4800,67
443,505	4887,67
443,721	4932,67
443,937	4833,67
444,152	4665,67
444,368	4744,67
444,584	4717,67
444,8	4848,67
445,016	4624,67
445,231	4663,67
445,447	4753,67
445,663	4822,67
445,879	4633,67
446,094	4808,67
446,31	4823,67
446,526	4679,67
446,742	4633,67
446,957	4682,67
447,173	4858,67
447,388	4615,67
447,604	4708,67
447,82	4543,67
448,035	4581,67
448,251	4509,67
448,466	4680,67
448,682	4507,67
448,897	4610,67
449,113	4568,67
449,328	4689,67
449,544	4629,67
449,759	4902,67
449,975	4434,67
450,19	4453,67
450,406	4613,67
450,621	4326,67
450,836	4408,67
451,052	4455,67
451,267	4278,67
451,483	4433,67
451,698	4206,67
451,913	4570,67
452,129	4481,67
452,344	4230,67
452,559	4592,67
452,774	4393,67
452,99	4259,67
453,205	4307,67
453,42	4453,67
453,635	4326,67
453,85	4146,67
454,066	4380,67
454,281	4295,67
454,496	4365,67
454,711	4363,67
454,926	4424,67
455,141	4331,67
455,356	4364,67
455,571	4266,67
455,786	4322,67
456,001	4208,67
456,217	4010,67
456,432	4235,67
456,647	4348,67
456,861	4330,67
457,076	4283,67
457,291	4514,67
457,506	4391,67
457,721	4395,67
457,936	4579,67
458,151	4500,67
458,366	4595,67
458,581	4425,67
458,796	4567,67
459,01	4536,67
459,225	4477,67
459,44	4404,67
459,655	4584,67
459,87	4322,67
460,084	4429,67
460,299	4390,67
460,514	4323,67
460,729	5016,67
460,943	4393,67
461,158	4262,67
461,373	4341,67
461,587	4066,67
461,802	3967,67
462,016	4314,67
462,231	4005,67
462,446	4176,67
462,66	4087,67
462,875	4197,67
463,089	4297,67
463,304	4378,67
463,518	4362,67
463,733	4302,67
463,947	4363,67
464,162	4410,67
464,376	4495,67
464,591	4696,67
464,805	4421,67
465,02	4688,67
465,234	4779,67
465,448	4683,67
465,663	4697,67
465,877	4537,67
466,091	4355,67
466,306	4521,67
466,52	4597,67
466,734	4119,67
466,949	4005,67
467,163	4189,67
467,377	4225,67
467,591	4221,67
467,806	4257,67
468,02	3965,67
468,234	3961,67
468,448	4144,67
468,662	4092,67
468,876	4129,67
469,091	3843,67
469,305	3926,67
469,519	3842,67
469,733	3709,67
469,947	3834,67
470,161	3952,67
470,375	3683,67
470,589	3908,67
470,803	3782,67
471,017	3816,67
471,231	3776,67
471,445	3683,67
471,659	3920,67
471,873	3947,67
472,087	3798,67
472,301	3963,67
472,515	3964,67
472,728	3949,67
472,942	3988,67
473,156	4162,67
473,37	3991,67
473,584	3940,67
473,798	4165,67
474,011	4189,67
474,225	3908,67
474,439	4210,67
474,653	4315,67
474,866	4192,67
475,08	4313,67
475,294	4285,67
475,507	4042,67
475,721	4116,67
475,935	4079,67
476,148	4067,67
476,362	4007,67
476,576	3918,67
476,789	4121,67
477,003	4100,67
477,216	4102,67
477,43	4112,67
477,643	4249,67
477,857	4354,67
478,07	4128,67
478,284	4294,67
478,497	4158,67
478,711	4162,67
478,924	4121,67
479,138	4120,67
479,351	4222,67
479,564	4228,67
479,778	4343,67
479,991	4264,67
480,204	4273,67
480,418	4363,67
480,631	4248,67
480,844	4343,67
481,058	4256,67
481,271	4404,67
481,484	4569,67
481,697	4451,67
481,911	4416,67
482,124	4269,67
482,337	4293,67
482,55	4163,67
482,763	4255,67
482,976	4180,67
483,19	4181,67
483,403	4241,67
483,616	4414,67
483,829	4535,67
484,042	4724,67
484,255	4713,67
484,468	4630,67
484,681	4650,67
484,894	4976,67
485,107	7226,67
485,32	10560,67
485,533	12141,67
485,746	11290,67
485,959	9845,67
486,172	8613,67
486,385	6888,67
486,598	5931,67
486,81	5051,67
487,023	4747,67
487,236	4861,67
487,449	4647,67
487,662	4329,67
487,875	4288,67
488,087	4226,67
488,3	4221,67
488,513	3961,67
488,726	4019,67
488,938	4277,67
489,151	4374,67
489,364	4133,67
489,576	4209,67
489,789	4196,67
490,002	4210,67
490,214	4076,67
490,427	3949,67
490,64	4207,67
490,852	4221,67
491,065	4075,67
491,277	4178,67
491,49	4160,67
491,702	3937,67
491,915	4208,67
492,127	4230,67
492,34	4056,67
492,552	4010,67
492,765	4306,67
492,977	4349,67
493,19	4215,67
493,402	4125,67
493,614	4103,67
493,827	4090,67
494,039	4280,67
494,251	4205,67
494,464	4154,67
494,676	4001,67
494,888	3985,67
495,101	3849,67
495,313	3986,67
495,525	4086,67
495,737	4388,67
495,95	4344,67
496,162	4436,67
496,374	4337,67
496,586	4233,67
496,798	4110,67
497,01	4058,67
497,222	3797,67
497,435	4027,67
497,647	3842,67
497,859	3889,67
498,071	3892,67
498,283	3996,67
498,495	4032,67
498,707	4254,67
498,919	4049,67
499,131	4246,67
499,343	4032,67
499,555	4156,67
499,767	4194,67
499,979	3990,67
500,191	4141,67
500,402	3915,67
500,614	4231,67
500,826	4202,67
501,038	4172,67
501,25	4197,67
501,462	4021,67
501,673	4164,67
501,885	4174,67
502,097	4333,67
502,309	4205,67
502,521	4200,67
502,732	4364,67
502,944	4186,67
503,156	4131,67
503,367	4018,67
503,579	3929,67
503,791	4013,67
504,002	3911,67
504,214	4087,67
504,425	4287,67
504,637	4104,67
504,849	4039,67
505,06	4082,67
505,272	3986,67
505,483	3894,67
505,695	4019,67
505,906	3980,67
506,118	3946,67
506,329	4004,67
506,541	3955,67
506,752	3878,67
506,963	3833,67
507,175	3644,67
507,386	3982,67
507,598	4056,67
507,809	3795,67
508,02	3929,67
508,232	3981,67
508,443	3704,67
508,654	3996,67
508,865	3833,67
509,077	3566,67
509,288	3703,67
509,499	3837,67
509,71	3671,67
509,922	3816,67
510,133	3691,67
510,344	3912,67
510,555	3683,67
510,766	3815,67
510,977	3765,67
511,188	3651,67
511,4	3678,67
511,611	3640,67
511,822	3613,67
512,033	3585,67
512,244	3842,67
512,455	3652,67
512,666	3599,67
512,877	3670,67
513,088	3674,67
513,299	3590,67
513,51	3587,67
513,721	3605,67
513,931	3495,67
514,142	3636,67
514,353	3704,67
514,564	3343,67
514,775	3379,67
514,986	3488,67
515,196	3541,67
515,407	3446,67
515,618	3556,67
515,829	3503,67
516,04	3508,67
516,25	3501,67
516,461	3466,67
516,672	3515,67
516,882	3462,67
517,093	3617,67
517,304	3365,67
517,514	3297,67
517,725	3483,67
517,936	3287,67
518,146	3269,67
518,357	3595,67
518,567	3392,67
518,778	3846,67
518,988	3453,67
519,199	3728,67
519,409	3381,67
519,62	3480,67
519,83	3343,67
520,041	3277,67
520,251	3511,67
520,462	3394,67
520,672	3343,67
520,882	3224,67
521,093	3397,67
521,303	3403,67
521,513	3220,67
521,724	4294,67
521,934	3293,67
522,144	3284,67
522,355	3319,67
522,565	3210,67
522,775	3254,67
522,985	3210,67
523,196	3269,67
523,406	3248,67
523,616	3441,67
523,826	3359,67
524,036	4093,67
524,246	3284,67
524,457	3123,67
524,667	2981,67
524,877	3195,67
525,087	3197,67
525,297	3347,67
525,507	3377,67
525,717	3099,67
525,927	3328,67
526,137	3145,67
526,347	3296,67
526,557	3157,67
526,767	3217,67
526,977	3656,67
527,187	3199,67
527,397	3071,67
527,607	3103,67
527,816	3162,67
528,026	3161,67
528,236	3347,67
528,446	3439,67
528,656	3365,67
528,865	3697,67
529,075	3275,67
529,285	3281,67
529,495	3315,67
529,704	3330,67
529,914	3078,67
530,124	3177,67
530,334	3163,67
530,543	3096,67
530,753	3502,67
530,963	3538,67
531,172	3056,67
531,382	2936,67
531,591	3503,67
531,801	3044,67
532,01	3125,67
532,22	3021,67
532,43	3140,67
532,639	3475,67
532,849	3359,67
533,058	3322,67
533,267	3535,67
533,477	3221,67
533,686	3210,67
533,896	3301,67
534,105	3275,67
534,315	3368,67
534,524	3195,67
534,733	3181,67
534,943	3417,67
535,152	3233,67
535,361	3037,67
535,57	3074,67
535,78	2914,67
535,989	2923,67
536,198	2937,67
536,407	2850,67
536,617	2949,67
536,826	2928,67
537,035	3073,67
537,244	3006,67
537,453	2853,67
537,662	3095,67
537,872	3247,67
538,081	3073,67
538,29	3069,67
538,499	3053,67
538,708	3138,67
538,917	3020,67
539,126	3117,67
539,335	3260,67
539,544	3573,67
539,753	2909,67
539,962	2902,67
540,171	2984,67
540,38	3213,67
540,589	3127,67
540,797	3236,67
541,006	3084,67
541,215	2985,67
541,424	3279,67
541,633	3093,67
541,842	3093,67
542,05	3305,67
542,259	3193,67
542,468	3108,67
542,677	3161,67
542,885	3129,67
543,094	3144,67
543,303	3065,67
543,512	3163,67
543,72	3295,67
543,929	3221,67
544,138	3116,67
544,346	3079,67
544,555	3270,67
544,763	3170,67
544,972	3161,67
545,18	2975,67
545,389	2934,67
545,598	2924,67
545,806	3042,67
546,015	2926,67
546,223	2904,67
546,431	2847,67
546,64	2898,67
546,848	3027,67
547,057	3131,67
547,265	2962,67
547,474	3152,67
547,682	3283,67
547,89	3288,67
548,099	3219,67
548,307	3067,67
548,515	3066,67
548,723	3033,67
548,932	2834,67
549,14	2875,67
549,348	3032,67
549,556	2744,67
549,765	2919,67
549,973	2736,67
550,181	2833,67
550,389	2903,67
550,597	2878,67
550,805	2681,67
551,014	2758,67
551,222	4609,67
551,43	2833,67
551,638	2973,67
551,846	3175,67
552,054	3219,67
552,262	3160,67
552,47	2848,67
552,678	2705,67
552,886	2763,67
553,094	2851,67
553,302	2913,67
553,51	2906,67
553,717	2953,67
553,925	2640,67
554,133	3126,67
554,341	2649,67
554,549	2806,67
554,757	2800,67
554,965	2692,67
555,172	2870,67
555,38	3189,67
555,588	2730,67
555,796	2948,67
556,003	3119,67
556,211	2649,67
556,419	2781,67
556,626	2788,67
556,834	2731,67
557,042	2782,67
557,249	2713,67
557,457	2343,67
557,664	2567,67
557,872	2576,67
558,08	2523,67
558,287	2593,67
558,495	2718,67
558,702	2475,67
558,91	2631,67
559,117	2523,67
559,325	2615,67
559,532	2626,67
559,74	2943,67
559,947	2698,67
560,154	2862,67
560,362	2641,67
560,569	2716,67
560,776	2694,67
560,984	2772,67
561,191	2725,67
561,398	2712,67
561,606	2886,67
561,813	2655,67
562,02	2432,67
562,227	2382,67
562,435	2539,67
562,642	2558,67
562,849	2752,67
563,056	2655,67
563,263	2506,67
563,471	2694,67
563,678	2785,67
563,885	2527,67
564,092	2584,67
564,299	2686,67
564,506	2677,67
564,713	2677,67
564,92	2687,67
565,127	2596,67
565,334	2569,67
565,541	2919,67
565,748	2645,67
565,955	2493,67
566,162	3022,67
566,369	2660,67
566,576	2787,67
566,783	2864,67
566,99	2745,67
567,196	2932,67
567,403	2803,67
567,61	2932,67
567,817	2749,67
568,024	2749,67
568,23	3035,67
568,437	2906,67
568,644	2957,67
568,851	3115,67
569,057	3611,67
569,264	3524,67
569,471	3445,67
569,677	3487,67
569,884	3438,67
570,091	3377,67
570,297	4429,67
570,504	3685,67
570,71	3663,67
570,917	3595,67
571,123	3461,67
571,33	3652,67
571,536	3675,67
571,743	3856,67
571,949	3305,67
572,156	3116,67
572,362	3199,67
572,569	2997,67
572,775	3472,67
572,982	3795,67
573,188	3676,67
573,394	3391,67
573,601	3574,67
573,807	3689,67
574,013	4050,67
574,22	3841,67
574,426	3538,67
574,632	3559,67
574,838	3562,67
575,045	3277,67
575,251	3117,67
575,457	3229,67
575,663	3253,67
575,869	3136,67
576,076	3384,67
576,282	3647,67
576,488	3485,67
576,694	3607,67
576,9	3313,67
577,106	3707,67
577,312	4163,67
577,518	4401,67
577,724	4169,67
577,93	3762,67
578,136	3447,67
578,342	3381,67
578,548	3216,67
578,754	2933,67
578,96	3162,67
579,166	3289,67
579,372	3618,67
579,578	3415,67
579,784	3486,67
579,989	3470,67
580,195	3311,67
580,401	3287,67
580,607	3333,67
580,813	4095,67
581,018	4750,67
581,224	4766,67
581,43	4413,67
581,636	4284,67
581,841	4291,67
582,047	3868,67
582,253	3500,67
582,458	3187,67
582,664	2961,67
582,869	2863,67
583,075	2637,67
583,281	2943,67
583,486	2927,67
583,692	2817,67
583,897	3191,67
584,103	3115,67
584,308	3207,67
584,514	3356,67
584,719	3700,67
584,925	3527,67
585,13	3368,67
585,335	3334,67
585,541	3227,67
585,746	2960,67
585,952	2698,67
586,157	2709,67
586,362	2767,67
586,568	2907,67
586,773	3164,67
586,978	3031,67
587,183	2966,67
587,389	3136,67
587,594	2728,67
587,799	2758,67
588,004	2918,67
588,21	2786,67
588,415	2515,67
588,62	2647,67
588,825	2516,67
589,03	2477,67
589,235	2951,67
589,44	2473,67
589,645	2380,67
589,85	2550,67
590,055	2644,67
590,26	2371,67
590,465	2165,67
590,67	2344,67
590,875	2381,67
591,08	2342,67
591,285	2304,67
591,49	2297,67
591,695	2114,67
591,9	2157,67
592,105	2350,67
592,31	2553,67
592,515	2908,67
592,719	2499,67
592,924	2444,67
593,129	2454,67
593,334	2460,67
593,539	2264,67
593,743	2408,67
593,948	2179,67
594,153	2163,67
594,357	2460,67
594,562	2315,67
594,767	2704,67
594,971	2181,67
595,176	2231,67
595,381	2251,67
595,585	2177,67
595,79	2262,67
595,994	1891,67
596,199	2488,67
596,403	1851,67
596,608	1924,67
596,812	2120,67
597,017	2193,67
597,221	2388,67
597,426	2211,67
597,63	2019,67
597,835	1804,67
598,039	2088,67
598,243	2075,67
598,448	2474,67
598,652	2283,67
598,856	2130,67
599,061	2134,67
599,265	1998,67
599,469	2069,67
599,673	2220,67
599,878	2276,67
600,082	2063,67
600,286	2013,67
600,49	2009,67
600,695	1969,67
600,899	2065,67
601,103	2241,67
601,307	2152,67
601,511	2111,67
601,715	1904,67
601,919	1921,67
602,123	2278,67
602,327	2114,67
602,531	2132,67
602,735	2254,67
602,939	2276,67
603,143	2093,67
603,347	2155,67
603,551	2102,67
603,755	2066,67
603,959	2076,67
604,163	2033,67
604,367	2004,67
604,571	2035,67
604,775	2088,67
604,978	2049,67
605,182	1926,67
605,386	2079,67
605,59	2069,67
605,793	2053,67
605,997	2142,67
606,201	2139,67
606,405	2325,67
606,608	2149,67
606,812	2079,67
607,016	2178,67
607,219	2011,67
607,423	2018,67
607,627	2403,67
607,83	1929,67
608,034	1969,67
608,237	2072,67
608,441	1889,67
608,644	2007,67
608,848	2117,67
609,051	1929,67
609,255	1968,67
609,458	2122,67
609,662	2009,67
609,865	2079,67
610,069	1894,67
610,272	1793,67
610,475	1883,67
610,679	1892,67
610,882	1962,67
611,085	1948,67
611,289	2038,67
611,492	1953,67
611,695	1857,67
611,898	1893,67
612,102	1959,67
612,305	1963,67
612,508	1998,67
612,711	2087,67
612,914	1868,67
613,118	2019,67
613,321	2003,67
613,524	1819,67
613,727	1833,67
613,93	1940,67
614,133	1981,67
614,336	1965,67
614,539	1867,67
614,742	1849,67
614,945	1774,67
615,148	2023,67
615,351	1928,67
615,554	2042,67
615,757	1796,67
615,96	1853,67
616,163	1869,67
616,366	1999,67
616,569	1822,67
616,772	2048,67
616,974	1883,67
617,177	1951,67
617,38	1734,67
617,583	1912,67
617,786	1792,67
617,988	1747,67
618,191	2005,67
618,394	1755,67
618,596	1698,67
618,799	1841,67
619,002	1882,67
619,204	1949,67
619,407	1890,67
619,61	1808,67
619,812	1860,67
620,015	1899,67
620,217	2021,67
620,42	1882,67
620,623	1813,67
620,825	1872,67
621,028	2082,67
621,23	1925,67
621,432	1915,67
621,635	2089,67
621,837	1886,67
622,04	1856,67
622,242	1876,67
622,445	1903,67
622,647	1958,67
622,849	2039,67
623,052	1715,67
623,254	1792,67
623,456	1696,67
623,658	1986,67
623,861	2033,67
624,063	1877,67
624,265	1990,67
624,467	2019,67
624,67	1658,67
624,872	1905,67
625,074	2096,67
625,276	1960,67
625,478	1900,67
625,68	1674,67
625,882	1944,67
626,084	1828,67
626,287	2079,67
626,489	1986,67
626,691	1762,67
626,893	1956,67
627,095	1919,67
627,297	1916,67
627,499	1855,67
627,7	1607,67
627,902	1628,67
628,104	1689,67
628,306	1767,67
628,508	1748,67
628,71	1858,67
628,912	1891,67
629,114	2074,67
629,315	1985,67
629,517	1740,67
629,719	1777,67
629,921	1856,67
630,122	1838,67
630,324	1740,67
630,526	1932,67
630,728	1848,67
630,929	1754,67
631,131	1691,67
631,332	1990,67
631,534	1953,67
631,736	2071,67
631,937	1717,67
632,139	1808,67
632,34	1835,67
632,542	1920,67
632,743	1865,67
632,945	1789,67
633,146	1780,67
633,348	1877,67
633,549	1835,67
633,751	1685,67
633,952	1704,67
634,154	1637,67
634,355	1462,67
634,556	1769,67
634,758	1711,67
634,959	1688,67
635,16	1849,67
635,362	1664,67
635,563	1821,67
635,764	1781,67
635,965	1801,67
636,167	1792,67
636,368	1779,67
636,569	1671,67
636,77	1903,67
636,971	1704,67
637,172	1824,67
637,374	1654,67
637,575	1818,67
637,776	1662,67
637,977	1583,67
638,178	1856,67
638,379	1787,67
638,58	1743,67
638,781	1586,67
638,982	1755,67
639,183	1693,67
639,384	1678,67
639,585	1696,67
639,786	1576,67
639,987	1776,67
640,187	1760,67
640,388	1765,67
640,589	1601,67
640,79	1647,67
640,991	1685,67
641,192	1882,67
641,392	1489,67
641,593	1730,67
641,794	1547,67
641,995	1620,67
642,195	1382,67
642,396	1641,67
642,597	1714,67
642,797	1642,67
642,998	1765,67
643,199	1669,67
643,399	1730,67
643,6	1553,67
643,8	1613,67
644,001	1693,67
644,202	1683,67
644,402	1669,67
644,603	1773,67
644,803	1563,67
645,004	1720,67
645,204	1477,67
645,404	1615,67
645,605	1997,67
645,805	1607,67
646,006	1612,67
646,206	2123,67
646,406	1547,67
646,607	1490,67
646,807	1422,67
647,007	1,67
647,208	12,67
647,408	27,67
647,608	26,67
