200,697	852
200,927	61
201,158	93
201,388	15
201,618	1155
201,849	1034
202,079	1249
202,309	1143
202,539	1217
202,77	1136
203	1214
203,23	1216
203,46	1222
203,691	1211
203,921	1260
204,151	1162
204,381	1169
204,611	1312
204,841	1106
205,071	1154
205,302	1306
205,532	1323
205,762	2963
205,992	1125
206,222	1207
206,452	1242
206,682	1180
206,912	1300
207,142	1284
207,372	1246
207,602	1147
207,832	1202
208,062	1285
208,292	1279
208,522	1128
208,752	1250
208,982	1188
209,212	1346
209,442	1392
209,672	1226
209,902	1223
210,131	1041
210,361	1131
210,591	940
210,821	837
211,051	1312
211,281	1091
211,51	1215
211,74	1253
211,97	1201
212,2	1256
212,429	1372
212,659	1231
212,889	1314
213,119	1069
213,348	1226
213,578	1366
213,808	1296
214,037	1341
214,267	1405
214,497	1249
214,726	1271
214,956	1205
215,186	1209
215,415	1266
215,645	1269
215,874	1317
216,104	1178
216,333	1279
216,563	1250
216,792	1309
217,022	1345
217,251	1274
217,481	1173
217,71	1241
217,94	1230
218,169	1270
218,399	1291
218,628	1252
218,858	1489
219,087	1229
219,316	1355
219,546	1323
219,775	1221
220,004	1482
220,234	1366
220,463	1439
220,692	1357
220,922	1301
221,151	1337
221,38	1269
221,61	1617
221,839	1436
222,068	1309
222,297	1366
222,526	1301
222,756	1342
222,985	1373
223,214	1301
223,443	1282
223,672	1670
223,902	1214
224,131	1266
224,36	1393
224,589	1190
224,818	1252
225,047	1359
225,276	1246
225,505	1565
225,734	1338
225,963	1194
226,192	1249
226,421	1255
226,65	1351
226,879	1270
227,108	1293
227,337	1409
227,566	1458
227,795	1278
228,024	1301
228,253	1258
228,482	934
228,711	1326
228,94	1156
229,168	1036
229,397	1217
229,626	1217
229,855	1369
230,084	1160
230,313	1202
230,541	1421
230,77	1254
230,999	1156
231,228	1458
231,456	1360
231,685	1256
231,914	1325
232,143	1253
232,371	1319
232,6	1269
232,829	1253
233,057	1430
233,286	1356
233,515	1282
233,743	1354
233,972	1190
234,2	1345
234,429	1215
234,658	1394
234,886	1155
235,115	1288
235,343	1326
235,572	1249
235,8	1373
236,029	1499
236,257	1237
236,486	1335
236,714	1380
236,943	1371
237,171	1270
237,399	1246
237,628	1354
237,856	1327
238,085	1428
238,313	1201
238,541	1218
238,77	1594
238,998	1178
239,226	1442
239,455	1180
239,683	1454
239,911	1168
240,14	1386
240,368	1474
240,596	1247
240,824	1343
241,053	1334
241,281	1335
241,509	1283
241,737	1258
241,965	1194
242,193	1208
242,422	1228
242,65	1176
242,878	1300
243,106	1280
243,334	1306
243,562	1353
243,79	1322
244,018	1354
244,246	1300
244,474	1234
244,702	1232
244,93	1344
245,158	1322
245,386	1273
245,614	1295
245,842	1418
246,07	1250
246,298	1418
246,526	1679
246,754	1258
246,982	1355
247,21	1230
247,438	1494
247,666	1366
247,893	1314
248,121	1201
248,349	1254
248,577	1431
248,805	1474
249,033	999
249,26	1338
249,488	1226
249,716	1319
249,944	1255
250,171	1256
250,399	1217
250,627	1338
250,854	1310
251,082	1231
251,31	1326
251,537	1295
251,765	1550
251,993	1254
252,22	1622
252,448	1232
252,676	1394
252,903	1331
253,131	1625
253,358	1242
253,586	1218
253,813	1161
254,041	1396
254,268	1285
254,496	1130
254,723	1286
254,951	1329
255,178	1283
255,406	1241
255,633	1340
255,86	1474
256,088	1266
256,315	1257
256,543	1386
256,77	1337
256,997	1163
257,225	1330
257,452	1254
257,679	1328
257,907	1363
258,134	1262
258,361	1236
258,588	1392
258,816	1301
259,043	1176
259,27	1297
259,497	1349
259,725	1272
259,952	1265
260,179	1216
260,406	1314
260,633	1245
260,86	1304
261,088	1307
261,315	1558
261,542	1102
261,769	1242
261,996	1546
262,223	1427
262,45	1423
262,677	1086
262,904	1289
263,131	1383
263,358	1265
263,585	1338
263,812	1569
264,039	1407
264,266	1299
264,493	1285
264,72	1272
264,947	1273
265,174	1506
265,401	1413
265,627	1381
265,854	1366
266,081	1380
266,308	1234
266,535	1298
266,762	1257
266,988	1442
267,215	1383
267,442	1306
267,669	1395
267,896	1138
268,122	1384
268,349	1326
268,576	1280
268,802	1278
269,029	1294
269,256	1469
269,482	1314
269,709	1281
269,936	1239
270,162	1487
270,389	1286
270,616	1370
270,842	1474
271,069	1311
271,295	1370
271,522	1249
271,748	1292
271,975	1460
272,201	1415
272,428	1308
272,654	1329
272,881	1458
273,107	1244
273,334	1301
273,56	1428
273,787	1251
274,013	1323
274,239	1518
274,466	1313
274,692	1329
274,918	1324
275,145	1300
275,371	1202
275,597	1406
275,824	1547
276,05	1392
276,276	1368
276,503	1385
276,729	1389
276,955	1230
277,181	1348
277,407	1582
277,634	1433
277,86	1300
278,086	1408
278,312	1266
278,538	1137
278,764	1263
278,991	1341
279,217	1253
279,443	1221
279,669	1314
279,895	1427
280,121	1220
280,347	1262
280,573	1241
280,799	1244
281,025	1453
281,251	1249
281,477	1342
281,703	1275
281,929	1243
282,155	1236
282,381	1385
282,607	1175
282,833	1322
283,059	1337
283,285	1262
283,51	1264
283,736	1167
283,962	1377
284,188	1285
284,414	1255
284,64	1346
284,865	1329
285,091	1220
285,317	1284
285,543	1343
285,768	1529
285,994	1281
286,22	1602
286,446	1346
286,671	1120
286,897	1170
287,123	1273
287,348	1202
287,574	1707
287,799	1326
288,025	1141
288,251	1429
288,476	1302
288,702	1321
288,927	1282
289,153	1258
289,378	1529
289,604	1387
289,829	1174
290,055	1261
290,28	1303
290,506	1400
290,731	1173
290,957	1404
291,182	1457
291,408	1392
291,633	1362
291,858	1251
292,084	1341
292,309	1210
292,535	1271
292,76	1392
292,985	1278
293,211	1247
293,436	1225
293,661	1134
293,886	1206
294,112	1330
294,337	1280
294,562	1052
294,787	1352
295,013	1274
295,238	1111
295,463	1354
295,688	1416
295,913	1334
296,138	1495
296,364	1354
296,589	1478
296,814	1261
297,039	1250
297,264	1545
297,489	1319
297,714	1346
297,939	1167
298,164	1290
298,389	1428
298,614	1199
298,839	1274
299,064	1458
299,289	1359
299,514	1418
299,739	1283
299,964	1303
300,189	1348
300,414	1381
300,639	1434
300,863	1226
301,088	1601
301,313	1294
301,538	1296
301,763	1254
301,988	1330
302,212	1351
302,437	1690
302,662	1222
302,887	1287
303,111	1290
303,336	1378
303,561	1357
303,786	1320
304,01	1451
304,235	1434
304,46	1206
304,684	1248
304,909	1271
305,134	1233
305,358	1405
305,583	1330
305,807	1609
306,032	1175
306,256	1368
306,481	1352
306,706	1306
306,93	1191
307,155	1512
307,379	1229
307,604	1298
307,828	1256
308,052	1441
308,277	1275
308,501	1318
308,726	1412
308,95	1328
309,175	1199
309,399	1383
309,623	1258
309,848	1194
310,072	1147
310,296	1606
310,521	1240
310,745	1211
310,969	1503
311,193	1329
311,418	1302
311,642	1244
311,866	1369
312,09	1327
312,315	1329
312,539	1377
312,763	1245
312,987	1400
313,211	1220
313,435	1278
313,659	1224
313,884	1280
314,108	1350
314,332	1358
314,556	1239
314,78	1483
315,004	1365
315,228	1463
315,452	1394
315,676	1349
315,9	1430
316,124	1163
316,348	1312
316,572	1325
316,796	1372
317,02	1260
317,244	1316
317,468	1172
317,691	1462
317,915	1358
318,139	1301
318,363	1598
318,587	1316
318,811	1242
319,034	1228
319,258	1446
319,482	1435
319,706	1370
319,93	1322
320,153	1249
320,377	1342
320,601	1242
320,824	1188
321,048	1420
321,272	1378
321,495	1326
321,719	1318
321,943	1257
322,166	1316
322,39	1254
322,614	1260
322,837	1392
323,061	1121
323,284	1413
323,508	1350
323,731	1192
323,955	1301
324,178	1166
324,402	1183
324,625	1319
324,849	1152
325,072	1395
325,296	1375
325,519	1290
325,743	1225
325,966	1414
326,189	1426
326,413	1320
326,636	1633
326,859	1306
327,083	1579
327,306	1223
327,529	1223
327,753	1189
327,976	1457
328,199	1377
328,422	1353
328,646	1352
328,869	1155
329,092	1330
329,315	1454
329,538	1212
329,762	1336
329,985	1224
330,208	1230
330,431	1316
330,654	1415
330,877	1314
331,1	1374
331,323	1324
331,546	1490
331,769	1363
331,993	1397
332,216	1360
332,439	1386
332,662	1305
332,885	1295
333,107	1162
333,33	1194
333,553	1416
333,776	1234
333,999	1242
334,222	1204
334,445	1252
334,668	1266
334,891	1337
335,114	1196
335,336	1233
335,559	1328
335,782	1570
336,005	1144
336,228	1302
336,45	1208
336,673	1261
336,896	1320
337,119	1333
337,341	1206
337,564	1244
337,787	1257
338,009	1256
338,232	1353
338,455	1345
338,677	1324
338,9	1317
339,122	1354
339,345	1175
339,568	1184
339,79	1221
340,013	1313
340,235	1326
340,458	1204
340,68	1318
340,903	1256
341,125	1239
341,348	941
341,57	1172
341,793	1400
342,015	1129
342,238	1240
342,46	1264
342,682	1295
342,905	1314
343,127	1325
343,349	1271
343,572	1345
343,794	1274
344,016	1285
344,239	1335
344,461	1174
344,683	1199
344,905	1202
345,128	1206
345,35	1190
345,572	1426
345,794	1405
346,017	1250
346,239	1273
346,461	1265
346,683	1327
346,905	1353
347,127	1302
347,349	1233
347,571	1270
347,793	1450
348,016	1281
348,238	1305
348,46	1236
348,682	1253
348,904	1212
349,126	1306
349,348	1269
349,57	1213
349,792	1306
350,014	1390
350,235	1272
350,457	1943
350,679	1444
350,901	1261
351,123	1142
351,345	1307
351,567	1359
351,789	1298
352,01	1390
352,232	1386
352,454	1084
352,676	1433
352,897	1282
353,119	1228
353,341	1289
353,563	1282
353,784	1181
354,006	1298
354,228	1189
354,449	1245
354,671	1309
354,893	1375
355,114	1312
355,336	1293
355,558	1302
355,779	1297
356,001	1269
356,222	1295
356,444	1201
356,665	1572
356,887	1275
357,108	1209
357,33	1274
357,551	1330
357,773	1276
357,994	1295
358,216	1160
358,437	1371
358,659	1388
358,88	1328
359,101	1312
359,323	1311
359,544	1253
359,765	1165
359,987	1269
360,208	1088
360,429	1305
360,651	1170
360,872	1363
361,093	1302
361,314	1314
361,536	1283
361,757	1322
361,978	1213
362,199	1161
362,42	1087
362,642	1324
362,863	1356
363,084	1239
363,305	1286
363,526	1209
363,747	1153
363,968	1241
364,189	1367
364,41	1044
364,631	1117
364,852	1222
365,073	1166
365,294	1288
365,515	1173
365,736	1319
365,957	1272
366,178	1243
366,399	1300
366,62	1362
366,841	1356
367,062	1304
367,283	1194
367,504	1370
367,724	1170
367,945	1171
368,166	1448
368,387	1261
368,608	1239
368,828	1384
369,049	1174
369,27	1218
369,491	1338
369,711	1306
369,932	1336
370,153	1269
370,373	1351
370,594	1320
370,815	961
371,035	1417
371,256	1127
371,477	1194
371,697	1255
371,918	1166
372,138	1330
372,359	1388
372,579	1172
372,8	1201
373,02	1323
373,241	1233
373,461	1266
373,682	1374
373,902	1242
374,123	1133
374,343	1370
374,564	1270
374,784	1190
375,004	1285
375,225	1153
375,445	1234
375,666	1431
375,886	1202
376,106	1197
376,326	1214
376,547	1373
376,767	1318
376,987	1209
377,208	1155
377,428	1241
377,648	1244
377,868	1290
378,088	1456
378,309	1360
378,529	1463
378,749	1305
378,969	1201
379,189	1326
379,409	1271
379,629	1220
379,849	1310
380,069	1433
380,29	1190
380,51	1250
380,73	1255
380,95	1437
381,17	1250
381,39	1337
381,61	1222
381,829	1210
382,049	1276
382,269	1197
382,489	1309
382,709	1270
382,929	1014
383,149	1335
383,369	1414
383,589	1297
383,808	1294
384,028	1210
384,248	1341
384,468	1302
384,688	1241
384,907	1252
385,127	1274
385,347	1292
385,567	1218
385,786	1342
386,006	1178
386,226	1295
386,445	1400
386,665	1194
386,885	1408
387,104	1229
387,324	1214
387,543	1202
387,763	1164
387,982	1272
388,202	1204
388,422	1225
388,641	1192
388,861	1295
389,08	1249
389,3	1202
389,519	1356
389,738	1200
389,958	1290
390,177	1282
390,397	1274
390,616	1248
390,836	1365
391,055	1120
391,274	1334
391,494	1186
391,713	1219
391,932	1150
392,151	1321
392,371	1172
392,59	1343
392,809	1357
393,029	1369
393,248	1369
393,467	1186
393,686	1122
393,905	2142
394,124	1201
394,344	1299
394,563	1316
394,782	1252
395,001	1286
395,22	1194
395,439	1297
395,658	996
395,877	1278
396,096	1109
396,315	1308
396,534	1186
396,753	1210
396,972	1210
397,191	1295
397,41	1280
397,629	1193
397,848	1178
398,067	1206
398,286	1413
398,505	1079
398,724	1418
398,943	1772
399,161	1157
399,38	1318
399,599	1302
399,818	1250
400,037	1370
400,255	1311
400,474	1162
400,693	1224
400,912	1451
401,13	1135
401,349	1212
401,568	1161
401,786	1466
402,005	1274
402,224	1194
402,442	1292
402,661	1288
402,88	1234
403,098	1171
403,317	1264
403,535	1296
403,754	1126
403,972	1322
404,191	1146
404,409	1247
404,628	1896
404,846	1322
405,065	1274
405,283	1331
405,502	1218
405,72	1276
405,938	1236
406,157	1198
406,375	1234
406,594	1245
406,812	1250
407,03	1242
407,249	1178
407,467	1258
407,685	1414
407,903	1169
408,122	1353
408,34	1234
408,558	1270
408,776	1242
408,995	1151
409,213	1260
409,431	1341
409,649	1254
409,867	1202
410,085	1267
410,303	1430
410,522	1181
410,74	1277
410,958	1174
411,176	1266
411,394	1234
411,612	1285
411,83	1346
412,048	1313
412,266	1218
412,484	1229
412,702	1362
412,92	1116
413,138	1325
413,356	1222
413,573	1332
413,791	1490
414,009	1264
414,227	1533
414,445	1245
414,663	1316
414,881	1284
415,098	1321
415,316	1155
415,534	1654
415,752	1285
415,969	1276
416,187	1114
416,405	1206
416,623	1045
416,84	1159
417,058	1257
417,276	1345
417,493	1217
417,711	1209
417,928	1282
418,146	1213
418,364	1356
418,581	1296
418,799	1147
419,016	1186
419,234	1124
419,451	1546
419,669	1276
419,886	1168
420,104	1198
420,321	1240
420,539	1226
420,756	1259
420,974	1323
421,191	1246
421,408	1277
421,626	1281
421,843	1224
422,06	1240
422,278	1116
422,495	1331
422,712	1249
422,93	1420
423,147	1358
423,364	1263
423,581	1329
423,799	1186
424,016	1256
424,233	1266
424,45	1258
424,667	1311
424,884	1153
425,102	1294
425,319	1149
425,536	1218
425,753	1508
425,97	1185
426,187	1297
426,404	1217
426,621	1474
426,838	1333
427,055	1252
427,272	1255
427,489	1274
427,706	1050
427,923	1299
428,14	1420
428,357	1273
428,574	1416
428,791	1310
429,008	1146
429,224	1107
429,441	1145
429,658	1240
429,875	1387
430,092	1298
430,308	1346
430,525	1348
430,742	1274
430,959	1313
431,175	1264
431,392	1218
431,609	1298
431,826	1256
432,042	1053
432,259	1212
432,476	1534
432,692	1216
432,909	1220
433,125	1271
433,342	1216
433,559	1290
433,775	1223
433,992	1129
434,208	1127
434,425	1140
434,641	1194
434,858	1506
435,074	1253
435,291	1217
435,507	1277
435,723	1326
435,94	1190
436,156	1214
436,373	1360
436,589	1210
436,805	1261
437,022	1296
437,238	1132
437,454	1254
437,671	1157
437,887	1178
438,103	1243
438,319	1242
438,536	1335
438,752	1258
438,968	1231
439,184	1295
439,4	1222
439,616	1113
439,833	1330
440,049	1176
440,265	1408
440,481	1253
440,697	1206
440,913	1264
441,129	1369
441,345	1240
441,561	1209
441,777	1281
441,993	1273
442,209	1242
442,425	1368
442,641	1298
442,857	1209
443,073	1223
443,289	1246
443,505	1306
443,721	1507
443,937	1162
444,152	1277
444,368	1292
444,584	1207
444,8	1377
445,016	1249
445,231	1246
445,447	1418
445,663	1272
445,879	1252
446,094	1437
446,31	1330
446,526	1609
446,742	1281
446,957	1257
447,173	1306
447,388	1346
447,604	1370
447,82	1302
448,035	1434
448,251	1221
448,466	1352
448,682	1187
448,897	1167
449,113	1220
449,328	1395
449,544	1185
449,759	1516
449,975	1290
450,19	1221
450,406	1265
450,621	1206
450,836	1202
451,052	1229
451,267	1151
451,483	1232
451,698	1185
451,913	1307
452,129	1287
452,344	1151
452,559	1345
452,774	1369
452,99	1286
453,205	1314
453,42	1354
453,635	1333
453,85	1212
454,066	1298
454,281	1284
454,496	1263
454,711	1332
454,926	1367
455,141	1021
455,356	1276
455,571	1052
455,786	1193
456,001	1151
456,217	1174
456,432	1284
456,647	1268
456,861	1269
457,076	1218
457,291	1334
457,506	1260
457,721	1291
457,936	1256
458,151	1199
458,366	1435
458,581	1207
458,796	1490
459,01	1087
459,225	1225
459,44	1067
459,655	1291
459,87	1156
460,084	1224
460,299	1325
460,514	1262
460,729	1597
460,943	1174
461,158	1101
461,373	1186
461,587	1274
461,802	1002
462,016	1397
462,231	1171
462,446	1369
462,66	1155
462,875	1216
463,089	1284
463,304	1280
463,518	1228
463,733	1244
463,947	1293
464,162	1178
464,376	1325
464,591	1327
464,805	1202
465,02	1354
465,234	1293
465,448	1295
465,663	1323
465,877	1301
466,091	1220
466,306	1420
466,52	1506
466,734	1267
466,949	1210
467,163	1327
467,377	1241
467,591	1306
467,806	1211
468,02	1243
468,234	1038
468,448	1326
468,662	1281
468,876	1434
469,091	1262
469,305	1369
469,519	1202
469,733	1156
469,947	1282
470,161	1412
470,375	1098
470,589	1305
470,803	1332
471,017	1272
471,231	1236
471,445	1166
471,659	1268
471,873	1311
472,087	1110
472,301	1324
472,515	1148
472,728	1174
472,942	1004
473,156	1240
473,37	1028
473,584	1144
473,798	1242
474,011	1248
474,225	1250
474,439	1364
474,653	1364
474,866	1250
475,08	1256
475,294	1323
475,507	1174
475,721	1248
475,935	1298
476,148	1218
476,362	1159
476,576	1177
476,789	1341
477,003	1289
477,216	1287
477,43	1239
477,643	1246
477,857	1276
478,07	1238
478,284	1253
478,497	1192
478,711	1240
478,924	1210
479,138	1255
479,351	1230
479,564	1070
479,778	1348
479,991	1103
480,204	1194
480,418	1319
480,631	1194
480,844	1300
481,058	1158
481,271	1275
481,484	1360
481,697	1109
481,911	1163
482,124	1234
482,337	1295
482,55	1158
482,763	1228
482,976	1316
483,19	1162
483,403	1272
483,616	1296
483,829	1300
484,042	1228
484,255	1300
484,468	1226
484,681	1227
484,894	1254
485,107	1442
485,32	1237
485,533	1172
485,746	1240
485,959	1213
486,172	1285
486,385	1134
486,598	1283
486,81	1252
487,023	1247
487,236	1383
487,449	1257
487,662	1262
487,875	1226
488,087	1278
488,3	1300
488,513	1159
488,726	1058
488,938	1395
489,151	1282
489,364	1188
489,576	1245
489,789	1264
490,002	1284
490,214	1264
490,427	1117
490,64	1119
490,852	1273
491,065	1196
491,277	1281
491,49	1353
491,702	1089
491,915	1300
492,127	1286
492,34	1199
492,552	1313
492,765	1373
492,977	1394
493,19	1279
493,402	1291
493,614	1293
493,827	1209
494,039	1236
494,251	1257
494,464	1277
494,676	1141
494,888	1239
495,101	1241
495,313	1245
495,525	1240
495,737	1202
495,95	1277
496,162	1241
496,374	1249
496,586	1183
496,798	1248
497,01	1266
497,222	1150
497,435	1594
497,647	1194
497,859	1230
498,071	1218
498,283	1283
498,495	1286
498,707	1427
498,919	1165
499,131	1325
499,343	986
499,555	1224
499,767	1298
499,979	1094
500,191	1197
500,402	1177
500,614	1314
500,826	1340
501,038	1186
501,25	1269
501,462	1148
501,673	1272
501,885	1222
502,097	1343
502,309	1312
502,521	1390
502,732	1215
502,944	1198
503,156	1183
503,367	1244
503,579	1224
503,791	1278
504,002	1290
504,214	1357
504,425	1469
504,637	1505
504,849	1248
505,06	1322
505,272	1325
505,483	1322
505,695	1236
505,906	1175
506,118	1272
506,329	1238
506,541	1250
506,752	1361
506,963	1270
507,175	1043
507,386	1456
507,598	1352
507,809	1166
508,02	1271
508,232	1403
508,443	1194
508,654	1440
508,865	1329
509,077	1265
509,288	1237
509,499	1448
509,71	1167
509,922	1365
510,133	1196
510,344	1425
510,555	1237
510,766	1330
510,977	1194
511,188	1253
511,4	1198
511,611	1233
511,822	1322
512,033	1260
512,244	1295
512,455	1254
512,666	1257
512,877	1362
513,088	1290
513,299	1458
513,51	1289
513,721	1274
513,931	1247
514,142	1349
514,353	1428
514,564	1194
514,775	1287
514,986	1294
515,196	1130
515,407	1167
515,618	1227
515,829	1240
516,04	1397
516,25	1209
516,461	1189
516,672	1275
516,882	1113
517,093	1414
517,304	1124
517,514	971
517,725	1209
517,936	1055
518,146	1141
518,357	1344
518,567	1109
518,778	1514
518,988	1182
519,199	1356
519,409	1165
519,62	1278
519,83	1240
520,041	1307
520,251	1297
520,462	1302
520,672	1245
520,882	1210
521,093	1255
521,303	1384
521,513	1238
521,724	2031
521,934	1157
522,144	1038
522,355	1154
522,565	1191
522,775	1228
522,985	1229
523,196	1234
523,406	1219
523,616	1355
523,826	1169
524,036	1916
524,246	1176
524,457	1239
524,667	1146
524,877	1254
525,087	1249
525,297	1272
525,507	1320
525,717	1373
525,927	1287
526,137	1262
526,347	1291
526,557	1423
526,767	1258
526,977	1562
527,187	1253
527,397	1122
527,607	1166
527,816	1252
528,026	1241
528,236	1260
528,446	1229
528,656	1191
528,865	1498
529,075	1199
529,285	1203
529,495	1325
529,704	1250
529,914	1253
530,124	1266
530,334	1185
530,543	1231
530,753	1521
530,963	1647
531,172	1235
531,382	1185
531,591	1517
531,801	1182
532,01	1268
532,22	1303
532,43	1274
532,639	1485
532,849	1273
533,058	1229
533,267	1399
533,477	1189
533,686	1204
533,896	1240
534,105	1253
534,315	1425
534,524	1213
534,733	1226
534,943	1298
535,152	1382
535,361	1228
535,57	1296
535,78	1215
535,989	1240
536,198	1244
536,407	1238
536,617	1282
536,826	1307
537,035	1315
537,244	1284
537,453	1099
537,662	1295
537,872	1381
538,081	1220
538,29	1233
538,499	1234
538,708	1183
538,917	1303
539,126	1334
539,335	1314
539,544	1757
539,753	1078
539,962	1338
540,171	1245
540,38	1389
540,589	1227
540,797	1352
541,006	1252
541,215	1169
541,424	1527
541,633	1269
541,842	1188
542,05	1366
542,259	1171
542,468	1306
542,677	1326
542,885	1265
543,094	1186
543,303	1106
543,512	1264
543,72	1326
543,929	1450
544,138	1045
544,346	1218
544,555	1187
544,763	1268
544,972	1271
545,18	1136
545,389	1302
545,598	1219
545,806	1327
546,015	1232
546,223	1261
546,431	1251
546,64	1194
546,848	1187
547,057	1354
547,265	1159
547,474	1237
547,682	1280
547,89	1291
548,099	1258
548,307	1259
548,515	1308
548,723	1295
548,932	1277
549,14	1284
549,348	1303
549,556	1202
549,765	1215
549,973	1155
550,181	1246
550,389	1337
550,597	1365
550,805	1220
551,014	1369
551,222	3310
551,43	1170
551,638	1260
551,846	1250
552,054	1389
552,262	1248
552,47	1186
552,678	1118
552,886	1333
553,094	1104
553,302	1272
553,51	1214
553,717	1297
553,925	1065
554,133	1547
554,341	1177
554,549	1316
554,757	1153
554,965	1253
555,172	1176
555,38	1506
555,588	1115
555,796	1239
556,003	1376
556,211	1202
556,419	1314
556,626	1344
556,834	1138
557,042	1348
557,249	1279
557,457	1258
557,664	1107
557,872	1159
558,08	1242
558,287	1316
558,495	1334
558,702	1084
558,91	1276
559,117	1232
559,325	1314
559,532	1495
559,74	1412
559,947	1218
560,154	1434
560,362	1005
560,569	1280
560,776	1194
560,984	1287
561,191	1236
561,398	1148
561,606	1581
561,813	1265
562,02	1139
562,227	1137
562,435	1262
562,642	1338
562,849	1312
563,056	1256
563,263	1230
563,471	1263
563,678	1358
563,885	1227
564,092	1296
564,299	1352
564,506	1295
564,713	1272
564,92	1262
565,127	1344
565,334	1294
565,541	1461
565,748	1282
565,955	1223
566,162	1306
566,369	1317
566,576	1362
566,783	1406
566,99	1181
567,196	1306
567,403	1258
567,61	1419
567,817	1156
568,024	1336
568,23	1274
568,437	1199
568,644	1203
568,851	1218
569,057	1750
569,264	1359
569,471	1090
569,677	1357
569,884	1292
570,091	1549
570,297	2117
570,504	1431
570,71	1344
570,917	1296
571,123	1256
571,33	1273
571,536	1216
571,743	1399
571,949	1449
572,156	1226
572,362	1553
572,569	1210
572,775	1299
572,982	1276
573,188	1257
573,394	1242
573,601	1180
573,807	970
574,013	1347
574,22	1261
574,426	1140
574,632	1346
574,838	1236
575,045	1253
575,251	1267
575,457	1291
575,663	1377
575,869	1262
576,076	1237
576,282	1364
576,488	1175
576,694	1303
576,9	1083
577,106	1140
577,312	1253
577,518	1342
577,724	1176
577,93	1306
578,136	1233
578,342	1257
578,548	1319
578,754	1265
578,96	1291
579,166	1254
579,372	1482
579,578	1265
579,784	1352
579,989	1240
580,195	1210
580,401	1333
580,607	1399
580,813	1251
581,018	1297
581,224	1246
581,43	1226
581,636	1256
581,841	1372
582,047	1293
582,253	1334
582,458	1208
582,664	1242
582,869	1274
583,075	1160
583,281	1570
583,486	1246
583,692	1192
583,897	1367
584,103	1306
584,308	1302
584,514	1252
584,719	1354
584,925	1285
585,13	1231
585,335	1295
585,541	1265
585,746	1258
585,952	1250
586,157	1023
586,362	1170
586,568	1274
586,773	1344
586,978	1325
587,183	1093
587,389	1109
587,594	1213
587,799	1287
588,004	1361
588,21	1302
588,415	1171
588,62	1298
588,825	1350
589,03	1230
589,235	1674
589,44	1362
589,645	1219
589,85	1386
590,055	1356
590,26	1302
590,465	1286
590,67	1256
590,875	1315
591,08	1392
591,285	1252
591,49	1322
591,695	1301
591,9	1255
592,105	1191
592,31	1241
592,515	1521
592,719	1112
592,924	1234
593,129	1231
593,334	1251
593,539	1291
593,743	1421
593,948	1247
594,153	1284
594,357	1388
594,562	1279
594,767	1719
594,971	1226
595,176	1261
595,381	1345
595,585	1178
595,79	1603
595,994	1169
596,199	1613
596,403	1085
596,608	1165
596,812	1289
597,017	1353
597,221	1490
597,426	1306
597,63	1275
597,835	1184
598,039	1250
598,243	1186
598,448	1460
598,652	1314
598,856	1376
599,061	1327
599,265	1246
599,469	1190
599,673	1268
599,878	1327
600,082	1294
600,286	1289
600,49	1301
600,695	1163
600,899	1241
601,103	1322
601,307	1367
601,511	1235
601,715	1169
601,919	1145
602,123	1438
602,327	1280
602,531	1230
602,735	1464
602,939	1409
603,143	1191
603,347	1376
603,551	1241
603,755	1247
603,959	1372
604,163	1245
604,367	1015
604,571	1276
604,775	1301
604,978	1238
605,182	1127
605,386	1323
605,59	1234
605,793	1291
605,997	1352
606,201	1312
606,405	1305
606,608	1400
606,812	1258
607,016	1354
607,219	1241
607,423	1232
607,627	1413
607,83	1096
608,034	1204
608,237	1310
608,441	1145
608,644	1334
608,848	1345
609,051	1221
609,255	1229
609,458	1339
609,662	1284
609,865	1310
610,069	1232
610,272	1152
610,475	1186
610,679	1221
610,882	1286
611,085	1306
611,289	1399
611,492	1167
611,695	1194
611,898	1180
612,102	1353
612,305	1330
612,508	1380
612,711	1452
612,914	1282
613,118	1289
613,321	1325
613,524	1244
613,727	1224
613,93	1225
614,133	1283
614,336	1360
614,539	1355
614,742	1225
614,945	1244
615,148	1339
615,351	1221
615,554	1367
615,757	1231
615,96	1307
616,163	1226
616,366	1338
616,569	1305
616,772	1431
616,974	1283
617,177	1391
617,38	1303
617,583	1364
617,786	1197
617,988	1075
618,191	1413
618,394	1189
618,596	1132
618,799	1292
619,002	1341
619,204	1295
619,407	1248
619,61	1194
619,812	1209
620,015	1235
620,217	1313
620,42	1222
620,623	1220
620,825	1202
621,028	1549
621,23	1266
621,432	1596
621,635	1449
621,837	1291
622,04	1239
622,242	1261
622,445	1240
622,647	1264
622,849	1404
623,052	1115
623,254	1307
623,456	1125
623,658	1349
623,861	1325
624,063	1302
624,265	1278
624,467	1303
624,67	1040
624,872	1287
625,074	1333
625,276	1437
625,478	1351
625,68	1114
625,882	1200
626,084	1290
626,287	1399
626,489	1343
626,691	1305
626,893	1332
627,095	1312
627,297	1278
627,499	1270
627,7	1113
627,902	1145
628,104	1128
628,306	1212
628,508	1104
628,71	1355
628,912	1245
629,114	1478
629,315	1562
629,517	1057
629,719	1250
629,921	1170
630,122	1240
630,324	1192
630,526	1416
630,728	1276
630,929	1209
631,131	1184
631,332	1402
631,534	1353
631,736	1350
631,937	1180
632,139	1282
632,34	1334
632,542	1378
632,743	1354
632,945	1180
633,146	1322
633,348	1367
633,549	1290
633,751	1288
633,952	1295
634,154	1154
634,355	1146
634,556	1266
634,758	1210
634,959	1228
635,16	1319
635,362	1213
635,563	1278
635,764	1306
635,965	1311
636,167	1258
636,368	1279
636,569	1186
636,77	1362
636,971	1390
637,172	1288
637,374	1226
637,575	1255
637,776	1166
637,977	1311
638,178	1427
638,379	1148
638,58	1330
638,781	1114
638,982	1256
639,183	1249
639,384	1149
639,585	1198
639,786	1150
639,987	1218
640,187	1351
640,388	1362
640,589	1138
640,79	1246
640,991	1215
641,192	1395
641,392	1058
641,593	1188
641,794	1110
641,995	1209
642,195	1098
642,396	1202
642,597	1177
642,797	1234
642,998	1247
643,199	1196
643,399	1322
643,6	1134
643,8	1173
644,001	1249
644,202	1263
644,402	1146
644,603	1338
644,803	1114
645,004	1267
645,204	1105
645,404	1130
645,605	1535
645,805	1076
646,006	1366
646,206	1650
646,406	1064
646,607	1105
646,807	1124
647,007	-108
647,208	-18
647,408	-45
647,608	63
