200,697	908
200,927	-21
201,158	-7
201,388	9
201,618	1575
201,849	1353
202,079	1663
202,309	1461
202,539	1552
202,77	1629
203	1575
203,23	1706
203,46	1629
203,691	1584
203,921	1678
204,151	1553
204,381	1630
204,611	1619
204,841	1590
205,071	1539
205,302	1769
205,532	1714
205,762	3761
205,992	1549
206,222	1573
206,452	1664
206,682	1552
206,912	1714
207,142	1744
207,372	1551
207,602	1515
207,832	1585
208,062	1755
208,292	1556
208,522	1510
208,752	1660
208,982	1574
209,212	1769
209,442	1615
209,672	1574
209,902	1634
210,131	1679
210,361	1567
210,591	1718
210,821	1595
211,051	1791
211,281	1647
211,51	1648
211,74	1721
211,97	1599
212,2	1779
212,429	1753
212,659	1630
212,889	1671
213,119	1540
213,348	1596
213,578	1792
213,808	1733
214,037	1761
214,267	1728
214,497	1767
214,726	1652
214,956	1566
215,186	1635
215,415	1664
215,645	1685
215,874	1745
216,104	1602
216,333	1664
216,563	1740
216,792	1452
217,022	1727
217,251	1712
217,481	1545
217,71	1626
217,94	1731
218,169	1613
218,399	1647
218,628	1617
218,858	1773
219,087	1738
219,316	1753
219,546	1704
219,775	1745
220,004	1887
220,234	1627
220,463	1782
220,692	1764
220,922	1610
221,151	1744
221,38	1675
221,61	2082
221,839	1908
222,068	1758
222,297	1834
222,526	1748
222,756	1819
222,985	1864
223,214	1705
223,443	1817
223,672	2187
223,902	1671
224,131	1692
224,36	1923
224,589	1603
224,818	1790
225,047	1788
225,276	1757
225,505	1990
225,734	1825
225,963	1690
226,192	1724
226,421	1758
226,65	1797
226,879	1815
227,108	2011
227,337	1705
227,566	1964
227,795	1804
228,024	1859
228,253	1803
228,482	1733
228,711	1868
228,94	1640
229,168	1817
229,397	1824
229,626	1839
229,855	1813
230,084	1777
230,313	1732
230,541	1984
230,77	1831
230,999	1829
231,228	2052
231,456	1927
231,685	1903
231,914	1983
232,143	1877
232,371	1952
232,6	2005
232,829	1945
233,057	1985
233,286	1949
233,515	1991
233,743	2028
233,972	1901
234,2	2034
234,429	1987
234,658	2037
234,886	1862
235,115	2024
235,343	2093
235,572	1996
235,8	2077
236,029	2377
236,257	1964
236,486	2228
236,714	2092
236,943	2431
237,171	2119
237,399	2182
237,628	2211
237,856	2284
238,085	2199
238,313	2191
238,541	2206
238,77	2534
238,998	2078
239,226	2312
239,455	2234
239,683	2386
239,911	2251
240,14	2470
240,368	2410
240,596	2318
240,824	2354
241,053	2490
241,281	2365
241,509	2368
241,737	2422
241,965	2159
242,193	2341
242,422	2449
242,65	2427
242,878	2430
243,106	2564
243,334	2472
243,562	2542
243,79	2655
244,018	2647
244,246	2558
244,474	2596
244,702	2532
244,93	2590
245,158	2579
245,386	2874
245,614	2760
245,842	2745
246,07	2560
246,298	2832
246,526	3207
246,754	2617
246,982	2813
247,21	2777
247,438	2738
247,666	2807
247,893	2776
248,121	2800
248,349	2770
248,577	2910
248,805	3044
249,033	2905
249,26	2860
249,488	2791
249,716	2922
249,944	2887
250,171	2914
250,399	3187
250,627	2974
250,854	3105
251,082	2982
251,31	3022
251,537	3046
251,765	3246
251,993	2777
252,22	3450
252,448	2878
252,676	3079
252,903	3130
253,131	3453
253,358	3036
253,586	3128
253,813	2953
254,041	3160
254,268	3213
254,496	3067
254,723	3235
254,951	3205
255,178	3236
255,406	3262
255,633	3261
255,86	3407
256,088	3142
256,315	3259
256,543	3409
256,77	3284
256,997	3305
257,225	3348
257,452	3383
257,679	3450
257,907	3427
258,134	3293
258,361	3502
258,588	3438
258,816	3430
259,043	3352
259,27	3463
259,497	3590
259,725	3404
259,952	3259
260,179	3365
260,406	3516
260,633	3525
260,86	3620
261,088	3452
261,315	3658
261,542	3588
261,769	3539
261,996	3886
262,223	3749
262,45	3799
262,677	3414
262,904	3539
263,131	3590
263,358	3625
263,585	3777
263,812	4017
264,039	3799
264,266	3502
264,493	3551
264,72	3624
264,947	3666
265,174	3824
265,401	3906
265,627	3865
265,854	3723
266,081	3793
266,308	3766
266,535	3798
266,762	3782
266,988	3773
267,215	3756
267,442	3761
267,669	3830
267,896	3816
268,122	3998
268,349	3773
268,576	3717
268,802	3631
269,029	3802
269,256	3837
269,482	3807
269,709	3709
269,936	3814
270,162	3870
270,389	3651
270,616	3921
270,842	3925
271,069	3994
271,295	3890
271,522	3855
271,748	3785
271,975	4058
272,201	4053
272,428	3915
272,654	3906
272,881	4241
273,107	3923
273,334	4040
273,56	4164
273,787	3963
274,013	4077
274,239	4425
274,466	4211
274,692	4143
274,918	4113
275,145	4331
275,371	4202
275,597	4264
275,824	4313
276,05	4295
276,276	4340
276,503	4197
276,729	4281
276,955	4225
277,181	4430
277,407	4283
277,634	4359
277,86	4412
278,086	4440
278,312	4440
278,538	4367
278,764	4554
278,991	4416
279,217	4303
279,443	4275
279,669	4319
279,895	4411
280,121	4379
280,347	4571
280,573	4262
280,799	4376
281,025	4780
281,251	4464
281,477	4755
281,703	4648
281,929	4566
282,155	4603
282,381	4825
282,607	4797
282,833	4801
283,059	4858
283,285	4968
283,51	4815
283,736	4698
283,962	4951
284,188	4979
284,414	4885
284,64	4993
284,865	5049
285,091	5042
285,317	5196
285,543	5147
285,768	5253
285,994	5130
286,22	5387
286,446	5389
286,671	5123
286,897	5277
287,123	5220
287,348	5245
287,574	5762
287,799	5368
288,025	5235
288,251	5339
288,476	5414
288,702	5418
288,927	5401
289,153	5402
289,378	5697
289,604	5482
289,829	5642
290,055	5571
290,28	5585
290,506	5718
290,731	5651
290,957	5738
291,182	5815
291,408	5850
291,633	5937
291,858	5758
292,084	5867
292,309	5792
292,535	6058
292,76	5970
292,985	6010
293,211	5958
293,436	5863
293,661	5811
293,886	6145
294,112	6071
294,337	6084
294,562	5877
294,787	6255
295,013	6048
295,238	5987
295,463	6130
295,688	6250
295,913	6102
296,138	6189
296,364	5916
296,589	6093
296,814	5866
297,039	5898
297,264	6047
297,489	5873
297,714	6028
297,939	5833
298,164	5963
298,389	6006
298,614	6089
298,839	6211
299,064	6313
299,289	6097
299,514	6360
299,739	6140
299,964	6239
300,189	6412
300,414	6561
300,639	6547
300,863	6463
301,088	6888
301,313	6504
301,538	6599
301,763	6661
301,988	6524
302,212	6693
302,437	7129
302,662	6409
302,887	6721
303,111	6606
303,336	7065
303,561	6762
303,786	6556
304,01	6795
304,235	6824
304,46	6579
304,684	6682
304,909	6668
305,134	6476
305,358	6587
305,583	6411
305,807	6811
306,032	6297
306,256	6549
306,481	6478
306,706	6522
306,93	6343
307,155	6865
307,379	6588
307,604	6627
307,828	6628
308,052	6939
308,277	6832
308,501	6846
308,726	6953
308,95	6870
309,175	6786
309,399	6998
309,623	6847
309,848	6710
310,072	6704
310,296	7322
310,521	6889
310,745	6825
310,969	7028
311,193	6887
311,418	6909
311,642	6813
311,866	6819
312,09	6859
312,315	6972
312,539	6889
312,763	6637
312,987	7016
313,211	6854
313,435	6952
313,659	6971
313,884	7226
314,108	6971
314,332	7038
314,556	6728
314,78	7002
315,004	6958
315,228	7067
315,452	6957
315,676	6802
315,9	6867
316,124	6665
316,348	6749
316,572	6921
316,796	6957
317,02	6802
317,244	6913
317,468	6770
317,691	7074
317,915	6806
318,139	6821
318,363	7227
318,587	6815
318,811	6710
319,034	6641
319,258	6905
319,482	7069
319,706	6785
319,93	6852
320,153	6760
320,377	6829
320,601	6986
320,824	6854
321,048	6984
321,272	6859
321,495	6900
321,719	6852
321,943	6982
322,166	6867
322,39	6858
322,614	7066
322,837	6904
323,061	6904
323,284	7118
323,508	7028
323,731	6893
323,955	6969
324,178	6975
324,402	7050
324,625	6970
324,849	6995
325,072	7071
325,296	7070
325,519	7004
325,743	7111
325,966	7176
326,189	7105
326,413	7019
326,636	7430
326,859	6957
327,083	7234
327,306	6895
327,529	6704
327,753	6694
327,976	7084
328,199	6963
328,422	6978
328,646	6901
328,869	6818
329,092	6968
329,315	7111
329,538	6958
329,762	7093
329,985	6714
330,208	6957
330,431	6992
330,654	7231
330,877	7082
331,1	7122
331,323	6999
331,546	7247
331,769	7201
331,993	7022
332,216	7216
332,439	7066
332,662	7190
332,885	7195
333,107	6967
333,33	6993
333,553	7325
333,776	7152
333,999	7106
334,222	7069
334,445	7116
334,668	7061
334,891	7282
335,114	7105
335,336	7181
335,559	7291
335,782	7371
336,005	7026
336,228	7097
336,45	7066
336,673	7193
336,896	7305
337,119	7216
337,341	7065
337,564	7087
337,787	7148
338,009	7031
338,232	7306
338,455	7197
338,677	7154
338,9	7201
339,122	6937
339,345	6951
339,568	6965
339,79	7067
340,013	7280
340,235	7056
340,458	6851
340,68	7087
340,903	7024
341,125	6971
341,348	7087
341,57	6999
341,793	7062
342,015	6757
342,238	6893
342,46	6886
342,682	6976
342,905	6794
343,127	6866
343,349	6881
343,572	6859
343,794	6686
344,016	6770
344,239	6761
344,461	6645
344,683	6673
344,905	6798
345,128	6818
345,35	6843
345,572	6993
345,794	7086
346,017	6908
346,239	7020
346,461	6907
346,683	6909
346,905	6967
347,127	7137
347,349	6960
347,571	6995
347,793	7196
348,016	7025
348,238	7064
348,46	7378
348,682	7115
348,904	7052
349,126	7191
349,348	7031
349,57	6853
349,792	7019
350,014	7019
350,235	7005
350,457	7364
350,679	7172
350,901	6893
351,123	6943
351,345	6929
351,567	7142
351,789	7108
352,01	7111
352,232	7047
352,454	6959
352,676	6883
352,897	6774
353,119	6677
353,341	6611
353,563	6598
353,784	6607
354,006	6612
354,228	6710
354,449	6683
354,671	6841
354,893	7018
355,114	6938
355,336	6723
355,558	7108
355,779	6976
356,001	7099
356,222	7091
356,444	7044
356,665	7425
356,887	7080
357,108	6981
357,33	7014
357,551	7271
357,773	6888
357,994	7027
358,216	6957
358,437	7043
358,659	7188
358,88	7035
359,101	7024
359,323	7311
359,544	6923
359,765	6909
359,987	6957
360,208	7073
360,429	7119
360,651	6939
360,872	7137
361,093	7016
361,314	7049
361,536	6976
361,757	6994
361,978	6853
362,199	6764
362,42	6737
362,642	6994
362,863	7066
363,084	6928
363,305	6896
363,526	6897
363,747	6871
363,968	6876
364,189	7151
364,41	6746
364,631	6790
364,852	6953
365,073	6828
365,294	6785
365,515	6636
365,736	6921
365,957	6851
366,178	6782
366,399	6919
366,62	6877
366,841	6908
367,062	7099
367,283	6831
367,504	7107
367,724	6913
367,945	6726
368,166	7130
368,387	7013
368,608	7161
368,828	7171
369,049	6943
369,27	6952
369,491	6920
369,711	7152
369,932	7013
370,153	7025
370,373	7153
370,594	7197
370,815	6967
371,035	7083
371,256	6882
371,477	6959
371,697	7070
371,918	6606
372,138	7120
372,359	7269
372,579	6899
372,8	6955
373,02	7133
373,241	7034
373,461	7150
373,682	7015
373,902	7144
374,123	6991
374,343	7175
374,564	7048
374,784	6983
375,004	7076
375,225	6951
375,445	6894
375,666	7085
375,886	6808
376,106	6887
376,326	6878
376,547	7398
376,767	7235
376,987	7062
377,208	7231
377,428	7256
377,648	7437
377,868	7356
378,088	7673
378,309	7713
378,529	7658
378,749	7557
378,969	7530
379,189	7831
379,409	7778
379,629	7489
379,849	7700
380,069	7480
380,29	7618
380,51	7500
380,73	7701
380,95	7684
381,17	7450
381,39	7428
381,61	7334
381,829	7367
382,049	7497
382,269	7459
382,489	7565
382,709	7469
382,929	7517
383,149	7387
383,369	7712
383,589	7294
383,808	7533
384,028	7341
384,248	7526
384,468	7501
384,688	7601
384,907	7527
385,127	7638
385,347	7669
385,567	7584
385,786	7899
386,006	7774
386,226	8005
386,445	7886
386,665	7970
386,885	8188
387,104	8036
387,324	8348
387,543	8288
387,763	8407
387,982	8681
388,202	8535
388,422	8437
388,641	8425
388,861	8422
389,08	8445
389,3	8222
389,519	8367
389,738	8324
389,958	8426
390,177	8630
390,397	8411
390,616	8555
390,836	8699
391,055	8715
391,274	8699
391,494	8669
391,713	8834
391,932	9077
392,151	9239
392,371	9297
392,59	9480
392,809	9355
393,029	9214
393,248	9033
393,467	8640
393,686	8582
393,905	9660
394,124	8524
394,344	8771
394,563	8831
394,782	8777
395,001	8805
395,22	8707
395,439	8930
395,658	8666
395,877	8927
396,096	8790
396,315	9070
396,534	8971
396,753	9229
396,972	9196
397,191	9536
397,41	9459
397,629	9615
397,848	9674
398,067	9836
398,286	9750
398,505	9781
398,724	9714
398,943	10046
399,161	9215
399,38	9110
399,599	9197
399,818	8976
400,037	9073
400,255	8920
400,474	8781
400,693	8943
400,912	9050
401,13	8814
401,349	8823
401,568	8469
401,786	8674
402,005	8623
402,224	8410
402,442	8467
402,661	8463
402,88	8327
403,098	8298
403,317	8347
403,535	8219
403,754	8235
403,972	8559
404,191	8286
404,409	8476
404,628	9336
404,846	8622
405,065	8823
405,283	8688
405,502	8619
405,72	8562
405,938	8220
406,157	8216
406,375	8135
406,594	8147
406,812	7999
407,03	8027
407,249	7788
407,467	8067
407,685	8160
407,903	7928
408,122	8314
408,34	8295
408,558	8409
408,776	8292
408,995	8149
409,213	8076
409,431	8287
409,649	8232
409,867	8039
410,085	8038
410,303	7883
410,522	7760
410,74	7766
410,958	7759
411,176	7857
411,394	7810
411,612	7859
411,83	8049
412,048	7959
412,266	8036
412,484	8105
412,702	8512
412,92	8042
413,138	7963
413,356	7875
413,573	7985
413,791	7996
414,009	7737
414,227	7820
414,445	7425
414,663	7495
414,881	7584
415,098	7608
415,316	7514
415,534	7908
415,752	7566
415,969	7721
416,187	7464
416,405	7467
416,623	7700
416,84	7409
417,058	7618
417,276	7462
417,493	7388
417,711	7453
417,928	7476
418,146	7468
418,364	7532
418,581	7515
418,799	7440
419,016	7251
419,234	7380
419,451	7939
419,669	7551
419,886	7502
420,104	7448
420,321	7883
420,539	7793
420,756	8132
420,974	8168
421,191	8065
421,408	8294
421,626	8386
421,843	7926
422,06	8026
422,278	7748
422,495	7629
422,712	7651
422,93	7802
423,147	7653
423,364	7688
423,581	7711
423,799	7311
424,016	7359
424,233	7279
424,45	7321
424,667	7425
424,884	7335
425,102	7447
425,319	7019
425,536	7036
425,753	7122
425,97	6851
426,187	7044
426,404	6898
426,621	7431
426,838	7423
427,055	7262
427,272	7405
427,489	7339
427,706	7181
427,923	7166
428,14	7058
428,357	7299
428,574	7145
428,791	7254
429,008	7378
429,224	7574
429,441	7603
429,658	8088
429,875	8363
430,092	8024
430,308	7816
430,525	7773
430,742	7701
430,959	7479
431,175	7090
431,392	6878
431,609	6767
431,826	6616
432,042	6399
432,259	6488
432,476	6789
432,692	6407
432,909	6535
433,125	6950
433,342	7202
433,559	7384
433,775	7165
433,992	7068
434,208	6752
434,425	6612
434,641	6816
434,858	6913
435,074	6753
435,291	6849
435,507	6612
435,723	6606
435,94	6873
436,156	6870
436,373	6968
436,589	6952
436,805	6897
437,022	6653
437,238	6526
437,454	6639
437,671	6814
437,887	6642
438,103	6780
438,319	6718
438,536	6820
438,752	6842
438,968	6697
439,184	6702
439,4	6715
439,616	6532
439,833	6529
440,049	6645
440,265	6786
440,481	6807
440,697	7158
440,913	7470
441,129	7628
441,345	7771
441,561	7644
441,777	7472
441,993	7362
442,209	7138
442,425	7142
442,641	7218
442,857	7353
443,073	7203
443,289	7379
443,505	7519
443,721	7351
443,937	7351
444,152	7076
444,368	7036
444,584	7243
444,8	7142
445,016	7091
445,231	7038
445,447	7067
445,663	7153
445,879	6931
446,094	7187
446,31	7393
446,526	7032
446,742	7131
446,957	6882
447,173	6880
447,388	6857
447,604	6989
447,82	6705
448,035	6767
448,251	6847
448,466	6928
448,682	6706
448,897	6893
449,113	6909
449,328	6934
449,544	6633
449,759	7112
449,975	6585
450,19	6637
450,406	6590
450,621	6478
450,836	6438
451,052	6363
451,267	6321
451,483	6446
451,698	6193
451,913	6405
452,129	6405
452,344	6263
452,559	6343
452,774	6136
452,99	5974
453,205	6249
453,42	5929
453,635	6175
453,85	6018
454,066	6070
454,281	5876
454,496	6056
454,711	6147
454,926	6243
455,141	6023
455,356	6072
455,571	5947
455,786	5945
456,001	5835
456,217	5591
456,432	5871
456,647	6041
456,861	5850
457,076	5997
457,291	6046
457,506	6035
457,721	6102
457,936	6026
458,151	5770
458,366	6372
458,581	6027
458,796	6318
459,01	6159
459,225	6175
459,44	5945
459,655	6106
459,87	5994
460,084	5956
460,299	5841
460,514	5942
460,729	6362
460,943	5941
461,158	5664
461,373	5757
461,587	5509
461,802	5335
462,016	5502
462,231	4954
462,446	5508
462,66	5221
462,875	5502
463,089	5578
463,304	5716
463,518	5667
463,733	5811
463,947	5944
464,162	5809
464,376	6133
464,591	6279
464,805	5975
465,02	6268
465,234	6350
465,448	6472
465,663	6290
465,877	6097
466,091	5884
466,306	6019
466,52	5855
466,734	5570
466,949	5573
467,163	5428
467,377	5534
467,591	5662
467,806	5542
468,02	5560
468,234	5457
468,448	5609
468,662	5507
468,876	5674
469,091	5278
469,305	5359
469,519	5291
469,733	5101
469,947	5081
470,161	5505
470,375	5161
470,589	5393
470,803	5287
471,017	5264
471,231	5410
471,445	5167
471,659	5626
471,873	5600
472,087	5400
472,301	5767
472,515	5664
472,728	5835
472,942	6006
473,156	6147
473,37	6038
473,584	5908
473,798	6033
474,011	6069
474,225	6081
474,439	6318
474,653	6445
474,866	6506
475,08	6633
475,294	6674
475,507	6511
475,721	6419
475,935	6620
476,148	6457
476,362	6470
476,576	6355
476,789	6357
477,003	6496
477,216	6577
477,43	6781
477,643	6799
477,857	7136
478,07	7138
478,284	7098
478,497	6954
478,711	6997
478,924	6967
479,138	7084
479,351	7231
479,564	7335
479,778	7745
479,991	7309
480,204	7717
480,418	7734
480,631	7444
480,844	7695
481,058	7857
481,271	7933
481,484	8089
481,697	8132
481,911	8137
482,124	7925
482,337	7906
482,55	7708
482,763	7700
482,976	8028
483,19	8148
483,403	8021
483,616	8284
483,829	8635
484,042	8681
484,255	9033
484,468	8895
484,681	9057
484,894	9072
485,107	13261
485,32	21493
485,533	26475
485,746	25177
485,959	21884
486,172	18727
486,385	15267
486,598	12486
486,81	10668
487,023	9742
487,236	9524
487,449	9066
487,662	8535
487,875	8410
488,087	8252
488,3	8230
488,513	8031
488,726	8278
488,938	8216
489,151	8259
489,364	8341
489,576	8290
489,789	8294
490,002	8269
490,214	8092
490,427	8010
490,64	8246
490,852	8371
491,065	8203
491,277	8125
491,49	8259
491,702	7980
491,915	8148
492,127	8253
492,34	8099
492,552	8123
492,765	8266
492,977	8366
493,19	8228
493,402	8456
493,614	8187
493,827	8433
494,039	8412
494,251	8465
494,464	8249
494,676	8014
494,888	7948
495,101	7891
495,313	7866
495,525	8143
495,737	8786
495,95	8813
496,162	9015
496,374	8763
496,586	8492
496,798	8221
497,01	7974
497,222	7651
497,435	7871
497,647	7381
497,859	7756
498,071	8076
498,283	7967
498,495	8077
498,707	8434
498,919	8167
499,131	8572
499,343	8317
499,555	8364
499,767	8259
499,979	7870
500,191	8060
500,402	7858
500,614	8170
500,826	8329
501,038	8364
501,25	8357
501,462	8091
501,673	8224
501,885	8363
502,097	8510
502,309	8389
502,521	8298
502,732	8052
502,944	8280
503,156	8134
503,367	8071
503,579	7994
503,791	7918
504,002	7794
504,214	7907
504,425	8013
504,637	7895
504,849	7805
505,06	7797
505,272	7791
505,483	7589
505,695	7647
505,906	7727
506,118	7919
506,329	7971
506,541	7423
506,752	7552
506,963	7053
507,175	6984
507,386	7570
507,598	7523
507,809	7222
508,02	7372
508,232	7535
508,443	7284
508,654	7571
508,865	7203
509,077	6793
509,288	6971
509,499	7157
509,71	6926
509,922	7055
510,133	7030
510,344	7150
510,555	6781
510,766	6749
510,977	6907
511,188	6821
511,4	6666
511,611	6650
511,822	6538
512,033	6493
512,244	6653
512,455	6538
512,666	6538
512,877	6599
513,088	6539
513,299	6413
513,51	6469
513,721	6402
513,931	6379
514,142	6471
514,353	6540
514,564	6211
514,775	6163
514,986	6050
515,196	6042
515,407	6221
515,618	6401
515,829	6283
516,04	6257
516,25	6286
516,461	6217
516,672	6271
516,882	6169
517,093	6205
517,304	5947
517,514	5859
517,725	6036
517,936	5827
518,146	5857
518,357	6130
518,567	5993
518,778	6661
518,988	6339
519,199	6374
519,409	5908
519,62	5985
519,83	5863
520,041	5872
520,251	5771
520,462	5673
520,672	5704
520,882	5990
521,093	5861
521,303	6002
521,513	5617
521,724	6669
521,934	5569
522,144	5583
522,355	5513
522,565	5587
522,775	5612
522,985	5516
523,196	5663
523,406	5646
523,616	5848
523,826	5954
524,036	5867
524,246	5667
524,457	5234
524,667	5318
524,877	5497
525,087	5378
525,297	5507
525,507	5573
525,717	5421
525,927	5510
526,137	5345
526,347	5489
526,557	5539
526,767	5487
526,977	5700
527,187	5339
527,397	5290
527,607	5218
527,816	5246
528,026	5433
528,236	5629
528,446	5792
528,656	6037
528,865	6030
529,075	5511
529,285	5535
529,495	5353
529,704	5444
529,914	5288
530,124	5319
530,334	5242
530,543	5137
530,753	5521
530,963	5537
531,172	5110
531,382	5074
531,591	5468
531,801	4969
532,01	5069
532,22	5053
532,43	5268
532,639	5439
532,849	5437
533,058	5427
533,267	5706
533,477	5422
533,686	5226
533,896	5243
534,105	5323
534,315	5279
534,524	5262
534,733	5260
534,943	5365
535,152	5267
535,361	4946
535,57	4904
535,78	4792
535,989	4740
536,198	4672
536,407	4571
536,617	4561
536,826	4487
537,035	4731
537,244	4745
537,453	4712
537,662	4879
537,872	5049
538,081	4883
538,29	4770
538,499	4836
538,708	4785
538,917	4937
539,126	5055
539,335	4959
539,544	5437
539,753	4676
539,962	4609
540,171	4605
540,38	4981
540,589	4894
540,797	5047
541,006	4875
541,215	5114
541,424	4998
541,633	4967
541,842	4833
542,05	5187
542,259	4950
542,468	4955
542,677	5025
542,885	4797
543,094	4895
543,303	4901
543,512	4989
543,72	5094
543,929	5138
544,138	4940
544,346	4820
544,555	5038
544,763	5008
544,972	4903
545,18	4615
545,389	4524
545,598	4580
545,806	4638
546,015	4724
546,223	4500
546,431	4287
546,64	4581
546,848	4689
547,057	4784
547,265	4875
547,474	5004
547,682	5183
547,89	5143
548,099	4901
548,307	4695
548,515	4789
548,723	4635
548,932	4224
549,14	4308
549,348	4453
549,556	4285
549,765	4286
549,973	4023
550,181	4363
550,389	4389
550,597	4479
550,805	3953
551,014	4180
551,222	6739
551,43	4238
551,638	4630
551,846	4818
552,054	4729
552,262	4814
552,47	4417
552,678	4230
552,886	4305
553,094	4189
553,302	4336
553,51	4345
553,717	4367
553,925	4063
554,133	4357
554,341	3781
554,549	4153
554,757	4268
554,965	4286
555,172	4336
555,38	4647
555,588	4186
555,796	4401
556,003	4382
556,211	3989
556,419	3954
556,626	3977
556,834	3899
557,042	3855
557,249	3945
557,457	3956
557,664	3704
557,872	3734
558,08	3573
558,287	3758
558,495	3957
558,702	3408
558,91	3667
559,117	3597
559,325	3716
559,532	3744
559,74	4023
559,947	3859
560,154	4007
560,362	3825
560,569	3937
560,776	3938
560,984	3889
561,191	3832
561,398	3747
561,606	3977
561,813	3637
562,02	3304
562,227	3351
562,435	3522
562,642	3616
562,849	3552
563,056	3516
563,263	3591
563,471	3757
563,678	3653
563,885	3417
564,092	3696
564,299	3632
564,506	3617
564,713	3546
564,92	3648
565,127	3591
565,334	3409
565,541	3766
565,748	3545
565,955	3474
566,162	3461
566,369	3519
566,576	3823
566,783	3829
566,99	3933
567,196	4010
567,403	3904
567,61	4026
567,817	3885
568,024	3697
568,23	4162
568,437	4242
568,644	4187
568,851	4431
569,057	5051
569,264	5283
569,471	5281
569,677	5186
569,884	5197
570,091	5025
570,297	6029
570,504	5373
570,71	5553
570,917	5423
571,123	5218
571,33	5423
571,536	5630
571,743	5802
571,949	4948
572,156	4490
572,362	4478
572,569	4302
572,775	4842
572,982	5502
573,188	5490
573,394	5203
573,601	5242
573,807	5519
574,013	5886
574,22	5467
574,426	5303
574,632	5421
574,838	5239
575,045	4902
575,251	4558
575,457	4424
575,663	4707
575,869	4532
576,076	4993
576,282	5131
576,488	5231
576,694	5308
576,9	4830
577,106	5424
577,312	6114
577,518	6585
577,724	6246
577,93	5605
578,136	5076
578,342	4806
578,548	4447
578,754	4079
578,96	4149
579,166	4672
579,372	4969
579,578	4771
579,784	4903
579,989	4924
580,195	4709
580,401	4548
580,607	4547
580,813	5506
581,018	6856
581,224	7116
581,43	6621
581,636	6337
581,841	6133
582,047	5611
582,253	4989
582,458	4547
582,664	4022
582,869	3852
583,075	3524
583,281	3831
583,486	3517
583,692	3703
583,897	4161
584,103	4071
584,308	4032
584,514	4472
584,719	4939
584,925	4831
585,13	4459
585,335	4575
585,541	4239
585,746	3917
585,952	3544
586,157	3438
586,362	3418
586,568	3657
586,773	4034
586,978	3923
587,183	3980
587,389	4071
587,594	3582
587,799	3413
588,004	3567
588,21	3525
588,415	3223
588,62	3045
588,825	3079
589,03	2862
589,235	3357
589,44	3154
589,645	3033
589,85	2926
590,055	3123
590,26	2755
590,465	2718
590,67	2713
590,875	2687
591,08	2745
591,285	2650
591,49	2683
591,695	2547
591,9	2478
592,105	2661
592,31	3046
592,515	3517
592,719	2980
592,924	2964
593,129	2815
593,334	2823
593,539	2550
593,743	2744
593,948	2401
594,153	2364
594,357	2709
594,562	2635
594,767	3065
594,971	2521
595,176	2423
595,381	2556
595,585	2418
595,79	2542
595,994	2180
596,199	2662
596,403	2000
596,608	2109
596,812	2252
597,017	2460
597,221	2447
597,426	2354
597,63	2190
597,835	2135
598,039	2187
598,243	2048
598,448	2681
598,652	2581
598,856	2327
599,061	2400
599,265	2228
599,469	2229
599,673	2481
599,878	2438
600,082	2231
600,286	2276
600,49	2435
600,695	2159
600,899	2295
601,103	2241
601,307	2543
601,511	2383
601,715	2035
601,919	2038
602,123	2391
602,327	2498
602,531	2318
602,735	2379
602,939	2510
603,143	2262
603,347	2364
603,551	2279
603,755	2170
603,959	2146
604,163	2247
604,367	2151
604,571	2072
604,775	2319
604,978	2201
605,182	2082
605,386	2340
605,59	2241
605,793	2265
605,997	2154
606,201	2171
606,405	2217
606,608	2293
606,812	2084
607,016	2301
607,219	2093
607,423	2067
607,627	2235
607,83	2162
608,034	2043
608,237	2064
608,441	1982
608,644	2233
608,848	2171
609,051	2063
609,255	1953
609,458	2232
609,662	1983
609,865	2275
610,069	1997
610,272	1916
610,475	2033
610,679	2003
610,882	1857
611,085	2042
611,289	2136
611,492	2009
611,695	1931
611,898	1943
612,102	2056
612,305	2039
612,508	1991
612,711	2206
612,914	1958
613,118	1907
613,321	2015
613,524	1978
613,727	1973
613,93	1928
614,133	2063
614,336	1983
614,539	1942
614,742	1797
614,945	1892
615,148	1901
615,351	1932
615,554	2023
615,757	1837
615,96	1998
616,163	1864
616,366	2102
616,569	1907
616,772	2104
616,974	1987
617,177	2103
617,38	1931
617,583	2050
617,786	1812
617,988	1818
618,191	2173
618,394	1771
618,596	1839
618,799	1888
619,002	1981
619,204	2010
619,407	1613
619,61	1792
619,812	1907
620,015	1891
620,217	2090
620,42	1850
620,623	1902
620,825	1955
621,028	2062
621,23	2016
621,432	2123
621,635	2154
621,837	2021
622,04	1892
622,242	1933
622,445	2027
622,647	1948
622,849	2004
623,052	1864
623,254	2004
623,456	1783
623,658	2153
623,861	2029
624,063	1990
624,265	2023
624,467	2058
624,67	1851
624,872	1941
625,074	2146
625,276	2047
625,478	2090
625,68	1781
625,882	1859
626,084	1904
626,287	2112
626,489	1944
626,691	1587
626,893	1848
627,095	1933
627,297	1961
627,499	1861
627,7	1695
627,902	1862
628,104	1683
628,306	1823
628,508	1823
628,71	1918
628,912	1948
629,114	2144
629,315	1878
629,517	1723
629,719	1770
629,921	1859
630,122	1821
630,324	1821
630,526	1890
630,728	1859
630,929	1804
631,131	1625
631,332	2072
631,534	1935
631,736	1833
631,937	1747
632,139	1645
632,34	1843
632,542	1919
632,743	1915
632,945	1729
633,146	1821
633,348	1888
633,549	1783
633,751	1733
633,952	1871
634,154	1664
634,355	1654
634,556	1827
634,758	1829
634,959	1605
635,16	2094
635,362	1739
635,563	1804
635,764	1760
635,965	1732
636,167	1708
636,368	1820
636,569	1719
636,77	1866
636,971	1712
637,172	1832
637,374	1692
637,575	1922
637,776	1625
637,977	1612
638,178	1697
638,379	1810
638,58	1784
638,781	1642
638,982	1748
639,183	1822
639,384	1692
639,585	1964
639,786	1635
639,987	1676
640,187	1894
640,388	1887
640,589	1615
640,79	1671
640,991	1748
641,192	1815
641,392	1568
641,593	1727
641,794	1587
641,995	1634
642,195	1549
642,396	1613
642,597	1618
642,797	1653
642,998	1783
643,199	1653
643,399	1975
643,6	1630
643,8	1639
644,001	1654
644,202	1790
644,402	1597
644,603	1779
644,803	1435
645,004	1719
645,204	1602
645,404	1677
645,605	2092
645,805	1604
646,006	1615
646,206	2135
646,406	1666
646,607	1425
646,807	1418
647,007	-27
647,208	-10
647,408	46
647,608	-11
