200,697	1000,33
200,927	-25,67
201,158	23,33
201,388	31,33
201,618	1488,33
201,849	1402,33
202,079	1653,33
202,309	1506,33
202,539	1731,33
202,77	1530,33
203	1661,33
203,23	1602,33
203,46	1699,33
203,691	1618,33
203,921	1674,33
204,151	1670,33
204,381	1593,33
204,611	1720,33
204,841	1566,33
205,071	1613,33
205,302	1665,33
205,532	1750,33
205,762	3805,33
205,992	1544,33
206,222	1643,33
206,452	1707,33
206,682	1621,33
206,912	1804,33
207,142	1720,33
207,372	1678,33
207,602	1580,33
207,832	1619,33
208,062	1721,33
208,292	1592,33
208,522	1533,33
208,752	1591,33
208,982	1607,33
209,212	1845,33
209,442	1576,33
209,672	1619,33
209,902	1608,33
210,131	1745,33
210,361	1541,33
210,591	1637,33
210,821	1632,33
211,051	1749,33
211,281	1666,33
211,51	1718,33
211,74	1706,33
211,97	1624,33
212,2	1677,33
212,429	1952,33
212,659	1748,33
212,889	1714,33
213,119	1566,33
213,348	1647,33
213,578	1792,33
213,808	1749,33
214,037	1804,33
214,267	1757,33
214,497	1640,33
214,726	1340,33
214,956	1549,33
215,186	1596,33
215,415	1839,33
215,645	1679,33
215,874	1725,33
216,104	1620,33
216,333	1647,33
216,563	1709,33
216,792	1675,33
217,022	1752,33
217,251	1712,33
217,481	1569,33
217,71	1737,33
217,94	1672,33
218,169	1716,33
218,399	1688,33
218,628	1652,33
218,858	1744,33
219,087	1755,33
219,316	1652,33
219,546	1698,33
219,775	1661,33
220,004	1837,33
220,234	1589,33
220,463	1733,33
220,692	1743,33
220,922	1668,33
221,151	1739,33
221,38	1704,33
221,61	2102,33
221,839	1903,33
222,068	1741,33
222,297	1804,33
222,526	1774,33
222,756	1798,33
222,985	1842,33
223,214	1735,33
223,443	1753,33
223,672	2215,33
223,902	1664,33
224,131	1616,33
224,36	1814,33
224,589	1618,33
224,818	1695,33
225,047	1567,33
225,276	1679,33
225,505	1971,33
225,734	1728,33
225,963	1642,33
226,192	1685,33
226,421	1689,33
226,65	1739,33
226,879	1796,33
227,108	1833,33
227,337	1921,33
227,566	1908,33
227,795	1706,33
228,024	1688,33
228,253	1648,33
228,482	1555,33
228,711	1798,33
228,94	1637,33
229,168	1652,33
229,397	1732,33
229,626	1728,33
229,855	1579,33
230,084	1777,33
230,313	1575,33
230,541	1802,33
230,77	1644,33
230,999	1624,33
231,228	1958,33
231,456	1807,33
231,685	1652,33
231,914	1790,33
232,143	1730,33
232,371	1788,33
232,6	1812,33
232,829	1687,33
233,057	1805,33
233,286	1768,33
233,515	1760,33
233,743	1591,33
233,972	1673,33
234,2	1705,33
234,429	1673,33
234,658	1821,33
234,886	1662,33
235,115	1817,33
235,343	1820,33
235,572	1673,33
235,8	1766,33
236,029	2080,33
236,257	1671,33
236,486	1819,33
236,714	1876,33
236,943	1948,33
237,171	1731,33
237,399	1783,33
237,628	1819,33
237,856	1879,33
238,085	1785,33
238,313	1758,33
238,541	1776,33
238,77	2087,33
238,998	1920,33
239,226	1899,33
239,455	1420,33
239,683	1817,33
239,911	1742,33
240,14	1877,33
240,368	1873,33
240,596	1738,33
240,824	1828,33
241,053	1745,33
241,281	1753,33
241,509	1770,33
241,737	1722,33
241,965	1640,33
242,193	1673,33
242,422	1677,33
242,65	1694,33
242,878	1734,33
243,106	1673,33
243,334	1884,33
243,562	1818,33
243,79	1828,33
244,018	1761,33
244,246	1877,33
244,474	1789,33
244,702	1768,33
244,93	1801,33
245,158	1732,33
245,386	1677,33
245,614	1790,33
245,842	1958,33
246,07	1725,33
246,298	1910,33
246,526	2057,33
246,754	1613,33
246,982	1833,33
247,21	1806,33
247,438	1746,33
247,666	1751,33
247,893	1665,33
248,121	1705,33
248,349	1737,33
248,577	1825,33
248,805	1869,33
249,033	1683,33
249,26	1747,33
249,488	1762,33
249,716	1785,33
249,944	1732,33
250,171	1677,33
250,399	1752,33
250,627	1885,33
250,854	1758,33
251,082	1835,33
251,31	1774,33
251,537	1798,33
251,765	2057,33
251,993	1690,33
252,22	2192,33
252,448	1618,33
252,676	1973,33
252,903	1893,33
253,131	2082,33
253,358	1675,33
253,586	1775,33
253,813	1567,33
254,041	1834,33
254,268	1832,33
254,496	1640,33
254,723	1745,33
254,951	1837,33
255,178	1787,33
255,406	1744,33
255,633	1855,33
255,86	1995,33
256,088	1950,33
256,315	1760,33
256,543	1888,33
256,77	1818,33
256,997	1823,33
257,225	1813,33
257,452	1706,33
257,679	1757,33
257,907	1828,33
258,134	1827,33
258,361	1847,33
258,588	1773,33
258,816	1815,33
259,043	1681,33
259,27	1843,33
259,497	1852,33
259,725	1669,33
259,952	1742,33
260,179	1705,33
260,406	1806,33
260,633	1736,33
260,86	1946,33
261,088	1786,33
261,315	1946,33
261,542	1651,33
261,769	1669,33
261,996	2075,33
262,223	2010,33
262,45	1984,33
262,677	1657,33
262,904	1838,33
263,131	2024,33
263,358	1762,33
263,585	1862,33
263,812	2106,33
264,039	1870,33
264,266	1805,33
264,493	1833,33
264,72	1664,33
264,947	1800,33
265,174	2135,33
265,401	1890,33
265,627	1901,33
265,854	1863,33
266,081	1834,33
266,308	1748,33
266,535	1840,33
266,762	1786,33
266,988	1790,33
267,215	1828,33
267,442	1737,33
267,669	1931,33
267,896	1871,33
268,122	1995,33
268,349	1784,33
268,576	1594,33
268,802	1739,33
269,029	1777,33
269,256	1809,33
269,482	1745,33
269,709	1696,33
269,936	1771,33
270,162	1913,33
270,389	1947,33
270,616	1860,33
270,842	1986,33
271,069	1787,33
271,295	1763,33
271,522	1845,33
271,748	1703,33
271,975	1912,33
272,201	1997,33
272,428	1845,33
272,654	1743,33
272,881	2132,33
273,107	1719,33
273,334	1775,33
273,56	1910,33
273,787	1820,33
274,013	1874,33
274,239	2133,33
274,466	1757,33
274,692	1777,33
274,918	1735,33
275,145	1860,33
275,371	1876,33
275,597	1984,33
275,824	1929,33
276,05	1926,33
276,276	1987,33
276,503	1816,33
276,729	1842,33
276,955	1793,33
277,181	1900,33
277,407	1849,33
277,634	1940,33
277,86	1882,33
278,086	1974,33
278,312	1842,33
278,538	1821,33
278,764	1897,33
278,991	2046,33
279,217	1862,33
279,443	1840,33
279,669	2103,33
279,895	1954,33
280,121	1889,33
280,347	1979,33
280,573	1782,33
280,799	1827,33
281,025	1853,33
281,251	1754,33
281,477	2001,33
281,703	1852,33
281,929	1798,33
282,155	1651,33
282,381	1948,33
282,607	1921,33
282,833	1935,33
283,059	1959,33
283,285	1862,33
283,51	1863,33
283,736	1792,33
283,962	2033,33
284,188	1910,33
284,414	1906,33
284,64	1955,33
284,865	1994,33
285,091	1898,33
285,317	2024,33
285,543	2034,33
285,768	1951,33
285,994	1973,33
286,22	2189,33
286,446	2032,33
286,671	1773,33
286,897	1969,33
287,123	1859,33
287,348	1890,33
287,574	2529,33
287,799	1873,33
288,025	1856,33
288,251	2202,33
288,476	1954,33
288,702	1978,33
288,927	1958,33
289,153	1860,33
289,378	2083,33
289,604	1972,33
289,829	1921,33
290,055	1881,33
290,28	1929,33
290,506	2174,33
290,731	1915,33
290,957	2047,33
291,182	2037,33
291,408	2091,33
291,633	2173,33
291,858	1970,33
292,084	2013,33
292,309	1858,33
292,535	1954,33
292,76	2062,33
292,985	1997,33
293,211	1829,33
293,436	1835,33
293,661	1790,33
293,886	1914,33
294,112	1964,33
294,337	1950,33
294,562	1873,33
294,787	2157,33
295,013	1874,33
295,238	1889,33
295,463	2013,33
295,688	2109,33
295,913	1953,33
296,138	2091,33
296,364	1901,33
296,589	1958,33
296,814	1778,33
297,039	1955,33
297,264	2042,33
297,489	1988,33
297,714	1971,33
297,939	1914,33
298,164	1914,33
298,389	1976,33
298,614	2022,33
298,839	1968,33
299,064	2016,33
299,289	2075,33
299,514	2073,33
299,739	2149,33
299,964	1938,33
300,189	1938,33
300,414	2054,33
300,639	2061,33
300,863	1856,33
301,088	2296,33
301,313	1904,33
301,538	1905,33
301,763	1994,33
301,988	2020,33
302,212	1984,33
302,437	2370,33
302,662	1973,33
302,887	1907,33
303,111	2029,33
303,336	2122,33
303,561	2004,33
303,786	1919,33
304,01	2044,33
304,235	2052,33
304,46	1869,33
304,684	1956,33
304,909	1941,33
305,134	1808,33
305,358	2032,33
305,583	1957,33
305,807	2169,33
306,032	1774,33
306,256	1923,33
306,481	1933,33
306,706	1934,33
306,93	1854,33
307,155	2199,33
307,379	1895,33
307,604	1846,33
307,828	1944,33
308,052	2076,33
308,277	1972,33
308,501	1945,33
308,726	1953,33
308,95	2058,33
309,175	1789,33
309,399	2063,33
309,623	1922,33
309,848	1806,33
310,072	1728,33
310,296	2457,33
310,521	1861,33
310,745	1878,33
310,969	2151,33
311,193	2051,33
311,418	1953,33
311,642	1870,33
311,866	1834,33
312,09	1888,33
312,315	1969,33
312,539	2050,33
312,763	1855,33
312,987	2026,33
313,211	1814,33
313,435	2036,33
313,659	1845,33
313,884	2086,33
314,108	2092,33
314,332	2032,33
314,556	1853,33
314,78	2160,33
315,004	2005,33
315,228	2101,33
315,452	2040,33
315,676	1944,33
315,9	1905,33
316,124	1766,33
316,348	1926,33
316,572	1972,33
316,796	2013,33
317,02	1647,33
317,244	1974,33
317,468	1795,33
317,691	2110,33
317,915	2010,33
318,139	1898,33
318,363	2307,33
318,587	1852,33
318,811	1846,33
319,034	1760,33
319,258	2010,33
319,482	2091,33
319,706	2157,33
319,93	1924,33
320,153	1902,33
320,377	2026,33
320,601	1862,33
320,824	1775,33
321,048	2054,33
321,272	2098,33
321,495	1956,33
321,719	1813,33
321,943	1891,33
322,166	1901,33
322,39	1952,33
322,614	2032,33
322,837	2044,33
323,061	1770,33
323,284	1958,33
323,508	1978,33
323,731	1821,33
323,955	1933,33
324,178	1917,33
324,402	1980,33
324,625	1857,33
324,849	1793,33
325,072	2003,33
325,296	1986,33
325,519	1867,33
325,743	1841,33
325,966	2032,33
326,189	1967,33
326,413	1927,33
326,636	1946,33
326,859	1970,33
327,083	2213,33
327,306	1762,33
327,529	1869,33
327,753	1727,33
327,976	2012,33
328,199	1963,33
328,422	1928,33
328,646	1926,33
328,869	1776,33
329,092	1741,33
329,315	2081,33
329,538	1854,33
329,762	1968,33
329,985	1815,33
330,208	1817,33
330,431	1799,33
330,654	2029,33
330,877	1925,33
331,1	2020,33
331,323	1820,33
331,546	1989,33
331,769	1956,33
331,993	1776,33
332,216	1953,33
332,439	1860,33
332,662	1944,33
332,885	1881,33
333,107	1771,33
333,33	1762,33
333,553	2096,33
333,776	1846,33
333,999	1870,33
334,222	1732,33
334,445	1784,33
334,668	1869,33
334,891	1988,33
335,114	1703,33
335,336	1897,33
335,559	1622,33
335,782	2062,33
336,005	1880,33
336,228	1756,33
336,45	1784,33
336,673	1828,33
336,896	1924,33
337,119	2037,33
337,341	1854,33
337,564	1823,33
337,787	1880,33
338,009	1812,33
338,232	1952,33
338,455	1816,33
338,677	1847,33
338,9	1902,33
339,122	1888,33
339,345	1701,33
339,568	1727,33
339,79	1879,33
340,013	1967,33
340,235	1981,33
340,458	1734,33
340,68	1961,33
340,903	1855,33
341,125	1763,33
341,348	1818,33
341,57	1812,33
341,793	2012,33
342,015	1707,33
342,238	1812,33
342,46	1942,33
342,682	2004,33
342,905	1781,33
343,127	1954,33
343,349	1813,33
343,572	1908,33
343,794	1740,33
344,016	1830,33
344,239	1922,33
344,461	1782,33
344,683	1725,33
344,905	1802,33
345,128	1916,33
345,35	1794,33
345,572	2004,33
345,794	2036,33
346,017	1844,33
346,239	2012,33
346,461	1728,33
346,683	1811,33
346,905	1906,33
347,127	1861,33
347,349	1847,33
347,571	1803,33
347,793	2150,33
348,016	1873,33
348,238	1836,33
348,46	1818,33
348,682	1772,33
348,904	1788,33
349,126	1922,33
349,348	1876,33
349,57	1745,33
349,792	1785,33
350,014	1933,33
350,235	1812,33
350,457	2661,33
350,679	1893,33
350,901	1721,33
351,123	1831,33
351,345	1830,33
351,567	1949,33
351,789	1867,33
352,01	1904,33
352,232	1864,33
352,454	1816,33
352,676	1912,33
352,897	1871,33
353,119	1797,33
353,341	1882,33
353,563	1877,33
353,784	1761,33
354,006	1486,33
354,228	1785,33
354,449	1776,33
354,671	1955,33
354,893	1911,33
355,114	1890,33
355,336	1894,33
355,558	1580,33
355,779	1754,33
356,001	1901,33
356,222	1880,33
356,444	1774,33
356,665	2546,33
356,887	1731,33
357,108	1948,33
357,33	1766,33
357,551	1999,33
357,773	1836,33
357,994	1864,33
358,216	1724,33
358,437	1961,33
358,659	1923,33
358,88	1877,33
359,101	1908,33
359,323	1840,33
359,544	1817,33
359,765	1800,33
359,987	1850,33
360,208	1892,33
360,429	1917,33
360,651	1840,33
360,872	1986,33
361,093	1866,33
361,314	1897,33
361,536	1782,33
361,757	1776,33
361,978	1826,33
362,199	1800,33
362,42	1688,33
362,642	1806,33
362,863	1932,33
363,084	1741,33
363,305	1899,33
363,526	1802,33
363,747	1902,33
363,968	1838,33
364,189	2034,33
364,41	1733,33
364,631	1674,33
364,852	2110,33
365,073	1849,33
365,294	1832,33
365,515	1731,33
365,736	1895,33
365,957	1910,33
366,178	1859,33
366,399	1847,33
366,62	1934,33
366,841	1941,33
367,062	1918,33
367,283	1737,33
367,504	1974,33
367,724	1822,33
367,945	1752,33
368,166	1962,33
368,387	1860,33
368,608	1814,33
368,828	1937,33
369,049	1785,33
369,27	1812,33
369,491	1784,33
369,711	1888,33
369,932	1967,33
370,153	1856,33
370,373	1946,33
370,594	2014,33
370,815	1886,33
371,035	1964,33
371,256	1697,33
371,477	1742,33
371,697	1826,33
371,918	1660,33
372,138	1915,33
372,359	1748,33
372,579	1692,33
372,8	1714,33
373,02	1919,33
373,241	1796,33
373,461	1826,33
373,682	1845,33
373,902	2046,33
374,123	1674,33
374,343	1986,33
374,564	1853,33
374,784	1800,33
375,004	1912,33
375,225	1676,33
375,445	1924,33
375,666	2001,33
375,886	1698,33
376,106	1757,33
376,326	1868,33
376,547	2001,33
376,767	1949,33
376,987	1748,33
377,208	1768,33
377,428	1695,33
377,648	1812,33
377,868	1814,33
378,088	2064,33
378,309	1952,33
378,529	1888,33
378,749	1862,33
378,969	1666,33
379,189	1887,33
379,409	1922,33
379,629	1715,33
379,849	1852,33
380,069	1811,33
380,29	1708,33
380,51	1772,33
380,73	1896,33
380,95	2042,33
381,17	1896,33
381,39	1726,33
381,61	1774,33
381,829	1732,33
382,049	1911,33
382,269	1729,33
382,489	1897,33
382,709	1843,33
382,929	1845,33
383,149	1543,33
383,369	2131,33
383,589	1707,33
383,808	1841,33
384,028	1807,33
384,248	1883,33
384,468	1795,33
384,688	1636,33
384,907	1779,33
385,127	1759,33
385,347	1855,33
385,567	1729,33
385,786	1823,33
386,006	1709,33
386,226	1854,33
386,445	1788,33
386,665	1718,33
386,885	1886,33
387,104	1817,33
387,324	1830,33
387,543	1750,33
387,763	1838,33
387,982	1878,33
388,202	1823,33
388,422	1807,33
388,641	1795,33
388,861	1865,33
389,08	1858,33
389,3	1857,33
389,519	1966,33
389,738	1791,33
389,958	1801,33
390,177	1799,33
390,397	1827,33
390,616	1593,33
390,836	1904,33
391,055	1792,33
391,274	1649,33
391,494	1792,33
391,713	1681,33
391,932	1854,33
392,151	1743,33
392,371	1869,33
392,59	1806,33
392,809	1892,33
393,029	1847,33
393,248	1964,33
393,467	1698,33
393,686	1694,33
393,905	2567,33
394,124	1708,33
394,344	1804,33
394,563	1864,33
394,782	1742,33
395,001	1825,33
395,22	1716,33
395,439	1848,33
395,658	1671,33
395,877	1866,33
396,096	1715,33
396,315	1919,33
396,534	1743,33
396,753	1833,33
396,972	1684,33
397,191	1831,33
397,41	1754,33
397,629	1774,33
397,848	1750,33
398,067	1836,33
398,286	1789,33
398,505	1776,33
398,724	1834,33
398,943	2424,33
399,161	1677,33
399,38	1861,33
399,599	1741,33
399,818	1841,33
400,037	1820,33
400,255	1752,33
400,474	1921,33
400,693	1786,33
400,912	1963,33
401,13	1795,33
401,349	1950,33
401,568	1585,33
401,786	2012,33
402,005	1907,33
402,224	1736,33
402,442	1843,33
402,661	1859,33
402,88	1736,33
403,098	1748,33
403,317	1902,33
403,535	1818,33
403,754	1665,33
403,972	1909,33
404,191	1699,33
404,409	1733,33
404,628	2441,33
404,846	1796,33
405,065	1897,33
405,283	1871,33
405,502	1752,33
405,72	1717,33
405,938	1766,33
406,157	1713,33
406,375	1745,33
406,594	1876,33
406,812	1723,33
407,03	1693,33
407,249	1639,33
407,467	1827,33
407,685	1851,33
407,903	1666,33
408,122	1907,33
408,34	1814,33
408,558	1707,33
408,776	1698,33
408,995	1774,33
409,213	1772,33
409,431	1814,33
409,649	1838,33
409,867	1618,33
410,085	1755,33
410,303	1851,33
410,522	1511,33
410,74	1726,33
410,958	1662,33
411,176	1725,33
411,394	1707,33
411,612	1702,33
411,83	1961,33
412,048	1736,33
412,266	1736,33
412,484	1733,33
412,702	1982,33
412,92	1607,33
413,138	1877,33
413,356	1728,33
413,573	1971,33
413,791	2028,33
414,009	1831,33
414,227	1984,33
414,445	1759,33
414,663	1771,33
414,881	1843,33
415,098	1742,33
415,316	1788,33
415,534	2109,33
415,752	1696,33
415,969	1895,33
416,187	1622,33
416,405	1715,33
416,623	1883,33
416,84	1624,33
417,058	1768,33
417,276	1856,33
417,493	1792,33
417,711	1724,33
417,928	1860,33
418,146	1674,33
418,364	1857,33
418,581	1798,33
418,799	1664,33
419,016	1632,33
419,234	1786,33
419,451	2279,33
419,669	1875,33
419,886	1775,33
420,104	1688,33
420,321	1746,33
420,539	1803,33
420,756	1879,33
420,974	1727,33
421,191	1541,33
421,408	1856,33
421,626	1823,33
421,843	1859,33
422,06	1869,33
422,278	1661,33
422,495	1872,33
422,712	1774,33
422,93	1771,33
423,147	1796,33
423,364	1793,33
423,581	1925,33
423,799	1683,33
424,016	1761,33
424,233	1780,33
424,45	1789,33
424,667	1784,33
424,884	1690,33
425,102	1888,33
425,319	1662,33
425,536	1718,33
425,753	1797,33
425,97	1735,33
426,187	1828,33
426,404	1719,33
426,621	1990,33
426,838	1893,33
427,055	1775,33
427,272	1754,33
427,489	1832,33
427,706	1520,33
427,923	1657,33
428,14	1775,33
428,357	1944,33
428,574	1787,33
428,791	1714,33
429,008	1812,33
429,224	1707,33
429,441	1589,33
429,658	1792,33
429,875	1991,33
430,092	1820,33
430,308	1879,33
430,525	1835,33
430,742	1733,33
430,959	1852,33
431,175	1765,33
431,392	1679,33
431,609	1786,33
431,826	1757,33
432,042	1667,33
432,259	1737,33
432,476	2037,33
432,692	1622,33
432,909	1728,33
433,125	1811,33
433,342	1701,33
433,559	1808,33
433,775	1704,33
433,992	1593,33
434,208	1644,33
434,425	1737,33
434,641	1841,33
434,858	1989,33
435,074	1818,33
435,291	1718,33
435,507	1776,33
435,723	1764,33
435,94	1894,33
436,156	1782,33
436,373	1977,33
436,589	1740,33
436,805	1875,33
437,022	1704,33
437,238	1745,33
437,454	1820,33
437,671	1749,33
437,887	1804,33
438,103	1686,33
438,319	1701,33
438,536	1825,33
438,752	1757,33
438,968	1821,33
439,184	1997,33
439,4	1693,33
439,616	1632,33
439,833	1977,33
440,049	1602,33
440,265	1970,33
440,481	1784,33
440,697	1790,33
440,913	1746,33
441,129	1735,33
441,345	1859,33
441,561	1808,33
441,777	1733,33
441,993	1784,33
442,209	1694,33
442,425	1797,33
442,641	1757,33
442,857	1810,33
443,073	1728,33
443,289	1791,33
443,505	1851,33
443,721	1851,33
443,937	1740,33
444,152	1730,33
444,368	1753,33
444,584	1699,33
444,8	2036,33
445,016	1745,33
445,231	1798,33
445,447	1950,33
445,663	1725,33
445,879	1795,33
446,094	1925,33
446,31	1881,33
446,526	1772,33
446,742	1649,33
446,957	1731,33
447,173	1900,33
447,388	1848,33
447,604	1879,33
447,82	1781,33
448,035	1844,33
448,251	1766,33
448,466	1819,33
448,682	1656,33
448,897	1680,33
449,113	1774,33
449,328	1848,33
449,544	1646,33
449,759	2106,33
449,975	1693,33
450,19	1714,33
450,406	1753,33
450,621	1692,33
450,836	1679,33
451,052	1722,33
451,267	1624,33
451,483	1746,33
451,698	1603,33
451,913	1717,33
452,129	1752,33
452,344	1653,33
452,559	1829,33
452,774	1730,33
452,99	1743,33
453,205	1960,33
453,42	1875,33
453,635	1873,33
453,85	1625,33
454,066	1915,33
454,281	1807,33
454,496	1812,33
454,711	1879,33
454,926	1841,33
455,141	1640,33
455,356	1673,33
455,571	1700,33
455,786	1855,33
456,001	1731,33
456,217	1601,33
456,432	1771,33
456,647	1757,33
456,861	1778,33
457,076	1773,33
457,291	1930,33
457,506	1665,33
457,721	1799,33
457,936	1767,33
458,151	1645,33
458,366	1912,33
458,581	1688,33
458,796	1984,33
459,01	1733,33
459,225	1691,33
459,44	1555,33
459,655	1778,33
459,87	1673,33
460,084	1643,33
460,299	1736,33
460,514	1770,33
460,729	2175,33
460,943	1628,33
461,158	1617,33
461,373	1719,33
461,587	1692,33
461,802	1640,33
462,016	1880,33
462,231	1692,33
462,446	1856,33
462,66	1893,33
462,875	1673,33
463,089	1746,33
463,304	1764,33
463,518	1744,33
463,733	1611,33
463,947	1771,33
464,162	1780,33
464,376	1734,33
464,591	1852,33
464,805	1682,33
465,02	1892,33
465,234	1786,33
465,448	1828,33
465,663	1832,33
465,877	1841,33
466,091	1674,33
466,306	1834,33
466,52	1934,33
466,734	1760,33
466,949	1693,33
467,163	1786,33
467,377	1645,33
467,591	1845,33
467,806	1686,33
468,02	1709,33
468,234	1577,33
468,448	1822,33
468,662	1738,33
468,876	1964,33
469,091	1524,33
469,305	1784,33
469,519	1677,33
469,733	1621,33
469,947	1748,33
470,161	1896,33
470,375	1543,33
470,589	1816,33
470,803	1790,33
471,017	1759,33
471,231	1735,33
471,445	1666,33
471,659	1489,33
471,873	1765,33
472,087	1566,33
472,301	1783,33
472,515	1653,33
472,728	1637,33
472,942	1728,33
473,156	1639,33
473,37	1631,33
473,584	1677,33
473,798	1750,33
474,011	1687,33
474,225	1657,33
474,439	1784,33
474,653	1756,33
474,866	1720,33
475,08	1742,33
475,294	1828,33
475,507	1630,33
475,721	1776,33
475,935	1754,33
476,148	1630,33
476,362	1630,33
476,576	1660,33
476,789	1620,33
477,003	1787,33
477,216	1735,33
477,43	1674,33
477,643	1781,33
477,857	1828,33
478,07	1748,33
478,284	1763,33
478,497	1638,33
478,711	1737,33
478,924	1697,33
479,138	1643,33
479,351	1756,33
479,564	1650,33
479,778	1682,33
479,991	1543,33
480,204	1669,33
480,418	1699,33
480,631	1788,33
480,844	1740,33
481,058	1622,33
481,271	1682,33
481,484	1773,33
481,697	1944,33
481,911	1678,33
482,124	1706,33
482,337	1751,33
482,55	1670,33
482,763	1636,33
482,976	1845,33
483,19	1637,33
483,403	1709,33
483,616	1804,33
483,829	1778,33
484,042	1669,33
484,255	1742,33
484,468	1746,33
484,681	1731,33
484,894	1734,33
485,107	1950,33
485,32	1835,33
485,533	1804,33
485,746	1948,33
485,959	1709,33
486,172	1800,33
486,385	1598,33
486,598	1835,33
486,81	1529,33
487,023	1520,33
487,236	1911,33
487,449	1790,33
487,662	1734,33
487,875	1756,33
488,087	1728,33
488,3	1799,33
488,513	1600,33
488,726	1578,33
488,938	1854,33
489,151	1747,33
489,364	1765,33
489,576	1656,33
489,789	1730,33
490,002	1805,33
490,214	1764,33
490,427	1622,33
490,64	1531,33
490,852	1715,33
491,065	1594,33
491,277	1739,33
491,49	1735,33
491,702	1513,33
491,915	1758,33
492,127	1787,33
492,34	1698,33
492,552	1712,33
492,765	1794,33
492,977	1839,33
493,19	1706,33
493,402	1822,33
493,614	1733,33
493,827	1697,33
494,039	1775,33
494,251	1676,33
494,464	1845,33
494,676	1572,33
494,888	1717,33
495,101	1660,33
495,313	1752,33
495,525	1704,33
495,737	1635,33
495,95	1790,33
496,162	1710,33
496,374	1683,33
496,586	1701,33
496,798	1717,33
497,01	1665,33
497,222	1618,33
497,435	1848,33
497,647	1641,33
497,859	1639,33
498,071	1646,33
498,283	1850,33
498,495	1717,33
498,707	1889,33
498,919	1604,33
499,131	1811,33
499,343	1598,33
499,555	1780,33
499,767	1796,33
499,979	1680,33
500,191	1887,33
500,402	1585,33
500,614	1772,33
500,826	1789,33
501,038	1572,33
501,25	1724,33
501,462	1637,33
501,673	1702,33
501,885	1694,33
502,097	1875,33
502,309	1724,33
502,521	1793,33
502,732	1727,33
502,944	1600,33
503,156	1602,33
503,367	1651,33
503,579	1624,33
503,791	1681,33
504,002	1679,33
504,214	1848,33
504,425	1869,33
504,637	1766,33
504,849	1650,33
505,06	1768,33
505,272	1828,33
505,483	1690,33
505,695	1763,33
505,906	1601,33
506,118	1730,33
506,329	1704,33
506,541	1576,33
506,752	1837,33
506,963	1929,33
507,175	1440,33
507,386	1921,33
507,598	1808,33
507,809	1561,33
508,02	1688,33
508,232	1434,33
508,443	1616,33
508,654	1864,33
508,865	1728,33
509,077	1565,33
509,288	1671,33
509,499	1944,33
509,71	1645,33
509,922	1791,33
510,133	1703,33
510,344	1882,33
510,555	1664,33
510,766	1796,33
510,977	1668,33
511,188	1658,33
511,4	1623,33
511,611	1656,33
511,822	1853,33
512,033	1704,33
512,244	1733,33
512,455	1768,33
512,666	1709,33
512,877	1816,33
513,088	1781,33
513,299	1612,33
513,51	1941,33
513,721	1756,33
513,931	1732,33
514,142	1782,33
514,353	1782,33
514,564	1597,33
514,775	1707,33
514,986	1758,33
515,196	1861,33
515,407	1624,33
515,618	1710,33
515,829	1495,33
516,04	1693,33
516,25	1600,33
516,461	1607,33
516,672	1722,33
516,882	1595,33
517,093	2024,33
517,304	1623,33
517,514	1586,33
517,725	1777,33
517,936	1617,33
518,146	1556,33
518,357	1754,33
518,567	1563,33
518,778	1922,33
518,988	1641,33
519,199	1892,33
519,409	1605,33
519,62	1752,33
519,83	1684,33
520,041	1736,33
520,251	1781,33
520,462	1823,33
520,672	1692,33
520,882	1752,33
521,093	1731,33
521,303	1866,33
521,513	1640,33
521,724	2787,33
521,934	1576,33
522,144	1756,33
522,355	1613,33
522,565	1664,33
522,775	1628,33
522,985	1755,33
523,196	1712,33
523,406	1606,33
523,616	1786,33
523,826	1608,33
524,036	2577,33
524,246	1673,33
524,457	1566,33
524,667	1550,33
524,877	1653,33
525,087	1636,33
525,297	1807,33
525,507	1728,33
525,717	1420,33
525,927	1554,33
526,137	1601,33
526,347	1710,33
526,557	1620,33
526,767	1680,33
526,977	1950,33
527,187	1660,33
527,397	1639,33
527,607	1580,33
527,816	1650,33
528,026	1613,33
528,236	1669,33
528,446	1697,33
528,656	1727,33
528,865	1898,33
529,075	1632,33
529,285	1715,33
529,495	1731,33
529,704	1721,33
529,914	1687,33
530,124	1734,33
530,334	1592,33
530,543	1679,33
530,753	1911,33
530,963	2132,33
531,172	1689,33
531,382	1619,33
531,591	1965,33
531,801	1580,33
532,01	1755,33
532,22	1681,33
532,43	1744,33
532,639	1951,33
532,849	1690,33
533,058	1723,33
533,267	1910,33
533,477	1750,33
533,686	1596,33
533,896	1615,33
534,105	1734,33
534,315	1828,33
534,524	1789,33
534,733	1720,33
534,943	1852,33
535,152	1849,33
535,361	1612,33
535,57	1591,33
535,78	1714,33
535,989	1685,33
536,198	1694,33
536,407	1638,33
536,617	1717,33
536,826	1779,33
537,035	1820,33
537,244	1661,33
537,453	1533,33
537,662	1750,33
537,872	1904,33
538,081	1623,33
538,29	1623,33
538,499	1653,33
538,708	1664,33
538,917	1739,33
539,126	1829,33
539,335	1735,33
539,544	2144,33
539,753	1416,33
539,962	1654,33
540,171	1704,33
540,38	1783,33
540,589	1673,33
540,797	1839,33
541,006	1689,33
541,215	1633,33
541,424	1880,33
541,633	1688,33
541,842	1629,33
542,05	1779,33
542,259	1797,33
542,468	1733,33
542,677	1732,33
542,885	1708,33
543,094	1710,33
543,303	1739,33
543,512	1743,33
543,72	1797,33
543,929	1826,33
544,138	1681,33
544,346	1540,33
544,555	1640,33
544,763	1708,33
544,972	1640,33
545,18	1598,33
545,389	1759,33
545,598	1615,33
545,806	1798,33
546,015	1686,33
546,223	1680,33
546,431	1688,33
546,64	1497,33
546,848	1695,33
547,057	1667,33
547,265	1565,33
547,474	1710,33
547,682	1709,33
547,89	1812,33
548,099	1602,33
548,307	1710,33
548,515	2084,33
548,723	1806,33
548,932	1728,33
549,14	1759,33
549,348	1808,33
549,556	1644,33
549,765	1669,33
549,973	1565,33
550,181	1753,33
550,389	1751,33
550,597	1741,33
550,805	1687,33
551,014	1838,33
551,222	4195,33
551,43	1552,33
551,638	1659,33
551,846	1774,33
552,054	1387,33
552,262	1827,33
552,47	1629,33
552,678	1611,33
552,886	1742,33
553,094	1523,33
553,302	1715,33
553,51	1712,33
553,717	1718,33
553,925	1512,33
554,133	1946,33
554,341	1618,33
554,549	1765,33
554,757	1628,33
554,965	1657,33
555,172	1665,33
555,38	2035,33
555,588	1574,33
555,796	1664,33
556,003	1896,33
556,211	1676,33
556,419	1733,33
556,626	1742,33
556,834	1650,33
557,042	1751,33
557,249	1799,33
557,457	1710,33
557,664	1492,33
557,872	1662,33
558,08	1638,33
558,287	1784,33
558,495	1795,33
558,702	1580,33
558,91	1754,33
559,117	1695,33
559,325	1724,33
559,532	1722,33
559,74	1827,33
559,947	1668,33
560,154	1817,33
560,362	1613,33
560,569	1639,33
560,776	1808,33
560,984	1742,33
561,191	1765,33
561,398	1698,33
561,606	2064,33
561,813	1773,33
562,02	1561,33
562,227	1557,33
562,435	1716,33
562,642	1813,33
562,849	1749,33
563,056	1709,33
563,263	1656,33
563,471	1863,33
563,678	1765,33
563,885	1528,33
564,092	1762,33
564,299	1776,33
564,506	1774,33
564,713	1680,33
564,92	1699,33
565,127	1819,33
565,334	1580,33
565,541	2039,33
565,748	1789,33
565,955	1567,33
566,162	1670,33
566,369	1756,33
566,576	1825,33
566,783	1744,33
566,99	1648,33
567,196	1809,33
567,403	1719,33
567,61	1880,33
567,817	1665,33
568,024	1869,33
568,23	1735,33
568,437	1681,33
568,644	1608,33
568,851	1654,33
569,057	1933,33
569,264	1813,33
569,471	1626,33
569,677	1664,33
569,884	1727,33
570,091	1904,33
570,297	2798,33
570,504	1924,33
570,71	1711,33
570,917	1745,33
571,123	1705,33
571,33	1752,33
571,536	1743,33
571,743	1917,33
571,949	1650,33
572,156	1643,33
572,362	1860,33
572,569	1743,33
572,775	1704,33
572,982	1770,33
573,188	1774,33
573,394	1692,33
573,601	1676,33
573,807	1483,33
574,013	1937,33
574,22	1780,33
574,426	1549,33
574,632	1843,33
574,838	1693,33
575,045	1666,33
575,251	1664,33
575,457	1771,33
575,663	1866,33
575,869	1677,33
576,076	1606,33
576,282	1771,33
576,488	1773,33
576,694	1685,33
576,9	1584,33
577,106	1710,33
577,312	1675,33
577,518	1855,33
577,724	1818,33
577,93	1731,33
578,136	1671,33
578,342	1768,33
578,548	1714,33
578,754	1648,33
578,96	1611,33
579,166	1686,33
579,372	1925,33
579,578	1775,33
579,784	1832,33
579,989	1670,33
580,195	1674,33
580,401	1751,33
580,607	1791,33
580,813	1819,33
581,018	1778,33
581,224	1700,33
581,43	1707,33
581,636	1701,33
581,841	1840,33
582,047	1742,33
582,253	1783,33
582,458	1618,33
582,664	1653,33
582,869	1692,33
583,075	1434,33
583,281	2030,33
583,486	1760,33
583,692	1676,33
583,897	1807,33
584,103	1762,33
584,308	1760,33
584,514	1745,33
584,719	1871,33
584,925	1793,33
585,13	1780,33
585,335	1744,33
585,541	1768,33
585,746	1779,33
585,952	1648,33
586,157	1669,33
586,362	1640,33
586,568	1860,33
586,773	1829,33
586,978	1684,33
587,183	1682,33
587,389	1734,33
587,594	1640,33
587,799	1762,33
588,004	1860,33
588,21	1728,33
588,415	1618,33
588,62	1739,33
588,825	1862,33
589,03	1671,33
589,235	2217,33
589,44	1830,33
589,645	1781,33
589,85	1780,33
590,055	1987,33
590,26	1659,33
590,465	1716,33
590,67	1784,33
590,875	1682,33
591,08	1821,33
591,285	1740,33
591,49	1742,33
591,695	1922,33
591,9	1754,33
592,105	1822,33
592,31	1675,33
592,515	1970,33
592,719	1606,33
592,924	1638,33
593,129	1675,33
593,334	1765,33
593,539	1668,33
593,743	2009,33
593,948	1678,33
594,153	1641,33
594,357	1917,33
594,562	1686,33
594,767	2230,33
594,971	1686,33
595,176	1464,33
595,381	1776,33
595,585	1706,33
595,79	1894,33
595,994	1629,33
596,199	2158,33
596,403	1518,33
596,608	1618,33
596,812	1615,33
597,017	1715,33
597,221	1904,33
597,426	1902,33
597,63	1684,33
597,835	1567,33
598,039	1661,33
598,243	1653,33
598,448	1944,33
598,652	1773,33
598,856	1714,33
599,061	1789,33
599,265	1653,33
599,469	1689,33
599,673	1756,33
599,878	1798,33
600,082	1707,33
600,286	1872,33
600,49	1773,33
600,695	1531,33
600,899	1667,33
601,103	1753,33
601,307	1794,33
601,511	1720,33
601,715	1616,33
601,919	1525,33
602,123	1907,33
602,327	1702,33
602,531	1722,33
602,735	1849,33
602,939	1816,33
603,143	1657,33
603,347	1673,33
603,551	1602,33
603,755	1812,33
603,959	1667,33
604,163	1747,33
604,367	1618,33
604,571	1554,33
604,775	1715,33
604,978	1707,33
605,182	1584,33
605,386	1748,33
605,59	1670,33
605,793	1682,33
605,997	1800,33
606,201	1745,33
606,405	1732,33
606,608	1936,33
606,812	1719,33
607,016	1836,33
607,219	1664,33
607,423	1573,33
607,627	1842,33
607,83	1616,33
608,034	1698,33
608,237	1695,33
608,441	1595,33
608,644	1737,33
608,848	1633,33
609,051	1699,33
609,255	1607,33
609,458	1916,33
609,662	1776,33
609,865	1702,33
610,069	1656,33
610,272	1562,33
610,475	1608,33
610,679	1684,33
610,882	1630,33
611,085	1613,33
611,289	1810,33
611,492	1650,33
611,695	1601,33
611,898	1637,33
612,102	1739,33
612,305	1746,33
612,508	1691,33
612,711	1831,33
612,914	1645,33
613,118	1746,33
613,321	1783,33
613,524	1679,33
613,727	1616,33
613,93	1658,33
614,133	1728,33
614,336	1780,33
614,539	1663,33
614,742	1624,33
614,945	1664,33
615,148	1747,33
615,351	1729,33
615,554	1822,33
615,757	1574,33
615,96	1744,33
616,163	1600,33
616,366	1954,33
616,569	1699,33
616,772	1942,33
616,974	1788,33
617,177	1962,33
617,38	1768,33
617,583	1729,33
617,786	1599,33
617,988	1553,33
618,191	1811,33
618,394	1618,33
618,596	1564,33
618,799	1612,33
619,002	1687,33
619,204	1900,33
619,407	1734,33
619,61	1585,33
619,812	1619,33
620,015	1642,33
620,217	1870,33
620,42	1672,33
620,623	1788,33
620,825	1636,33
621,028	1906,33
621,23	1857,33
621,432	1755,33
621,635	1830,33
621,837	1764,33
622,04	1617,33
622,242	1553,33
622,445	1761,33
622,647	1665,33
622,849	1783,33
623,052	1596,33
623,254	1765,33
623,456	1610,33
623,658	1933,33
623,861	1867,33
624,063	1654,33
624,265	1724,33
624,467	1794,33
624,67	1679,33
624,872	1664,33
625,074	1916,33
625,276	1830,33
625,478	1813,33
625,68	1397,33
625,882	1640,33
626,084	1695,33
626,287	1878,33
626,489	1804,33
626,691	1695,33
626,893	1777,33
627,095	1747,33
627,297	1783,33
627,499	1694,33
627,7	1448,33
627,902	1625,33
628,104	1560,33
628,306	1750,33
628,508	1528,33
628,71	1594,33
628,912	1783,33
629,114	2127,33
629,315	1722,33
629,517	1602,33
629,719	1543,33
629,921	1595,33
630,122	1719,33
630,324	1601,33
630,526	1766,33
630,728	1699,33
630,929	1701,33
631,131	1602,33
631,332	1891,33
631,534	1819,33
631,736	1768,33
631,937	1514,33
632,139	1738,33
632,34	1693,33
632,542	1823,33
632,743	1736,33
632,945	1618,33
633,146	1577,33
633,348	1749,33
633,549	1687,33
633,751	1630,33
633,952	1688,33
634,154	1495,33
634,355	1523,33
634,556	1759,33
634,758	1743,33
634,959	1618,33
635,16	1749,33
635,362	1652,33
635,563	1744,33
635,764	1718,33
635,965	1661,33
636,167	1613,33
636,368	1641,33
636,569	1661,33
636,77	1869,33
636,971	1609,33
637,172	1753,33
637,374	1617,33
637,575	1840,33
637,776	1582,33
637,977	1538,33
638,178	1747,33
638,379	1674,33
638,58	1732,33
638,781	1572,33
638,982	1680,33
639,183	1657,33
639,384	1659,33
639,585	1638,33
639,786	1557,33
639,987	1629,33
640,187	1746,33
640,388	1752,33
640,589	1541,33
640,79	1569,33
640,991	1773,33
641,192	1937,33
641,392	1517,33
641,593	1690,33
641,794	1559,33
641,995	1564,33
642,195	1515,33
642,396	1555,33
642,597	1776,33
642,797	1680,33
642,998	1773,33
643,199	1626,33
643,399	1732,33
643,6	1571,33
643,8	1514,33
644,001	1643,33
644,202	1682,33
644,402	1799,33
644,603	1765,33
644,803	1541,33
645,004	1660,33
645,204	1485,33
645,404	1624,33
645,605	2010,33
645,805	1561,33
646,006	1477,33
646,206	2091,33
646,406	1616,33
646,607	1487,33
646,807	1374,33
647,007	-0,67
647,208	-97,67
647,408	55,33
647,608	-11,67
