200,697	953,5
200,927	-25,5
201,158	-4,5
201,388	-1,5
201,618	1551,5
201,849	1396,5
202,079	1639,5
202,309	1542,5
202,539	1656,5
202,77	1555,5
203	1523,5
203,23	1598,5
203,46	1571,5
203,691	1655,5
203,921	1674,5
204,151	1625,5
204,381	1378,5
204,611	1631,5
204,841	1495,5
205,071	1557,5
205,302	1701,5
205,532	1683,5
205,762	3908,5
205,992	1569,5
206,222	1545,5
206,452	1655,5
206,682	1603,5
206,912	1707,5
207,142	1730,5
207,372	1674,5
207,602	1528,5
207,832	1618,5
208,062	1767,5
208,292	1671,5
208,522	1647,5
208,752	1585,5
208,982	1676,5
209,212	1844,5
209,442	1665,5
209,672	1571,5
209,902	1636,5
210,131	1660,5
210,361	1598,5
210,591	1635,5
210,821	1555,5
211,051	1761,5
211,281	1665,5
211,51	1687,5
211,74	1758,5
211,97	1556,5
212,2	1613,5
212,429	1936,5
212,659	1683,5
212,889	1697,5
213,119	1549,5
213,348	1541,5
213,578	1768,5
213,808	1655,5
214,037	1826,5
214,267	1747,5
214,497	1690,5
214,726	1539,5
214,956	1557,5
215,186	1594,5
215,415	1523,5
215,645	1665,5
215,874	1663,5
216,104	1571,5
216,333	1643,5
216,563	1678,5
216,792	1683,5
217,022	1724,5
217,251	1723,5
217,481	1602,5
217,71	1769,5
217,94	1606,5
218,169	1237,5
218,399	1694,5
218,628	1578,5
218,858	1800,5
219,087	1653,5
219,316	1704,5
219,546	1637,5
219,775	1693,5
220,004	1795,5
220,234	1564,5
220,463	1693,5
220,692	1731,5
220,922	1653,5
221,151	1709,5
221,38	1665,5
221,61	2077,5
221,839	1928,5
222,068	1655,5
222,297	1956,5
222,526	1704,5
222,756	1785,5
222,985	1809,5
223,214	1670,5
223,443	1697,5
223,672	2243,5
223,902	1500,5
224,131	1726,5
224,36	1776,5
224,589	1501,5
224,818	1727,5
225,047	1868,5
225,276	1696,5
225,505	1987,5
225,734	1700,5
225,963	1594,5
226,192	1666,5
226,421	1675,5
226,65	1741,5
226,879	1694,5
227,108	1825,5
227,337	1798,5
227,566	1946,5
227,795	1665,5
228,024	1823,5
228,253	1719,5
228,482	1542,5
228,711	1802,5
228,94	1570,5
229,168	1689,5
229,397	1731,5
229,626	1745,5
229,855	1663,5
230,084	1652,5
230,313	1603,5
230,541	1781,5
230,77	1707,5
230,999	1516,5
231,228	1920,5
231,456	1798,5
231,685	1644,5
231,914	1654,5
232,143	1695,5
232,371	1778,5
232,6	1717,5
232,829	1720,5
233,057	1867,5
233,286	1715,5
233,515	1708,5
233,743	1857,5
233,972	1691,5
234,2	1772,5
234,429	1631,5
234,658	1878,5
234,886	1558,5
235,115	1698,5
235,343	1778,5
235,572	1707,5
235,8	1805,5
236,029	2081,5
236,257	1639,5
236,486	1831,5
236,714	1883,5
236,943	1889,5
237,171	1549,5
237,399	1778,5
237,628	1811,5
237,856	1875,5
238,085	1863,5
238,313	1647,5
238,541	1795,5
238,77	2072,5
238,998	1670,5
239,226	1813,5
239,455	1721,5
239,683	1846,5
239,911	1699,5
240,14	1879,5
240,368	1826,5
240,596	1729,5
240,824	1746,5
241,053	1763,5
241,281	1615,5
241,509	1868,5
241,737	1718,5
241,965	1667,5
242,193	1645,5
242,422	1839,5
242,65	1701,5
242,878	1824,5
243,106	1788,5
243,334	1769,5
243,562	1860,5
243,79	1837,5
244,018	1977,5
244,246	1758,5
244,474	1831,5
244,702	1771,5
244,93	1786,5
245,158	1815,5
245,386	1743,5
245,614	1820,5
245,842	1898,5
246,07	1734,5
246,298	1874,5
246,526	2406,5
246,754	1893,5
246,982	1881,5
247,21	1887,5
247,438	1703,5
247,666	1783,5
247,893	1749,5
248,121	1689,5
248,349	1715,5
248,577	1788,5
248,805	1890,5
249,033	1763,5
249,26	1856,5
249,488	1771,5
249,716	1797,5
249,944	1747,5
250,171	1703,5
250,399	1712,5
250,627	1906,5
250,854	1742,5
251,082	1723,5
251,31	1798,5
251,537	1816,5
251,765	2016,5
251,993	1439,5
252,22	2085,5
252,448	1694,5
252,676	1891,5
252,903	1795,5
253,131	2137,5
253,358	1807,5
253,586	1828,5
253,813	1627,5
254,041	1847,5
254,268	1815,5
254,496	1674,5
254,723	1769,5
254,951	1767,5
255,178	1729,5
255,406	1741,5
255,633	1797,5
255,86	1919,5
256,088	1819,5
256,315	1541,5
256,543	1921,5
256,77	1817,5
256,997	1876,5
257,225	1827,5
257,452	1753,5
257,679	1779,5
257,907	1918,5
258,134	1770,5
258,361	1882,5
258,588	1715,5
258,816	1821,5
259,043	1708,5
259,27	1761,5
259,497	1853,5
259,725	1715,5
259,952	1777,5
260,179	1656,5
260,406	1897,5
260,633	1711,5
260,86	1782,5
261,088	1740,5
261,315	1868,5
261,542	1763,5
261,769	1675,5
261,996	2056,5
262,223	1917,5
262,45	1979,5
262,677	1651,5
262,904	1745,5
263,131	1696,5
263,358	1751,5
263,585	1767,5
263,812	2111,5
264,039	1921,5
264,266	1735,5
264,493	1796,5
264,72	1734,5
264,947	1694,5
265,174	2028,5
265,401	2022,5
265,627	1987,5
265,854	1851,5
266,081	1881,5
266,308	1845,5
266,535	1758,5
266,762	1773,5
266,988	1834,5
267,215	1804,5
267,442	1760,5
267,669	1859,5
267,896	1846,5
268,122	2004,5
268,349	1862,5
268,576	1591,5
268,802	1694,5
269,029	1757,5
269,256	1914,5
269,482	1765,5
269,709	1777,5
269,936	1753,5
270,162	2030,5
270,389	1809,5
270,616	1878,5
270,842	2054,5
271,069	1912,5
271,295	1882,5
271,522	1757,5
271,748	1832,5
271,975	1963,5
272,201	2001,5
272,428	1874,5
272,654	1921,5
272,881	2170,5
273,107	1892,5
273,334	1985,5
273,56	2103,5
273,787	1906,5
274,013	1970,5
274,239	2253,5
274,466	1914,5
274,692	2006,5
274,918	2197,5
275,145	1992,5
275,371	2165,5
275,597	2217,5
275,824	2184,5
276,05	2074,5
276,276	2201,5
276,503	2128,5
276,729	2155,5
276,955	2091,5
277,181	2186,5
277,407	2118,5
277,634	2304,5
277,86	2213,5
278,086	2334,5
278,312	2228,5
278,538	2201,5
278,764	2314,5
278,991	2415,5
279,217	2107,5
279,443	2216,5
279,669	2225,5
279,895	2366,5
280,121	2260,5
280,347	2237,5
280,573	2308,5
280,799	2321,5
281,025	2511,5
281,251	2267,5
281,477	2488,5
281,703	2366,5
281,929	2285,5
282,155	2419,5
282,381	2399,5
282,607	2392,5
282,833	2472,5
283,059	2480,5
283,285	2333,5
283,51	2384,5
283,736	2244,5
283,962	2379,5
284,188	2465,5
284,414	2485,5
284,64	2611,5
284,865	2414,5
285,091	2461,5
285,317	2484,5
285,543	2568,5
285,768	2491,5
285,994	2545,5
286,22	2704,5
286,446	2536,5
286,671	2433,5
286,897	2560,5
287,123	2481,5
287,348	2509,5
287,574	3038,5
287,799	2533,5
288,025	2472,5
288,251	2739,5
288,476	2665,5
288,702	2605,5
288,927	2547,5
289,153	2561,5
289,378	2726,5
289,604	2653,5
289,829	2663,5
290,055	2479,5
290,28	2634,5
290,506	2609,5
290,731	2503,5
290,957	2706,5
291,182	2663,5
291,408	2839,5
291,633	2617,5
291,858	2575,5
292,084	2683,5
292,309	2543,5
292,535	2622,5
292,76	2753,5
292,985	2694,5
293,211	2580,5
293,436	2494,5
293,661	2626,5
293,886	2658,5
294,112	2684,5
294,337	2659,5
294,562	2349,5
294,787	2792,5
295,013	2596,5
295,238	2566,5
295,463	2765,5
295,688	2795,5
295,913	2608,5
296,138	2743,5
296,364	2566,5
296,589	2615,5
296,814	2523,5
297,039	2550,5
297,264	2758,5
297,489	2764,5
297,714	2611,5
297,939	2556,5
298,164	2548,5
298,389	2677,5
298,614	2564,5
298,839	2616,5
299,064	2764,5
299,289	2709,5
299,514	2700,5
299,739	2659,5
299,964	2663,5
300,189	2644,5
300,414	2775,5
300,639	2850,5
300,863	2705,5
301,088	3064,5
301,313	2685,5
301,538	2711,5
301,763	2596,5
301,988	2667,5
302,212	2710,5
302,437	3033,5
302,662	2577,5
302,887	2608,5
303,111	2683,5
303,336	2820,5
303,561	2524,5
303,786	2611,5
304,01	2708,5
304,235	2733,5
304,46	2625,5
304,684	2725,5
304,909	2642,5
305,134	2516,5
305,358	2693,5
305,583	2614,5
305,807	2950,5
306,032	2426,5
306,256	2629,5
306,481	2680,5
306,706	2553,5
306,93	2561,5
307,155	2905,5
307,379	2622,5
307,604	2628,5
307,828	2598,5
308,052	2805,5
308,277	2674,5
308,501	2695,5
308,726	2825,5
308,95	2707,5
309,175	2558,5
309,399	2737,5
309,623	2629,5
309,848	2592,5
310,072	2445,5
310,296	2933,5
310,521	2589,5
310,745	2483,5
310,969	2876,5
311,193	2751,5
311,418	2509,5
311,642	2583,5
311,866	2643,5
312,09	2575,5
312,315	2758,5
312,539	2699,5
312,763	2545,5
312,987	2858,5
313,211	2441,5
313,435	2745,5
313,659	2553,5
313,884	2788,5
314,108	2744,5
314,332	2713,5
314,556	2465,5
314,78	2825,5
315,004	2630,5
315,228	2727,5
315,452	2631,5
315,676	2626,5
315,9	2610,5
316,124	2381,5
316,348	2613,5
316,572	2545,5
316,796	2564,5
317,02	2556,5
317,244	2635,5
317,468	2457,5
317,691	2812,5
317,915	2614,5
318,139	2510,5
318,363	2879,5
318,587	2538,5
318,811	2462,5
319,034	2370,5
319,258	2644,5
319,482	2685,5
319,706	2509,5
319,93	2515,5
320,153	2494,5
320,377	2558,5
320,601	2438,5
320,824	2417,5
321,048	2629,5
321,272	2574,5
321,495	2474,5
321,719	2569,5
321,943	2497,5
322,166	2472,5
322,39	2543,5
322,614	2652,5
322,837	2713,5
323,061	2405,5
323,284	2595,5
323,508	2665,5
323,731	2382,5
323,955	2488,5
324,178	2496,5
324,402	2613,5
324,625	2517,5
324,849	2345,5
325,072	2613,5
325,296	2651,5
325,519	2428,5
325,743	2423,5
325,966	2622,5
326,189	2775,5
326,413	2532,5
326,636	2860,5
326,859	2542,5
327,083	2823,5
327,306	2397,5
327,529	2355,5
327,753	2323,5
327,976	2583,5
328,199	2569,5
328,422	2526,5
328,646	2523,5
328,869	2390,5
329,092	2636,5
329,315	2736,5
329,538	2404,5
329,762	2548,5
329,985	2482,5
330,208	2505,5
330,431	2569,5
330,654	2677,5
330,877	2611,5
331,1	2612,5
331,323	2416,5
331,546	2750,5
331,769	2502,5
331,993	2404,5
332,216	2556,5
332,439	2581,5
332,662	2487,5
332,885	2458,5
333,107	2398,5
333,33	2382,5
333,553	2697,5
333,776	2527,5
333,999	2472,5
334,222	2400,5
334,445	2461,5
334,668	2485,5
334,891	2518,5
335,114	2359,5
335,336	2503,5
335,559	2524,5
335,782	2776,5
336,005	2491,5
336,228	2478,5
336,45	2455,5
336,673	2422,5
336,896	2523,5
337,119	2555,5
337,341	2391,5
337,564	2486,5
337,787	2509,5
338,009	2385,5
338,232	2476,5
338,455	2637,5
338,677	2494,5
338,9	2523,5
339,122	2503,5
339,345	2324,5
339,568	2470,5
339,79	2455,5
340,013	2582,5
340,235	2611,5
340,458	2351,5
340,68	2560,5
340,903	2597,5
341,125	2616,5
341,348	2441,5
341,57	2419,5
341,793	2673,5
342,015	2344,5
342,238	2489,5
342,46	2506,5
342,682	2597,5
342,905	2444,5
343,127	2527,5
343,349	2481,5
343,572	2570,5
343,794	2437,5
344,016	2462,5
344,239	2550,5
344,461	2455,5
344,683	2449,5
344,905	2417,5
345,128	2370,5
345,35	2513,5
345,572	2580,5
345,794	2782,5
346,017	2446,5
346,239	2410,5
346,461	2523,5
346,683	2561,5
346,905	2568,5
347,127	2517,5
347,349	2571,5
347,571	2527,5
347,793	2712,5
348,016	2577,5
348,238	2562,5
348,46	2503,5
348,682	2486,5
348,904	2674,5
349,126	2620,5
349,348	2766,5
349,57	2502,5
349,792	2576,5
350,014	2665,5
350,235	2314,5
350,457	3337,5
350,679	2605,5
350,901	2439,5
351,123	2496,5
351,345	2497,5
351,567	2659,5
351,789	2705,5
352,01	2618,5
352,232	2677,5
352,454	2488,5
352,676	2629,5
352,897	2589,5
353,119	2567,5
353,341	2470,5
353,563	2502,5
353,784	2475,5
354,006	2615,5
354,228	2545,5
354,449	2461,5
354,671	2703,5
354,893	2809,5
355,114	2706,5
355,336	2639,5
355,558	2693,5
355,779	2561,5
356,001	2748,5
356,222	2653,5
356,444	2606,5
356,665	3383,5
356,887	2666,5
357,108	2599,5
357,33	2667,5
357,551	2814,5
357,773	2690,5
357,994	2742,5
358,216	2578,5
358,437	2953,5
358,659	2832,5
358,88	2761,5
359,101	2769,5
359,323	2806,5
359,544	2748,5
359,765	2622,5
359,987	2774,5
360,208	2702,5
360,429	2651,5
360,651	2743,5
360,872	2922,5
361,093	2714,5
361,314	2793,5
361,536	2728,5
361,757	2742,5
361,978	2671,5
362,199	2711,5
362,42	2627,5
362,642	2711,5
362,863	2890,5
363,084	2774,5
363,305	2783,5
363,526	2697,5
363,747	2636,5
363,968	2700,5
364,189	2761,5
364,41	2705,5
364,631	2665,5
364,852	2868,5
365,073	2755,5
365,294	2799,5
365,515	2589,5
365,736	2861,5
365,957	2769,5
366,178	2858,5
366,399	2787,5
366,62	2762,5
366,841	2856,5
367,062	2911,5
367,283	2787,5
367,504	2853,5
367,724	2497,5
367,945	2678,5
368,166	2887,5
368,387	2863,5
368,608	2625,5
368,828	3035,5
369,049	2710,5
369,27	2736,5
369,491	2751,5
369,711	2785,5
369,932	2890,5
370,153	2757,5
370,373	2846,5
370,594	2922,5
370,815	2789,5
371,035	2956,5
371,256	2630,5
371,477	2658,5
371,697	2749,5
371,918	2593,5
372,138	2865,5
372,359	2970,5
372,579	2565,5
372,8	2711,5
373,02	2777,5
373,241	2625,5
373,461	2903,5
373,682	2600,5
373,902	2724,5
374,123	2681,5
374,343	2796,5
374,564	2691,5
374,784	2625,5
375,004	2681,5
375,225	2580,5
375,445	2691,5
375,666	2847,5
375,886	2500,5
376,106	2576,5
376,326	2685,5
376,547	2873,5
376,767	2740,5
376,987	2630,5
377,208	2682,5
377,428	2620,5
377,648	2816,5
377,868	2845,5
378,088	2875,5
378,309	2852,5
378,529	2907,5
378,749	2757,5
378,969	2600,5
379,189	2842,5
379,409	2693,5
379,629	2599,5
379,849	2777,5
380,069	2602,5
380,29	2642,5
380,51	2672,5
380,73	2635,5
380,95	2863,5
381,17	2746,5
381,39	2652,5
381,61	2428,5
381,829	2593,5
382,049	2527,5
382,269	2596,5
382,489	2821,5
382,709	2594,5
382,929	2694,5
383,149	2608,5
383,369	2934,5
383,589	2542,5
383,808	2655,5
384,028	2549,5
384,248	2607,5
384,468	2367,5
384,688	2545,5
384,907	2578,5
385,127	2618,5
385,347	2878,5
385,567	2566,5
385,786	2691,5
386,006	2504,5
386,226	2735,5
386,445	2499,5
386,665	2631,5
386,885	2665,5
387,104	2682,5
387,324	2642,5
387,543	2553,5
387,763	2541,5
387,982	2723,5
388,202	2671,5
388,422	2569,5
388,641	2592,5
388,861	2657,5
389,08	2619,5
389,3	2550,5
389,519	2742,5
389,738	2597,5
389,958	2597,5
390,177	2558,5
390,397	2598,5
390,616	2548,5
390,836	2732,5
391,055	2593,5
391,274	2619,5
391,494	2527,5
391,713	2343,5
391,932	2665,5
392,151	2583,5
392,371	2626,5
392,59	2642,5
392,809	2675,5
393,029	2718,5
393,248	2703,5
393,467	2403,5
393,686	2473,5
393,905	3579,5
394,124	2504,5
394,344	2657,5
394,563	2601,5
394,782	2417,5
395,001	2551,5
395,22	2571,5
395,439	2583,5
395,658	2498,5
395,877	2578,5
396,096	2607,5
396,315	2775,5
396,534	2481,5
396,753	2598,5
396,972	2519,5
397,191	2559,5
397,41	2589,5
397,629	2565,5
397,848	2566,5
398,067	2638,5
398,286	2548,5
398,505	2603,5
398,724	2699,5
398,943	3131,5
399,161	2413,5
399,38	2663,5
399,599	2585,5
399,818	2374,5
400,037	2663,5
400,255	2501,5
400,474	2382,5
400,693	2517,5
400,912	2659,5
401,13	2448,5
401,349	2602,5
401,568	2315,5
401,786	2581,5
402,005	2513,5
402,224	2423,5
402,442	2463,5
402,661	2519,5
402,88	2403,5
403,098	2339,5
403,317	2425,5
403,535	2339,5
403,754	2313,5
403,972	2443,5
404,191	2487,5
404,409	2357,5
404,628	3075,5
404,846	2512,5
405,065	2435,5
405,283	2460,5
405,502	2200,5
405,72	2421,5
405,938	2322,5
406,157	2301,5
406,375	2446,5
406,594	2361,5
406,812	2333,5
407,03	2350,5
407,249	2204,5
407,467	2456,5
407,685	2491,5
407,903	2244,5
408,122	2483,5
408,34	2462,5
408,558	2369,5
408,776	2289,5
408,995	2346,5
409,213	2293,5
409,431	2457,5
409,649	2477,5
409,867	2407,5
410,085	2342,5
410,303	2473,5
410,522	2208,5
410,74	2263,5
410,958	2233,5
411,176	2285,5
411,394	2226,5
411,612	2332,5
411,83	2534,5
412,048	2427,5
412,266	2343,5
412,484	2394,5
412,702	2536,5
412,92	2215,5
413,138	2442,5
413,356	2170,5
413,573	2412,5
413,791	2569,5
414,009	2381,5
414,227	2460,5
414,445	2343,5
414,663	2201,5
414,881	2305,5
415,098	2363,5
415,316	2332,5
415,534	2676,5
415,752	2273,5
415,969	2467,5
416,187	2173,5
416,405	2223,5
416,623	2316,5
416,84	2148,5
417,058	2313,5
417,276	2401,5
417,493	2304,5
417,711	2241,5
417,928	2359,5
418,146	2246,5
418,364	2325,5
418,581	2358,5
418,799	2198,5
419,016	2165,5
419,234	2228,5
419,451	2790,5
419,669	2289,5
419,886	2243,5
420,104	2303,5
420,321	2402,5
420,539	2270,5
420,756	2447,5
420,974	2332,5
421,191	2228,5
421,408	2504,5
421,626	2459,5
421,843	2277,5
422,06	2375,5
422,278	2199,5
422,495	2492,5
422,712	2314,5
422,93	2397,5
423,147	2293,5
423,364	2345,5
423,581	2410,5
423,799	2361,5
424,016	2434,5
424,233	2319,5
424,45	2320,5
424,667	2289,5
424,884	2221,5
425,102	2418,5
425,319	2164,5
425,536	2222,5
425,753	2353,5
425,97	2188,5
426,187	2256,5
426,404	2240,5
426,621	2571,5
426,838	2388,5
427,055	2383,5
427,272	2359,5
427,489	2302,5
427,706	2079,5
427,923	2223,5
428,14	2256,5
428,357	2549,5
428,574	2227,5
428,791	2313,5
429,008	2363,5
429,224	2301,5
429,441	2228,5
429,658	2459,5
429,875	2596,5
430,092	2413,5
430,308	2500,5
430,525	2377,5
430,742	2311,5
430,959	2380,5
431,175	2297,5
431,392	2416,5
431,609	2348,5
431,826	2302,5
432,042	2197,5
432,259	2195,5
432,476	2628,5
432,692	1913,5
432,909	2332,5
433,125	2294,5
433,342	2337,5
433,559	2437,5
433,775	2257,5
433,992	2145,5
434,208	2063,5
434,425	2237,5
434,641	2376,5
434,858	2433,5
435,074	2236,5
435,291	2266,5
435,507	2249,5
435,723	2273,5
435,94	2252,5
436,156	2249,5
436,373	2462,5
436,589	2269,5
436,805	2282,5
437,022	2221,5
437,238	2260,5
437,454	2263,5
437,671	2149,5
437,887	2241,5
438,103	2193,5
438,319	2164,5
438,536	2398,5
438,752	2361,5
438,968	2272,5
439,184	2211,5
439,4	2209,5
439,616	2085,5
439,833	2355,5
440,049	2194,5
440,265	2435,5
440,481	1996,5
440,697	2229,5
440,913	2390,5
441,129	2308,5
441,345	2401,5
441,561	2501,5
441,777	2218,5
441,993	2241,5
442,209	2301,5
442,425	2318,5
442,641	2235,5
442,857	2311,5
443,073	2280,5
443,289	2205,5
443,505	2299,5
443,721	2344,5
443,937	2287,5
444,152	2200,5
444,368	2256,5
444,584	2228,5
444,8	2348,5
445,016	2263,5
445,231	2236,5
445,447	2402,5
445,663	2134,5
445,879	2169,5
446,094	2365,5
446,31	2343,5
446,526	2224,5
446,742	2238,5
446,957	2281,5
447,173	2346,5
447,388	2269,5
447,604	2299,5
447,82	2166,5
448,035	2181,5
448,251	2256,5
448,466	2357,5
448,682	2050,5
448,897	2075,5
449,113	2266,5
449,328	2241,5
449,544	2185,5
449,759	2523,5
449,975	2026,5
450,19	2097,5
450,406	2266,5
450,621	1987,5
450,836	2268,5
451,052	2105,5
451,267	2095,5
451,483	2127,5
451,698	2011,5
451,913	2184,5
452,129	2162,5
452,344	2040,5
452,559	2272,5
452,774	2189,5
452,99	2083,5
453,205	2119,5
453,42	2205,5
453,635	2154,5
453,85	2113,5
454,066	2217,5
454,281	2118,5
454,496	2239,5
454,711	2230,5
454,926	2157,5
455,141	2073,5
455,356	2094,5
455,571	2005,5
455,786	2103,5
456,001	2066,5
456,217	1963,5
456,432	2113,5
456,647	2127,5
456,861	2139,5
457,076	2101,5
457,291	2187,5
457,506	2071,5
457,721	2118,5
457,936	2094,5
458,151	2075,5
458,366	2442,5
458,581	2065,5
458,796	2345,5
459,01	2169,5
459,225	2124,5
459,44	2061,5
459,655	2448,5
459,87	2098,5
460,084	2055,5
460,299	2089,5
460,514	2146,5
460,729	2543,5
460,943	1974,5
461,158	1919,5
461,373	2191,5
461,587	2032,5
461,802	1889,5
462,016	2167,5
462,231	2007,5
462,446	2113,5
462,66	2049,5
462,875	2050,5
463,089	2014,5
463,304	2093,5
463,518	1941,5
463,733	2001,5
463,947	2101,5
464,162	2035,5
464,376	2043,5
464,591	2191,5
464,805	1996,5
465,02	2227,5
465,234	2167,5
465,448	2161,5
465,663	2159,5
465,877	2113,5
466,091	1985,5
466,306	2150,5
466,52	2345,5
466,734	2002,5
466,949	2070,5
467,163	2044,5
467,377	1620,5
467,591	2059,5
467,806	1968,5
468,02	1886,5
468,234	1948,5
468,448	1981,5
468,662	1863,5
468,876	1982,5
469,091	1932,5
469,305	1991,5
469,519	1831,5
469,733	1837,5
469,947	1924,5
470,161	2081,5
470,375	1785,5
470,589	1999,5
470,803	1957,5
471,017	1945,5
471,231	1890,5
471,445	1897,5
471,659	2023,5
471,873	1994,5
472,087	1832,5
472,301	2082,5
472,515	1851,5
472,728	1939,5
472,942	1856,5
473,156	1983,5
473,37	1909,5
473,584	1880,5
473,798	2016,5
474,011	1939,5
474,225	1885,5
474,439	2087,5
474,653	2048,5
474,866	2001,5
475,08	1989,5
475,294	1977,5
475,507	1833,5
475,721	2018,5
475,935	2050,5
476,148	1838,5
476,362	1911,5
476,576	1874,5
476,789	1889,5
477,003	1931,5
477,216	2195,5
477,43	1867,5
477,643	2002,5
477,857	1845,5
478,07	1927,5
478,284	2011,5
478,497	1844,5
478,711	1865,5
478,924	1910,5
479,138	1907,5
479,351	1914,5
479,564	1814,5
479,778	1930,5
479,991	1834,5
480,204	1841,5
480,418	2003,5
480,631	1885,5
480,844	1993,5
481,058	1900,5
481,271	1911,5
481,484	2000,5
481,697	1927,5
481,911	1990,5
482,124	1890,5
482,337	1922,5
482,55	1836,5
482,763	1805,5
482,976	2027,5
483,19	1771,5
483,403	1895,5
483,616	2008,5
483,829	2005,5
484,042	1952,5
484,255	1988,5
484,468	1972,5
484,681	1889,5
484,894	2015,5
485,107	2649,5
485,32	2630,5
485,533	2725,5
485,746	2731,5
485,959	2423,5
486,172	2176,5
486,385	1842,5
486,598	1965,5
486,81	2010,5
487,023	1889,5
487,236	2195,5
487,449	2022,5
487,662	1876,5
487,875	2052,5
488,087	1964,5
488,3	1868,5
488,513	1746,5
488,726	1755,5
488,938	1977,5
489,151	1869,5
489,364	1907,5
489,576	1942,5
489,789	1942,5
490,002	2045,5
490,214	1897,5
490,427	1701,5
490,64	1905,5
490,852	1905,5
491,065	1796,5
491,277	1928,5
491,49	1916,5
491,702	1699,5
491,915	1897,5
492,127	1925,5
492,34	1923,5
492,552	1916,5
492,765	1983,5
492,977	2061,5
493,19	1895,5
493,402	1946,5
493,614	1907,5
493,827	1814,5
494,039	1724,5
494,251	1918,5
494,464	1873,5
494,676	1763,5
494,888	1931,5
495,101	1763,5
495,313	2177,5
495,525	1794,5
495,737	2210,5
495,95	1897,5
496,162	1887,5
496,374	1805,5
496,586	1683,5
496,798	1862,5
497,01	1766,5
497,222	1680,5
497,435	1907,5
497,647	1743,5
497,859	1821,5
498,071	1869,5
498,283	1829,5
498,495	1789,5
498,707	2035,5
498,919	1823,5
499,131	1951,5
499,343	1697,5
499,555	1773,5
499,767	1873,5
499,979	1789,5
500,191	2072,5
500,402	1751,5
500,614	1924,5
500,826	1917,5
501,038	1776,5
501,25	1884,5
501,462	1792,5
501,673	1750,5
501,885	1720,5
502,097	1931,5
502,309	1899,5
502,521	1964,5
502,732	1757,5
502,944	1850,5
503,156	1777,5
503,367	1733,5
503,579	1795,5
503,791	1767,5
504,002	1848,5
504,214	1868,5
504,425	2101,5
504,637	1955,5
504,849	1826,5
505,06	1882,5
505,272	1956,5
505,483	1763,5
505,695	1828,5
505,906	1727,5
506,118	1849,5
506,329	1753,5
506,541	1734,5
506,752	1894,5
506,963	1877,5
507,175	1653,5
507,386	1995,5
507,598	2021,5
507,809	1656,5
508,02	1737,5
508,232	1811,5
508,443	1718,5
508,654	2009,5
508,865	1867,5
509,077	1645,5
509,288	1748,5
509,499	2048,5
509,71	1741,5
509,922	1855,5
510,133	1742,5
510,344	1950,5
510,555	1763,5
510,766	1855,5
510,977	1775,5
511,188	1739,5
511,4	1764,5
511,611	1660,5
511,822	1783,5
512,033	1805,5
512,244	1890,5
512,455	1854,5
512,666	1767,5
512,877	1849,5
513,088	1822,5
513,299	1791,5
513,51	1835,5
513,721	1857,5
513,931	1836,5
514,142	1865,5
514,353	1896,5
514,564	1645,5
514,775	1819,5
514,986	1912,5
515,196	1861,5
515,407	1717,5
515,618	1725,5
515,829	1773,5
516,04	1805,5
516,25	1652,5
516,461	1817,5
516,672	1789,5
516,882	1712,5
517,093	1903,5
517,304	1639,5
517,514	1591,5
517,725	1821,5
517,936	1620,5
518,146	1659,5
518,357	1838,5
518,567	1710,5
518,778	2008,5
518,988	1736,5
519,199	1892,5
519,409	1670,5
519,62	1777,5
519,83	1809,5
520,041	1731,5
520,251	1740,5
520,462	1924,5
520,672	1805,5
520,882	1764,5
521,093	1880,5
521,303	1838,5
521,513	1821,5
521,724	2785,5
521,934	1651,5
522,144	1894,5
522,355	1699,5
522,565	1811,5
522,775	1702,5
522,985	1701,5
523,196	1735,5
523,406	1644,5
523,616	1845,5
523,826	1783,5
524,036	2557,5
524,246	1686,5
524,457	1754,5
524,667	1586,5
524,877	1780,5
525,087	1683,5
525,297	1847,5
525,507	1865,5
525,717	1581,5
525,927	1805,5
526,137	1709,5
526,347	1786,5
526,557	1655,5
526,767	1632,5
526,977	2025,5
527,187	1771,5
527,397	1622,5
527,607	1672,5
527,816	1765,5
528,026	1643,5
528,236	1745,5
528,446	1752,5
528,656	1826,5
528,865	1955,5
529,075	1716,5
529,285	1542,5
529,495	1751,5
529,704	1747,5
529,914	1654,5
530,124	1720,5
530,334	1707,5
530,543	1978,5
530,753	1979,5
530,963	2211,5
531,172	1709,5
531,382	1696,5
531,591	2024,5
531,801	1626,5
532,01	1763,5
532,22	1780,5
532,43	1770,5
532,639	2036,5
532,849	1763,5
533,058	1765,5
533,267	1929,5
533,477	1665,5
533,686	1631,5
533,896	1759,5
534,105	1749,5
534,315	1932,5
534,524	1675,5
534,733	1727,5
534,943	1887,5
535,152	1797,5
535,361	1698,5
535,57	1702,5
535,78	1777,5
535,989	1763,5
536,198	1692,5
536,407	1730,5
536,617	1779,5
536,826	1832,5
537,035	1828,5
537,244	1712,5
537,453	1581,5
537,662	1713,5
537,872	1860,5
538,081	1841,5
538,29	1680,5
538,499	1655,5
538,708	1585,5
538,917	1749,5
539,126	1777,5
539,335	1669,5
539,544	1989,5
539,753	1638,5
539,962	1747,5
540,171	1719,5
540,38	2032,5
540,589	1745,5
540,797	1865,5
541,006	1742,5
541,215	1663,5
541,424	1982,5
541,633	1715,5
541,842	1721,5
542,05	1883,5
542,259	1777,5
542,468	1697,5
542,677	1792,5
542,885	1711,5
543,094	1844,5
543,303	1620,5
543,512	1782,5
543,72	1801,5
543,929	1859,5
544,138	1702,5
544,346	1638,5
544,555	1674,5
544,763	1789,5
544,972	1732,5
545,18	1626,5
545,389	1750,5
545,598	1653,5
545,806	1826,5
546,015	1681,5
546,223	1734,5
546,431	1893,5
546,64	1816,5
546,848	1643,5
547,057	1771,5
547,265	1535,5
547,474	1755,5
547,682	1763,5
547,89	1673,5
548,099	1861,5
548,307	1659,5
548,515	1895,5
548,723	1836,5
548,932	1753,5
549,14	1848,5
549,348	1829,5
549,556	1697,5
549,765	1741,5
549,973	1620,5
550,181	1819,5
550,389	1779,5
550,597	1806,5
550,805	1684,5
551,014	1879,5
551,222	4261,5
551,43	1617,5
551,638	1738,5
551,846	1823,5
552,054	1884,5
552,262	1912,5
552,47	1719,5
552,678	1622,5
552,886	1846,5
553,094	1623,5
553,302	1801,5
553,51	1729,5
553,717	1841,5
553,925	1524,5
554,133	2076,5
554,341	1679,5
554,549	1797,5
554,757	1859,5
554,965	1694,5
555,172	1757,5
555,38	2027,5
555,588	1662,5
555,796	1836,5
556,003	1867,5
556,211	1694,5
556,419	1804,5
556,626	1838,5
556,834	1696,5
557,042	1701,5
557,249	1737,5
557,457	1717,5
557,664	1593,5
557,872	1710,5
558,08	1660,5
558,287	1832,5
558,495	1872,5
558,702	1673,5
558,91	1805,5
559,117	1811,5
559,325	1815,5
559,532	1685,5
559,74	1987,5
559,947	1690,5
560,154	1850,5
560,362	1679,5
560,569	1725,5
560,776	1757,5
560,984	1719,5
561,191	1807,5
561,398	1735,5
561,606	2196,5
561,813	1800,5
562,02	1528,5
562,227	1671,5
562,435	1751,5
562,642	1767,5
562,849	1777,5
563,056	1738,5
563,263	1714,5
563,471	1851,5
563,678	1851,5
563,885	1711,5
564,092	1755,5
564,299	1840,5
564,506	1654,5
564,713	1717,5
564,92	1687,5
565,127	1846,5
565,334	1986,5
565,541	2094,5
565,748	1801,5
565,955	1653,5
566,162	1756,5
566,369	1866,5
566,576	1893,5
566,783	1905,5
566,99	1618,5
567,196	1838,5
567,403	1775,5
567,61	1862,5
567,817	1767,5
568,024	1804,5
568,23	2005,5
568,437	1456,5
568,644	1675,5
568,851	1817,5
569,057	2083,5
569,264	1965,5
569,471	1751,5
569,677	1785,5
569,884	1865,5
570,091	2024,5
570,297	2880,5
570,504	2087,5
570,71	1894,5
570,917	1834,5
571,123	1817,5
571,33	1933,5
571,536	1823,5
571,743	2029,5
571,949	1623,5
572,156	1855,5
572,362	2015,5
572,569	1761,5
572,775	1857,5
572,982	1999,5
573,188	2036,5
573,394	1814,5
573,601	1795,5
573,807	1840,5
574,013	1960,5
574,22	1893,5
574,426	1761,5
574,632	1953,5
574,838	1887,5
575,045	1778,5
575,251	1769,5
575,457	1874,5
575,663	1979,5
575,869	1864,5
576,076	1819,5
576,282	1914,5
576,488	1840,5
576,694	1864,5
576,9	1495,5
577,106	1955,5
577,312	1880,5
577,518	1986,5
577,724	1948,5
577,93	1910,5
578,136	1808,5
578,342	1821,5
578,548	1767,5
578,754	1916,5
578,96	1834,5
579,166	1793,5
579,372	2108,5
579,578	1834,5
579,784	2023,5
579,989	1883,5
580,195	1809,5
580,401	2011,5
580,607	2144,5
580,813	2132,5
581,018	2237,5
581,224	2119,5
581,43	2081,5
581,636	1873,5
581,841	2156,5
582,047	2005,5
582,253	1974,5
582,458	1862,5
582,664	1833,5
582,869	1804,5
583,075	1660,5
583,281	2133,5
583,486	1857,5
583,692	1808,5
583,897	2028,5
584,103	1911,5
584,308	2046,5
584,514	1977,5
584,719	2079,5
584,925	1998,5
585,13	1898,5
585,335	2198,5
585,541	1894,5
585,746	1924,5
585,952	1833,5
586,157	1790,5
586,362	1947,5
586,568	1936,5
586,773	2008,5
586,978	1921,5
587,183	1899,5
587,389	1906,5
587,594	1826,5
587,799	1963,5
588,004	2021,5
588,21	1939,5
588,415	1769,5
588,62	1846,5
588,825	1921,5
589,03	1791,5
589,235	2228,5
589,44	1974,5
589,645	1746,5
589,85	1915,5
590,055	2042,5
590,26	1995,5
590,465	1836,5
590,67	1839,5
590,875	1965,5
591,08	1875,5
591,285	1842,5
591,49	1847,5
591,695	1790,5
591,9	1798,5
592,105	1829,5
592,31	1837,5
592,515	2128,5
592,719	1734,5
592,924	1763,5
593,129	1755,5
593,334	1875,5
593,539	1768,5
593,743	1926,5
593,948	1940,5
594,153	1807,5
594,357	2134,5
594,562	1790,5
594,767	2227,5
594,971	1644,5
595,176	1757,5
595,381	1881,5
595,585	1750,5
595,79	1951,5
595,994	1628,5
596,199	2205,5
596,403	1457,5
596,608	1692,5
596,812	1768,5
597,017	1847,5
597,221	2001,5
597,426	1955,5
597,63	1787,5
597,835	1732,5
598,039	1665,5
598,243	1764,5
598,448	2082,5
598,652	1906,5
598,856	1751,5
599,061	1830,5
599,265	1742,5
599,469	1743,5
599,673	2038,5
599,878	1876,5
600,082	1744,5
600,286	1855,5
600,49	1751,5
600,695	1544,5
600,899	1736,5
601,103	1798,5
601,307	1862,5
601,511	1789,5
601,715	1711,5
601,919	1591,5
602,123	1908,5
602,327	1914,5
602,531	1806,5
602,735	1830,5
602,939	1977,5
603,143	1668,5
603,347	1793,5
603,551	1742,5
603,755	1765,5
603,959	1714,5
604,163	1809,5
604,367	1741,5
604,571	1689,5
604,775	1864,5
604,978	1846,5
605,182	1668,5
605,386	1807,5
605,59	1700,5
605,793	1808,5
605,997	1917,5
606,201	1762,5
606,405	1874,5
606,608	1814,5
606,812	1763,5
607,016	1851,5
607,219	1680,5
607,423	1717,5
607,627	1931,5
607,83	1718,5
608,034	1719,5
608,237	1709,5
608,441	1642,5
608,644	1846,5
608,848	1819,5
609,051	1730,5
609,255	1636,5
609,458	1856,5
609,662	1770,5
609,865	1842,5
610,069	1666,5
610,272	1616,5
610,475	1635,5
610,679	1706,5
610,882	1985,5
611,085	1543,5
611,289	1953,5
611,492	1598,5
611,695	1713,5
611,898	1708,5
612,102	1811,5
612,305	1847,5
612,508	1768,5
612,711	1881,5
612,914	1708,5
613,118	1804,5
613,321	1852,5
613,524	1667,5
613,727	1731,5
613,93	1675,5
614,133	1760,5
614,336	1771,5
614,539	1718,5
614,742	1755,5
614,945	1717,5
615,148	1854,5
615,351	1745,5
615,554	1862,5
615,757	1515,5
615,96	1783,5
616,163	1631,5
616,366	1832,5
616,569	1693,5
616,772	1858,5
616,974	1672,5
617,177	1868,5
617,38	1745,5
617,583	1785,5
617,786	1681,5
617,988	1576,5
618,191	1939,5
618,394	1598,5
618,596	1589,5
618,799	1682,5
619,002	1774,5
619,204	1708,5
619,407	1797,5
619,61	1579,5
619,812	1660,5
620,015	1698,5
620,217	1852,5
620,42	1698,5
620,623	1676,5
620,825	1771,5
621,028	1850,5
621,23	1846,5
621,432	1781,5
621,635	1876,5
621,837	1759,5
622,04	1681,5
622,242	1732,5
622,445	1746,5
622,647	1784,5
622,849	1871,5
623,052	1611,5
623,254	1553,5
623,456	1526,5
623,658	1865,5
623,861	1849,5
624,063	1593,5
624,265	1685,5
624,467	1752,5
624,67	1620,5
624,872	1707,5
625,074	1718,5
625,276	1808,5
625,478	1750,5
625,68	1577,5
625,882	1590,5
626,084	1758,5
626,287	1875,5
626,489	1823,5
626,691	1713,5
626,893	1724,5
627,095	1804,5
627,297	1772,5
627,499	1652,5
627,7	1678,5
627,902	1595,5
628,104	1791,5
628,306	1639,5
628,508	1617,5
628,71	1777,5
628,912	1733,5
629,114	1973,5
629,315	1723,5
629,517	1647,5
629,719	1627,5
629,921	1689,5
630,122	1764,5
630,324	1616,5
630,526	1797,5
630,728	1681,5
630,929	1645,5
631,131	1583,5
631,332	1834,5
631,534	1789,5
631,736	1869,5
631,937	1613,5
632,139	1711,5
632,34	1710,5
632,542	1830,5
632,743	1704,5
632,945	1590,5
633,146	1708,5
633,348	1751,5
633,549	1829,5
633,751	1597,5
633,952	1736,5
634,154	1570,5
634,355	1521,5
634,556	1671,5
634,758	1679,5
634,959	1628,5
635,16	1753,5
635,362	1662,5
635,563	1703,5
635,764	1732,5
635,965	1608,5
636,167	1717,5
636,368	1653,5
636,569	1452,5
636,77	1839,5
636,971	1702,5
637,172	1688,5
637,374	1688,5
637,575	1978,5
637,776	1536,5
637,977	1546,5
638,178	1776,5
638,379	1660,5
638,58	1716,5
638,781	1493,5
638,982	1664,5
639,183	1617,5
639,384	1574,5
639,585	1626,5
639,786	1597,5
639,987	1597,5
640,187	1770,5
640,388	1767,5
640,589	1566,5
640,79	1533,5
640,991	1719,5
641,192	1778,5
641,392	1549,5
641,593	1555,5
641,794	1515,5
641,995	1444,5
642,195	1418,5
642,396	1595,5
642,597	1531,5
642,797	1621,5
642,998	1714,5
643,199	1620,5
643,399	1699,5
643,6	1531,5
643,8	1533,5
644,001	1667,5
644,202	1681,5
644,402	1609,5
644,603	1732,5
644,803	1583,5
645,004	1691,5
645,204	1516,5
645,404	1574,5
645,605	1947,5
645,805	1525,5
646,006	1578,5
646,206	2058,5
646,406	1581,5
646,607	1468,5
646,807	1343,5
647,007	-15,5
647,208	14,5
647,408	6,5
647,608	0,5
