200,697	936,5
200,927	18,5
201,158	-11,5
201,388	35,5
201,618	1508,5
201,849	1367,5
202,079	1717,5
202,309	1523,5
202,539	1628,5
202,77	1515,5
203	1647,5
203,23	1705,5
203,46	1609,5
203,691	1612,5
203,921	1644,5
204,151	1572,5
204,381	1579,5
204,611	1675,5
204,841	1538,5
205,071	1556,5
205,302	1656,5
205,532	1652,5
205,762	3789,5
205,992	1530,5
206,222	1579,5
206,452	1651,5
206,682	1564,5
206,912	1701,5
207,142	1680,5
207,372	1478,5
207,602	1532,5
207,832	1329,5
208,062	1695,5
208,292	1707,5
208,522	1485,5
208,752	1673,5
208,982	1527,5
209,212	1732,5
209,442	1586,5
209,672	1579,5
209,902	1549,5
210,131	1691,5
210,361	1504,5
210,591	1643,5
210,821	1551,5
211,051	1746,5
211,281	1563,5
211,51	1685,5
211,74	1697,5
211,97	1427,5
212,2	1630,5
212,429	1872,5
212,659	1594,5
212,889	1599,5
213,119	1512,5
213,348	1546,5
213,578	1727,5
213,808	1694,5
214,037	1742,5
214,267	1699,5
214,497	1621,5
214,726	1617,5
214,956	1597,5
215,186	1585,5
215,415	1654,5
215,645	1618,5
215,874	1745,5
216,104	1613,5
216,333	1579,5
216,563	1599,5
216,792	1707,5
217,022	1550,5
217,251	1542,5
217,481	1432,5
217,71	1662,5
217,94	1583,5
218,169	1658,5
218,399	1717,5
218,628	1577,5
218,858	1730,5
219,087	1711,5
219,316	1511,5
219,546	1598,5
219,775	1647,5
220,004	1799,5
220,234	1573,5
220,463	1681,5
220,692	1667,5
220,922	1634,5
221,151	1710,5
221,38	1599,5
221,61	2071,5
221,839	1846,5
222,068	1749,5
222,297	1957,5
222,526	1705,5
222,756	1758,5
222,985	1728,5
223,214	1715,5
223,443	1690,5
223,672	2121,5
223,902	1528,5
224,131	1744,5
224,36	1787,5
224,589	1554,5
224,818	1696,5
225,047	1778,5
225,276	1639,5
225,505	1940,5
225,734	1698,5
225,963	1589,5
226,192	1612,5
226,421	1478,5
226,65	1654,5
226,879	1731,5
227,108	1879,5
227,337	1751,5
227,566	1874,5
227,795	1644,5
228,024	1697,5
228,253	1631,5
228,482	1558,5
228,711	1745,5
228,94	1460,5
229,168	1653,5
229,397	1665,5
229,626	1742,5
229,855	1640,5
230,084	1647,5
230,313	1471,5
230,541	1787,5
230,77	1722,5
230,999	1652,5
231,228	1937,5
231,456	1786,5
231,685	1638,5
231,914	1734,5
232,143	1695,5
232,371	1683,5
232,6	1669,5
232,829	1659,5
233,057	1749,5
233,286	1667,5
233,515	1667,5
233,743	1768,5
233,972	1610,5
234,2	1676,5
234,429	1659,5
234,658	1746,5
234,886	1567,5
235,115	1708,5
235,343	1728,5
235,572	1609,5
235,8	1798,5
236,029	1907,5
236,257	1536,5
236,486	1523,5
236,714	1850,5
236,943	1772,5
237,171	1695,5
237,399	1645,5
237,628	1762,5
237,856	1841,5
238,085	1780,5
238,313	1571,5
238,541	1776,5
238,77	2001,5
238,998	1567,5
239,226	1777,5
239,455	1617,5
239,683	1782,5
239,911	1627,5
240,14	1790,5
240,368	1773,5
240,596	1557,5
240,824	1723,5
241,053	1653,5
241,281	1795,5
241,509	1691,5
241,737	1643,5
241,965	1563,5
242,193	1568,5
242,422	1645,5
242,65	1646,5
242,878	1664,5
243,106	1693,5
243,334	1706,5
243,562	1771,5
243,79	1648,5
244,018	1749,5
244,246	1652,5
244,474	1717,5
244,702	1595,5
244,93	1619,5
245,158	1732,5
245,386	1495,5
245,614	1717,5
245,842	1677,5
246,07	1665,5
246,298	1560,5
246,526	2094,5
246,754	1606,5
246,982	1767,5
247,21	1736,5
247,438	1622,5
247,666	1693,5
247,893	1547,5
248,121	1642,5
248,349	1574,5
248,577	1647,5
248,805	1827,5
249,033	1546,5
249,26	1737,5
249,488	1599,5
249,716	1717,5
249,944	1589,5
250,171	1634,5
250,399	1650,5
250,627	1950,5
250,854	1626,5
251,082	1579,5
251,31	1742,5
251,537	1672,5
251,765	1904,5
251,993	1578,5
252,22	1906,5
252,448	1558,5
252,676	1781,5
252,903	1724,5
253,131	1992,5
253,358	1646,5
253,586	1597,5
253,813	1527,5
254,041	1742,5
254,268	1664,5
254,496	1517,5
254,723	1632,5
254,951	1711,5
255,178	1670,5
255,406	1771,5
255,633	1766,5
255,86	1933,5
256,088	1664,5
256,315	1616,5
256,543	1792,5
256,77	1679,5
256,997	1668,5
257,225	1707,5
257,452	1739,5
257,679	1649,5
257,907	1894,5
258,134	1638,5
258,361	1687,5
258,588	1641,5
258,816	1713,5
259,043	1579,5
259,27	1696,5
259,497	1797,5
259,725	1581,5
259,952	1680,5
260,179	1698,5
260,406	1702,5
260,633	1640,5
260,86	1676,5
261,088	1634,5
261,315	1893,5
261,542	1608,5
261,769	1588,5
261,996	1967,5
262,223	1759,5
262,45	1883,5
262,677	1579,5
262,904	1670,5
263,131	1747,5
263,358	1612,5
263,585	1774,5
263,812	2048,5
264,039	1778,5
264,266	1544,5
264,493	1730,5
264,72	1574,5
264,947	1370,5
265,174	1803,5
265,401	1834,5
265,627	1784,5
265,854	1736,5
266,081	1702,5
266,308	1766,5
266,535	1748,5
266,762	1634,5
266,988	1645,5
267,215	1745,5
267,442	1638,5
267,669	1847,5
267,896	1771,5
268,122	1841,5
268,349	1765,5
268,576	1529,5
268,802	1662,5
269,029	1596,5
269,256	1746,5
269,482	1725,5
269,709	1615,5
269,936	1713,5
270,162	1859,5
270,389	1692,5
270,616	1706,5
270,842	1858,5
271,069	1804,5
271,295	1767,5
271,522	1636,5
271,748	1709,5
271,975	1709,5
272,201	1770,5
272,428	1708,5
272,654	1668,5
272,881	1964,5
273,107	1630,5
273,334	1669,5
273,56	1868,5
273,787	1858,5
274,013	1706,5
274,239	1957,5
274,466	1723,5
274,692	1638,5
274,918	1692,5
275,145	1745,5
275,371	1655,5
275,597	1845,5
275,824	1754,5
276,05	1744,5
276,276	1757,5
276,503	1678,5
276,729	1687,5
276,955	1610,5
277,181	1751,5
277,407	1633,5
277,634	1749,5
277,86	1677,5
278,086	1746,5
278,312	1667,5
278,538	1624,5
278,764	1755,5
278,991	1985,5
279,217	1534,5
279,443	1655,5
279,669	1732,5
279,895	1787,5
280,121	1683,5
280,347	1656,5
280,573	1553,5
280,799	1685,5
281,025	1818,5
281,251	1557,5
281,477	1807,5
281,703	1600,5
281,929	1634,5
282,155	1626,5
282,381	1738,5
282,607	1698,5
282,833	1705,5
283,059	1761,5
283,285	1641,5
283,51	1646,5
283,736	1665,5
283,962	1578,5
284,188	1961,5
284,414	1707,5
284,64	1729,5
284,865	1701,5
285,091	1653,5
285,317	1706,5
285,543	1787,5
285,768	1642,5
285,994	1724,5
286,22	1900,5
286,446	1717,5
286,671	1667,5
286,897	1710,5
287,123	1627,5
287,348	1648,5
287,574	2080,5
287,799	1692,5
288,025	1614,5
288,251	1936,5
288,476	1634,5
288,702	1689,5
288,927	1623,5
289,153	1634,5
289,378	1874,5
289,604	1732,5
289,829	1672,5
290,055	1595,5
290,28	1638,5
290,506	1798,5
290,731	1597,5
290,957	1803,5
291,182	1762,5
291,408	1845,5
291,633	1746,5
291,858	1625,5
292,084	1775,5
292,309	1592,5
292,535	1769,5
292,76	1771,5
292,985	1717,5
293,211	1740,5
293,436	1537,5
293,661	1452,5
293,886	1665,5
294,112	1685,5
294,337	1665,5
294,562	1515,5
294,787	1770,5
295,013	1697,5
295,238	1699,5
295,463	1759,5
295,688	1902,5
295,913	1675,5
296,138	1808,5
296,364	1638,5
296,589	1774,5
296,814	1592,5
297,039	1663,5
297,264	1832,5
297,489	1717,5
297,714	1825,5
297,939	1636,5
298,164	1666,5
298,389	1749,5
298,614	1625,5
298,839	1717,5
299,064	1780,5
299,289	1701,5
299,514	1759,5
299,739	1727,5
299,964	1637,5
300,189	1597,5
300,414	1817,5
300,639	1770,5
300,863	1601,5
301,088	2105,5
301,313	1708,5
301,538	1739,5
301,763	1729,5
301,988	1556,5
302,212	1746,5
302,437	2108,5
302,662	1579,5
302,887	1775,5
303,111	1555,5
303,336	1837,5
303,561	1834,5
303,786	1649,5
304,01	1785,5
304,235	1827,5
304,46	1747,5
304,684	1673,5
304,909	1747,5
305,134	1644,5
305,358	1645,5
305,583	1699,5
305,807	1898,5
306,032	1500,5
306,256	1746,5
306,481	1675,5
306,706	1603,5
306,93	1661,5
307,155	1813,5
307,379	1611,5
307,604	1689,5
307,828	1542,5
308,052	1794,5
308,277	1752,5
308,501	1743,5
308,726	1882,5
308,95	1732,5
309,175	1583,5
309,399	1807,5
309,623	1626,5
309,848	1547,5
310,072	1484,5
310,296	1994,5
310,521	1697,5
310,745	1592,5
310,969	1949,5
311,193	1621,5
311,418	1760,5
311,642	1750,5
311,866	1701,5
312,09	1765,5
312,315	1829,5
312,539	1815,5
312,763	1642,5
312,987	1797,5
313,211	1620,5
313,435	1795,5
313,659	1544,5
313,884	1911,5
314,108	1861,5
314,332	1745,5
314,556	1619,5
314,78	1929,5
315,004	1725,5
315,228	1922,5
315,452	1761,5
315,676	1750,5
315,9	1715,5
316,124	1486,5
316,348	1650,5
316,572	1726,5
316,796	1813,5
317,02	1572,5
317,244	1759,5
317,468	1603,5
317,691	1887,5
317,915	1732,5
318,139	1642,5
318,363	2085,5
318,587	1737,5
318,811	1595,5
319,034	1527,5
319,258	1846,5
319,482	1943,5
319,706	1792,5
319,93	1695,5
320,153	1652,5
320,377	1726,5
320,601	1791,5
320,824	1434,5
321,048	1949,5
321,272	1884,5
321,495	1685,5
321,719	1579,5
321,943	1736,5
322,166	1595,5
322,39	1636,5
322,614	1695,5
322,837	1818,5
323,061	1590,5
323,284	1771,5
323,508	1772,5
323,731	1611,5
323,955	1709,5
324,178	1653,5
324,402	1775,5
324,625	1666,5
324,849	1542,5
325,072	1793,5
325,296	1766,5
325,519	1696,5
325,743	1599,5
325,966	1722,5
326,189	1767,5
326,413	1659,5
326,636	1994,5
326,859	1741,5
327,083	2004,5
327,306	1613,5
327,529	1686,5
327,753	1502,5
327,976	1681,5
328,199	1896,5
328,422	1791,5
328,646	1726,5
328,869	1678,5
329,092	1753,5
329,315	1805,5
329,538	1638,5
329,762	1821,5
329,985	1485,5
330,208	1623,5
330,431	1735,5
330,654	1757,5
330,877	1707,5
331,1	1770,5
331,323	1638,5
331,546	1895,5
331,769	1782,5
331,993	1613,5
332,216	1731,5
332,439	1714,5
332,662	1663,5
332,885	1702,5
333,107	1529,5
333,33	1568,5
333,553	1852,5
333,776	1620,5
333,999	1631,5
334,222	1614,5
334,445	1607,5
334,668	1705,5
334,891	1712,5
335,114	1495,5
335,336	1641,5
335,559	1703,5
335,782	1868,5
336,005	1702,5
336,228	1648,5
336,45	1594,5
336,673	1620,5
336,896	1717,5
337,119	1686,5
337,341	1651,5
337,564	1628,5
337,787	1731,5
338,009	1578,5
338,232	1763,5
338,455	1801,5
338,677	1646,5
338,9	1684,5
339,122	1589,5
339,345	1473,5
339,568	1567,5
339,79	1601,5
340,013	1770,5
340,235	1753,5
340,458	1788,5
340,68	1743,5
340,903	1602,5
341,125	1647,5
341,348	1605,5
341,57	1599,5
341,793	1908,5
342,015	1458,5
342,238	1567,5
342,46	1707,5
342,682	1724,5
342,905	1606,5
343,127	1749,5
343,349	1692,5
343,572	1792,5
343,794	1597,5
344,016	1655,5
344,239	1705,5
344,461	1574,5
344,683	1511,5
344,905	1645,5
345,128	1572,5
345,35	1626,5
345,572	1738,5
345,794	1838,5
346,017	1633,5
346,239	1643,5
346,461	1618,5
346,683	1634,5
346,905	1732,5
347,127	1663,5
347,349	1604,5
347,571	1626,5
347,793	1819,5
348,016	1648,5
348,238	1693,5
348,46	1685,5
348,682	1557,5
348,904	1743,5
349,126	1637,5
349,348	1723,5
349,57	1653,5
349,792	1552,5
350,014	1644,5
350,235	1650,5
350,457	2462,5
350,679	1714,5
350,901	1565,5
351,123	1601,5
351,345	1643,5
351,567	1660,5
351,789	1690,5
352,01	1733,5
352,232	1676,5
352,454	1616,5
352,676	1731,5
352,897	1629,5
353,119	1585,5
353,341	1708,5
353,563	1606,5
353,784	1317,5
354,006	1718,5
354,228	1590,5
354,449	1603,5
354,671	1801,5
354,893	1818,5
355,114	1687,5
355,336	1603,5
355,558	1630,5
355,779	1685,5
356,001	1749,5
356,222	1663,5
356,444	1604,5
356,665	2318,5
356,887	1513,5
357,108	1552,5
357,33	1605,5
357,551	1834,5
357,773	1643,5
357,994	1719,5
358,216	1498,5
358,437	1785,5
358,659	1741,5
358,88	1631,5
359,101	1549,5
359,323	1714,5
359,544	1544,5
359,765	1564,5
359,987	1659,5
360,208	1636,5
360,429	1693,5
360,651	1641,5
360,872	1811,5
361,093	1659,5
361,314	1702,5
361,536	1580,5
361,757	1628,5
361,978	1549,5
362,199	1657,5
362,42	1439,5
362,642	1631,5
362,863	1756,5
363,084	1663,5
363,305	1691,5
363,526	1708,5
363,747	1667,5
363,968	1594,5
364,189	1781,5
364,41	1596,5
364,631	1475,5
364,852	1769,5
365,073	1647,5
365,294	1613,5
365,515	1537,5
365,736	1685,5
365,957	1731,5
366,178	1658,5
366,399	1687,5
366,62	1710,5
366,841	1649,5
367,062	1601,5
367,283	1628,5
367,504	1716,5
367,724	1565,5
367,945	1508,5
368,166	1833,5
368,387	1616,5
368,608	1577,5
368,828	1801,5
369,049	1566,5
369,27	1694,5
369,491	1543,5
369,711	1667,5
369,932	1811,5
370,153	1635,5
370,373	1663,5
370,594	1866,5
370,815	1675,5
371,035	1743,5
371,256	1470,5
371,477	1579,5
371,697	1619,5
371,918	1508,5
372,138	1596,5
372,359	1903,5
372,579	1550,5
372,8	1595,5
373,02	1687,5
373,241	1663,5
373,461	1724,5
373,682	1647,5
373,902	1667,5
374,123	1563,5
374,343	1782,5
374,564	1579,5
374,784	1561,5
375,004	1705,5
375,225	1569,5
375,445	1611,5
375,666	1855,5
375,886	1546,5
376,106	1723,5
376,326	1602,5
376,547	1805,5
376,767	1781,5
376,987	1573,5
377,208	1625,5
377,428	1288,5
377,648	1703,5
377,868	1727,5
378,088	1747,5
378,309	1795,5
378,529	1739,5
378,749	1708,5
378,969	1433,5
379,189	1685,5
379,409	1666,5
379,629	1588,5
379,849	1673,5
380,069	1565,5
380,29	1549,5
380,51	1597,5
380,73	1722,5
380,95	1871,5
381,17	1625,5
381,39	1728,5
381,61	1491,5
381,829	1620,5
382,049	1678,5
382,269	1562,5
382,489	1673,5
382,709	1610,5
382,929	1635,5
383,149	1706,5
383,369	1977,5
383,589	1566,5
383,808	1671,5
384,028	1655,5
384,248	1684,5
384,468	1537,5
384,688	1704,5
384,907	1586,5
385,127	1631,5
385,347	1600,5
385,567	1575,5
385,786	1757,5
386,006	1573,5
386,226	1659,5
386,445	1571,5
386,665	1458,5
386,885	1669,5
387,104	1563,5
387,324	1558,5
387,543	1547,5
387,763	1610,5
387,982	1664,5
388,202	1563,5
388,422	1611,5
388,641	1598,5
388,861	1646,5
389,08	1764,5
389,3	1588,5
389,519	1753,5
389,738	1526,5
389,958	1572,5
390,177	1683,5
390,397	1616,5
390,616	1509,5
390,836	1801,5
391,055	1701,5
391,274	1661,5
391,494	1503,5
391,713	1624,5
391,932	1663,5
392,151	1615,5
392,371	1573,5
392,59	1651,5
392,809	1736,5
393,029	1749,5
393,248	1741,5
393,467	1516,5
393,686	1565,5
393,905	2676,5
394,124	1531,5
394,344	1665,5
394,563	1623,5
394,782	1647,5
395,001	1704,5
395,22	1584,5
395,439	1691,5
395,658	1552,5
395,877	1793,5
396,096	1533,5
396,315	1810,5
396,534	1579,5
396,753	1657,5
396,972	1539,5
397,191	1692,5
397,41	1647,5
397,629	1568,5
397,848	1564,5
398,067	1705,5
398,286	1529,5
398,505	1542,5
398,724	1791,5
398,943	2252,5
399,161	1495,5
399,38	1696,5
399,599	1698,5
399,818	1674,5
400,037	1759,5
400,255	1616,5
400,474	1587,5
400,693	1711,5
400,912	1819,5
401,13	1625,5
401,349	1618,5
401,568	1499,5
401,786	1752,5
402,005	1708,5
402,224	1605,5
402,442	1682,5
402,661	1709,5
402,88	1589,5
403,098	1507,5
403,317	1707,5
403,535	1875,5
403,754	1529,5
403,972	1685,5
404,191	1520,5
404,409	1594,5
404,628	2252,5
404,846	1662,5
405,065	1994,5
405,283	1565,5
405,502	1597,5
405,72	1696,5
405,938	1611,5
406,157	1531,5
406,375	1596,5
406,594	1661,5
406,812	1633,5
407,03	1630,5
407,249	1396,5
407,467	1690,5
407,685	1658,5
407,903	1522,5
408,122	1765,5
408,34	1716,5
408,558	1586,5
408,776	1567,5
408,995	1577,5
409,213	1613,5
409,431	1725,5
409,649	1722,5
409,867	1558,5
410,085	1603,5
410,303	1730,5
410,522	1581,5
410,74	1551,5
410,958	1628,5
411,176	1604,5
411,394	1498,5
411,612	1524,5
411,83	1783,5
412,048	1722,5
412,266	1515,5
412,484	1776,5
412,702	1746,5
412,92	1497,5
413,138	1669,5
413,356	1549,5
413,573	1756,5
413,791	1948,5
414,009	1696,5
414,227	1837,5
414,445	1624,5
414,663	1613,5
414,881	1656,5
415,098	1635,5
415,316	1592,5
415,534	2019,5
415,752	1598,5
415,969	1778,5
416,187	1526,5
416,405	1616,5
416,623	1682,5
416,84	1463,5
417,058	1573,5
417,276	1753,5
417,493	1512,5
417,711	1605,5
417,928	1761,5
418,146	1515,5
418,364	1671,5
418,581	1593,5
418,799	1646,5
419,016	1468,5
419,234	1511,5
419,451	2184,5
419,669	1623,5
419,886	1641,5
420,104	1573,5
420,321	1537,5
420,539	1617,5
420,756	1772,5
420,974	1554,5
421,191	1548,5
421,408	1675,5
421,626	1586,5
421,843	1600,5
422,06	1619,5
422,278	1539,5
422,495	1691,5
422,712	1613,5
422,93	1707,5
423,147	1749,5
423,364	1503,5
423,581	1767,5
423,799	1536,5
424,016	1551,5
424,233	1598,5
424,45	1560,5
424,667	1712,5
424,884	1602,5
425,102	1724,5
425,319	1513,5
425,536	1543,5
425,753	1761,5
425,97	1545,5
426,187	1640,5
426,404	1566,5
426,621	1734,5
426,838	1697,5
427,055	1474,5
427,272	1726,5
427,489	1601,5
427,706	1547,5
427,923	1514,5
428,14	1687,5
428,357	1893,5
428,574	1617,5
428,791	1661,5
429,008	1577,5
429,224	1507,5
429,441	1459,5
429,658	1643,5
429,875	1780,5
430,092	1751,5
430,308	1740,5
430,525	1781,5
430,742	1832,5
430,959	1658,5
431,175	1608,5
431,392	1535,5
431,609	1735,5
431,826	1704,5
432,042	1615,5
432,259	1564,5
432,476	1995,5
432,692	1599,5
432,909	1540,5
433,125	1612,5
433,342	1534,5
433,559	1680,5
433,775	1606,5
433,992	1514,5
434,208	1460,5
434,425	1583,5
434,641	1756,5
434,858	1821,5
435,074	1649,5
435,291	1575,5
435,507	1466,5
435,723	1613,5
435,94	1578,5
436,156	1703,5
436,373	1753,5
436,589	1643,5
436,805	1677,5
437,022	1570,5
437,238	1613,5
437,454	1675,5
437,671	1623,5
437,887	1698,5
438,103	1591,5
438,319	1541,5
438,536	1695,5
438,752	1628,5
438,968	1666,5
439,184	1550,5
439,4	1610,5
439,616	1587,5
439,833	1616,5
440,049	1563,5
440,265	1741,5
440,481	1619,5
440,697	1601,5
440,913	1675,5
441,129	1610,5
441,345	1828,5
441,561	1665,5
441,777	1584,5
441,993	1667,5
442,209	1457,5
442,425	1701,5
442,641	1619,5
442,857	1653,5
443,073	1607,5
443,289	1627,5
443,505	1732,5
443,721	1682,5
443,937	1595,5
444,152	1541,5
444,368	1623,5
444,584	1637,5
444,8	1821,5
445,016	1593,5
445,231	1612,5
445,447	1754,5
445,663	1733,5
445,879	1538,5
446,094	1663,5
446,31	1833,5
446,526	1626,5
446,742	1673,5
446,957	1671,5
447,173	1696,5
447,388	1740,5
447,604	1789,5
447,82	1638,5
448,035	1707,5
448,251	1634,5
448,466	1692,5
448,682	1424,5
448,897	1565,5
449,113	1621,5
449,328	1698,5
449,544	1561,5
449,759	1945,5
449,975	1500,5
450,19	1621,5
450,406	1487,5
450,621	1500,5
450,836	1622,5
451,052	1600,5
451,267	1474,5
451,483	1611,5
451,698	1504,5
451,913	1591,5
452,129	1652,5
452,344	1485,5
452,559	1839,5
452,774	1627,5
452,99	1543,5
453,205	1707,5
453,42	1588,5
453,635	1808,5
453,85	1571,5
454,066	1787,5
454,281	1632,5
454,496	1728,5
454,711	1710,5
454,926	1725,5
455,141	1524,5
455,356	1580,5
455,571	1541,5
455,786	1714,5
456,001	1594,5
456,217	1533,5
456,432	1658,5
456,647	1705,5
456,861	1661,5
457,076	1653,5
457,291	1762,5
457,506	1607,5
457,721	1773,5
457,936	1559,5
458,151	1455,5
458,366	1833,5
458,581	1641,5
458,796	1876,5
459,01	1615,5
459,225	1642,5
459,44	1521,5
459,655	1456,5
459,87	1565,5
460,084	1623,5
460,299	1616,5
460,514	1629,5
460,729	2073,5
460,943	1529,5
461,158	1451,5
461,373	1715,5
461,587	1535,5
461,802	1521,5
462,016	1780,5
462,231	1621,5
462,446	1963,5
462,66	1609,5
462,875	1613,5
463,089	1501,5
463,304	1730,5
463,518	1581,5
463,733	1599,5
463,947	1636,5
464,162	1609,5
464,376	1583,5
464,591	1757,5
464,805	1537,5
465,02	1759,5
465,234	1742,5
465,448	1730,5
465,663	1741,5
465,877	1695,5
466,091	1604,5
466,306	1708,5
466,52	1930,5
466,734	1546,5
466,949	1536,5
467,163	1710,5
467,377	1590,5
467,591	1706,5
467,806	1597,5
468,02	1552,5
468,234	1589,5
468,448	1716,5
468,662	1660,5
468,876	1877,5
469,091	1633,5
469,305	1702,5
469,519	1560,5
469,733	1539,5
469,947	1606,5
470,161	1866,5
470,375	1483,5
470,589	1696,5
470,803	1687,5
471,017	1511,5
471,231	1843,5
471,445	1638,5
471,659	1652,5
471,873	1620,5
472,087	1562,5
472,301	1657,5
472,515	1547,5
472,728	1527,5
472,942	1569,5
473,156	1610,5
473,37	1549,5
473,584	1519,5
473,798	1645,5
474,011	1646,5
474,225	1584,5
474,439	1729,5
474,653	1677,5
474,866	1654,5
475,08	1607,5
475,294	1671,5
475,507	1537,5
475,721	1686,5
475,935	1724,5
476,148	1566,5
476,362	1485,5
476,576	1562,5
476,789	1586,5
477,003	1701,5
477,216	1679,5
477,43	1547,5
477,643	1605,5
477,857	1710,5
478,07	1680,5
478,284	1728,5
478,497	1544,5
478,711	1578,5
478,924	1547,5
479,138	1589,5
479,351	1561,5
479,564	1426,5
479,778	1613,5
479,991	1586,5
480,204	1757,5
480,418	1727,5
480,631	1612,5
480,844	1692,5
481,058	1667,5
481,271	1625,5
481,484	1696,5
481,697	1631,5
481,911	1636,5
482,124	1589,5
482,337	1661,5
482,55	1600,5
482,763	1525,5
482,976	1713,5
483,19	1533,5
483,403	1586,5
483,616	1640,5
483,829	1501,5
484,042	1483,5
484,255	1577,5
484,468	1642,5
484,681	1507,5
484,894	1571,5
485,107	1765,5
485,32	1467,5
485,533	1549,5
485,746	1746,5
485,959	1597,5
486,172	1545,5
486,385	1445,5
486,598	1665,5
486,81	1528,5
487,023	1599,5
487,236	1817,5
487,449	1686,5
487,662	1568,5
487,875	1622,5
488,087	1684,5
488,3	1631,5
488,513	1455,5
488,726	1559,5
488,938	1809,5
489,151	1670,5
489,364	1589,5
489,576	1643,5
489,789	1716,5
490,002	1607,5
490,214	1654,5
490,427	1497,5
490,64	1659,5
490,852	1640,5
491,065	1565,5
491,277	1601,5
491,49	1587,5
491,702	1457,5
491,915	1649,5
492,127	1662,5
492,34	1681,5
492,552	1768,5
492,765	1849,5
492,977	1806,5
493,19	1663,5
493,402	1733,5
493,614	1632,5
493,827	1650,5
494,039	1648,5
494,251	1599,5
494,464	1735,5
494,676	1480,5
494,888	1629,5
495,101	1606,5
495,313	1591,5
495,525	1590,5
495,737	1788,5
495,95	1664,5
496,162	1636,5
496,374	1620,5
496,586	1578,5
496,798	1654,5
497,01	1596,5
497,222	1485,5
497,435	1759,5
497,647	1501,5
497,859	1775,5
498,071	1645,5
498,283	1620,5
498,495	1627,5
498,707	1613,5
498,919	1634,5
499,131	1740,5
499,343	1489,5
499,555	1583,5
499,767	1737,5
499,979	1591,5
500,191	1733,5
500,402	1550,5
500,614	1709,5
500,826	1729,5
501,038	1499,5
501,25	1609,5
501,462	1329,5
501,673	1682,5
501,885	1482,5
502,097	1735,5
502,309	1647,5
502,521	1751,5
502,732	1589,5
502,944	1571,5
503,156	1554,5
503,367	1564,5
503,579	1501,5
503,791	1678,5
504,002	1617,5
504,214	1753,5
504,425	1939,5
504,637	1877,5
504,849	1631,5
505,06	1741,5
505,272	1752,5
505,483	1585,5
505,695	1602,5
505,906	1477,5
506,118	1611,5
506,329	1531,5
506,541	1411,5
506,752	1743,5
506,963	1595,5
507,175	1451,5
507,386	1805,5
507,598	1741,5
507,809	1501,5
508,02	1618,5
508,232	1688,5
508,443	1543,5
508,654	1845,5
508,865	1735,5
509,077	1491,5
509,288	1608,5
509,499	1841,5
509,71	1550,5
509,922	1727,5
510,133	1614,5
510,344	1947,5
510,555	1573,5
510,766	1753,5
510,977	1595,5
511,188	1617,5
511,4	1618,5
511,611	1577,5
511,822	1727,5
512,033	1633,5
512,244	1673,5
512,455	1647,5
512,666	1591,5
512,877	1670,5
513,088	1667,5
513,299	1696,5
513,51	1750,5
513,721	1611,5
513,931	1664,5
514,142	1723,5
514,353	1797,5
514,564	1554,5
514,775	1621,5
514,986	1682,5
515,196	1680,5
515,407	1701,5
515,618	1551,5
515,829	1634,5
516,04	1697,5
516,25	1587,5
516,461	1746,5
516,672	1625,5
516,882	1570,5
517,093	1720,5
517,304	1496,5
517,514	1514,5
517,725	1639,5
517,936	1490,5
518,146	1502,5
518,357	1677,5
518,567	1583,5
518,778	1858,5
518,988	1475,5
519,199	1817,5
519,409	1499,5
519,62	1635,5
519,83	1630,5
520,041	1669,5
520,251	1754,5
520,462	1722,5
520,672	1602,5
520,882	1682,5
521,093	1658,5
521,303	1796,5
521,513	1604,5
521,724	2718,5
521,934	1505,5
522,144	1620,5
522,355	1617,5
522,565	1596,5
522,775	1630,5
522,985	1641,5
523,196	1628,5
523,406	1599,5
523,616	1775,5
523,826	1555,5
524,036	2226,5
524,246	1426,5
524,457	1509,5
524,667	1417,5
524,877	1619,5
525,087	1633,5
525,297	1674,5
525,507	1725,5
525,717	1470,5
525,927	1718,5
526,137	1597,5
526,347	1677,5
526,557	1557,5
526,767	1568,5
526,977	1880,5
527,187	1633,5
527,397	1537,5
527,607	1605,5
527,816	1672,5
528,026	1585,5
528,236	1655,5
528,446	1653,5
528,656	1643,5
528,865	1821,5
529,075	1545,5
529,285	1603,5
529,495	1697,5
529,704	1689,5
529,914	1618,5
530,124	1681,5
530,334	1591,5
530,543	1556,5
530,753	1927,5
530,963	2042,5
531,172	1633,5
531,382	1567,5
531,591	1874,5
531,801	1592,5
532,01	1703,5
532,22	1666,5
532,43	1664,5
532,639	1967,5
532,849	1452,5
533,058	1502,5
533,267	1751,5
533,477	1576,5
533,686	1563,5
533,896	1495,5
534,105	1677,5
534,315	1757,5
534,524	1597,5
534,733	1615,5
534,943	1776,5
535,152	1766,5
535,361	1553,5
535,57	1630,5
535,78	1624,5
535,989	1605,5
536,198	1635,5
536,407	1598,5
536,617	1594,5
536,826	1718,5
537,035	1740,5
537,244	1553,5
537,453	1501,5
537,662	1649,5
537,872	1868,5
538,081	1640,5
538,29	1523,5
538,499	1595,5
538,708	1594,5
538,917	1608,5
539,126	1721,5
539,335	1702,5
539,544	2167,5
539,753	1549,5
539,962	1657,5
540,171	1587,5
540,38	1818,5
540,589	1662,5
540,797	1779,5
541,006	1604,5
541,215	1528,5
541,424	1711,5
541,633	1744,5
541,842	1667,5
542,05	1699,5
542,259	1623,5
542,468	1663,5
542,677	1638,5
542,885	1602,5
543,094	1648,5
543,303	1488,5
543,512	1726,5
543,72	1663,5
543,929	1761,5
544,138	1570,5
544,346	1566,5
544,555	1585,5
544,763	1600,5
544,972	1625,5
545,18	1493,5
545,389	1798,5
545,598	1522,5
545,806	1738,5
546,015	1608,5
546,223	1646,5
546,431	1642,5
546,64	1551,5
546,848	1611,5
547,057	1618,5
547,265	1546,5
547,474	1605,5
547,682	1613,5
547,89	1703,5
548,099	1653,5
548,307	1567,5
548,515	1768,5
548,723	1771,5
548,932	1642,5
549,14	1674,5
549,348	1760,5
549,556	1570,5
549,765	1570,5
549,973	1539,5
550,181	1689,5
550,389	1732,5
550,597	1653,5
550,805	1575,5
551,014	1789,5
551,222	5700,5
551,43	1643,5
551,638	1559,5
551,846	1874,5
552,054	1824,5
552,262	1790,5
552,47	1543,5
552,678	1616,5
552,886	1596,5
553,094	1520,5
553,302	1639,5
553,51	1605,5
553,717	1790,5
553,925	1449,5
554,133	1820,5
554,341	1540,5
554,549	1686,5
554,757	1557,5
554,965	1532,5
555,172	1610,5
555,38	1895,5
555,588	1524,5
555,796	1626,5
556,003	1805,5
556,211	1572,5
556,419	1610,5
556,626	1753,5
556,834	1606,5
557,042	1656,5
557,249	1657,5
557,457	1571,5
557,664	1473,5
557,872	1637,5
558,08	1527,5
558,287	1733,5
558,495	1798,5
558,702	1458,5
558,91	1714,5
559,117	1736,5
559,325	1686,5
559,532	1580,5
559,74	1793,5
559,947	1615,5
560,154	1679,5
560,362	1501,5
560,569	1566,5
560,776	1577,5
560,984	1716,5
561,191	1683,5
561,398	1641,5
561,606	1975,5
561,813	1701,5
562,02	1488,5
562,227	1490,5
562,435	1626,5
562,642	1745,5
562,849	1789,5
563,056	1608,5
563,263	1580,5
563,471	1749,5
563,678	1820,5
563,885	1603,5
564,092	1613,5
564,299	1708,5
564,506	1766,5
564,713	1581,5
564,92	1655,5
565,127	1798,5
565,334	1684,5
565,541	1960,5
565,748	1689,5
565,955	1583,5
566,162	1645,5
566,369	1703,5
566,576	1784,5
566,783	1672,5
566,99	1549,5
567,196	1878,5
567,403	1565,5
567,61	1659,5
567,817	1360,5
568,024	1643,5
568,23	1646,5
568,437	1604,5
568,644	1628,5
568,851	1531,5
569,057	1883,5
569,264	1765,5
569,471	1520,5
569,677	1581,5
569,884	1737,5
570,091	1794,5
570,297	2808,5
570,504	1808,5
570,71	1605,5
570,917	1730,5
571,123	1620,5
571,33	1633,5
571,536	1613,5
571,743	1873,5
571,949	1620,5
572,156	1620,5
572,362	1840,5
572,569	1591,5
572,775	1695,5
572,982	1779,5
573,188	1681,5
573,394	1566,5
573,601	1589,5
573,807	1529,5
574,013	1842,5
574,22	1707,5
574,426	1525,5
574,632	1741,5
574,838	1612,5
575,045	1649,5
575,251	1634,5
575,457	1664,5
575,663	1759,5
575,869	1607,5
576,076	1373,5
576,282	1736,5
576,488	1618,5
576,694	1615,5
576,9	1466,5
577,106	1492,5
577,312	1347,5
577,518	1782,5
577,724	1631,5
577,93	1676,5
578,136	1622,5
578,342	1653,5
578,548	1626,5
578,754	1587,5
578,96	1595,5
579,166	1558,5
579,372	1778,5
579,578	1715,5
579,784	1762,5
579,989	1673,5
580,195	1557,5
580,401	1609,5
580,607	1700,5
580,813	1695,5
581,018	1719,5
581,224	1625,5
581,43	1625,5
581,636	1657,5
581,841	1725,5
582,047	1668,5
582,253	1684,5
582,458	1657,5
582,664	1614,5
582,869	1709,5
583,075	1457,5
583,281	1991,5
583,486	1716,5
583,692	1520,5
583,897	1723,5
584,103	1716,5
584,308	1837,5
584,514	1583,5
584,719	1988,5
584,925	1656,5
585,13	1652,5
585,335	1663,5
585,541	1645,5
585,746	1661,5
585,952	1613,5
586,157	1582,5
586,362	1640,5
586,568	1599,5
586,773	1759,5
586,978	1630,5
587,183	1618,5
587,389	1683,5
587,594	1584,5
587,799	1695,5
588,004	1763,5
588,21	1760,5
588,415	1605,5
588,62	1619,5
588,825	1725,5
589,03	1660,5
589,235	2185,5
589,44	1820,5
589,645	1588,5
589,85	1840,5
590,055	1878,5
590,26	1582,5
590,465	1703,5
590,67	1734,5
590,875	1837,5
591,08	1730,5
591,285	1614,5
591,49	1712,5
591,695	1711,5
591,9	1654,5
592,105	1616,5
592,31	1615,5
592,515	1963,5
592,719	1567,5
592,924	1478,5
593,129	1722,5
593,334	1690,5
593,539	1805,5
593,743	1726,5
593,948	1676,5
594,153	1651,5
594,357	1914,5
594,562	1879,5
594,767	2130,5
594,971	1575,5
595,176	1626,5
595,381	1772,5
595,585	1612,5
595,79	1899,5
595,994	1595,5
596,199	2118,5
596,403	1473,5
596,608	1562,5
596,812	1580,5
597,017	1676,5
597,221	1840,5
597,426	1846,5
597,63	1668,5
597,835	1519,5
598,039	1617,5
598,243	1595,5
598,448	1880,5
598,652	1687,5
598,856	1661,5
599,061	1775,5
599,265	1637,5
599,469	1592,5
599,673	1739,5
599,878	1768,5
600,082	1638,5
600,286	1667,5
600,49	1715,5
600,695	1465,5
600,899	1565,5
601,103	1698,5
601,307	1863,5
601,511	1592,5
601,715	1538,5
601,919	1553,5
602,123	1830,5
602,327	1795,5
602,531	1651,5
602,735	1798,5
602,939	1831,5
603,143	1490,5
603,347	1627,5
603,551	1653,5
603,755	1694,5
603,959	1664,5
604,163	1653,5
604,367	1625,5
604,571	1564,5
604,775	1778,5
604,978	1618,5
605,182	1500,5
605,386	1653,5
605,59	1695,5
605,793	1662,5
605,997	1755,5
606,201	1691,5
606,405	1748,5
606,608	1788,5
606,812	1635,5
607,016	1757,5
607,219	1625,5
607,423	1596,5
607,627	1786,5
607,83	1653,5
608,034	1538,5
608,237	1736,5
608,441	1578,5
608,644	1673,5
608,848	1765,5
609,051	1637,5
609,255	1607,5
609,458	1834,5
609,662	1625,5
609,865	1423,5
610,069	1547,5
610,272	1368,5
610,475	1566,5
610,679	1333,5
610,882	1574,5
611,085	1635,5
611,289	1737,5
611,492	1716,5
611,695	1487,5
611,898	1589,5
612,102	1733,5
612,305	1688,5
612,508	1666,5
612,711	1815,5
612,914	1603,5
613,118	1671,5
613,321	1741,5
613,524	1599,5
613,727	1617,5
613,93	1653,5
614,133	1626,5
614,336	1735,5
614,539	1626,5
614,742	1566,5
614,945	1579,5
615,148	1709,5
615,351	1662,5
615,554	1684,5
615,757	1582,5
615,96	1714,5
616,163	1595,5
616,366	1805,5
616,569	1641,5
616,772	1857,5
616,974	1686,5
617,177	1792,5
617,38	1661,5
617,583	1724,5
617,786	1569,5
617,988	1538,5
618,191	1699,5
618,394	1618,5
618,596	1414,5
618,799	1598,5
619,002	1657,5
619,204	1783,5
619,407	1655,5
619,61	1549,5
619,812	1561,5
620,015	1431,5
620,217	1881,5
620,42	1660,5
620,623	1598,5
620,825	1557,5
621,028	1799,5
621,23	1782,5
621,432	1728,5
621,635	1812,5
621,837	1639,5
622,04	1561,5
622,242	1594,5
622,445	1690,5
622,647	1631,5
622,849	1751,5
623,052	1463,5
623,254	1755,5
623,456	1519,5
623,658	1786,5
623,861	1723,5
624,063	1659,5
624,265	1682,5
624,467	1720,5
624,67	1558,5
624,872	1667,5
625,074	1871,5
625,276	1765,5
625,478	1779,5
625,68	1468,5
625,882	1539,5
626,084	1682,5
626,287	1835,5
626,489	1723,5
626,691	1698,5
626,893	1682,5
627,095	1776,5
627,297	1714,5
627,499	1566,5
627,7	1633,5
627,902	1484,5
628,104	1535,5
628,306	1581,5
628,508	1516,5
628,71	1638,5
628,912	1724,5
629,114	1892,5
629,315	1653,5
629,517	1630,5
629,719	1602,5
629,921	1671,5
630,122	1681,5
630,324	1590,5
630,526	1766,5
630,728	1699,5
630,929	1589,5
631,131	1563,5
631,332	1862,5
631,534	1808,5
631,736	1701,5
631,937	1551,5
632,139	1726,5
632,34	1667,5
632,542	1742,5
632,743	1677,5
632,945	1539,5
633,146	1696,5
633,348	1721,5
633,549	1671,5
633,751	1535,5
633,952	1664,5
634,154	1532,5
634,355	1510,5
634,556	1702,5
634,758	1594,5
634,959	1543,5
635,16	1892,5
635,362	1629,5
635,563	1569,5
635,764	1647,5
635,965	1715,5
636,167	1625,5
636,368	1670,5
636,569	1601,5
636,77	1780,5
636,971	1823,5
637,172	1692,5
637,374	1612,5
637,575	1862,5
637,776	1503,5
637,977	1497,5
638,178	1683,5
638,379	1679,5
638,58	1700,5
638,781	1559,5
638,982	1633,5
639,183	1608,5
639,384	1611,5
639,585	1632,5
639,786	1545,5
639,987	1609,5
640,187	1707,5
640,388	1749,5
640,589	1494,5
640,79	1591,5
640,991	1689,5
641,192	1760,5
641,392	1512,5
641,593	1603,5
641,794	1473,5
641,995	1609,5
642,195	1475,5
642,396	1553,5
642,597	1490,5
642,797	1584,5
642,998	1711,5
643,199	1543,5
643,399	1845,5
643,6	1494,5
643,8	1361,5
644,001	1741,5
644,202	1603,5
644,402	1770,5
644,603	1712,5
644,803	1485,5
645,004	1666,5
645,204	1454,5
645,404	1576,5
645,605	1878,5
645,805	1508,5
646,006	1494,5
646,206	2077,5
646,406	1580,5
646,607	1422,5
646,807	1391,5
647,007	-85,5
647,208	-14,5
647,408	34,5
647,608	41,5
