200,697	951
200,927	-30
201,158	7
201,388	-28
201,618	1578
201,849	1350
202,079	1625
202,309	1546
202,539	1650
202,77	1608
203	1746
203,23	1520
203,46	1604
203,691	1693
203,921	1819
204,151	1652
204,381	1625
204,611	1729
204,841	1563
205,071	1513
205,302	1750
205,532	1677
205,762	3786
205,992	1559
206,222	1583
206,452	1723
206,682	1598
206,912	1757
207,142	1730
207,372	1659
207,602	1445
207,832	1568
208,062	1749
208,292	1668
208,522	1501
208,752	1721
208,982	1600
209,212	1793
209,442	1635
209,672	1594
209,902	1617
210,131	1762
210,361	1602
210,591	1673
210,821	1349
211,051	1879
211,281	1577
211,51	1689
211,74	1887
211,97	1588
212,2	1619
212,429	1933
212,659	1548
212,889	1725
213,119	1530
213,348	1486
213,578	1780
213,808	1723
214,037	1801
214,267	1670
214,497	1720
214,726	1606
214,956	1505
215,186	1650
215,415	1699
215,645	1681
215,874	1739
216,104	1594
216,333	1619
216,563	1702
216,792	1695
217,022	1727
217,251	1679
217,481	1595
217,71	1701
217,94	1671
218,169	1736
218,399	1634
218,628	1648
218,858	1747
219,087	1755
219,316	1783
219,546	1690
219,775	1772
220,004	1837
220,234	1600
220,463	1708
220,692	1621
220,922	1759
221,151	1749
221,38	1632
221,61	2115
221,839	1979
222,068	1745
222,297	1674
222,526	1771
222,756	1800
222,985	1889
223,214	1778
223,443	1760
223,672	2195
223,902	1578
224,131	1682
224,36	1777
224,589	1651
224,818	1689
225,047	1764
225,276	1625
225,505	2008
225,734	1715
225,963	1523
226,192	1665
226,421	1735
226,65	1705
226,879	1769
227,108	1833
227,337	1867
227,566	1931
227,795	1678
228,024	1827
228,253	1637
228,482	1576
228,711	1773
228,94	1543
229,168	1746
229,397	1665
229,626	1745
229,855	1649
230,084	1624
230,313	1612
230,541	1855
230,77	1710
230,999	1610
231,228	1923
231,456	1827
231,685	1614
231,914	1893
232,143	1747
232,371	1790
232,6	1705
232,829	1742
233,057	1833
233,286	1700
233,515	1732
233,743	1774
233,972	1621
234,2	1796
234,429	1699
234,658	1807
234,886	1681
235,115	1801
235,343	1749
235,572	1640
235,8	1791
236,029	1925
236,257	1616
236,486	1842
236,714	1858
236,943	1871
237,171	1735
237,399	1944
237,628	1805
237,856	1922
238,085	1800
238,313	1716
238,541	1813
238,77	2105
238,998	1630
239,226	1814
239,455	1792
239,683	1829
239,911	1565
240,14	1930
240,368	1925
240,596	1768
240,824	1804
241,053	1750
241,281	1744
241,509	1993
241,737	1725
241,965	1840
242,193	1776
242,422	1644
242,65	1737
242,878	1744
243,106	1837
243,334	1724
243,562	1825
243,79	1855
244,018	1877
244,246	1801
244,474	1815
244,702	1706
244,93	1864
245,158	1840
245,386	1739
245,614	1883
245,842	1998
246,07	1770
246,298	1955
246,526	2356
246,754	1777
246,982	1623
247,21	1898
247,438	1853
247,666	1815
247,893	1805
248,121	1795
248,349	1769
248,577	1882
248,805	2127
249,033	1742
249,26	1897
249,488	1839
249,716	1655
249,944	1879
250,171	1762
250,399	1889
250,627	1966
250,854	1918
251,082	1749
251,31	1839
251,537	1826
251,765	2075
251,993	1752
252,22	2190
252,448	1711
252,676	1954
252,903	1889
253,131	2263
253,358	1910
253,586	1748
253,813	1711
254,041	1944
254,268	1845
254,496	1752
254,723	1902
254,951	1898
255,178	1870
255,406	1815
255,633	1864
255,86	2053
256,088	1843
256,315	1692
256,543	2048
256,77	1888
256,997	1815
257,225	1859
257,452	1828
257,679	1888
257,907	1961
258,134	1786
258,361	1936
258,588	1809
258,816	1965
259,043	1765
259,27	1909
259,497	1937
259,725	1802
259,952	1771
260,179	1731
260,406	1987
260,633	1752
260,86	1928
261,088	1825
261,315	2128
261,542	1691
261,769	1853
261,996	2154
262,223	1946
262,45	2035
262,677	1691
262,904	1833
263,131	1986
263,358	1795
263,585	1861
263,812	2150
264,039	1976
264,266	1771
264,493	1803
264,72	1781
264,947	1859
265,174	2055
265,401	1976
265,627	1999
265,854	1836
266,081	1904
266,308	1860
266,535	1801
266,762	1781
266,988	1888
267,215	1811
267,442	1744
267,669	1971
267,896	1839
268,122	1981
268,349	1835
268,576	1647
268,802	1760
269,029	1822
269,256	1898
269,482	1832
269,709	1763
269,936	1792
270,162	1893
270,389	1892
270,616	1870
270,842	1982
271,069	1913
271,295	1873
271,522	1720
271,748	1757
271,975	1989
272,201	1947
272,428	1814
272,654	1788
272,881	2319
273,107	1734
273,334	1854
273,56	1995
273,787	1801
274,013	1870
274,239	2139
274,466	1807
274,692	1848
274,918	1838
275,145	1937
275,371	1806
275,597	2037
275,824	1925
276,05	1829
276,276	1897
276,503	1785
276,729	1859
276,955	1755
277,181	1869
277,407	1831
277,634	1948
277,86	1968
278,086	1967
278,312	1823
278,538	1845
278,764	1793
278,991	1963
279,217	1802
279,443	1640
279,669	1869
279,895	1847
280,121	2003
280,347	1871
280,573	1671
280,799	1774
281,025	1999
281,251	1783
281,477	2023
281,703	1743
281,929	1729
282,155	1837
282,381	1922
282,607	1845
282,833	1945
283,059	1871
283,285	1806
283,51	1837
283,736	1696
283,962	1892
284,188	1808
284,414	1833
284,64	1903
284,865	1885
285,091	1789
285,317	1920
285,543	2024
285,768	1983
285,994	1919
286,22	2128
286,446	2020
286,671	1764
286,897	1933
287,123	1953
287,348	1724
287,574	2447
287,799	1962
288,025	1818
288,251	2058
288,476	1973
288,702	1875
288,927	1792
289,153	1929
289,378	2272
289,604	1820
289,829	2133
290,055	1907
290,28	1934
290,506	2035
290,731	1875
290,957	2074
291,182	2011
291,408	2101
291,633	1958
291,858	1883
292,084	1989
292,309	1848
292,535	1957
292,76	2009
292,985	2038
293,211	1869
293,436	1834
293,661	1681
293,886	1865
294,112	1909
294,337	1920
294,562	1725
294,787	1968
295,013	1937
295,238	1845
295,463	1921
295,688	2131
295,913	2006
296,138	1963
296,364	1903
296,589	1759
296,814	1763
297,039	1821
297,264	1957
297,489	1956
297,714	1929
297,939	1818
298,164	1957
298,389	2289
298,614	1829
298,839	1827
299,064	2170
299,289	1872
299,514	1986
299,739	1913
299,964	1823
300,189	1885
300,414	2037
300,639	2056
300,863	1854
301,088	2319
301,313	1951
301,538	1934
301,763	1928
301,988	1947
302,212	1969
302,437	2402
302,662	1720
302,887	1897
303,111	2002
303,336	1940
303,561	1985
303,786	1892
304,01	2011
304,235	2053
304,46	1845
304,684	1941
304,909	1954
305,134	1815
305,358	2040
305,583	1970
305,807	2172
306,032	2005
306,256	1975
306,481	1983
306,706	1883
306,93	1760
307,155	2184
307,379	1908
307,604	2001
307,828	1776
308,052	2160
308,277	1943
308,501	1973
308,726	2060
308,95	1963
309,175	1852
309,399	2076
309,623	1869
309,848	1822
310,072	1748
310,296	2225
310,521	1934
310,745	1846
310,969	2112
311,193	1949
311,418	1981
311,642	1872
311,866	1948
312,09	1877
312,315	1920
312,539	2010
312,763	1915
312,987	2013
313,211	1832
313,435	2043
313,659	1859
313,884	2096
314,108	1991
314,332	2019
314,556	1829
314,78	2170
315,004	1976
315,228	2077
315,452	1847
315,676	1955
315,9	1970
316,124	1657
316,348	1843
316,572	2026
316,796	1981
317,02	1844
317,244	1949
317,468	1925
317,691	2059
317,915	2103
318,139	1837
318,363	2272
318,587	1953
318,811	1795
319,034	1744
319,258	2033
319,482	2071
319,706	2009
319,93	1904
320,153	1775
320,377	1983
320,601	1845
320,824	1741
321,048	2100
321,272	1906
321,495	1870
321,719	1954
321,943	1809
322,166	1922
322,39	1914
322,614	1961
322,837	2079
323,061	1728
323,284	1905
323,508	1954
323,731	1887
323,955	1850
324,178	1763
324,402	2037
324,625	1793
324,849	1848
325,072	1967
325,296	1913
325,519	1853
325,743	1861
325,966	1985
326,189	2050
326,413	1706
326,636	2222
326,859	1964
327,083	2185
327,306	1782
327,529	1796
327,753	1751
327,976	1987
328,199	2007
328,422	1860
328,646	1935
328,869	1848
329,092	1912
329,315	2055
329,538	1847
329,762	1877
329,985	1807
330,208	1788
330,431	1843
330,654	2022
330,877	1819
331,1	1984
331,323	1836
331,546	2001
331,769	1901
331,993	1734
332,216	1927
332,439	1895
332,662	1855
332,885	1851
333,107	1722
333,33	1718
333,553	2023
333,776	1790
333,999	1880
334,222	1773
334,445	1826
334,668	1877
334,891	1908
335,114	1680
335,336	1839
335,559	1896
335,782	2095
336,005	2010
336,228	1833
336,45	1737
336,673	1771
336,896	1891
337,119	1914
337,341	1740
337,564	1704
337,787	1899
338,009	1846
338,232	1926
338,455	1944
338,677	1645
338,9	1923
339,122	1835
339,345	1703
339,568	1688
339,79	1851
340,013	1944
340,235	1967
340,458	1741
340,68	1934
340,903	1772
341,125	1811
341,348	1830
341,57	1774
341,793	1989
342,015	1683
342,238	1812
342,46	2101
342,682	1946
342,905	1790
343,127	1910
343,349	1855
343,572	1897
343,794	1754
344,016	1785
344,239	1908
344,461	1713
344,683	1736
344,905	1752
345,128	1546
345,35	1917
345,572	2149
345,794	1904
346,017	1839
346,239	1793
346,461	1786
346,683	1817
346,905	1861
347,127	1838
347,349	1763
347,571	1755
347,793	1962
348,016	1907
348,238	1854
348,46	1831
348,682	1768
348,904	1880
349,126	1869
349,348	1835
349,57	1736
349,792	1778
350,014	1905
350,235	1769
350,457	2598
350,679	1797
350,901	1685
351,123	1758
351,345	1879
351,567	1923
351,789	1847
352,01	1874
352,232	1931
352,454	1743
352,676	1911
352,897	1782
353,119	1730
353,341	1824
353,563	1761
353,784	1711
354,006	1825
354,228	1814
354,449	1718
354,671	1978
354,893	1877
355,114	1929
355,336	1824
355,558	1731
355,779	1734
356,001	1816
356,222	1813
356,444	1711
356,665	2441
356,887	1742
357,108	1746
357,33	1749
357,551	1909
357,773	1835
357,994	1729
358,216	1709
358,437	1859
358,659	1967
358,88	1777
359,101	1786
359,323	1772
359,544	1792
359,765	1725
359,987	1752
360,208	1786
360,429	1848
360,651	1756
360,872	1952
361,093	1565
361,314	1837
361,536	1725
361,757	1741
361,978	1719
362,199	1692
362,42	1581
362,642	1713
362,863	1931
363,084	1748
363,305	1791
363,526	1555
363,747	1756
363,968	1589
364,189	1992
364,41	1672
364,631	1630
364,852	1921
365,073	1685
365,294	1793
365,515	1731
365,736	1835
365,957	1710
366,178	1763
366,399	1886
366,62	1898
366,841	1907
367,062	1800
367,283	1763
367,504	1842
367,724	1567
367,945	1576
368,166	1966
368,387	1816
368,608	1749
368,828	1930
369,049	1663
369,27	1752
369,491	1721
369,711	1804
369,932	1833
370,153	1764
370,373	2035
370,594	1983
370,815	1816
371,035	1904
371,256	1655
371,477	1713
371,697	1767
371,918	1641
372,138	1806
372,359	1910
372,579	1653
372,8	1801
373,02	1844
373,241	1729
373,461	1771
373,682	1824
373,902	1743
374,123	1676
374,343	1981
374,564	1682
374,784	1718
375,004	1793
375,225	1703
375,445	1846
375,666	1725
375,886	1680
376,106	1714
376,326	1789
376,547	1913
376,767	1871
376,987	1734
377,208	1744
377,428	1665
377,648	1809
377,868	1841
378,088	1893
378,309	1900
378,529	1886
378,749	1856
378,969	1613
379,189	1699
379,409	1759
379,629	1674
379,849	1773
380,069	1696
380,29	1639
380,51	1747
380,73	1847
380,95	2014
381,17	1880
381,39	1759
381,61	1693
381,829	1534
382,049	1741
382,269	1717
382,489	1726
382,709	1706
382,929	1770
383,149	1810
383,369	2146
383,589	1757
383,808	1861
384,028	1763
384,248	1786
384,468	1693
384,688	1756
384,907	1853
385,127	1761
385,347	1801
385,567	1671
385,786	1894
386,006	1633
386,226	1815
386,445	1608
386,665	1627
386,885	1894
387,104	1751
387,324	1704
387,543	1680
387,763	1768
387,982	1782
388,202	1721
388,422	1734
388,641	1830
388,861	1810
389,08	1858
389,3	1748
389,519	1936
389,738	1739
389,958	1705
390,177	1735
390,397	1820
390,616	1731
390,836	1846
391,055	1936
391,274	1819
391,494	1803
391,713	1658
391,932	1829
392,151	1759
392,371	1676
392,59	1762
392,809	1941
393,029	1807
393,248	1825
393,467	1607
393,686	1899
393,905	2880
394,124	1693
394,344	1823
394,563	1833
394,782	1700
395,001	1859
395,22	1686
395,439	1871
395,658	1743
395,877	1833
396,096	1698
396,315	1862
396,534	1706
396,753	1796
396,972	1582
397,191	1811
397,41	1769
397,629	1707
397,848	1575
398,067	1767
398,286	1702
398,505	1710
398,724	1842
398,943	2357
399,161	1671
399,38	1771
399,599	1805
399,818	1733
400,037	1840
400,255	1887
400,474	1647
400,693	1613
400,912	1933
401,13	1718
401,349	1691
401,568	1593
401,786	1901
402,005	1849
402,224	1664
402,442	1732
402,661	1791
402,88	1833
403,098	1903
403,317	1785
403,535	1810
403,754	1692
403,972	1781
404,191	1603
404,409	1722
404,628	2393
404,846	1781
405,065	1845
405,283	1800
405,502	1720
405,72	1767
405,938	1739
406,157	1687
406,375	1619
406,594	1851
406,812	1809
407,03	1888
407,249	1501
407,467	1772
407,685	1871
407,903	1658
408,122	1870
408,34	1805
408,558	1721
408,776	1710
408,995	1691
409,213	1986
409,431	1866
409,649	1785
409,867	1873
410,085	1794
410,303	1777
410,522	1716
410,74	1678
410,958	1662
411,176	1720
411,394	1624
411,612	1687
411,83	2006
412,048	1753
412,266	1547
412,484	1753
412,702	1868
412,92	1617
413,138	1882
413,356	1697
413,573	1876
413,791	1995
414,009	1827
414,227	2059
414,445	1672
414,663	1766
414,881	1792
415,098	1774
415,316	1744
415,534	2154
415,752	1735
415,969	1834
416,187	1512
416,405	1685
416,623	1833
416,84	1594
417,058	1739
417,276	1822
417,493	1745
417,711	1701
417,928	1767
418,146	1733
418,364	1744
418,581	1747
418,799	1668
419,016	1493
419,234	1669
419,451	2294
419,669	1710
419,886	1797
420,104	1684
420,321	1674
420,539	1779
420,756	1842
420,974	1884
421,191	1631
421,408	1809
421,626	1837
421,843	1774
422,06	1724
422,278	1550
422,495	1835
422,712	1779
422,93	1859
423,147	1777
423,364	1709
423,581	1841
423,799	1658
424,016	1695
424,233	1735
424,45	1747
424,667	1776
424,884	1655
425,102	1862
425,319	1653
425,536	1718
425,753	1828
425,97	1684
426,187	1746
426,404	1629
426,621	1930
426,838	1842
427,055	1790
427,272	1985
427,489	1709
427,706	1637
427,923	1737
428,14	1740
428,357	1906
428,574	1769
428,791	1767
429,008	1684
429,224	1605
429,441	1651
429,658	1801
429,875	2021
430,092	1797
430,308	1785
430,525	1940
430,742	1698
430,959	1712
431,175	1805
431,392	1667
431,609	1851
431,826	1813
432,042	1595
432,259	1680
432,476	2047
432,692	1648
432,909	1690
433,125	1778
433,342	1635
433,559	1734
433,775	1791
433,992	1533
434,208	1581
434,425	1732
434,641	1936
434,858	1994
435,074	1733
435,291	1665
435,507	1717
435,723	1739
435,94	1684
436,156	1818
436,373	1861
436,589	1773
436,805	1774
437,022	1588
437,238	1713
437,454	1752
437,671	1723
437,887	1724
438,103	1689
438,319	1664
438,536	1830
438,752	1715
438,968	1829
439,184	1752
439,4	1826
439,616	1531
439,833	1891
440,049	1705
440,265	1945
440,481	1743
440,697	1758
440,913	1736
441,129	1776
441,345	1755
441,561	1711
441,777	1727
441,993	1782
442,209	1664
442,425	1845
442,641	1677
442,857	1677
443,073	1669
443,289	1837
443,505	1818
443,721	1771
443,937	1739
444,152	1684
444,368	1814
444,584	1739
444,8	1859
445,016	1730
445,231	1685
445,447	1936
445,663	1825
445,879	1676
446,094	2048
446,31	1918
446,526	1759
446,742	1816
446,957	1777
447,173	1734
447,388	1862
447,604	1845
447,82	1808
448,035	1869
448,251	1656
448,466	1964
448,682	1717
448,897	1638
449,113	1807
449,328	1816
449,544	1657
449,759	2043
449,975	1639
450,19	1638
450,406	1738
450,621	1657
450,836	1691
451,052	1712
451,267	1604
451,483	1695
451,698	1523
451,913	1767
452,129	1762
452,344	1593
452,559	1870
452,774	1759
452,99	1659
453,205	1752
453,42	1792
453,635	1903
453,85	1725
454,066	1775
454,281	1698
454,496	1849
454,711	1821
454,926	1773
455,141	1557
455,356	1629
455,571	1666
455,786	1791
456,001	1714
456,217	1617
456,432	1759
456,647	1713
456,861	1890
457,076	1695
457,291	1834
457,506	1411
457,721	1631
457,936	1691
458,151	1741
458,366	1870
458,581	1712
458,796	1970
459,01	1637
459,225	1753
459,44	1497
459,655	1770
459,87	1645
460,084	1674
460,299	1764
460,514	1725
460,729	2182
460,943	1664
461,158	1453
461,373	1767
461,587	1795
461,802	1648
462,016	1809
462,231	1695
462,446	1852
462,66	1707
462,875	1694
463,089	1647
463,304	1783
463,518	1677
463,733	1702
463,947	1795
464,162	1631
464,376	1681
464,591	1790
464,805	1645
465,02	1888
465,234	1775
465,448	1860
465,663	1976
465,877	1808
466,091	1667
466,306	1867
466,52	2166
466,734	1831
466,949	1623
467,163	1751
467,377	1729
467,591	1785
467,806	1643
468,02	1635
468,234	1519
468,448	1775
468,662	1749
468,876	1948
469,091	1681
469,305	1787
469,519	1652
469,733	1641
469,947	1747
470,161	1978
470,375	1539
470,589	1821
470,803	1738
471,017	1766
471,231	1730
471,445	1646
471,659	1770
471,873	1722
472,087	1550
472,301	1742
472,515	1614
472,728	1627
472,942	1461
473,156	1719
473,37	1668
473,584	1584
473,798	1717
474,011	1693
474,225	1596
474,439	1814
474,653	1912
474,866	1693
475,08	1729
475,294	1701
475,507	1729
475,721	1738
475,935	1775
476,148	1655
476,362	1530
476,576	1604
476,789	1628
477,003	1744
477,216	1759
477,43	1654
477,643	1801
477,857	1902
478,07	1768
478,284	1780
478,497	1626
478,711	1709
478,924	1692
479,138	1625
479,351	1696
479,564	1549
479,778	1738
479,991	1581
480,204	1590
480,418	1787
480,631	1683
480,844	1636
481,058	1736
481,271	1689
481,484	1763
481,697	1698
481,911	1801
482,124	1703
482,337	1757
482,55	1630
482,763	1648
482,976	1779
483,19	1649
483,403	1813
483,616	1838
483,829	1821
484,042	1665
484,255	1842
484,468	1671
484,681	1691
484,894	1791
485,107	1881
485,32	1866
485,533	1794
485,746	1926
485,959	1737
486,172	1798
486,385	1586
486,598	1811
486,81	1620
487,023	1688
487,236	1887
487,449	1785
487,662	1676
487,875	1649
488,087	1784
488,3	1783
488,513	1537
488,726	1552
488,938	1795
489,151	1772
489,364	1731
489,576	1715
489,789	2007
490,002	1765
490,214	1663
490,427	1564
490,64	1702
490,852	1741
491,065	1545
491,277	1665
491,49	1816
491,702	1564
491,915	1710
492,127	1807
492,34	1779
492,552	1767
492,765	1831
492,977	1897
493,19	1926
493,402	1813
493,614	1767
493,827	1715
494,039	1674
494,251	1779
494,464	1829
494,676	1586
494,888	1667
495,101	1669
495,313	1705
495,525	1708
495,737	1889
495,95	1710
496,162	1721
496,374	1721
496,586	1696
496,798	1764
497,01	1641
497,222	1619
497,435	1821
497,647	1616
497,859	1671
498,071	1645
498,283	1753
498,495	1783
498,707	1859
498,919	1639
499,131	1851
499,343	1540
499,555	1750
499,767	1762
499,979	1694
500,191	1817
500,402	1601
500,614	1804
500,826	1792
501,038	1762
501,25	1695
501,462	1664
501,673	1691
501,885	1648
502,097	1673
502,309	1731
502,521	1810
502,732	1612
502,944	1685
503,156	1566
503,367	1641
503,579	1528
503,791	1632
504,002	1726
504,214	1803
504,425	2026
504,637	1822
504,849	1633
505,06	1777
505,272	1851
505,483	1756
505,695	1669
505,906	1608
506,118	1784
506,329	1637
506,541	1637
506,752	1879
506,963	1728
507,175	1511
507,386	1849
507,598	1842
507,809	1622
508,02	1646
508,232	1777
508,443	1552
508,654	1919
508,865	1821
509,077	1584
509,288	1663
509,499	1873
509,71	1609
509,922	1513
510,133	1666
510,344	1854
510,555	1667
510,766	1779
510,977	1503
511,188	1748
511,4	1714
511,611	1584
511,822	1730
512,033	1665
512,244	1797
512,455	1742
512,666	1700
512,877	1840
513,088	1718
513,299	1798
513,51	1787
513,721	1691
513,931	1744
514,142	1819
514,353	1872
514,564	1640
514,775	1709
514,986	1805
515,196	1795
515,407	1642
515,618	1655
515,829	1712
516,04	1693
516,25	1519
516,461	1552
516,672	1723
516,882	1684
517,093	1771
517,304	1544
517,514	1542
517,725	1737
517,936	1627
518,146	1574
518,357	1727
518,567	1533
518,778	2127
518,988	1591
519,199	1862
519,409	1616
519,62	1726
519,83	1819
520,041	1769
520,251	1719
520,462	1750
520,672	1669
520,882	1720
521,093	1725
521,303	1846
521,513	1680
521,724	2837
521,934	1634
522,144	1699
522,355	1625
522,565	1735
522,775	1661
522,985	1749
523,196	1641
523,406	1656
523,616	1818
523,826	1619
524,036	2576
524,246	1569
524,457	1630
524,667	1540
524,877	1535
525,087	1732
525,297	1736
525,507	1799
525,717	1498
525,927	1706
526,137	1837
526,347	1734
526,557	1572
526,767	1702
526,977	1943
527,187	1712
527,397	1742
527,607	1647
527,816	1705
528,026	1653
528,236	1696
528,446	1543
528,656	1814
528,865	1864
529,075	1601
529,285	1737
529,495	1707
529,704	1770
529,914	1642
530,124	1718
530,334	1593
530,543	1641
530,753	2020
530,963	2073
531,172	1677
531,382	1629
531,591	1976
531,801	1596
532,01	1723
532,22	1679
532,43	1781
532,639	1997
532,849	1712
533,058	1648
533,267	1905
533,477	1650
533,686	1781
533,896	1717
534,105	1731
534,315	1806
534,524	1699
534,733	1690
534,943	1787
535,152	1764
535,361	1567
535,57	1634
535,78	1729
535,989	1622
536,198	1650
536,407	1697
536,617	1719
536,826	1769
537,035	1791
537,244	1855
537,453	1474
537,662	1703
537,872	1944
538,081	1681
538,29	1774
538,499	1603
538,708	1632
538,917	1709
539,126	1758
539,335	1749
539,544	2236
539,753	1593
539,962	1775
540,171	1686
540,38	1840
540,589	1644
540,797	1847
541,006	1676
541,215	1595
541,424	1888
541,633	1692
541,842	1598
542,05	1873
542,259	1781
542,468	1698
542,677	1768
542,885	1754
543,094	1743
543,303	1627
543,512	1799
543,72	1641
543,929	1900
544,138	1670
544,346	1510
544,555	1629
544,763	1697
544,972	1633
545,18	1576
545,389	1718
545,598	1624
545,806	1755
546,015	1895
546,223	1698
546,431	1718
546,64	1593
546,848	1643
547,057	1634
547,265	1640
547,474	1618
547,682	1703
547,89	1746
548,099	1731
548,307	1709
548,515	1884
548,723	1773
548,932	1688
549,14	1750
549,348	1787
549,556	1638
549,765	1658
549,973	1574
550,181	1738
550,389	1688
550,597	1858
550,805	1620
551,014	1629
551,222	4154
551,43	1526
551,638	1661
551,846	1769
552,054	1822
552,262	1711
552,47	1679
552,678	1578
552,886	1652
553,094	1581
553,302	1693
553,51	1645
553,717	1791
553,925	1480
554,133	1953
554,341	1648
554,549	1716
554,757	1525
554,965	1646
555,172	1675
555,38	1939
555,588	1642
555,796	1713
556,003	1854
556,211	1599
556,419	1706
556,626	1947
556,834	1597
557,042	1652
557,249	1784
557,457	1695
557,664	1493
557,872	1614
558,08	1603
558,287	1809
558,495	1755
558,702	1575
558,91	1741
559,117	1651
559,325	1703
559,532	1696
559,74	2144
559,947	1669
560,154	1834
560,362	1591
560,569	1653
560,776	1660
560,984	1698
561,191	1731
561,398	1727
561,606	2101
561,813	1788
562,02	1527
562,227	1640
562,435	1700
562,642	1748
562,849	1669
563,056	1681
563,263	1662
563,471	1475
563,678	1715
563,885	1640
564,092	1721
564,299	1605
564,506	1760
564,713	1703
564,92	1704
565,127	1755
565,334	1712
565,541	2027
565,748	1736
565,955	1636
566,162	1637
566,369	1738
566,576	1782
566,783	1774
566,99	1581
567,196	1803
567,403	1661
567,61	1808
567,817	1683
568,024	1670
568,23	1884
568,437	1644
568,644	1543
568,851	1743
569,057	1963
569,264	1792
569,471	1608
569,677	1963
569,884	1857
570,091	1814
570,297	2811
570,504	1888
570,71	1783
570,917	1677
571,123	1648
571,33	1731
571,536	1693
571,743	1956
571,949	1682
572,156	1647
572,362	1917
572,569	1694
572,775	1727
572,982	1884
573,188	1735
573,394	1660
573,601	1672
573,807	1512
574,013	1885
574,22	1770
574,426	1609
574,632	1793
574,838	1703
575,045	1678
575,251	1667
575,457	1753
575,663	1862
575,869	1641
576,076	1543
576,282	1811
576,488	1760
576,694	1765
576,9	1442
577,106	1625
577,312	1631
577,518	1763
577,724	1742
577,93	1775
578,136	1639
578,342	1683
578,548	1669
578,754	1611
578,96	1633
579,166	1670
579,372	1917
579,578	1753
579,784	1731
579,989	1669
580,195	1634
580,401	1684
580,607	1672
580,813	1950
581,018	1677
581,224	1610
581,43	1629
581,636	1696
581,841	1773
582,047	1748
582,253	1873
582,458	1685
582,664	1592
582,869	1725
583,075	1596
583,281	2025
583,486	1706
583,692	1621
583,897	1803
584,103	1703
584,308	1740
584,514	1693
584,719	1796
584,925	1735
585,13	1673
585,335	1703
585,541	1873
585,746	1668
585,952	1630
586,157	1651
586,362	1727
586,568	1693
586,773	1871
586,978	1607
587,183	1667
587,389	1770
587,594	1581
587,799	1729
588,004	1960
588,21	1755
588,415	1551
588,62	1747
588,825	1873
589,03	1641
589,235	2027
589,44	1912
589,645	1623
589,85	1728
590,055	1995
590,26	1730
590,465	1751
590,67	1716
590,875	1885
591,08	1827
591,285	1681
591,49	1760
591,695	1741
591,9	1751
592,105	1666
592,31	1659
592,515	1999
592,719	1619
592,924	1634
593,129	1654
593,334	1771
593,539	1642
593,743	1843
593,948	1767
594,153	1588
594,357	1923
594,562	1735
594,767	2142
594,971	1553
595,176	1725
595,381	1672
595,585	1706
595,79	1854
595,994	1607
596,199	2098
596,403	1481
596,608	1549
596,812	1674
597,017	1786
597,221	1902
597,426	1881
597,63	1699
597,835	1746
598,039	1571
598,243	1653
598,448	1989
598,652	1738
598,856	1710
599,061	1767
599,265	1587
599,469	1612
599,673	1753
599,878	1824
600,082	1672
600,286	1773
600,49	1763
600,695	1459
600,899	1719
601,103	1754
601,307	1769
601,511	1717
601,715	1636
601,919	1615
602,123	1847
602,327	1674
602,531	1656
602,735	1831
602,939	1825
603,143	1551
603,347	1728
603,551	1727
603,755	1749
603,959	1652
604,163	1720
604,367	1637
604,571	1591
604,775	1747
604,978	1677
605,182	1526
605,386	1644
605,59	1648
605,793	1632
605,997	1786
606,201	1770
606,405	1900
606,608	1752
606,812	1755
607,016	1887
607,219	1593
607,423	1634
607,627	2017
607,83	1676
608,034	1613
608,237	1816
608,441	1655
608,644	1834
608,848	1734
609,051	1734
609,255	1569
609,458	1797
609,662	1657
609,865	1728
610,069	1627
610,272	1532
610,475	1669
610,679	1627
610,882	1740
611,085	1639
611,289	1769
611,492	1634
611,695	1601
611,898	1660
612,102	1784
612,305	1711
612,508	1886
612,711	1827
612,914	1639
613,118	1712
613,321	1794
613,524	1543
613,727	1524
613,93	1694
614,133	1717
614,336	1696
614,539	1616
614,742	1622
614,945	1673
615,148	1802
615,351	1749
615,554	1795
615,757	1656
615,96	1701
616,163	1659
616,366	1760
616,569	1685
616,772	1902
616,974	1675
617,177	1825
617,38	1704
617,583	1786
617,786	1593
617,988	1551
618,191	1848
618,394	1644
618,596	1546
618,799	1623
619,002	1697
619,204	1735
619,407	1739
619,61	1533
619,812	1731
620,015	1611
620,217	1825
620,42	1714
620,623	1707
620,825	1641
621,028	1639
621,23	1786
621,432	1781
621,635	1854
621,837	1716
622,04	1629
622,242	1664
622,445	1655
622,647	1747
622,849	1778
623,052	1535
623,254	1746
623,456	1302
623,658	1794
623,861	1773
624,063	1632
624,265	1693
624,467	1713
624,67	1552
624,872	1751
625,074	1899
625,276	1798
625,478	1817
625,68	1477
625,882	1548
626,084	1711
626,287	1969
626,489	1777
626,691	1723
626,893	1773
627,095	1798
627,297	1775
627,499	1565
627,7	1515
627,902	1536
628,104	1525
628,306	1651
628,508	1592
628,71	1663
628,912	1733
629,114	1959
629,315	1787
629,517	1554
629,719	1602
629,921	1661
630,122	1690
630,324	1743
630,526	1849
630,728	1728
630,929	1718
631,131	1633
631,332	1850
631,534	1818
631,736	1711
631,937	1538
632,139	1874
632,34	1665
632,542	1814
632,743	1916
632,945	1586
633,146	1715
633,348	1780
633,549	1803
633,751	1637
633,952	1648
634,154	1577
634,355	1575
634,556	1708
634,758	1657
634,959	1644
635,16	1786
635,362	1677
635,563	1705
635,764	1702
635,965	1746
636,167	1722
636,368	1580
636,569	1606
636,77	1841
636,971	1609
637,172	1726
637,374	1609
637,575	1852
637,776	1449
637,977	1605
638,178	1753
638,379	1693
638,58	1730
638,781	1248
638,982	1674
639,183	1680
639,384	1552
639,585	1607
639,786	1573
639,987	1748
640,187	1720
640,388	1759
640,589	1393
640,79	1636
640,991	1762
641,192	1756
641,392	1556
641,593	1591
641,794	1513
641,995	1589
642,195	1480
642,396	1559
642,597	1559
642,797	1633
642,998	1734
643,199	1612
643,399	1739
643,6	1534
643,8	1519
644,001	1620
644,202	1667
644,402	1538
644,603	1743
644,803	1528
645,004	1661
645,204	1405
645,404	1653
645,605	1984
645,805	1515
646,006	1460
646,206	1983
646,406	1659
646,607	1445
646,807	1382
647,007	-84
647,208	124
647,408	6
647,608	-25
