200,697	948,5
200,927	-53,5
201,158	-43,5
201,388	-3,5
201,618	1499,5
201,849	1340,5
202,079	1610,5
202,309	1493,5
202,539	1622,5
202,77	1525,5
203	1616,5
203,23	1570,5
203,46	1576,5
203,691	1586,5
203,921	1635,5
204,151	1640,5
204,381	1552,5
204,611	1663,5
204,841	1582,5
205,071	1393,5
205,302	1849,5
205,532	1712,5
205,762	3771,5
205,992	1529,5
206,222	1567,5
206,452	1576,5
206,682	1660,5
206,912	1696,5
207,142	1637,5
207,372	1686,5
207,602	1523,5
207,832	1588,5
208,062	1636,5
208,292	1689,5
208,522	1429,5
208,752	1666,5
208,982	1617,5
209,212	1741,5
209,442	1565,5
209,672	1626,5
209,902	1547,5
210,131	1704,5
210,361	1524,5
210,591	1610,5
210,821	1586,5
211,051	1779,5
211,281	1646,5
211,51	1659,5
211,74	1684,5
211,97	1524,5
212,2	1621,5
212,429	1887,5
212,659	1658,5
212,889	1684,5
213,119	1545,5
213,348	1549,5
213,578	1805,5
213,808	1680,5
214,037	1723,5
214,267	1702,5
214,497	1624,5
214,726	1590,5
214,956	1503,5
215,186	1594,5
215,415	1632,5
215,645	1625,5
215,874	1692,5
216,104	1797,5
216,333	1632,5
216,563	1655,5
216,792	1716,5
217,022	1649,5
217,251	1683,5
217,481	1554,5
217,71	1501,5
217,94	1662,5
218,169	1674,5
218,399	1669,5
218,628	1610,5
218,858	1908,5
219,087	1684,5
219,316	1745,5
219,546	1667,5
219,775	1656,5
220,004	1797,5
220,234	1597,5
220,463	1670,5
220,692	1679,5
220,922	1676,5
221,151	1698,5
221,38	1645,5
221,61	2050,5
221,839	1945,5
222,068	1669,5
222,297	1789,5
222,526	1740,5
222,756	1746,5
222,985	1713,5
223,214	1682,5
223,443	1716,5
223,672	2136,5
223,902	1573,5
224,131	1559,5
224,36	1889,5
224,589	1490,5
224,818	1725,5
225,047	1771,5
225,276	1581,5
225,505	1917,5
225,734	1444,5
225,963	1570,5
226,192	1644,5
226,421	1681,5
226,65	1690,5
226,879	1705,5
227,108	1740,5
227,337	1891,5
227,566	1869,5
227,795	1700,5
228,024	1721,5
228,253	1650,5
228,482	1592,5
228,711	1817,5
228,94	1574,5
229,168	1663,5
229,397	1654,5
229,626	1704,5
229,855	1657,5
230,084	1617,5
230,313	1511,5
230,541	1768,5
230,77	1615,5
230,999	1510,5
231,228	1954,5
231,456	1824,5
231,685	1604,5
231,914	1784,5
232,143	1644,5
232,371	1715,5
232,6	1746,5
232,829	1674,5
233,057	1774,5
233,286	1710,5
233,515	1703,5
233,743	1597,5
233,972	1445,5
234,2	1674,5
234,429	1560,5
234,658	1660,5
234,886	1621,5
235,115	1632,5
235,343	1878,5
235,572	1640,5
235,8	1731,5
236,029	1999,5
236,257	1644,5
236,486	1782,5
236,714	1709,5
236,943	1904,5
237,171	1632,5
237,399	1712,5
237,628	1768,5
237,856	1888,5
238,085	1685,5
238,313	1522,5
238,541	1795,5
238,77	1968,5
238,998	1574,5
239,226	1744,5
239,455	1676,5
239,683	1703,5
239,911	1581,5
240,14	1832,5
240,368	1788,5
240,596	1653,5
240,824	1754,5
241,053	1634,5
241,281	1635,5
241,509	1697,5
241,737	1679,5
241,965	1527,5
242,193	1680,5
242,422	1645,5
242,65	1615,5
242,878	1680,5
243,106	1536,5
243,334	1631,5
243,562	1789,5
243,79	1783,5
244,018	1729,5
244,246	1622,5
244,474	1717,5
244,702	1825,5
244,93	1666,5
245,158	1711,5
245,386	1656,5
245,614	1689,5
245,842	1804,5
246,07	1575,5
246,298	1852,5
246,526	2097,5
246,754	1620,5
246,982	1738,5
247,21	1734,5
247,438	1756,5
247,666	1617,5
247,893	1650,5
248,121	1619,5
248,349	1622,5
248,577	1673,5
248,805	1883,5
249,033	1651,5
249,26	1792,5
249,488	1607,5
249,716	1672,5
249,944	1648,5
250,171	1595,5
250,399	1686,5
250,627	1789,5
250,854	1736,5
251,082	1626,5
251,31	1682,5
251,537	1643,5
251,765	1936,5
251,993	1587,5
252,22	2052,5
252,448	1606,5
252,676	1653,5
252,903	1648,5
253,131	1957,5
253,358	1634,5
253,586	1561,5
253,813	1524,5
254,041	1772,5
254,268	1456,5
254,496	1497,5
254,723	1664,5
254,951	1713,5
255,178	1665,5
255,406	1672,5
255,633	1706,5
255,86	2059,5
256,088	1714,5
256,315	1664,5
256,543	1871,5
256,77	1721,5
256,997	1700,5
257,225	1781,5
257,452	1578,5
257,679	1661,5
257,907	1759,5
258,134	1659,5
258,361	1736,5
258,588	1545,5
258,816	1639,5
259,043	1636,5
259,27	1687,5
259,497	1798,5
259,725	1695,5
259,952	1664,5
260,179	1607,5
260,406	1714,5
260,633	1629,5
260,86	1695,5
261,088	1674,5
261,315	1863,5
261,542	1567,5
261,769	1631,5
261,996	1775,5
262,223	1867,5
262,45	1976,5
262,677	1498,5
262,904	1614,5
263,131	1779,5
263,358	1727,5
263,585	1683,5
263,812	2156,5
264,039	1837,5
264,266	1674,5
264,493	1701,5
264,72	1628,5
264,947	1663,5
265,174	1869,5
265,401	1884,5
265,627	1933,5
265,854	1681,5
266,081	1714,5
266,308	1695,5
266,535	1682,5
266,762	1716,5
266,988	1778,5
267,215	1710,5
267,442	1664,5
267,669	1880,5
267,896	1736,5
268,122	1814,5
268,349	1772,5
268,576	1548,5
268,802	1631,5
269,029	1631,5
269,256	1782,5
269,482	1697,5
269,709	1636,5
269,936	1698,5
270,162	1803,5
270,389	1660,5
270,616	1793,5
270,842	1881,5
271,069	1781,5
271,295	1735,5
271,522	1681,5
271,748	1690,5
271,975	1709,5
272,201	1786,5
272,428	1709,5
272,654	1717,5
272,881	2001,5
273,107	1709,5
273,334	1628,5
273,56	1864,5
273,787	1632,5
274,013	1770,5
274,239	1987,5
274,466	1677,5
274,692	1693,5
274,918	1743,5
275,145	1775,5
275,371	1725,5
275,597	1826,5
275,824	1734,5
276,05	1724,5
276,276	1708,5
276,503	1692,5
276,729	1715,5
276,955	1663,5
277,181	1710,5
277,407	1680,5
277,634	1762,5
277,86	1648,5
278,086	1840,5
278,312	1688,5
278,538	1608,5
278,764	1705,5
278,991	1836,5
279,217	1674,5
279,443	1644,5
279,669	1674,5
279,895	1857,5
280,121	1746,5
280,347	1724,5
280,573	1628,5
280,799	1535,5
281,025	1837,5
281,251	1566,5
281,477	1968,5
281,703	1639,5
281,929	1652,5
282,155	1649,5
282,381	1764,5
282,607	1515,5
282,833	1698,5
283,059	1724,5
283,285	1636,5
283,51	1605,5
283,736	1510,5
283,962	1733,5
284,188	1920,5
284,414	1594,5
284,64	1770,5
284,865	1704,5
285,091	1584,5
285,317	1831,5
285,543	1758,5
285,768	1719,5
285,994	1660,5
286,22	1953,5
286,446	1740,5
286,671	1548,5
286,897	1710,5
287,123	1650,5
287,348	1619,5
287,574	2211,5
287,799	1728,5
288,025	1642,5
288,251	1859,5
288,476	1768,5
288,702	1700,5
288,927	1669,5
289,153	1594,5
289,378	1876,5
289,604	1767,5
289,829	1698,5
290,055	1622,5
290,28	1958,5
290,506	1815,5
290,731	1638,5
290,957	1672,5
291,182	1723,5
291,408	1893,5
291,633	1818,5
291,858	1625,5
292,084	1772,5
292,309	1658,5
292,535	1772,5
292,76	1794,5
292,985	1646,5
293,211	1654,5
293,436	1588,5
293,661	1501,5
293,886	1656,5
294,112	1621,5
294,337	1625,5
294,562	1473,5
294,787	1788,5
295,013	1769,5
295,238	1649,5
295,463	1770,5
295,688	1942,5
295,913	1665,5
296,138	1751,5
296,364	1703,5
296,589	1742,5
296,814	1551,5
297,039	1701,5
297,264	1771,5
297,489	1725,5
297,714	1711,5
297,939	1630,5
298,164	1663,5
298,389	1746,5
298,614	1580,5
298,839	1772,5
299,064	1799,5
299,289	1710,5
299,514	1870,5
299,739	1661,5
299,964	1673,5
300,189	1662,5
300,414	1766,5
300,639	1898,5
300,863	1665,5
301,088	2055,5
301,313	1695,5
301,538	1652,5
301,763	1686,5
301,988	1770,5
302,212	1814,5
302,437	2112,5
302,662	1570,5
302,887	1633,5
303,111	1791,5
303,336	1747,5
303,561	1807,5
303,786	1707,5
304,01	1703,5
304,235	1860,5
304,46	1571,5
304,684	1688,5
304,909	1734,5
305,134	1606,5
305,358	1777,5
305,583	1713,5
305,807	1975,5
306,032	1505,5
306,256	1716,5
306,481	1749,5
306,706	1662,5
306,93	1648,5
307,155	2001,5
307,379	1654,5
307,604	1703,5
307,828	1647,5
308,052	1923,5
308,277	1738,5
308,501	1716,5
308,726	1802,5
308,95	1891,5
309,175	1628,5
309,399	1831,5
309,623	1574,5
309,848	1597,5
310,072	1535,5
310,296	2024,5
310,521	1692,5
310,745	1748,5
310,969	1942,5
311,193	1839,5
311,418	1708,5
311,642	1644,5
311,866	1761,5
312,09	1692,5
312,315	1839,5
312,539	1787,5
312,763	1630,5
312,987	1651,5
313,211	1650,5
313,435	1809,5
313,659	1654,5
313,884	1963,5
314,108	1860,5
314,332	1800,5
314,556	1627,5
314,78	1907,5
315,004	1825,5
315,228	1875,5
315,452	1748,5
315,676	1772,5
315,9	1700,5
316,124	1456,5
316,348	1723,5
316,572	1736,5
316,796	1787,5
317,02	1677,5
317,244	1738,5
317,468	1354,5
317,691	1876,5
317,915	1735,5
318,139	1728,5
318,363	2012,5
318,587	1747,5
318,811	1662,5
319,034	1788,5
319,258	1922,5
319,482	1927,5
319,706	1762,5
319,93	1766,5
320,153	1627,5
320,377	1730,5
320,601	1616,5
320,824	1537,5
321,048	1864,5
321,272	1827,5
321,495	1682,5
321,719	1728,5
321,943	1599,5
322,166	1751,5
322,39	1715,5
322,614	1731,5
322,837	1896,5
323,061	1544,5
323,284	1708,5
323,508	1734,5
323,731	1621,5
323,955	1663,5
324,178	1660,5
324,402	1810,5
324,625	1722,5
324,849	1352,5
325,072	1774,5
325,296	1764,5
325,519	1672,5
325,743	1636,5
325,966	1809,5
326,189	1819,5
326,413	1723,5
326,636	2070,5
326,859	1825,5
327,083	1966,5
327,306	1608,5
327,529	1672,5
327,753	1517,5
327,976	1765,5
328,199	1826,5
328,422	1687,5
328,646	1802,5
328,869	1581,5
329,092	1722,5
329,315	1892,5
329,538	1662,5
329,762	1711,5
329,985	1658,5
330,208	1650,5
330,431	1729,5
330,654	1857,5
330,877	1678,5
331,1	1744,5
331,323	1668,5
331,546	1761,5
331,769	1791,5
331,993	1565,5
332,216	1713,5
332,439	1668,5
332,662	1752,5
332,885	1646,5
333,107	1519,5
333,33	1533,5
333,553	1839,5
333,776	1658,5
333,999	1738,5
334,222	1504,5
334,445	1672,5
334,668	1674,5
334,891	1730,5
335,114	1539,5
335,336	1692,5
335,559	1743,5
335,782	1978,5
336,005	1632,5
336,228	1681,5
336,45	1627,5
336,673	1680,5
336,896	1733,5
337,119	1793,5
337,341	1648,5
337,564	1577,5
337,787	1759,5
338,009	1378,5
338,232	1725,5
338,455	1759,5
338,677	1660,5
338,9	1722,5
339,122	1745,5
339,345	1503,5
339,568	1516,5
339,79	1626,5
340,013	1785,5
340,235	1725,5
340,458	1551,5
340,68	1756,5
340,903	1654,5
341,125	1619,5
341,348	1700,5
341,57	1646,5
341,793	1877,5
342,015	1490,5
342,238	1655,5
342,46	1734,5
342,682	1767,5
342,905	1657,5
343,127	1743,5
343,349	1722,5
343,572	1777,5
343,794	1586,5
344,016	1612,5
344,239	1740,5
344,461	1602,5
344,683	1613,5
344,905	1612,5
345,128	1583,5
345,35	1628,5
345,572	1777,5
345,794	1848,5
346,017	1592,5
346,239	1616,5
346,461	1646,5
346,683	1582,5
346,905	1687,5
347,127	1734,5
347,349	1735,5
347,571	1643,5
347,793	1834,5
348,016	1662,5
348,238	1650,5
348,46	1651,5
348,682	1658,5
348,904	1741,5
349,126	1702,5
349,348	1698,5
349,57	1588,5
349,792	1592,5
350,014	1716,5
350,235	1666,5
350,457	2453,5
350,679	1660,5
350,901	1502,5
351,123	1613,5
351,345	1630,5
351,567	1693,5
351,789	1689,5
352,01	1736,5
352,232	1698,5
352,454	1653,5
352,676	1980,5
352,897	1710,5
353,119	1625,5
353,341	1706,5
353,563	1617,5
353,784	1602,5
354,006	1686,5
354,228	1707,5
354,449	1674,5
354,671	1757,5
354,893	1785,5
355,114	1738,5
355,336	1489,5
355,558	1666,5
355,779	1621,5
356,001	1740,5
356,222	1857,5
356,444	1627,5
356,665	2273,5
356,887	1586,5
357,108	1585,5
357,33	1621,5
357,551	1790,5
357,773	1672,5
357,994	1611,5
358,216	1492,5
358,437	1779,5
358,659	1731,5
358,88	1592,5
359,101	1780,5
359,323	1712,5
359,544	1646,5
359,765	1568,5
359,987	1621,5
360,208	1670,5
360,429	1706,5
360,651	1570,5
360,872	1754,5
361,093	1675,5
361,314	1687,5
361,536	1558,5
361,757	1874,5
361,978	1490,5
362,199	1521,5
362,42	1474,5
362,642	1566,5
362,863	1804,5
363,084	1610,5
363,305	1679,5
363,526	1644,5
363,747	1564,5
363,968	1625,5
364,189	1859,5
364,41	1484,5
364,631	1569,5
364,852	1738,5
365,073	1608,5
365,294	1707,5
365,515	1469,5
365,736	1830,5
365,957	1644,5
366,178	1570,5
366,399	1705,5
366,62	1683,5
366,841	1705,5
367,062	1706,5
367,283	1651,5
367,504	1747,5
367,724	1578,5
367,945	1450,5
368,166	1724,5
368,387	1778,5
368,608	1621,5
368,828	1780,5
369,049	1614,5
369,27	1705,5
369,491	1503,5
369,711	1700,5
369,932	1727,5
370,153	1677,5
370,373	1750,5
370,594	1857,5
370,815	1619,5
371,035	1794,5
371,256	1585,5
371,477	1549,5
371,697	1597,5
371,918	1505,5
372,138	1710,5
372,359	1805,5
372,579	1538,5
372,8	1631,5
373,02	1677,5
373,241	1666,5
373,461	1715,5
373,682	1847,5
373,902	1628,5
374,123	1543,5
374,343	1770,5
374,564	1629,5
374,784	1553,5
375,004	1511,5
375,225	1554,5
375,445	1644,5
375,666	1824,5
375,886	1544,5
376,106	1609,5
376,326	1660,5
376,547	1818,5
376,767	1744,5
376,987	1559,5
377,208	1611,5
377,428	1451,5
377,648	1706,5
377,868	1668,5
378,088	1777,5
378,309	1762,5
378,529	1651,5
378,749	1649,5
378,969	1491,5
379,189	1698,5
379,409	1682,5
379,629	1624,5
379,849	1688,5
380,069	1698,5
380,29	1374,5
380,51	1565,5
380,73	1703,5
380,95	1888,5
381,17	1674,5
381,39	1689,5
381,61	1552,5
381,829	1609,5
382,049	1605,5
382,269	1566,5
382,489	1682,5
382,709	1532,5
382,929	1761,5
383,149	1703,5
383,369	2009,5
383,589	1646,5
383,808	1650,5
384,028	1572,5
384,248	1812,5
384,468	1564,5
384,688	1636,5
384,907	1626,5
385,127	1652,5
385,347	1715,5
385,567	1502,5
385,786	1784,5
386,006	1548,5
386,226	1687,5
386,445	1526,5
386,665	1638,5
386,885	1701,5
387,104	1617,5
387,324	1631,5
387,543	1556,5
387,763	1674,5
387,982	1674,5
388,202	1604,5
388,422	1537,5
388,641	1624,5
388,861	1747,5
389,08	1580,5
389,3	1641,5
389,519	1998,5
389,738	1556,5
389,958	1623,5
390,177	1625,5
390,397	1695,5
390,616	1584,5
390,836	1726,5
391,055	1694,5
391,274	1714,5
391,494	1604,5
391,713	1592,5
391,932	1860,5
392,151	1602,5
392,371	1623,5
392,59	1626,5
392,809	1688,5
393,029	1911,5
393,248	1908,5
393,467	1462,5
393,686	1609,5
393,905	2713,5
394,124	1637,5
394,344	1690,5
394,563	1714,5
394,782	1602,5
395,001	1672,5
395,22	1530,5
395,439	1757,5
395,658	1450,5
395,877	1674,5
396,096	1539,5
396,315	1763,5
396,534	1556,5
396,753	1675,5
396,972	1475,5
397,191	1627,5
397,41	1639,5
397,629	1611,5
397,848	1516,5
398,067	1667,5
398,286	1619,5
398,505	1538,5
398,724	1657,5
398,943	2200,5
399,161	1521,5
399,38	1660,5
399,599	1672,5
399,818	1594,5
400,037	1806,5
400,255	1652,5
400,474	1572,5
400,693	1670,5
400,912	1870,5
401,13	1581,5
401,349	1662,5
401,568	1525,5
401,786	1826,5
402,005	1740,5
402,224	1592,5
402,442	1503,5
402,661	1604,5
402,88	1629,5
403,098	1606,5
403,317	1665,5
403,535	1651,5
403,754	1559,5
403,972	1685,5
404,191	1553,5
404,409	1619,5
404,628	2338,5
404,846	1647,5
405,065	1727,5
405,283	1661,5
405,502	1613,5
405,72	1594,5
405,938	1576,5
406,157	1573,5
406,375	1589,5
406,594	1690,5
406,812	1636,5
407,03	1605,5
407,249	1289,5
407,467	1722,5
407,685	1778,5
407,903	1476,5
408,122	1789,5
408,34	1651,5
408,558	1577,5
408,776	1590,5
408,995	1620,5
409,213	1693,5
409,431	1675,5
409,649	1741,5
409,867	1581,5
410,085	1602,5
410,303	1692,5
410,522	1492,5
410,74	1525,5
410,958	1490,5
411,176	1690,5
411,394	1480,5
411,612	1594,5
411,83	1855,5
412,048	1694,5
412,266	1605,5
412,484	1674,5
412,702	1828,5
412,92	1519,5
413,138	1745,5
413,356	1626,5
413,573	1730,5
413,791	1863,5
414,009	1689,5
414,227	1838,5
414,445	1641,5
414,663	1680,5
414,881	1718,5
415,098	1677,5
415,316	1653,5
415,534	2033,5
415,752	1627,5
415,969	1858,5
416,187	1471,5
416,405	1513,5
416,623	1734,5
416,84	1268,5
417,058	1694,5
417,276	1777,5
417,493	1587,5
417,711	1556,5
417,928	1708,5
418,146	1607,5
418,364	1729,5
418,581	1560,5
418,799	1524,5
419,016	1508,5
419,234	1451,5
419,451	2154,5
419,669	1582,5
419,886	1644,5
420,104	1565,5
420,321	1410,5
420,539	1606,5
420,756	1675,5
420,974	1594,5
421,191	1573,5
421,408	1663,5
421,626	1684,5
421,843	1620,5
422,06	1607,5
422,278	1581,5
422,495	1722,5
422,712	1691,5
422,93	1704,5
423,147	1734,5
423,364	1587,5
423,581	1697,5
423,799	1515,5
424,016	1567,5
424,233	1551,5
424,45	1634,5
424,667	1630,5
424,884	1505,5
425,102	1730,5
425,319	1387,5
425,536	1599,5
425,753	1735,5
425,97	1649,5
426,187	1714,5
426,404	1619,5
426,621	1866,5
426,838	1713,5
427,055	1683,5
427,272	1629,5
427,489	1639,5
427,706	1527,5
427,923	1565,5
428,14	1468,5
428,357	1850,5
428,574	1649,5
428,791	1628,5
429,008	1589,5
429,224	1498,5
429,441	1570,5
429,658	1694,5
429,875	1825,5
430,092	1702,5
430,308	1734,5
430,525	1737,5
430,742	1662,5
430,959	1685,5
431,175	1596,5
431,392	1552,5
431,609	1735,5
431,826	1663,5
432,042	1596,5
432,259	1609,5
432,476	1968,5
432,692	1587,5
432,909	1586,5
433,125	1705,5
433,342	1528,5
433,559	1698,5
433,775	1623,5
433,992	1479,5
434,208	1456,5
434,425	1633,5
434,641	1741,5
434,858	1803,5
435,074	1781,5
435,291	1623,5
435,507	1645,5
435,723	1636,5
435,94	1603,5
436,156	1717,5
436,373	1809,5
436,589	1601,5
436,805	1649,5
437,022	1614,5
437,238	1867,5
437,454	1662,5
437,671	1634,5
437,887	1687,5
438,103	1568,5
438,319	1563,5
438,536	1744,5
438,752	1635,5
438,968	1681,5
439,184	1630,5
439,4	1578,5
439,616	1481,5
439,833	1716,5
440,049	1593,5
440,265	1805,5
440,481	1575,5
440,697	1600,5
440,913	1692,5
441,129	1636,5
441,345	1705,5
441,561	1635,5
441,777	1597,5
441,993	1604,5
442,209	1582,5
442,425	1703,5
442,641	1604,5
442,857	1708,5
443,073	1647,5
443,289	1445,5
443,505	1716,5
443,721	1731,5
443,937	1654,5
444,152	1457,5
444,368	1584,5
444,584	1580,5
444,8	1788,5
445,016	1613,5
445,231	1669,5
445,447	1759,5
445,663	1641,5
445,879	1621,5
446,094	1839,5
446,31	1762,5
446,526	1582,5
446,742	1728,5
446,957	1686,5
447,173	1658,5
447,388	1743,5
447,604	1708,5
447,82	1635,5
448,035	1705,5
448,251	1643,5
448,466	1707,5
448,682	1566,5
448,897	1534,5
449,113	1634,5
449,328	1740,5
449,544	1517,5
449,759	2026,5
449,975	1519,5
450,19	1573,5
450,406	1612,5
450,621	1602,5
450,836	1580,5
451,052	1678,5
451,267	1513,5
451,483	1608,5
451,698	1468,5
451,913	1651,5
452,129	1679,5
452,344	1581,5
452,559	1805,5
452,774	1600,5
452,99	1631,5
453,205	1675,5
453,42	1694,5
453,635	1697,5
453,85	1538,5
454,066	1720,5
454,281	1681,5
454,496	1692,5
454,711	1699,5
454,926	1726,5
455,141	1495,5
455,356	1572,5
455,571	1578,5
455,786	1670,5
456,001	1609,5
456,217	1477,5
456,432	1697,5
456,647	1726,5
456,861	1701,5
457,076	1564,5
457,291	1739,5
457,506	1538,5
457,721	1690,5
457,936	1694,5
458,151	1516,5
458,366	1786,5
458,581	1564,5
458,796	1928,5
459,01	1640,5
459,225	1605,5
459,44	1458,5
459,655	1642,5
459,87	1704,5
460,084	1580,5
460,299	1665,5
460,514	1647,5
460,729	2061,5
460,943	1541,5
461,158	1410,5
461,373	1742,5
461,587	1603,5
461,802	1576,5
462,016	1572,5
462,231	1611,5
462,446	1677,5
462,66	1620,5
462,875	1579,5
463,089	1600,5
463,304	1669,5
463,518	1597,5
463,733	1607,5
463,947	1707,5
464,162	1559,5
464,376	1511,5
464,591	1797,5
464,805	1564,5
465,02	1782,5
465,234	1716,5
465,448	1557,5
465,663	1790,5
465,877	1682,5
466,091	1617,5
466,306	1772,5
466,52	1938,5
466,734	1716,5
466,949	1639,5
467,163	1722,5
467,377	1602,5
467,591	1690,5
467,806	1608,5
468,02	1557,5
468,234	1470,5
468,448	1693,5
468,662	1681,5
468,876	1756,5
469,091	1603,5
469,305	1699,5
469,519	1572,5
469,733	1615,5
469,947	1627,5
470,161	1961,5
470,375	1509,5
470,589	1720,5
470,803	1679,5
471,017	1677,5
471,231	1664,5
471,445	1623,5
471,659	1644,5
471,873	1655,5
472,087	1446,5
472,301	1646,5
472,515	1563,5
472,728	1544,5
472,942	1488,5
473,156	1567,5
473,37	1569,5
473,584	1505,5
473,798	1669,5
474,011	1612,5
474,225	1595,5
474,439	1836,5
474,653	1688,5
474,866	1684,5
475,08	1617,5
475,294	1750,5
475,507	1516,5
475,721	1651,5
475,935	1678,5
476,148	1543,5
476,362	1434,5
476,576	1581,5
476,789	1663,5
477,003	1682,5
477,216	1625,5
477,43	1587,5
477,643	1674,5
477,857	1804,5
478,07	1625,5
478,284	1700,5
478,497	1550,5
478,711	1649,5
478,924	1524,5
479,138	1582,5
479,351	1645,5
479,564	1458,5
479,778	1645,5
479,991	1642,5
480,204	1606,5
480,418	1716,5
480,631	1543,5
480,844	1684,5
481,058	1568,5
481,271	1630,5
481,484	1686,5
481,697	1582,5
481,911	1687,5
482,124	1648,5
482,337	1765,5
482,55	1572,5
482,763	1558,5
482,976	1677,5
483,19	1546,5
483,403	1633,5
483,616	1672,5
483,829	1662,5
484,042	1619,5
484,255	1633,5
484,468	1671,5
484,681	1523,5
484,894	1597,5
485,107	1807,5
485,32	1602,5
485,533	1548,5
485,746	1680,5
485,959	1567,5
486,172	1656,5
486,385	1498,5
486,598	1584,5
486,81	1460,5
487,023	1552,5
487,236	1774,5
487,449	1671,5
487,662	1556,5
487,875	1729,5
488,087	1696,5
488,3	1680,5
488,513	1450,5
488,726	1496,5
488,938	1658,5
489,151	1642,5
489,364	1557,5
489,576	1660,5
489,789	1570,5
490,002	1717,5
490,214	1658,5
490,427	1482,5
490,64	1600,5
490,852	1608,5
491,065	1569,5
491,277	1648,5
491,49	1693,5
491,702	1500,5
491,915	1631,5
492,127	1819,5
492,34	1659,5
492,552	1624,5
492,765	1786,5
492,977	1796,5
493,19	1718,5
493,402	1708,5
493,614	1682,5
493,827	1649,5
494,039	1563,5
494,251	1647,5
494,464	1706,5
494,676	1493,5
494,888	1635,5
495,101	1610,5
495,313	1587,5
495,525	1631,5
495,737	1787,5
495,95	1642,5
496,162	1656,5
496,374	1629,5
496,586	1586,5
496,798	1568,5
497,01	1664,5
497,222	1544,5
497,435	1758,5
497,647	1668,5
497,859	1513,5
498,071	1560,5
498,283	1630,5
498,495	1587,5
498,707	1807,5
498,919	1538,5
499,131	1726,5
499,343	1565,5
499,555	1432,5
499,767	1824,5
499,979	1651,5
500,191	1699,5
500,402	1519,5
500,614	1680,5
500,826	1699,5
501,038	1428,5
501,25	1634,5
501,462	1559,5
501,673	1599,5
501,885	1517,5
502,097	1779,5
502,309	1642,5
502,521	1710,5
502,732	1590,5
502,944	1668,5
503,156	1528,5
503,367	1500,5
503,579	1532,5
503,791	1595,5
504,002	1627,5
504,214	1670,5
504,425	1907,5
504,637	1821,5
504,849	1570,5
505,06	1663,5
505,272	1707,5
505,483	1370,5
505,695	1625,5
505,906	1476,5
506,118	1699,5
506,329	1559,5
506,541	1409,5
506,752	1845,5
506,963	1588,5
507,175	1470,5
507,386	1795,5
507,598	1744,5
507,809	1486,5
508,02	1613,5
508,232	1711,5
508,443	1641,5
508,654	1879,5
508,865	1695,5
509,077	1500,5
509,288	1624,5
509,499	1896,5
509,71	1579,5
509,922	1657,5
510,133	1607,5
510,344	1803,5
510,555	1536,5
510,766	1688,5
510,977	1590,5
511,188	1682,5
511,4	1679,5
511,611	1553,5
511,822	1731,5
512,033	1616,5
512,244	1656,5
512,455	1664,5
512,666	1629,5
512,877	1788,5
513,088	1691,5
513,299	1697,5
513,51	1705,5
513,721	1655,5
513,931	1672,5
514,142	1773,5
514,353	1992,5
514,564	1592,5
514,775	1641,5
514,986	1730,5
515,196	1747,5
515,407	1367,5
515,618	1578,5
515,829	1638,5
516,04	1574,5
516,25	1533,5
516,461	1556,5
516,672	1628,5
516,882	1552,5
517,093	1800,5
517,304	1450,5
517,514	1450,5
517,725	1730,5
517,936	1554,5
518,146	1500,5
518,357	1686,5
518,567	1562,5
518,778	2038,5
518,988	1590,5
519,199	1856,5
519,409	1603,5
519,62	1735,5
519,83	1583,5
520,041	1630,5
520,251	1733,5
520,462	1733,5
520,672	1588,5
520,882	1563,5
521,093	1692,5
521,303	1797,5
521,513	1568,5
521,724	2836,5
521,934	1573,5
522,144	1638,5
522,355	1577,5
522,565	1658,5
522,775	1627,5
522,985	1680,5
523,196	1512,5
523,406	1622,5
523,616	1772,5
523,826	1570,5
524,036	2422,5
524,246	1646,5
524,457	1597,5
524,667	1502,5
524,877	1685,5
525,087	1635,5
525,297	1760,5
525,507	1676,5
525,717	1531,5
525,927	1572,5
526,137	1664,5
526,347	1629,5
526,557	1589,5
526,767	1619,5
526,977	1875,5
527,187	1676,5
527,397	1545,5
527,607	1642,5
527,816	1591,5
528,026	1600,5
528,236	1639,5
528,446	1652,5
528,656	1675,5
528,865	1813,5
529,075	1614,5
529,285	1605,5
529,495	1712,5
529,704	1680,5
529,914	1635,5
530,124	1688,5
530,334	1520,5
530,543	1689,5
530,753	2008,5
530,963	2059,5
531,172	1637,5
531,382	1560,5
531,591	1804,5
531,801	1448,5
532,01	1671,5
532,22	1658,5
532,43	1809,5
532,639	1994,5
532,849	1652,5
533,058	1821,5
533,267	1844,5
533,477	1593,5
533,686	1499,5
533,896	1639,5
534,105	1666,5
534,315	1674,5
534,524	1620,5
534,733	1813,5
534,943	1870,5
535,152	1749,5
535,361	1572,5
535,57	1581,5
535,78	1697,5
535,989	1592,5
536,198	1650,5
536,407	1562,5
536,617	1772,5
536,826	1705,5
537,035	1754,5
537,244	1602,5
537,453	1494,5
537,662	1618,5
537,872	1824,5
538,081	1663,5
538,29	1538,5
538,499	1565,5
538,708	1557,5
538,917	1645,5
539,126	1837,5
539,335	1625,5
539,544	2139,5
539,753	1538,5
539,962	1695,5
540,171	1641,5
540,38	1744,5
540,589	1813,5
540,797	1776,5
541,006	1546,5
541,215	1585,5
541,424	1841,5
541,633	1597,5
541,842	1527,5
542,05	1766,5
542,259	1683,5
542,468	1661,5
542,677	1710,5
542,885	1587,5
543,094	1676,5
543,303	1560,5
543,512	1497,5
543,72	1693,5
543,929	1741,5
544,138	1629,5
544,346	1503,5
544,555	1634,5
544,763	1586,5
544,972	1570,5
545,18	1493,5
545,389	1652,5
545,598	1567,5
545,806	1715,5
546,015	1660,5
546,223	1608,5
546,431	1635,5
546,64	1567,5
546,848	1520,5
547,057	1579,5
547,265	1573,5
547,474	1586,5
547,682	1605,5
547,89	1702,5
548,099	1706,5
548,307	1631,5
548,515	1756,5
548,723	1728,5
548,932	1684,5
549,14	1725,5
549,348	1769,5
549,556	1621,5
549,765	1652,5
549,973	1548,5
550,181	1698,5
550,389	1774,5
550,597	1606,5
550,805	1580,5
551,014	1770,5
551,222	4236,5
551,43	1450,5
551,638	1582,5
551,846	1810,5
552,054	1556,5
552,262	1763,5
552,47	1562,5
552,678	1612,5
552,886	1543,5
553,094	1488,5
553,302	1700,5
553,51	1587,5
553,717	1586,5
553,925	1529,5
554,133	1903,5
554,341	1542,5
554,549	1675,5
554,757	1592,5
554,965	1615,5
555,172	1625,5
555,38	1929,5
555,588	1500,5
555,796	1615,5
556,003	1812,5
556,211	1617,5
556,419	1802,5
556,626	1719,5
556,834	1604,5
557,042	1647,5
557,249	1722,5
557,457	1613,5
557,664	1452,5
557,872	1525,5
558,08	1560,5
558,287	1766,5
558,495	1799,5
558,702	1484,5
558,91	1700,5
559,117	1582,5
559,325	1738,5
559,532	1591,5
559,74	1813,5
559,947	1663,5
560,154	1730,5
560,362	1542,5
560,569	1593,5
560,776	1749,5
560,984	1721,5
561,191	1686,5
561,398	1680,5
561,606	2060,5
561,813	1683,5
562,02	1443,5
562,227	1461,5
562,435	1650,5
562,642	1746,5
562,849	1745,5
563,056	1681,5
563,263	1532,5
563,471	1775,5
563,678	1782,5
563,885	1578,5
564,092	1731,5
564,299	1737,5
564,506	1718,5
564,713	1635,5
564,92	1722,5
565,127	1729,5
565,334	1691,5
565,541	1953,5
565,748	1702,5
565,955	1635,5
566,162	1629,5
566,369	1822,5
566,576	1846,5
566,783	1670,5
566,99	1528,5
567,196	1717,5
567,403	1644,5
567,61	1794,5
567,817	1435,5
568,024	1718,5
568,23	1632,5
568,437	1564,5
568,644	1558,5
568,851	1633,5
569,057	1900,5
569,264	1671,5
569,471	1411,5
569,677	1645,5
569,884	1704,5
570,091	1754,5
570,297	2714,5
570,504	1779,5
570,71	1647,5
570,917	1698,5
571,123	1779,5
571,33	1658,5
571,536	1662,5
571,743	1846,5
571,949	1620,5
572,156	1630,5
572,362	1872,5
572,569	1607,5
572,775	1642,5
572,982	1842,5
573,188	1665,5
573,394	1575,5
573,601	1680,5
573,807	1500,5
574,013	1909,5
574,22	1765,5
574,426	1544,5
574,632	1707,5
574,838	1627,5
575,045	1700,5
575,251	1623,5
575,457	1706,5
575,663	1751,5
575,869	1629,5
576,076	1577,5
576,282	1692,5
576,488	1511,5
576,694	1686,5
576,9	1502,5
577,106	1528,5
577,312	1543,5
577,518	1770,5
577,724	1727,5
577,93	1571,5
578,136	1621,5
578,342	1649,5
578,548	1648,5
578,754	1570,5
578,96	1630,5
579,166	1518,5
579,372	1829,5
579,578	1709,5
579,784	1664,5
579,989	1530,5
580,195	1582,5
580,401	1670,5
580,607	1700,5
580,813	1744,5
581,018	1649,5
581,224	1611,5
581,43	1641,5
581,636	1601,5
581,841	1762,5
582,047	1690,5
582,253	1663,5
582,458	1671,5
582,664	1653,5
582,869	1648,5
583,075	1536,5
583,281	1986,5
583,486	1708,5
583,692	1488,5
583,897	1788,5
584,103	1632,5
584,308	1695,5
584,514	1735,5
584,719	1734,5
584,925	1715,5
585,13	1876,5
585,335	1708,5
585,541	1748,5
585,746	1639,5
585,952	1573,5
586,157	1637,5
586,362	1660,5
586,568	1665,5
586,773	1784,5
586,978	1647,5
587,183	1637,5
587,389	1662,5
587,594	1628,5
587,799	1705,5
588,004	1845,5
588,21	1798,5
588,415	1466,5
588,62	1706,5
588,825	1836,5
589,03	1645,5
589,235	2098,5
589,44	1810,5
589,645	1590,5
589,85	1756,5
590,055	1876,5
590,26	1626,5
590,465	1698,5
590,67	1857,5
590,875	1850,5
591,08	1813,5
591,285	1652,5
591,49	1722,5
591,695	1657,5
591,9	1692,5
592,105	1645,5
592,31	1704,5
592,515	1929,5
592,719	1546,5
592,924	1569,5
593,129	1634,5
593,334	1694,5
593,539	1599,5
593,743	1933,5
593,948	1604,5
594,153	1581,5
594,357	1894,5
594,562	1693,5
594,767	2112,5
594,971	1529,5
595,176	1593,5
595,381	1772,5
595,585	1652,5
595,79	1833,5
595,994	1535,5
596,199	2019,5
596,403	1508,5
596,608	1564,5
596,812	1526,5
597,017	1831,5
597,221	1866,5
597,426	1801,5
597,63	1677,5
597,835	1575,5
598,039	1570,5
598,243	1672,5
598,448	1985,5
598,652	1706,5
598,856	1652,5
599,061	1733,5
599,265	1562,5
599,469	1617,5
599,673	1703,5
599,878	1776,5
600,082	1613,5
600,286	1665,5
600,49	1671,5
600,695	1544,5
600,899	1580,5
601,103	1747,5
601,307	1794,5
601,511	1656,5
601,715	1528,5
601,919	1483,5
602,123	1833,5
602,327	1561,5
602,531	1607,5
602,735	1715,5
602,939	1773,5
603,143	1535,5
603,347	1695,5
603,551	1761,5
603,755	1596,5
603,959	1704,5
604,163	1698,5
604,367	1644,5
604,571	1586,5
604,775	1781,5
604,978	1666,5
605,182	1565,5
605,386	1782,5
605,59	1658,5
605,793	1661,5
605,997	1759,5
606,201	1604,5
606,405	1666,5
606,608	1753,5
606,812	1641,5
607,016	1750,5
607,219	1568,5
607,423	1575,5
607,627	1982,5
607,83	1664,5
608,034	1548,5
608,237	1728,5
608,441	1573,5
608,644	1758,5
608,848	1760,5
609,051	1651,5
609,255	1494,5
609,458	1726,5
609,662	1584,5
609,865	1741,5
610,069	1571,5
610,272	1518,5
610,475	1588,5
610,679	1695,5
610,882	1555,5
611,085	1681,5
611,289	1770,5
611,492	1623,5
611,695	1586,5
611,898	1610,5
612,102	1703,5
612,305	1716,5
612,508	1661,5
612,711	1833,5
612,914	1591,5
613,118	1675,5
613,321	1767,5
613,524	1632,5
613,727	1638,5
613,93	1512,5
614,133	1662,5
614,336	1797,5
614,539	1660,5
614,742	1540,5
614,945	1556,5
615,148	1771,5
615,351	1734,5
615,554	1705,5
615,757	1615,5
615,96	1722,5
616,163	1515,5
616,366	1803,5
616,569	1645,5
616,772	1815,5
616,974	1650,5
617,177	1791,5
617,38	1608,5
617,583	1695,5
617,786	1777,5
617,988	1578,5
618,191	1786,5
618,394	1588,5
618,596	1552,5
618,799	1602,5
619,002	1640,5
619,204	1674,5
619,407	1747,5
619,61	1562,5
619,812	1608,5
620,015	1656,5
620,217	1789,5
620,42	1670,5
620,623	1844,5
620,825	1654,5
621,028	1793,5
621,23	1754,5
621,432	1734,5
621,635	1839,5
621,837	1717,5
622,04	1587,5
622,242	1656,5
622,445	1672,5
622,647	1652,5
622,849	1821,5
623,052	1660,5
623,254	1694,5
623,456	1501,5
623,658	1808,5
623,861	1782,5
624,063	1636,5
624,265	1678,5
624,467	1844,5
624,67	1562,5
624,872	1719,5
625,074	1908,5
625,276	1765,5
625,478	1751,5
625,68	1499,5
625,882	1540,5
626,084	1736,5
626,287	1707,5
626,489	1735,5
626,691	1701,5
626,893	1692,5
627,095	1724,5
627,297	1696,5
627,499	1641,5
627,7	1684,5
627,902	1529,5
628,104	1575,5
628,306	1590,5
628,508	1390,5
628,71	1670,5
628,912	1649,5
629,114	1845,5
629,315	1666,5
629,517	1581,5
629,719	1513,5
629,921	1632,5
630,122	1690,5
630,324	1562,5
630,526	1774,5
630,728	1693,5
630,929	1618,5
631,131	1493,5
631,332	1869,5
631,534	1776,5
631,736	1719,5
631,937	1527,5
632,139	1676,5
632,34	1691,5
632,542	1763,5
632,743	1708,5
632,945	1510,5
633,146	1688,5
633,348	1736,5
633,549	1644,5
633,751	1582,5
633,952	1679,5
634,154	1507,5
634,355	1472,5
634,556	1572,5
634,758	1656,5
634,959	1584,5
635,16	1730,5
635,362	1564,5
635,563	1742,5
635,764	1650,5
635,965	1800,5
636,167	1556,5
636,368	1673,5
636,569	1661,5
636,77	1752,5
636,971	1587,5
637,172	1696,5
637,374	1384,5
637,575	1868,5
637,776	1526,5
637,977	1506,5
638,178	1726,5
638,379	1644,5
638,58	1689,5
638,781	1509,5
638,982	1667,5
639,183	1643,5
639,384	1581,5
639,585	1633,5
639,786	1529,5
639,987	1616,5
640,187	1775,5
640,388	1790,5
640,589	1513,5
640,79	1638,5
640,991	1607,5
641,192	1855,5
641,392	1607,5
641,593	1522,5
641,794	1467,5
641,995	1603,5
642,195	1496,5
642,396	1602,5
642,597	1514,5
642,797	1630,5
642,998	1857,5
643,199	1597,5
643,399	1733,5
643,6	1506,5
643,8	1485,5
644,001	1625,5
644,202	1678,5
644,402	1586,5
644,603	1684,5
644,803	1319,5
645,004	1644,5
645,204	1514,5
645,404	1633,5
645,605	1932,5
645,805	1797,5
646,006	1530,5
646,206	2026,5
646,406	1583,5
646,607	1431,5
646,807	1460,5
647,007	-102,5
647,208	-25,5
647,408	64,5
647,608	110,5
