200,697	927,17
200,927	-37,83
201,158	-15,83
201,388	2,17
201,618	1563,17
201,849	1367,17
202,079	1526,17
202,309	1473,17
202,539	1633,17
202,77	1493,17
203	1688,17
203,23	1651,17
203,46	1558,17
203,691	1638,17
203,921	1718,17
204,151	1771,17
204,381	1625,17
204,611	1800,17
204,841	1533,17
205,071	1552,17
205,302	1779,17
205,532	1761,17
205,762	3692,17
205,992	1598,17
206,222	1622,17
206,452	1665,17
206,682	1629,17
206,912	1720,17
207,142	1776,17
207,372	1725,17
207,602	1415,17
207,832	1705,17
208,062	1711,17
208,292	1691,17
208,522	1523,17
208,752	1742,17
208,982	1493,17
209,212	1727,17
209,442	1763,17
209,672	1584,17
209,902	1616,17
210,131	1758,17
210,361	1579,17
210,591	1729,17
210,821	1605,17
211,051	1861,17
211,281	1739,17
211,51	1667,17
211,74	1718,17
211,97	1613,17
212,2	1665,17
212,429	1994,17
212,659	1709,17
212,889	1665,17
213,119	1593,17
213,348	1578,17
213,578	1781,17
213,808	1731,17
214,037	1788,17
214,267	1744,17
214,497	1708,17
214,726	1638,17
214,956	1605,17
215,186	1649,17
215,415	1672,17
215,645	1719,17
215,874	1766,17
216,104	1627,17
216,333	1709,17
216,563	1744,17
216,792	1716,17
217,022	1811,17
217,251	2013,17
217,481	1626,17
217,71	1737,17
217,94	1669,17
218,169	1695,17
218,399	1676,17
218,628	1724,17
218,858	1900,17
219,087	1696,17
219,316	1808,17
219,546	1701,17
219,775	1740,17
220,004	1875,17
220,234	1660,17
220,463	1701,17
220,692	1762,17
220,922	1721,17
221,151	1771,17
221,38	1749,17
221,61	2125,17
221,839	2018,17
222,068	1733,17
222,297	1877,17
222,526	1832,17
222,756	1839,17
222,985	1820,17
223,214	1848,17
223,443	1770,17
223,672	2317,17
223,902	1680,17
224,131	1721,17
224,36	1943,17
224,589	1622,17
224,818	1706,17
225,047	1835,17
225,276	1702,17
225,505	1956,17
225,734	1797,17
225,963	1768,17
226,192	1807,17
226,421	1740,17
226,65	1884,17
226,879	1744,17
227,108	1920,17
227,337	1973,17
227,566	1998,17
227,795	1857,17
228,024	1690,17
228,253	1741,17
228,482	1576,17
228,711	1895,17
228,94	1745,17
229,168	1829,17
229,397	1833,17
229,626	1955,17
229,855	1882,17
230,084	1769,17
230,313	1765,17
230,541	1979,17
230,77	1822,17
230,999	1817,17
231,228	2118,17
231,456	1967,17
231,685	1903,17
231,914	2032,17
232,143	1960,17
232,371	2086,17
232,6	2062,17
232,829	1987,17
233,057	2048,17
233,286	2059,17
233,515	2045,17
233,743	2102,17
233,972	1980,17
234,2	2095,17
234,429	2064,17
234,658	2185,17
234,886	2011,17
235,115	2181,17
235,343	2219,17
235,572	2124,17
235,8	2267,17
236,029	2533,17
236,257	2027,17
236,486	2311,17
236,714	2392,17
236,943	2405,17
237,171	2371,17
237,399	2398,17
237,628	2674,17
237,856	2402,17
238,085	2518,17
238,313	2452,17
238,541	2524,17
238,77	2906,17
238,998	2559,17
239,226	2739,17
239,455	2768,17
239,683	2802,17
239,911	2762,17
240,14	2979,17
240,368	3010,17
240,596	2945,17
240,824	3069,17
241,053	3027,17
241,281	3072,17
241,509	3134,17
241,737	3205,17
241,965	3063,17
242,193	3348,17
242,422	3282,17
242,65	3399,17
242,878	3399,17
243,106	3587,17
243,334	3602,17
243,562	3768,17
243,79	3783,17
244,018	3849,17
244,246	3744,17
244,474	3902,17
244,702	3909,17
244,93	3952,17
245,158	4116,17
245,386	4038,17
245,614	4153,17
245,842	4414,17
246,07	4207,17
246,298	4349,17
246,526	4841,17
246,754	4411,17
246,982	4549,17
247,21	4787,17
247,438	4629,17
247,666	4574,17
247,893	4675,17
248,121	4635,17
248,349	4661,17
248,577	4887,17
248,805	4974,17
249,033	4806,17
249,26	5009,17
249,488	4893,17
249,716	4978,17
249,944	4906,17
250,171	4972,17
250,399	5057,17
250,627	5263,17
250,854	5156,17
251,082	5028,17
251,31	5207,17
251,537	5148,17
251,765	5490,17
251,993	5133,17
252,22	5742,17
252,448	5276,17
252,676	5422,17
252,903	5376,17
253,131	5730,17
253,358	5520,17
253,586	5287,17
253,813	5377,17
254,041	5596,17
254,268	5434,17
254,496	5402,17
254,723	5429,17
254,951	5540,17
255,178	5477,17
255,406	5592,17
255,633	5552,17
255,86	5682,17
256,088	5516,17
256,315	5419,17
256,543	5710,17
256,77	5387,17
256,997	5621,17
257,225	5647,17
257,452	5488,17
257,679	5542,17
257,907	5638,17
258,134	5493,17
258,361	5583,17
258,588	5523,17
258,816	5566,17
259,043	5496,17
259,27	5513,17
259,497	5630,17
259,725	5447,17
259,952	5522,17
260,179	5452,17
260,406	5443,17
260,633	5450,17
260,86	5424,17
261,088	5553,17
261,315	5624,17
261,542	5378,17
261,769	5427,17
261,996	5720,17
262,223	5628,17
262,45	5685,17
262,677	5314,17
262,904	5288,17
263,131	5450,17
263,358	5320,17
263,585	5288,17
263,812	5574,17
264,039	5413,17
264,266	5162,17
264,493	5250,17
264,72	5173,17
264,947	5158,17
265,174	5382,17
265,401	5303,17
265,627	5269,17
265,854	5224,17
266,081	5489,17
266,308	4988,17
266,535	5145,17
266,762	5113,17
266,988	5067,17
267,215	5124,17
267,442	4923,17
267,669	5273,17
267,896	5130,17
268,122	5157,17
268,349	5120,17
268,576	4785,17
268,802	4992,17
269,029	4995,17
269,256	4904,17
269,482	4891,17
269,709	4900,17
269,936	4933,17
270,162	5144,17
270,389	4913,17
270,616	4982,17
270,842	5186,17
271,069	5097,17
271,295	5063,17
271,522	4908,17
271,748	5012,17
271,975	5120,17
272,201	5247,17
272,428	5045,17
272,654	5035,17
272,881	5330,17
273,107	5065,17
273,334	5233,17
273,56	5218,17
273,787	5084,17
274,013	5152,17
274,239	5415,17
274,466	5225,17
274,692	5253,17
274,918	5456,17
275,145	5453,17
275,371	5452,17
275,597	5657,17
275,824	5454,17
276,05	5641,17
276,276	5692,17
276,503	5584,17
276,729	5592,17
276,955	5573,17
277,181	5776,17
277,407	5725,17
277,634	5833,17
277,86	5818,17
278,086	5860,17
278,312	5833,17
278,538	5787,17
278,764	5895,17
278,991	5955,17
279,217	5811,17
279,443	5861,17
279,669	5943,17
279,895	6154,17
280,121	6027,17
280,347	6211,17
280,573	6291,17
280,799	6303,17
281,025	6636,17
281,251	6465,17
281,477	6782,17
281,703	6590,17
281,929	6714,17
282,155	6988,17
282,381	7115,17
282,607	7230,17
282,833	7305,17
283,059	7410,17
283,285	7436,17
283,51	7443,17
283,736	7526,17
283,962	7762,17
284,188	7932,17
284,414	8027,17
284,64	8232,17
284,865	8362,17
285,091	8238,17
285,317	8854,17
285,543	8777,17
285,768	8786,17
285,994	9033,17
286,22	9412,17
286,446	9533,17
286,671	9329,17
286,897	9517,17
287,123	9666,17
287,348	9715,17
287,574	10509,17
287,799	10118,17
288,025	10117,17
288,251	10603,17
288,476	10453,17
288,702	10741,17
288,927	10590,17
289,153	10793,17
289,378	10958,17
289,604	10977,17
289,829	11091,17
290,055	11053,17
290,28	11411,17
290,506	11540,17
290,731	11463,17
290,957	11650,17
291,182	11807,17
291,408	11897,17
291,633	11943,17
291,858	11919,17
292,084	12010,17
292,309	12054,17
292,535	12029,17
292,76	12176,17
292,985	12317,17
293,211	12226,17
293,436	12209,17
293,661	12130,17
293,886	12225,17
294,112	12270,17
294,337	12492,17
294,562	12054,17
294,787	12304,17
295,013	12368,17
295,238	12349,17
295,463	12499,17
295,688	12374,17
295,913	12373,17
296,138	12037,17
296,364	12002,17
296,589	11925,17
296,814	11759,17
297,039	11762,17
297,264	11845,17
297,489	11812,17
297,714	11883,17
297,939	11778,17
298,164	11931,17
298,389	12216,17
298,614	12215,17
298,839	12351,17
299,064	12518,17
299,289	12483,17
299,514	12605,17
299,739	12764,17
299,964	12740,17
300,189	12839,17
300,414	13003,17
300,639	13143,17
300,863	12878,17
301,088	13353,17
301,313	13017,17
301,538	12805,17
301,763	12890,17
301,988	13135,17
302,212	13173,17
302,437	13433,17
302,662	12865,17
302,887	13197,17
303,111	13201,17
303,336	13121,17
303,561	13326,17
303,786	13080,17
304,01	13192,17
304,235	13177,17
304,46	12761,17
304,684	12852,17
304,909	12794,17
305,134	12529,17
305,358	12563,17
305,583	12434,17
305,807	12693,17
306,032	12212,17
306,256	12427,17
306,481	12501,17
306,706	12390,17
306,93	12488,17
307,155	13136,17
307,379	12859,17
307,604	12911,17
307,828	12903,17
308,052	13349,17
308,277	13306,17
308,501	13364,17
308,726	13319,17
308,95	13059,17
309,175	13081,17
309,399	13396,17
309,623	13127,17
309,848	12975,17
310,072	13153,17
310,296	13525,17
310,521	13245,17
310,745	13224,17
310,969	13398,17
311,193	13236,17
311,418	13364,17
311,642	13100,17
311,866	13317,17
312,09	13175,17
312,315	13243,17
312,539	13158,17
312,763	12993,17
312,987	13334,17
313,211	13203,17
313,435	13318,17
313,659	12874,17
313,884	13397,17
314,108	13299,17
314,332	13258,17
314,556	12888,17
314,78	13297,17
315,004	13084,17
315,228	13153,17
315,452	13073,17
315,676	13115,17
315,9	12991,17
316,124	12760,17
316,348	12904,17
316,572	12856,17
316,796	12718,17
317,02	12674,17
317,244	12890,17
317,468	12620,17
317,691	12934,17
317,915	12767,17
318,139	12577,17
318,363	12969,17
318,587	12553,17
318,811	12480,17
319,034	12229,17
319,258	12501,17
319,482	12564,17
319,706	12551,17
319,93	12421,17
320,153	12379,17
320,377	12503,17
320,601	12437,17
320,824	12371,17
321,048	12636,17
321,272	12589,17
321,495	12560,17
321,719	12462,17
321,943	12670,17
322,166	12790,17
322,39	12499,17
322,614	12599,17
322,837	12853,17
323,061	12603,17
323,284	12745,17
323,508	12628,17
323,731	12724,17
323,955	12565,17
324,178	12626,17
324,402	12653,17
324,625	12600,17
324,849	12626,17
325,072	12623,17
325,296	12587,17
325,519	12393,17
325,743	12563,17
325,966	12519,17
326,189	12616,17
326,413	12214,17
326,636	12723,17
326,859	12376,17
327,083	12541,17
327,306	12026,17
327,529	12045,17
327,753	11912,17
327,976	12121,17
328,199	12245,17
328,422	12176,17
328,646	12107,17
328,869	11966,17
329,092	12221,17
329,315	12396,17
329,538	12215,17
329,762	12286,17
329,985	12229,17
330,208	12309,17
330,431	12438,17
330,654	12554,17
330,877	12378,17
331,1	12315,17
331,323	12299,17
331,546	12336,17
331,769	12442,17
331,993	12268,17
332,216	12228,17
332,439	12409,17
332,662	12353,17
332,885	12391,17
333,107	12180,17
333,33	12238,17
333,553	12527,17
333,776	12244,17
333,999	12408,17
334,222	12186,17
334,445	12305,17
334,668	12272,17
334,891	12293,17
335,114	12084,17
335,336	12243,17
335,559	12197,17
335,782	12553,17
336,005	12113,17
336,228	12283,17
336,45	12053,17
336,673	11957,17
336,896	12262,17
337,119	12026,17
337,341	12107,17
337,564	11832,17
337,787	12161,17
338,009	12108,17
338,232	11919,17
338,455	12078,17
338,677	11958,17
338,9	11945,17
339,122	11978,17
339,345	11794,17
339,568	11755,17
339,79	11763,17
340,013	11845,17
340,235	11853,17
340,458	11650,17
340,68	12000,17
340,903	11608,17
341,125	11662,17
341,348	11824,17
341,57	11591,17
341,793	11621,17
342,015	11291,17
342,238	11415,17
342,46	11353,17
342,682	11380,17
342,905	11058,17
343,127	11279,17
343,349	11193,17
343,572	11093,17
343,794	10857,17
344,016	10966,17
344,239	11154,17
344,461	10950,17
344,683	10889,17
344,905	11048,17
345,128	11057,17
345,35	11285,17
345,572	11315,17
345,794	11297,17
346,017	11298,17
346,239	11314,17
346,461	11342,17
346,683	11252,17
346,905	11421,17
347,127	11369,17
347,349	11304,17
347,571	11334,17
347,793	11509,17
348,016	11279,17
348,238	11328,17
348,46	11290,17
348,682	11201,17
348,904	11216,17
349,126	11188,17
349,348	11248,17
349,57	11162,17
349,792	11093,17
350,014	10993,17
350,235	11179,17
350,457	11542,17
350,679	11151,17
350,901	11003,17
351,123	10809,17
351,345	10883,17
351,567	10996,17
351,789	10793,17
352,01	10930,17
352,232	10737,17
352,454	10641,17
352,676	10642,17
352,897	10231,17
353,119	10161,17
353,341	10065,17
353,563	9955,17
353,784	9871,17
354,006	10094,17
354,228	10107,17
354,449	10202,17
354,671	10446,17
354,893	10497,17
355,114	10722,17
355,336	10529,17
355,558	10638,17
355,779	10427,17
356,001	10566,17
356,222	10688,17
356,444	10447,17
356,665	10905,17
356,887	10467,17
357,108	10255,17
357,33	10524,17
357,551	10656,17
357,773	10444,17
357,994	10363,17
358,216	10479,17
358,437	10511,17
358,659	10491,17
358,88	10298,17
359,101	10272,17
359,323	10421,17
359,544	10269,17
359,765	10110,17
359,987	10302,17
360,208	10245,17
360,429	10255,17
360,651	10088,17
360,872	10354,17
361,093	10050,17
361,314	10121,17
361,536	10066,17
361,757	10031,17
361,978	10095,17
362,199	10001,17
362,42	9766,17
362,642	9932,17
362,863	10023,17
363,084	9897,17
363,305	9809,17
363,526	9803,17
363,747	9739,17
363,968	9601,17
364,189	9827,17
364,41	9603,17
364,631	9482,17
364,852	9700,17
365,073	9627,17
365,294	9573,17
365,515	9543,17
365,736	9650,17
365,957	9671,17
366,178	9518,17
366,399	9738,17
366,62	9868,17
366,841	9747,17
367,062	9771,17
367,283	9862,17
367,504	9645,17
367,724	9615,17
367,945	9572,17
368,166	9902,17
368,387	9677,17
368,608	9682,17
368,828	9908,17
369,049	9563,17
369,27	9346,17
369,491	9521,17
369,711	9625,17
369,932	9648,17
370,153	9699,17
370,373	9587,17
370,594	9774,17
370,815	9669,17
371,035	9778,17
371,256	9340,17
371,477	9443,17
371,697	9419,17
371,918	9331,17
372,138	9448,17
372,359	9708,17
372,579	9229,17
372,8	9363,17
373,02	9503,17
373,241	9425,17
373,461	9340,17
373,682	9440,17
373,902	9376,17
374,123	9386,17
374,343	9541,17
374,564	9433,17
374,784	9360,17
375,004	9418,17
375,225	9021,17
375,445	9088,17
375,666	9275,17
375,886	8753,17
376,106	8974,17
376,326	9036,17
376,547	9361,17
376,767	9411,17
376,987	9259,17
377,208	9355,17
377,428	9396,17
377,648	9666,17
377,868	9789,17
378,088	9718,17
378,309	9885,17
378,529	10050,17
378,749	9966,17
378,969	9795,17
379,189	9807,17
379,409	9638,17
379,629	9522,17
379,849	9635,17
380,069	9545,17
380,29	9477,17
380,51	9507,17
380,73	9514,17
380,95	9523,17
381,17	9434,17
381,39	9222,17
381,61	9399,17
381,829	9259,17
382,049	9317,17
382,269	9349,17
382,489	9355,17
382,709	9154,17
382,929	9115,17
383,149	8987,17
383,369	9358,17
383,589	9088,17
383,808	9257,17
384,028	9204,17
384,248	9161,17
384,468	9093,17
384,688	9283,17
384,907	9285,17
385,127	9404,17
385,347	9399,17
385,567	9211,17
385,786	9540,17
386,006	9300,17
386,226	9586,17
386,445	9523,17
386,665	9760,17
386,885	9979,17
387,104	9860,17
387,324	9845,17
387,543	9906,17
387,763	9901,17
387,982	10049,17
388,202	9955,17
388,422	9919,17
388,641	9751,17
388,861	9747,17
389,08	9682,17
389,3	9558,17
389,519	9736,17
389,738	9602,17
389,958	9752,17
390,177	9519,17
390,397	9496,17
390,616	9718,17
390,836	9945,17
391,055	9765,17
391,274	9910,17
391,494	9876,17
391,713	10146,17
391,932	10235,17
392,151	10483,17
392,371	10416,17
392,59	10665,17
392,809	10519,17
393,029	10047,17
393,248	9722,17
393,467	9311,17
393,686	9327,17
393,905	10588,17
394,124	9599,17
394,344	9490,17
394,563	9736,17
394,782	9555,17
395,001	9658,17
395,22	9495,17
395,439	9592,17
395,658	9573,17
395,877	9912,17
396,096	9808,17
396,315	10060,17
396,534	9850,17
396,753	10312,17
396,972	10022,17
397,191	10361,17
397,41	10463,17
397,629	10683,17
397,848	10582,17
398,067	10912,17
398,286	10625,17
398,505	10321,17
398,724	10337,17
398,943	10563,17
399,161	9885,17
399,38	10055,17
399,599	9807,17
399,818	9923,17
400,037	9949,17
400,255	9727,17
400,474	9622,17
400,693	9788,17
400,912	9791,17
401,13	9427,17
401,349	9381,17
401,568	9046,17
401,786	9483,17
402,005	9317,17
402,224	9235,17
402,442	9275,17
402,661	9261,17
402,88	9145,17
403,098	9010,17
403,317	9105,17
403,535	9125,17
403,754	9078,17
403,972	9244,17
404,191	9237,17
404,409	9349,17
404,628	10159,17
404,846	9777,17
405,065	9838,17
405,283	9703,17
405,502	9456,17
405,72	9312,17
405,938	8973,17
406,157	8967,17
406,375	8862,17
406,594	9093,17
406,812	8907,17
407,03	8755,17
407,249	8601,17
407,467	8872,17
407,685	9094,17
407,903	9117,17
408,122	9216,17
408,34	9286,17
408,558	9033,17
408,776	8999,17
408,995	9006,17
409,213	9107,17
409,431	9125,17
409,649	9276,17
409,867	8985,17
410,085	8809,17
410,303	8857,17
410,522	8700,17
410,74	8671,17
410,958	8712,17
411,176	8832,17
411,394	8707,17
411,612	8717,17
411,83	9157,17
412,048	9151,17
412,266	9082,17
412,484	9128,17
412,702	9220,17
412,92	8909,17
413,138	8980,17
413,356	8759,17
413,573	8822,17
413,791	8804,17
414,009	8315,17
414,227	8669,17
414,445	8368,17
414,663	8498,17
414,881	8485,17
415,098	8403,17
415,316	8505,17
415,534	8911,17
415,752	8569,17
415,969	8723,17
416,187	8490,17
416,405	8608,17
416,623	8695,17
416,84	8388,17
417,058	8595,17
417,276	8630,17
417,493	8701,17
417,711	8588,17
417,928	8574,17
418,146	8584,17
418,364	8577,17
418,581	8520,17
418,799	8607,17
419,016	8517,17
419,234	8553,17
419,451	9083,17
419,669	8719,17
419,886	8773,17
420,104	8795,17
420,321	8873,17
420,539	9155,17
420,756	9390,17
420,974	9582,17
421,191	9530,17
421,408	9744,17
421,626	9791,17
421,843	9302,17
422,06	9143,17
422,278	8898,17
422,495	9210,17
422,712	9046,17
422,93	9097,17
423,147	9101,17
423,364	8833,17
423,581	8906,17
423,799	8656,17
424,016	8575,17
424,233	8810,17
424,45	8881,17
424,667	8935,17
424,884	8806,17
425,102	8744,17
425,319	8309,17
425,536	8271,17
425,753	8433,17
425,97	8194,17
426,187	8348,17
426,404	8396,17
426,621	8843,17
426,838	8953,17
427,055	9099,17
427,272	8961,17
427,489	8883,17
427,706	8579,17
427,923	8500,17
428,14	8630,17
428,357	8995,17
428,574	8769,17
428,791	9116,17
429,008	9429,17
429,224	9558,17
429,441	9732,17
429,658	10104,17
429,875	10053,17
430,092	9875,17
430,308	9819,17
430,525	9580,17
430,742	9119,17
430,959	8983,17
431,175	8622,17
431,392	8171,17
431,609	8176,17
431,826	8044,17
432,042	7948,17
432,259	7849,17
432,476	8261,17
432,692	7948,17
432,909	8453,17
433,125	9083,17
433,342	9246,17
433,559	9290,17
433,775	8980,17
433,992	8376,17
434,208	7999,17
434,425	8144,17
434,641	8394,17
434,858	8558,17
435,074	8338,17
435,291	8223,17
435,507	8391,17
435,723	8451,17
435,94	8333,17
436,156	8540,17
436,373	8708,17
436,589	8347,17
436,805	8239,17
437,022	8065,17
437,238	8067,17
437,454	8216,17
437,671	8267,17
437,887	8414,17
438,103	8400,17
438,319	8413,17
438,536	8452,17
438,752	8242,17
438,968	8226,17
439,184	8083,17
439,4	8115,17
439,616	7758,17
439,833	8142,17
440,049	7984,17
440,265	8391,17
440,481	8588,17
440,697	9033,17
440,913	9375,17
441,129	9449,17
441,345	9442,17
441,561	9021,17
441,777	8709,17
441,993	8694,17
442,209	8543,17
442,425	8569,17
442,641	8603,17
442,857	8848,17
443,073	8987,17
443,289	8899,17
443,505	8782,17
443,721	8805,17
443,937	8675,17
444,152	8384,17
444,368	8470,17
444,584	8544,17
444,8	8549,17
445,016	8421,17
445,231	8253,17
445,447	8345,17
445,663	8381,17
445,879	8251,17
446,094	8552,17
446,31	8600,17
446,526	8360,17
446,742	8186,17
446,957	8123,17
447,173	8231,17
447,388	8065,17
447,604	8157,17
447,82	7880,17
448,035	8063,17
448,251	8005,17
448,466	8067,17
448,682	8152,17
448,897	8049,17
449,113	8120,17
449,328	8102,17
449,544	7907,17
449,759	8125,17
449,975	7865,17
450,19	7862,17
450,406	7728,17
450,621	7641,17
450,836	7545,17
451,052	7595,17
451,267	7369,17
451,483	7638,17
451,698	7388,17
451,913	7616,17
452,129	7534,17
452,344	7327,17
452,559	7450,17
452,774	7191,17
452,99	7139,17
453,205	7245,17
453,42	7514,17
453,635	7146,17
453,85	6916,17
454,066	7158,17
454,281	7112,17
454,496	7244,17
454,711	7474,17
454,926	7562,17
455,141	7246,17
455,356	7184,17
455,571	7013,17
455,786	7043,17
456,001	6905,17
456,217	6811,17
456,432	7000,17
456,647	7077,17
456,861	7184,17
457,076	7249,17
457,291	7413,17
457,506	7351,17
457,721	7359,17
457,936	7456,17
458,151	7386,17
458,366	7626,17
458,581	7289,17
458,796	7580,17
459,01	7343,17
459,225	7416,17
459,44	7161,17
459,655	7266,17
459,87	7140,17
460,084	7025,17
460,299	7025,17
460,514	7205,17
460,729	7740,17
460,943	6961,17
461,158	6762,17
461,373	6661,17
461,587	6347,17
461,802	6246,17
462,016	6519,17
462,231	6282,17
462,446	6468,17
462,66	6673,17
462,875	6944,17
463,089	6775,17
463,304	6917,17
463,518	6954,17
463,733	6955,17
463,947	6943,17
464,162	7182,17
464,376	7219,17
464,591	7382,17
464,805	7149,17
465,02	7522,17
465,234	7510,17
465,448	7490,17
465,663	7312,17
465,877	6996,17
466,091	6660,17
466,306	6637,17
466,52	6585,17
466,734	6453,17
466,949	6255,17
467,163	6322,17
467,377	6324,17
467,591	6510,17
467,806	6308,17
468,02	6205,17
468,234	6032,17
468,448	6101,17
468,662	5953,17
468,876	6077,17
469,091	5700,17
469,305	5911,17
469,519	5585,17
469,733	5552,17
469,947	5547,17
470,161	5717,17
470,375	5414,17
470,589	5712,17
470,803	5539,17
471,017	5559,17
471,231	5857,17
471,445	5543,17
471,659	5731,17
471,873	5591,17
472,087	5721,17
472,301	5799,17
472,515	5737,17
472,728	6013,17
472,942	6013,17
473,156	5978,17
473,37	5865,17
473,584	5716,17
473,798	5937,17
474,011	5656,17
474,225	5787,17
474,439	6113,17
474,653	6151,17
474,866	6178,17
475,08	6126,17
475,294	6132,17
475,507	5752,17
475,721	5982,17
475,935	5885,17
476,148	5877,17
476,362	5539,17
476,576	5598,17
476,789	5782,17
477,003	5674,17
477,216	5942,17
477,43	5881,17
477,643	6113,17
477,857	6174,17
478,07	5957,17
478,284	5876,17
478,497	5784,17
478,711	5836,17
478,924	5773,17
479,138	5810,17
479,351	5974,17
479,564	6141,17
479,778	6281,17
479,991	6105,17
480,204	6088,17
480,418	6106,17
480,631	6000,17
480,844	6026,17
481,058	6168,17
481,271	6253,17
481,484	6215,17
481,697	6015,17
481,911	6056,17
482,124	5902,17
482,337	5943,17
482,55	5722,17
482,763	5866,17
482,976	6088,17
483,19	5871,17
483,403	6035,17
483,616	6206,17
483,829	6389,17
484,042	6392,17
484,255	6619,17
484,468	6501,17
484,681	6515,17
484,894	7987,17
485,107	13930,17
485,32	19138,17
485,533	18610,17
485,746	15840,17
485,959	13134,17
486,172	10277,17
486,385	8001,17
486,598	7376,17
486,81	6740,17
487,023	6524,17
487,236	6496,17
487,449	6039,17
487,662	5722,17
487,875	5661,17
488,087	5648,17
488,3	5635,17
488,513	5435,17
488,726	5547,17
488,938	5853,17
489,151	5670,17
489,364	5607,17
489,576	5505,17
489,789	5757,17
490,002	5445,17
490,214	5399,17
490,427	5297,17
490,64	5590,17
490,852	5577,17
491,065	5344,17
491,277	5340,17
491,49	5402,17
491,702	5123,17
491,915	5443,17
492,127	5561,17
492,34	5296,17
492,552	5529,17
492,765	5559,17
492,977	5642,17
493,19	5345,17
493,402	5470,17
493,614	5435,17
493,827	5352,17
494,039	5460,17
494,251	5353,17
494,464	5170,17
494,676	5049,17
494,888	5028,17
495,101	4910,17
495,313	5113,17
495,525	5440,17
495,737	5826,17
495,95	5532,17
496,162	5695,17
496,374	5349,17
496,586	5228,17
496,798	5168,17
497,01	4958,17
497,222	4790,17
497,435	5039,17
497,647	4962,17
497,859	4790,17
498,071	5107,17
498,283	5128,17
498,495	5018,17
498,707	5424,17
498,919	5136,17
499,131	5451,17
499,343	5209,17
499,555	5128,17
499,767	5194,17
499,979	4942,17
500,191	5119,17
500,402	4857,17
500,614	5232,17
500,826	5442,17
501,038	5115,17
501,25	5168,17
501,462	5106,17
501,673	5210,17
501,885	5179,17
502,097	5458,17
502,309	5167,17
502,521	5272,17
502,732	5129,17
502,944	5205,17
503,156	5135,17
503,367	5181,17
503,579	4814,17
503,791	4976,17
504,002	4881,17
504,214	4885,17
504,425	5127,17
504,637	5113,17
504,849	4931,17
505,06	4962,17
505,272	4872,17
505,483	4834,17
505,695	4837,17
505,906	4784,17
506,118	5012,17
506,329	4806,17
506,541	4638,17
506,752	4602,17
506,963	4534,17
507,175	4423,17
507,386	5090,17
507,598	4775,17
507,809	4475,17
508,02	4566,17
508,232	4761,17
508,443	4471,17
508,654	4710,17
508,865	4539,17
509,077	4302,17
509,288	4433,17
509,499	4637,17
509,71	4352,17
509,922	4522,17
510,133	4446,17
510,344	4570,17
510,555	4342,17
510,766	4431,17
510,977	4350,17
511,188	4289,17
511,4	4200,17
511,611	4221,17
511,822	4154,17
512,033	4184,17
512,244	4177,17
512,455	4205,17
512,666	4239,17
512,877	4187,17
513,088	4121,17
513,299	4165,17
513,51	4192,17
513,721	4107,17
513,931	4098,17
514,142	4229,17
514,353	4233,17
514,564	3925,17
514,775	3863,17
514,986	4024,17
515,196	4216,17
515,407	3745,17
515,618	3995,17
515,829	3964,17
516,04	4038,17
516,25	4019,17
516,461	4034,17
516,672	4011,17
516,882	3983,17
517,093	3994,17
517,304	3795,17
517,514	3827,17
517,725	3977,17
517,936	3797,17
518,146	3823,17
518,357	4017,17
518,567	4026,17
518,778	4413,17
518,988	4029,17
519,199	4141,17
519,409	3782,17
519,62	3753,17
519,83	3785,17
520,041	3831,17
520,251	3824,17
520,462	3898,17
520,672	3844,17
520,882	3853,17
521,093	3867,17
521,303	3825,17
521,513	3659,17
521,724	4829,17
521,934	3603,17
522,144	3781,17
522,355	3796,17
522,565	3681,17
522,775	3636,17
522,985	3717,17
523,196	3695,17
523,406	3698,17
523,616	3930,17
523,826	3730,17
524,036	4460,17
524,246	3768,17
524,457	3563,17
524,667	3379,17
524,877	3647,17
525,087	3314,17
525,297	3699,17
525,507	3746,17
525,717	3490,17
525,927	3619,17
526,137	3604,17
526,347	3709,17
526,557	3520,17
526,767	3599,17
526,977	3934,17
527,187	3573,17
527,397	3379,17
527,607	3412,17
527,816	3550,17
528,026	3708,17
528,236	3817,17
528,446	3911,17
528,656	3781,17
528,865	3920,17
529,075	3682,17
529,285	3564,17
529,495	3617,17
529,704	3642,17
529,914	3485,17
530,124	3546,17
530,334	3424,17
530,543	3376,17
530,753	3714,17
530,963	3834,17
531,172	3625,17
531,382	3394,17
531,591	3735,17
531,801	3325,17
532,01	3382,17
532,22	3488,17
532,43	3512,17
532,639	3925,17
532,849	3821,17
533,058	3626,17
533,267	3730,17
533,477	3477,17
533,686	3531,17
533,896	3577,17
534,105	3518,17
534,315	3773,17
534,524	3447,17
534,733	3529,17
534,943	3589,17
535,152	3533,17
535,361	3283,17
535,57	3323,17
535,78	3280,17
535,989	3184,17
536,198	3176,17
536,407	3105,17
536,617	3152,17
536,826	3269,17
537,035	3376,17
537,244	3183,17
537,453	3121,17
537,662	3367,17
537,872	3532,17
538,081	3379,17
538,29	3250,17
538,499	3178,17
538,708	3345,17
538,917	3412,17
539,126	3373,17
539,335	3360,17
539,544	3747,17
539,753	3142,17
539,962	3310,17
540,171	3262,17
540,38	3462,17
540,589	3333,17
540,797	3522,17
541,006	3335,17
541,215	3311,17
541,424	3538,17
541,633	3467,17
541,842	3346,17
542,05	3578,17
542,259	3419,17
542,468	3300,17
542,677	3493,17
542,885	3407,17
543,094	3403,17
543,303	3309,17
543,512	3576,17
543,72	3478,17
543,929	3552,17
544,138	3354,17
544,346	3355,17
544,555	3453,17
544,763	3423,17
544,972	3209,17
545,18	3072,17
545,389	3248,17
545,598	3157,17
545,806	3179,17
546,015	3103,17
546,223	3206,17
546,431	3178,17
546,64	3092,17
546,848	3361,17
547,057	3383,17
547,265	3391,17
547,474	3563,17
547,682	3577,17
547,89	3516,17
548,099	3349,17
548,307	3298,17
548,515	3347,17
548,723	3132,17
548,932	3109,17
549,14	3134,17
549,348	3239,17
549,556	3119,17
549,765	3050,17
549,973	3002,17
550,181	3258,17
550,389	3047,17
550,597	3162,17
550,805	2939,17
551,014	3067,17
551,222	5807,17
551,43	3160,17
551,638	3455,17
551,846	3538,17
552,054	3538,17
552,262	3302,17
552,47	3056,17
552,678	3062,17
552,886	3173,17
553,094	2967,17
553,302	3113,17
553,51	3163,17
553,717	3175,17
553,925	2789,17
554,133	3140,17
554,341	2823,17
554,549	3113,17
554,757	3147,17
554,965	3107,17
555,172	3097,17
555,38	3441,17
555,588	3037,17
555,796	3129,17
556,003	3191,17
556,211	2811,17
556,419	2952,17
556,626	3012,17
556,834	2854,17
557,042	2854,17
557,249	2939,17
557,457	3041,17
557,664	2698,17
557,872	2746,17
558,08	2716,17
558,287	2833,17
558,495	2948,17
558,702	2726,17
558,91	2519,17
559,117	2687,17
559,325	2861,17
559,532	2937,17
559,74	3137,17
559,947	3004,17
560,154	3165,17
560,362	2840,17
560,569	2938,17
560,776	2905,17
560,984	2945,17
561,191	2831,17
561,398	2755,17
561,606	3177,17
561,813	2753,17
562,02	2576,17
562,227	2539,17
562,435	2741,17
562,642	2773,17
562,849	2841,17
563,056	2767,17
563,263	2759,17
563,471	2981,17
563,678	2883,17
563,885	2758,17
564,092	2814,17
564,299	2803,17
564,506	2921,17
564,713	2854,17
564,92	2770,17
565,127	2825,17
565,334	2720,17
565,541	3138,17
565,748	2785,17
565,955	2698,17
566,162	2776,17
566,369	2925,17
566,576	3081,17
566,783	3192,17
566,99	3024,17
567,196	3124,17
567,403	2875,17
567,61	3280,17
567,817	3065,17
568,024	3185,17
568,23	3314,17
568,437	3264,17
568,644	3230,17
568,851	3526,17
569,057	4013,17
569,264	4059,17
569,471	3789,17
569,677	3764,17
569,884	3664,17
570,091	3844,17
570,297	4822,17
570,504	4198,17
570,71	4099,17
570,917	3785,17
571,123	3928,17
571,33	4132,17
571,536	3979,17
571,743	4052,17
571,949	3408,17
572,156	3122,17
572,362	3453,17
572,569	3635,17
572,775	4005,17
572,982	4157,17
573,188	4040,17
573,394	3780,17
573,601	4111,17
573,807	4114,17
574,013	4390,17
574,22	4039,17
574,426	3867,17
574,632	4151,17
574,838	3814,17
575,045	3490,17
575,251	3488,17
575,457	3413,17
575,663	3713,17
575,869	3750,17
576,076	3956,17
576,282	4058,17
576,488	3855,17
576,694	3817,17
576,9	3837,17
577,106	4442,17
577,312	4617,17
577,518	4661,17
577,724	4406,17
577,93	3837,17
578,136	3613,17
578,342	3642,17
578,548	3377,17
578,754	3287,17
578,96	3443,17
579,166	3785,17
579,372	3892,17
579,578	3792,17
579,784	3886,17
579,989	3788,17
580,195	3488,17
580,401	3495,17
580,607	3955,17
580,813	5007,17
581,018	5433,17
581,224	4938,17
581,43	4589,17
581,636	4612,17
581,841	4361,17
582,047	3862,17
582,253	3586,17
582,458	3323,17
582,664	3120,17
582,869	3053,17
583,075	2803,17
583,281	3217,17
583,486	3175,17
583,692	3201,17
583,897	3456,17
584,103	3355,17
584,308	3692,17
584,514	3765,17
584,719	3840,17
584,925	3751,17
585,13	3654,17
585,335	3448,17
585,541	3259,17
585,746	3084,17
585,952	2809,17
586,157	2926,17
586,362	3041,17
586,568	3278,17
586,773	3473,17
586,978	3200,17
587,183	3294,17
587,389	3131,17
587,594	2884,17
587,799	2928,17
588,004	3124,17
588,21	2995,17
588,415	2669,17
588,62	2646,17
588,825	2755,17
589,03	2606,17
589,235	3161,17
589,44	2811,17
589,645	2490,17
589,85	2651,17
590,055	2798,17
590,26	2622,17
590,465	2464,17
590,67	2519,17
590,875	2659,17
591,08	2563,17
591,285	2457,17
591,49	2378,17
591,695	2382,17
591,9	2204,17
592,105	2677,17
592,31	2841,17
592,515	3042,17
592,719	2609,17
592,924	2564,17
593,129	2561,17
593,334	2549,17
593,539	2371,17
593,743	2475,17
593,948	2261,17
594,153	2310,17
594,357	2579,17
594,562	2611,17
594,767	2821,17
594,971	2299,17
595,176	2337,17
595,381	2440,17
595,585	2245,17
595,79	2416,17
595,994	2092,17
596,199	2589,17
596,403	1998,17
596,608	2169,17
596,812	2228,17
597,017	2281,17
597,221	2510,17
597,426	2491,17
597,63	2128,17
597,835	2083,17
598,039	2135,17
598,243	2278,17
598,448	2606,17
598,652	2496,17
598,856	2212,17
599,061	2356,17
599,265	2233,17
599,469	2179,17
599,673	2371,17
599,878	2353,17
600,082	2153,17
600,286	2260,17
600,49	2378,17
600,695	2160,17
600,899	2193,17
601,103	2173,17
601,307	2305,17
601,511	2199,17
601,715	2031,17
601,919	2000,17
602,123	2260,17
602,327	2235,17
602,531	2253,17
602,735	2391,17
602,939	2369,17
603,143	2109,17
603,347	2253,17
603,551	2097,17
603,755	2168,17
603,959	2219,17
604,163	2140,17
604,367	2038,17
604,571	2205,17
604,775	2331,17
604,978	2134,17
605,182	2087,17
605,386	2328,17
605,59	2210,17
605,793	2200,17
605,997	2245,17
606,201	2162,17
606,405	2183,17
606,608	2257,17
606,812	2190,17
607,016	2262,17
607,219	1895,17
607,423	2017,17
607,627	2227,17
607,83	2084,17
608,034	2064,17
608,237	2169,17
608,441	1991,17
608,644	2158,17
608,848	2088,17
609,051	2193,17
609,255	2046,17
609,458	2230,17
609,662	2135,17
609,865	2171,17
610,069	1877,17
610,272	2075,17
610,475	2011,17
610,679	2025,17
610,882	2016,17
611,085	2082,17
611,289	2141,17
611,492	2341,17
611,695	1931,17
611,898	1949,17
612,102	2163,17
612,305	2060,17
612,508	2119,17
612,711	2181,17
612,914	1903,17
613,118	2148,17
613,321	2084,17
613,524	1960,17
613,727	1955,17
613,93	1985,17
614,133	2041,17
614,336	2016,17
614,539	2009,17
614,742	1917,17
614,945	2000,17
615,148	2145,17
615,351	2029,17
615,554	2117,17
615,757	1974,17
615,96	2056,17
616,163	2061,17
616,366	2064,17
616,569	1927,17
616,772	2203,17
616,974	2063,17
617,177	2153,17
617,38	2115,17
617,583	2045,17
617,786	1890,17
617,988	1870,17
618,191	2120,17
618,394	2014,17
618,596	1979,17
618,799	1846,17
619,002	2005,17
619,204	2066,17
619,407	2042,17
619,61	1909,17
619,812	1901,17
620,015	1856,17
620,217	2119,17
620,42	1881,17
620,623	1925,17
620,825	1964,17
621,028	2079,17
621,23	2073,17
621,432	2033,17
621,635	2158,17
621,837	2063,17
622,04	1974,17
622,242	1912,17
622,445	2059,17
622,647	2109,17
622,849	2086,17
623,052	1830,17
623,254	2024,17
623,456	1914,17
623,658	2067,17
623,861	2105,17
624,063	2245,17
624,265	1999,17
624,467	2058,17
624,67	1813,17
624,872	2019,17
625,074	2196,17
625,276	2086,17
625,478	2099,17
625,68	1803,17
625,882	1962,17
626,084	1959,17
626,287	2126,17
626,489	2101,17
626,691	1843,17
626,893	2050,17
627,095	1781,17
627,297	1927,17
627,499	1841,17
627,7	1680,17
627,902	1772,17
628,104	1758,17
628,306	1919,17
628,508	1623,17
628,71	1856,17
628,912	1968,17
629,114	2162,17
629,315	1932,17
629,517	1795,17
629,719	1923,17
629,921	1977,17
630,122	1934,17
630,324	1806,17
630,526	2017,17
630,728	1839,17
630,929	1828,17
631,131	1730,17
631,332	2073,17
631,534	2024,17
631,736	1922,17
631,937	1735,17
632,139	1850,17
632,34	1852,17
632,542	1819,17
632,743	1848,17
632,945	1741,17
633,146	1872,17
633,348	1899,17
633,549	1877,17
633,751	1738,17
633,952	1813,17
634,154	1678,17
634,355	1584,17
634,556	1789,17
634,758	1771,17
634,959	1731,17
635,16	1946,17
635,362	1731,17
635,563	2019,17
635,764	1856,17
635,965	1873,17
636,167	1828,17
636,368	1793,17
636,569	1763,17
636,77	1884,17
636,971	1739,17
637,172	1870,17
637,374	1713,17
637,575	1929,17
637,776	1665,17
637,977	1643,17
638,178	1899,17
638,379	1856,17
638,58	1835,17
638,781	1634,17
638,982	1763,17
639,183	1777,17
639,384	1713,17
639,585	1725,17
639,786	1657,17
639,987	1718,17
640,187	1861,17
640,388	1832,17
640,589	1653,17
640,79	1738,17
640,991	1822,17
641,192	1885,17
641,392	1717,17
641,593	1684,17
641,794	1589,17
641,995	1689,17
642,195	1495,17
642,396	1542,17
642,597	1537,17
642,797	1713,17
642,998	1764,17
643,199	1653,17
643,399	1811,17
643,6	1637,17
643,8	1749,17
644,001	1681,17
644,202	1777,17
644,402	1690,17
644,603	1789,17
644,803	1630,17
645,004	1815,17
645,204	1552,17
645,404	1832,17
645,605	2025,17
645,805	1618,17
646,006	1577,17
646,206	2104,17
646,406	1647,17
646,607	1472,17
646,807	1347,17
647,007	-18,83
647,208	17,17
647,408	-3,83
647,608	19,17
