200,697	911,83
200,927	-103,17
201,158	-69,17
201,388	27,83
201,618	1487,83
201,849	1388,83
202,079	1617,83
202,309	1464,83
202,539	1665,83
202,77	1516,83
203	1669,83
203,23	1432,83
203,46	1557,83
203,691	1585,83
203,921	1688,83
204,151	1588,83
204,381	1531,83
204,611	1671,83
204,841	1582,83
205,071	1582,83
205,302	1633,83
205,532	1729,83
205,762	3820,83
205,992	1559,83
206,222	1571,83
206,452	1632,83
206,682	1491,83
206,912	1735,83
207,142	1726,83
207,372	1630,83
207,602	1542,83
207,832	1451,83
208,062	1685,83
208,292	1636,83
208,522	1413,83
208,752	1647,83
208,982	1550,83
209,212	1778,83
209,442	1594,83
209,672	1554,83
209,902	1578,83
210,131	1512,83
210,361	1462,83
210,591	1591,83
210,821	1578,83
211,051	1623,83
211,281	1664,83
211,51	1589,83
211,74	1682,83
211,97	1593,83
212,2	1658,83
212,429	1922,83
212,659	1620,83
212,889	1674,83
213,119	1586,83
213,348	1596,83
213,578	1803,83
213,808	1742,83
214,037	1702,83
214,267	1722,83
214,497	1590,83
214,726	1577,83
214,956	1572,83
215,186	1713,83
215,415	1706,83
215,645	1585,83
215,874	1685,83
216,104	1567,83
216,333	1651,83
216,563	1677,83
216,792	1704,83
217,022	1733,83
217,251	1679,83
217,481	1556,83
217,71	1662,83
217,94	1593,83
218,169	1692,83
218,399	1709,83
218,628	1594,83
218,858	1735,83
219,087	1713,83
219,316	1757,83
219,546	1458,83
219,775	1610,83
220,004	1750,83
220,234	1494,83
220,463	1664,83
220,692	1712,83
220,922	1719,83
221,151	1696,83
221,38	1655,83
221,61	2059,83
221,839	1866,83
222,068	1687,83
222,297	1770,83
222,526	1821,83
222,756	1841,83
222,985	1799,83
223,214	1762,83
223,443	1716,83
223,672	2226,83
223,902	1594,83
224,131	1689,83
224,36	1799,83
224,589	1573,83
224,818	1587,83
225,047	1732,83
225,276	1713,83
225,505	1939,83
225,734	1694,83
225,963	1575,83
226,192	1632,83
226,421	1644,83
226,65	1703,83
226,879	1601,83
227,108	1748,83
227,337	1708,83
227,566	1765,83
227,795	1681,83
228,024	1722,83
228,253	1736,83
228,482	1579,83
228,711	1726,83
228,94	1563,83
229,168	1895,83
229,397	1733,83
229,626	1729,83
229,855	1616,83
230,084	1589,83
230,313	1812,83
230,541	1769,83
230,77	1620,83
230,999	1537,83
231,228	1952,83
231,456	1825,83
231,685	1628,83
231,914	1673,83
232,143	1669,83
232,371	1673,83
232,6	1678,83
232,829	1670,83
233,057	1724,83
233,286	1704,83
233,515	1654,83
233,743	1565,83
233,972	1652,83
234,2	1847,83
234,429	1563,83
234,658	1820,83
234,886	1672,83
235,115	1637,83
235,343	1772,83
235,572	1675,83
235,8	1808,83
236,029	2012,83
236,257	1631,83
236,486	1800,83
236,714	1793,83
236,943	1780,83
237,171	1636,83
237,399	1710,83
237,628	1774,83
237,856	1826,83
238,085	1738,83
238,313	1586,83
238,541	1748,83
238,77	1953,83
238,998	1648,83
239,226	1761,83
239,455	1691,83
239,683	1751,83
239,911	1652,83
240,14	1800,83
240,368	1758,83
240,596	1704,83
240,824	1681,83
241,053	1653,83
241,281	1487,83
241,509	1763,83
241,737	1606,83
241,965	1540,83
242,193	1542,83
242,422	1496,83
242,65	1656,83
242,878	1713,83
243,106	1730,83
243,334	1605,83
243,562	1775,83
243,79	1700,83
244,018	1731,83
244,246	1688,83
244,474	1686,83
244,702	1611,83
244,93	1738,83
245,158	1695,83
245,386	1656,83
245,614	1747,83
245,842	1673,83
246,07	1654,83
246,298	1848,83
246,526	2183,83
246,754	1629,83
246,982	1700,83
247,21	1764,83
247,438	1688,83
247,666	1698,83
247,893	1680,83
248,121	1579,83
248,349	1562,83
248,577	1706,83
248,805	1731,83
249,033	1620,83
249,26	1871,83
249,488	1483,83
249,716	1719,83
249,944	1681,83
250,171	1580,83
250,399	1647,83
250,627	1854,83
250,854	1607,83
251,082	1691,83
251,31	1729,83
251,537	1632,83
251,765	1923,83
251,993	1578,83
252,22	2040,83
252,448	1619,83
252,676	1810,83
252,903	1648,83
253,131	2046,83
253,358	1599,83
253,586	1589,83
253,813	1589,83
254,041	1771,83
254,268	1656,83
254,496	1553,83
254,723	1668,83
254,951	1751,83
255,178	1708,83
255,406	1616,83
255,633	1496,83
255,86	1920,83
256,088	1611,83
256,315	1653,83
256,543	1925,83
256,77	1691,83
256,997	1656,83
257,225	1780,83
257,452	1630,83
257,679	1577,83
257,907	1797,83
258,134	1663,83
258,361	1766,83
258,588	1645,83
258,816	1695,83
259,043	1651,83
259,27	1677,83
259,497	1758,83
259,725	1628,83
259,952	1613,83
260,179	1640,83
260,406	1723,83
260,633	1697,83
260,86	1746,83
261,088	1676,83
261,315	1919,83
261,542	1660,83
261,769	1611,83
261,996	1969,83
262,223	1862,83
262,45	1910,83
262,677	1554,83
262,904	1725,83
263,131	1765,83
263,358	1569,83
263,585	1767,83
263,812	2070,83
264,039	1818,83
264,266	1719,83
264,493	1703,83
264,72	1617,83
264,947	1663,83
265,174	2107,83
265,401	1896,83
265,627	1890,83
265,854	1723,83
266,081	1742,83
266,308	1695,83
266,535	1734,83
266,762	1648,83
266,988	1654,83
267,215	1837,83
267,442	1678,83
267,669	1834,83
267,896	1770,83
268,122	1875,83
268,349	1607,83
268,576	1556,83
268,802	1627,83
269,029	1663,83
269,256	1742,83
269,482	1853,83
269,709	1737,83
269,936	1747,83
270,162	1926,83
270,389	1624,83
270,616	1628,83
270,842	1902,83
271,069	1873,83
271,295	1746,83
271,522	1579,83
271,748	1774,83
271,975	1790,83
272,201	1879,83
272,428	1746,83
272,654	1717,83
272,881	1952,83
273,107	1653,83
273,334	1737,83
273,56	1861,83
273,787	1655,83
274,013	1777,83
274,239	2022,83
274,466	1731,83
274,692	1776,83
274,918	1678,83
275,145	1796,83
275,371	1689,83
275,597	1910,83
275,824	1774,83
276,05	1742,83
276,276	1769,83
276,503	1876,83
276,729	1808,83
276,955	1686,83
277,181	1787,83
277,407	1769,83
277,634	1744,83
277,86	1699,83
278,086	1854,83
278,312	1694,83
278,538	1670,83
278,764	1714,83
278,991	1939,83
279,217	1630,83
279,443	1702,83
279,669	1620,83
279,895	1800,83
280,121	1641,83
280,347	1703,83
280,573	1652,83
280,799	1684,83
281,025	1929,83
281,251	1616,83
281,477	1840,83
281,703	1647,83
281,929	1687,83
282,155	1708,83
282,381	1761,83
282,607	1729,83
282,833	1700,83
283,059	1765,83
283,285	1722,83
283,51	1660,83
283,736	1502,83
283,962	1917,83
284,188	1725,83
284,414	1754,83
284,64	1872,83
284,865	1699,83
285,091	1578,83
285,317	1787,83
285,543	1809,83
285,768	1829,83
285,994	1633,83
286,22	1935,83
286,446	1803,83
286,671	1588,83
286,897	1774,83
287,123	1692,83
287,348	1848,83
287,574	2252,83
287,799	1717,83
288,025	1631,83
288,251	1984,83
288,476	1739,83
288,702	1710,83
288,927	1734,83
289,153	1663,83
289,378	1963,83
289,604	1796,83
289,829	1724,83
290,055	1652,83
290,28	1747,83
290,506	1892,83
290,731	1628,83
290,957	1792,83
291,182	1816,83
291,408	1842,83
291,633	1820,83
291,858	1776,83
292,084	1786,83
292,309	1681,83
292,535	1718,83
292,76	1770,83
292,985	1734,83
293,211	1673,83
293,436	1348,83
293,661	1558,83
293,886	1670,83
294,112	1718,83
294,337	1736,83
294,562	1576,83
294,787	1850,83
295,013	1730,83
295,238	1485,83
295,463	1832,83
295,688	1892,83
295,913	1728,83
296,138	1816,83
296,364	1667,83
296,589	1816,83
296,814	1658,83
297,039	1637,83
297,264	1790,83
297,489	1682,83
297,714	1825,83
297,939	1612,83
298,164	1647,83
298,389	1879,83
298,614	1599,83
298,839	1813,83
299,064	1913,83
299,289	1771,83
299,514	1766,83
299,739	1781,83
299,964	1626,83
300,189	1691,83
300,414	1820,83
300,639	1916,83
300,863	1689,83
301,088	2117,83
301,313	1714,83
301,538	1741,83
301,763	1709,83
301,988	1739,83
302,212	1798,83
302,437	2116,83
302,662	1694,83
302,887	1780,83
303,111	1729,83
303,336	1885,83
303,561	1829,83
303,786	1695,83
304,01	1828,83
304,235	1849,83
304,46	1622,83
304,684	2044,83
304,909	1805,83
305,134	1694,83
305,358	1936,83
305,583	1770,83
305,807	2000,83
306,032	1707,83
306,256	1641,83
306,481	1804,83
306,706	1798,83
306,93	1694,83
307,155	1997,83
307,379	1686,83
307,604	1696,83
307,828	1649,83
308,052	1928,83
308,277	1777,83
308,501	1800,83
308,726	1909,83
308,95	1800,83
309,175	1710,83
309,399	1899,83
309,623	1734,83
309,848	1664,83
310,072	1547,83
310,296	2116,83
310,521	1742,83
310,745	1656,83
310,969	1984,83
311,193	1836,83
311,418	1786,83
311,642	1693,83
311,866	1634,83
312,09	1737,83
312,315	1802,83
312,539	1831,83
312,763	1726,83
312,987	1762,83
313,211	1709,83
313,435	1963,83
313,659	1700,83
313,884	2050,83
314,108	1726,83
314,332	1920,83
314,556	1666,83
314,78	2008,83
315,004	1831,83
315,228	1904,83
315,452	1896,83
315,676	1762,83
315,9	1777,83
316,124	1499,83
316,348	1788,83
316,572	1790,83
316,796	1826,83
317,02	1744,83
317,244	1821,83
317,468	1667,83
317,691	1938,83
317,915	1841,83
318,139	1701,83
318,363	2166,83
318,587	1750,83
318,811	1655,83
319,034	1648,83
319,258	1854,83
319,482	1940,83
319,706	1871,83
319,93	1734,83
320,153	1683,83
320,377	1838,83
320,601	1599,83
320,824	1607,83
321,048	1814,83
321,272	1898,83
321,495	1815,83
321,719	1756,83
321,943	1720,83
322,166	1753,83
322,39	1740,83
322,614	1812,83
322,837	1910,83
323,061	1630,83
323,284	1633,83
323,508	1828,83
323,731	1603,83
323,955	1693,83
324,178	1684,83
324,402	1814,83
324,625	1765,83
324,849	1469,83
325,072	1865,83
325,296	1901,83
325,519	1656,83
325,743	1627,83
325,966	1828,83
326,189	1952,83
326,413	1732,83
326,636	2117,83
326,859	1895,83
327,083	2056,83
327,306	1566,83
327,529	1658,83
327,753	1644,83
327,976	1793,83
328,199	1827,83
328,422	1781,83
328,646	1756,83
328,869	1647,83
329,092	1850,83
329,315	1930,83
329,538	1678,83
329,762	1831,83
329,985	1610,83
330,208	1710,83
330,431	1713,83
330,654	1804,83
330,877	1452,83
331,1	1785,83
331,323	1724,83
331,546	1845,83
331,769	1814,83
331,993	1605,83
332,216	1791,83
332,439	1818,83
332,662	2056,83
332,885	1771,83
333,107	1598,83
333,33	1711,83
333,553	1904,83
333,776	1683,83
333,999	1774,83
334,222	1444,83
334,445	1729,83
334,668	1720,83
334,891	1796,83
335,114	1626,83
335,336	1701,83
335,559	1846,83
335,782	2030,83
336,005	1712,83
336,228	1690,83
336,45	1640,83
336,673	1733,83
336,896	1771,83
337,119	1779,83
337,341	1670,83
337,564	1715,83
337,787	1769,83
338,009	1658,83
338,232	1793,83
338,455	1824,83
338,677	1699,83
338,9	1772,83
339,122	1805,83
339,345	1584,83
339,568	1510,83
339,79	1783,83
340,013	1780,83
340,235	1885,83
340,458	1621,83
340,68	1777,83
340,903	1621,83
341,125	1798,83
341,348	1749,83
341,57	1599,83
341,793	1868,83
342,015	1480,83
342,238	1717,83
342,46	1747,83
342,682	1770,83
342,905	1688,83
343,127	1758,83
343,349	1693,83
343,572	1887,83
343,794	1671,83
344,016	1679,83
344,239	1813,83
344,461	1660,83
344,683	1624,83
344,905	1620,83
345,128	1629,83
345,35	1716,83
345,572	1827,83
345,794	1883,83
346,017	1697,83
346,239	1724,83
346,461	1658,83
346,683	1664,83
346,905	1795,83
347,127	1697,83
347,349	1696,83
347,571	1659,83
347,793	1833,83
348,016	1737,83
348,238	1766,83
348,46	1725,83
348,682	1628,83
348,904	1811,83
349,126	1775,83
349,348	1772,83
349,57	1642,83
349,792	1638,83
350,014	1815,83
350,235	1723,83
350,457	2037,83
350,679	1716,83
350,901	1516,83
351,123	1668,83
351,345	1688,83
351,567	1820,83
351,789	1734,83
352,01	1726,83
352,232	1753,83
352,454	1642,83
352,676	1805,83
352,897	1941,83
353,119	1781,83
353,341	1713,83
353,563	1615,83
353,784	1518,83
354,006	1696,83
354,228	1666,83
354,449	1703,83
354,671	1780,83
354,893	1790,83
355,114	1764,83
355,336	1696,83
355,558	1698,83
355,779	1614,83
356,001	1765,83
356,222	1698,83
356,444	1605,83
356,665	2526,83
356,887	1643,83
357,108	1663,83
357,33	1645,83
357,551	1817,83
357,773	1740,83
357,994	1714,83
358,216	1624,83
358,437	1798,83
358,659	1832,83
358,88	1646,83
359,101	1717,83
359,323	1833,83
359,544	1672,83
359,765	1595,83
359,987	1642,83
360,208	1731,83
360,429	1696,83
360,651	1604,83
360,872	1914,83
361,093	1728,83
361,314	1743,83
361,536	1692,83
361,757	1660,83
361,978	1650,83
362,199	1465,83
362,42	1481,83
362,642	1670,83
362,863	1794,83
363,084	1728,83
363,305	1692,83
363,526	1629,83
363,747	1612,83
363,968	1691,83
364,189	1867,83
364,41	1648,83
364,631	1561,83
364,852	1805,83
365,073	1656,83
365,294	1732,83
365,515	1580,83
365,736	1761,83
365,957	1686,83
366,178	1646,83
366,399	1727,83
366,62	1726,83
366,841	1806,83
367,062	1766,83
367,283	1829,83
367,504	1751,83
367,724	1643,83
367,945	1301,83
368,166	1751,83
368,387	1742,83
368,608	1634,83
368,828	1838,83
369,049	1593,83
369,27	1704,83
369,491	1593,83
369,711	1898,83
369,932	1824,83
370,153	1679,83
370,373	1755,83
370,594	1872,83
370,815	1725,83
371,035	1816,83
371,256	1386,83
371,477	1706,83
371,697	1685,83
371,918	1597,83
372,138	1787,83
372,359	1904,83
372,579	1582,83
372,8	1652,83
373,02	1721,83
373,241	1686,83
373,461	1703,83
373,682	1680,83
373,902	1646,83
374,123	1593,83
374,343	1812,83
374,564	1621,83
374,784	1628,83
375,004	1747,83
375,225	1560,83
375,445	1739,83
375,666	1888,83
375,886	1571,83
376,106	1613,83
376,326	1699,83
376,547	1896,83
376,767	1806,83
376,987	1632,83
377,208	1736,83
377,428	1593,83
377,648	1678,83
377,868	1686,83
378,088	1819,83
378,309	1805,83
378,529	1778,83
378,749	1768,83
378,969	1465,83
379,189	1761,83
379,409	1698,83
379,629	1615,83
379,849	1771,83
380,069	1603,83
380,29	1570,83
380,51	1547,83
380,73	1777,83
380,95	1869,83
381,17	1681,83
381,39	1713,83
381,61	1568,83
381,829	1629,83
382,049	1637,83
382,269	1582,83
382,489	1794,83
382,709	1688,83
382,929	1786,83
383,149	1698,83
383,369	2098,83
383,589	1635,83
383,808	1730,83
384,028	1666,83
384,248	1718,83
384,468	1641,83
384,688	1672,83
384,907	1662,83
385,127	1678,83
385,347	1742,83
385,567	1762,83
385,786	1727,83
386,006	1611,83
386,226	1642,83
386,445	1659,83
386,665	1645,83
386,885	1738,83
387,104	1611,83
387,324	1651,83
387,543	1658,83
387,763	1670,83
387,982	1526,83
388,202	1675,83
388,422	1587,83
388,641	1623,83
388,861	1678,83
389,08	1708,83
389,3	1607,83
389,519	1825,83
389,738	1710,83
389,958	1666,83
390,177	1578,83
390,397	1809,83
390,616	1697,83
390,836	1758,83
391,055	1661,83
391,274	1746,83
391,494	1630,83
391,713	1569,83
391,932	1647,83
392,151	1657,83
392,371	1617,83
392,59	1676,83
392,809	1797,83
393,029	1774,83
393,248	1780,83
393,467	1555,83
393,686	1580,83
393,905	2758,83
394,124	1616,83
394,344	1734,83
394,563	1789,83
394,782	1386,83
395,001	1781,83
395,22	1568,83
395,439	1820,83
395,658	1612,83
395,877	1810,83
396,096	1540,83
396,315	1800,83
396,534	1620,83
396,753	1695,83
396,972	1504,83
397,191	1915,83
397,41	1686,83
397,629	1654,83
397,848	1631,83
398,067	1669,83
398,286	1625,83
398,505	1644,83
398,724	1678,83
398,943	2242,83
399,161	1641,83
399,38	1794,83
399,599	1738,83
399,818	1661,83
400,037	1847,83
400,255	1668,83
400,474	1658,83
400,693	1668,83
400,912	1785,83
401,13	1623,83
401,349	1682,83
401,568	1620,83
401,786	1585,83
402,005	1645,83
402,224	1604,83
402,442	1664,83
402,661	1758,83
402,88	1675,83
403,098	1588,83
403,317	1720,83
403,535	1765,83
403,754	1506,83
403,972	1747,83
404,191	1568,83
404,409	1638,83
404,628	2250,83
404,846	1667,83
405,065	1734,83
405,283	1638,83
405,502	1581,83
405,72	1649,83
405,938	1623,83
406,157	1565,83
406,375	1662,83
406,594	1697,83
406,812	1666,83
407,03	1677,83
407,249	1444,83
407,467	1707,83
407,685	1773,83
407,903	1469,83
408,122	1749,83
408,34	1726,83
408,558	1601,83
408,776	1635,83
408,995	1712,83
409,213	1612,83
409,431	1712,83
409,649	1784,83
409,867	1585,83
410,085	1608,83
410,303	1702,83
410,522	1579,83
410,74	1499,83
410,958	1571,83
411,176	1704,83
411,394	1573,83
411,612	1620,83
411,83	1851,83
412,048	1738,83
412,266	1586,83
412,484	1677,83
412,702	1889,83
412,92	1504,83
413,138	1719,83
413,356	1600,83
413,573	1834,83
413,791	1985,83
414,009	1758,83
414,227	1873,83
414,445	1634,83
414,663	1910,83
414,881	1739,83
415,098	1669,83
415,316	1770,83
415,534	2090,83
415,752	1633,83
415,969	1865,83
416,187	1466,83
416,405	1582,83
416,623	1804,83
416,84	1466,83
417,058	1625,83
417,276	1847,83
417,493	1706,83
417,711	1632,83
417,928	1722,83
418,146	1647,83
418,364	1722,83
418,581	1635,83
418,799	1563,83
419,016	1488,83
419,234	1566,83
419,451	2222,83
419,669	1637,83
419,886	1864,83
420,104	1602,83
420,321	1646,83
420,539	1658,83
420,756	1790,83
420,974	1710,83
421,191	1579,83
421,408	1690,83
421,626	1773,83
421,843	1648,83
422,06	1669,83
422,278	1554,83
422,495	1722,83
422,712	1620,83
422,93	1849,83
423,147	1645,83
423,364	1597,83
423,581	1771,83
423,799	1482,83
424,016	1577,83
424,233	1719,83
424,45	1706,83
424,667	1685,83
424,884	1572,83
425,102	1719,83
425,319	1549,83
425,536	1624,83
425,753	1770,83
425,97	1509,83
426,187	1652,83
426,404	1586,83
426,621	1890,83
426,838	1772,83
427,055	1679,83
427,272	1658,83
427,489	1643,83
427,706	1563,83
427,923	1601,83
428,14	1656,83
428,357	1897,83
428,574	1717,83
428,791	1732,83
429,008	1808,83
429,224	1607,83
429,441	1433,83
429,658	1772,83
429,875	1918,83
430,092	1636,83
430,308	1808,83
430,525	1762,83
430,742	1619,83
430,959	1786,83
431,175	1709,83
431,392	1585,83
431,609	1776,83
431,826	1806,83
432,042	1513,83
432,259	1600,83
432,476	2013,83
432,692	1579,83
432,909	1637,83
433,125	1679,83
433,342	1551,83
433,559	1664,83
433,775	1639,83
433,992	1532,83
434,208	1511,83
434,425	1646,83
434,641	1776,83
434,858	1973,83
435,074	1675,83
435,291	1641,83
435,507	1685,83
435,723	1632,83
435,94	1710,83
436,156	1618,83
436,373	1751,83
436,589	1698,83
436,805	1750,83
437,022	1564,83
437,238	1648,83
437,454	1710,83
437,671	1594,83
437,887	1792,83
438,103	1351,83
438,319	1637,83
438,536	1772,83
438,752	1660,83
438,968	1673,83
439,184	1705,83
439,4	1635,83
439,616	1508,83
439,833	1804,83
440,049	1626,83
440,265	1831,83
440,481	1643,83
440,697	1673,83
440,913	1783,83
441,129	1643,83
441,345	1715,83
441,561	1715,83
441,777	1441,83
441,993	1635,83
442,209	1576,83
442,425	1790,83
442,641	1683,83
442,857	1669,83
443,073	1664,83
443,289	1594,83
443,505	1820,83
443,721	1679,83
443,937	1664,83
444,152	1627,83
444,368	1722,83
444,584	1594,83
444,8	1776,83
445,016	1692,83
445,231	1653,83
445,447	1830,83
445,663	1712,83
445,879	1617,83
446,094	1812,83
446,31	1813,83
446,526	1700,83
446,742	1658,83
446,957	1747,83
447,173	1919,83
447,388	1793,83
447,604	1774,83
447,82	1664,83
448,035	1733,83
448,251	1688,83
448,466	1775,83
448,682	1613,83
448,897	1611,83
449,113	1703,83
449,328	1737,83
449,544	1632,83
449,759	2084,83
449,975	1268,83
450,19	1507,83
450,406	1684,83
450,621	1613,83
450,836	1860,83
451,052	1638,83
451,267	1484,83
451,483	1699,83
451,698	1520,83
451,913	1690,83
452,129	1649,83
452,344	1534,83
452,559	1855,83
452,774	1722,83
452,99	1625,83
453,205	1732,83
453,42	1806,83
453,635	1726,83
453,85	1650,83
454,066	1745,83
454,281	1697,83
454,496	1708,83
454,711	1731,83
454,926	1755,83
455,141	1586,83
455,356	1664,83
455,571	1642,83
455,786	1701,83
456,001	1665,83
456,217	1515,83
456,432	1679,83
456,647	1695,83
456,861	1742,83
457,076	1623,83
457,291	1802,83
457,506	1539,83
457,721	1598,83
457,936	1415,83
458,151	1598,83
458,366	1853,83
458,581	1596,83
458,796	1862,83
459,01	1741,83
459,225	1712,83
459,44	1514,83
459,655	1716,83
459,87	1447,83
460,084	1591,83
460,299	1688,83
460,514	1652,83
460,729	2102,83
460,943	1546,83
461,158	1524,83
461,373	1805,83
461,587	1579,83
461,802	1593,83
462,016	1808,83
462,231	1631,83
462,446	1766,83
462,66	1705,83
462,875	1649,83
463,089	1596,83
463,304	1731,83
463,518	1712,83
463,733	1588,83
463,947	1704,83
464,162	1582,83
464,376	1613,83
464,591	1762,83
464,805	1728,83
465,02	1977,83
465,234	1692,83
465,448	1757,83
465,663	1770,83
465,877	1712,83
466,091	1639,83
466,306	1809,83
466,52	1971,83
466,734	1562,83
466,949	1686,83
467,163	1744,83
467,377	1584,83
467,591	1716,83
467,806	1688,83
468,02	1580,83
468,234	1462,83
468,448	1774,83
468,662	1544,83
468,876	1861,83
469,091	1609,83
469,305	1702,83
469,519	1581,83
469,733	1537,83
469,947	1541,83
470,161	1865,83
470,375	1577,83
470,589	1731,83
470,803	1612,83
471,017	1723,83
471,231	1636,83
471,445	1566,83
471,659	1643,83
471,873	1649,83
472,087	1520,83
472,301	1772,83
472,515	1568,83
472,728	1535,83
472,942	1591,83
473,156	1675,83
473,37	1615,83
473,584	1534,83
473,798	1731,83
474,011	1369,83
474,225	1601,83
474,439	1741,83
474,653	1697,83
474,866	1605,83
475,08	1669,83
475,294	1719,83
475,507	1486,83
475,721	1672,83
475,935	1688,83
476,148	1564,83
476,362	1543,83
476,576	1527,83
476,789	1623,83
477,003	1785,83
477,216	1765,83
477,43	1637,83
477,643	1725,83
477,857	1843,83
478,07	1630,83
478,284	1674,83
478,497	1566,83
478,711	1592,83
478,924	1600,83
479,138	1604,83
479,351	1650,83
479,564	1520,83
479,778	1633,83
479,991	1500,83
480,204	1610,83
480,418	1669,83
480,631	1601,83
480,844	1715,83
481,058	1624,83
481,271	1623,83
481,484	1737,83
481,697	1654,83
481,911	1666,83
482,124	1693,83
482,337	1593,83
482,55	1745,83
482,763	1613,83
482,976	1690,83
483,19	1642,83
483,403	1578,83
483,616	1676,83
483,829	1724,83
484,042	1639,83
484,255	1624,83
484,468	1680,83
484,681	1683,83
484,894	1636,83
485,107	1794,83
485,32	1624,83
485,533	1649,83
485,746	1652,83
485,959	1572,83
486,172	1709,83
486,385	1519,83
486,598	1676,83
486,81	1470,83
487,023	1619,83
487,236	1850,83
487,449	1672,83
487,662	1625,83
487,875	1660,83
488,087	1716,83
488,3	1666,83
488,513	1446,83
488,726	1504,83
488,938	1762,83
489,151	1654,83
489,364	1749,83
489,576	1595,83
489,789	1651,83
490,002	1875,83
490,214	1645,83
490,427	1470,83
490,64	1671,83
490,852	1640,83
491,065	1560,83
491,277	1639,83
491,49	1700,83
491,702	1367,83
491,915	1740,83
492,127	1671,83
492,34	1646,83
492,552	1665,83
492,765	1741,83
492,977	1833,83
493,19	1630,83
493,402	1854,83
493,614	1657,83
493,827	1662,83
494,039	1664,83
494,251	1672,83
494,464	1758,83
494,676	1562,83
494,888	1673,83
495,101	1588,83
495,313	1648,83
495,525	1583,83
495,737	1818,83
495,95	1622,83
496,162	1683,83
496,374	1669,83
496,586	1647,83
496,798	1748,83
497,01	1669,83
497,222	1535,83
497,435	1769,83
497,647	1545,83
497,859	1559,83
498,071	1620,83
498,283	1658,83
498,495	1619,83
498,707	1843,83
498,919	1535,83
499,131	1768,83
499,343	1513,83
499,555	1573,83
499,767	1762,83
499,979	1597,83
500,191	1945,83
500,402	1619,83
500,614	1903,83
500,826	1759,83
501,038	1569,83
501,25	1685,83
501,462	1609,83
501,673	1644,83
501,885	1508,83
502,097	1768,83
502,309	1567,83
502,521	1732,83
502,732	1627,83
502,944	1603,83
503,156	1429,83
503,367	1566,83
503,579	1622,83
503,791	1591,83
504,002	1664,83
504,214	1672,83
504,425	1911,83
504,637	1832,83
504,849	1605,83
505,06	1720,83
505,272	1758,83
505,483	1637,83
505,695	1586,83
505,906	1469,83
506,118	1677,83
506,329	1612,83
506,541	1580,83
506,752	1749,83
506,963	1743,83
507,175	1479,83
507,386	1808,83
507,598	1806,83
507,809	1535,83
508,02	1626,83
508,232	1696,83
508,443	1575,83
508,654	1828,83
508,865	1619,83
509,077	1608,83
509,288	1556,83
509,499	1836,83
509,71	1539,83
509,922	1596,83
510,133	1651,83
510,344	1836,83
510,555	1619,83
510,766	1735,83
510,977	1673,83
511,188	1682,83
511,4	1602,83
511,611	1586,83
511,822	1725,83
512,033	1690,83
512,244	1909,83
512,455	1573,83
512,666	1689,83
512,877	1771,83
513,088	1815,83
513,299	1692,83
513,51	1688,83
513,721	1650,83
513,931	1689,83
514,142	1763,83
514,353	1775,83
514,564	1635,83
514,775	1622,83
514,986	1724,83
515,196	1838,83
515,407	1591,83
515,618	1659,83
515,829	1543,83
516,04	1697,83
516,25	1631,83
516,461	1524,83
516,672	1580,83
516,882	1581,83
517,093	1743,83
517,304	1494,83
517,514	1517,83
517,725	1883,83
517,936	1541,83
518,146	1548,83
518,357	1498,83
518,567	1565,83
518,778	1897,83
518,988	1572,83
519,199	1770,83
519,409	1573,83
519,62	1692,83
519,83	1634,83
520,041	1644,83
520,251	1652,83
520,462	1745,83
520,672	1623,83
520,882	1687,83
521,093	1725,83
521,303	1748,83
521,513	1643,83
521,724	2783,83
521,934	1514,83
522,144	1595,83
522,355	1607,83
522,565	1662,83
522,775	1641,83
522,985	1708,83
523,196	1599,83
523,406	1575,83
523,616	1711,83
523,826	1580,83
524,036	2456,83
524,246	1568,83
524,457	1492,83
524,667	1548,83
524,877	1696,83
525,087	1552,83
525,297	1715,83
525,507	1749,83
525,717	1504,83
525,927	1687,83
526,137	1629,83
526,347	1734,83
526,557	1542,83
526,767	1610,83
526,977	1898,83
527,187	1747,83
527,397	1551,83
527,607	1560,83
527,816	1624,83
528,026	1603,83
528,236	1645,83
528,446	1647,83
528,656	1756,83
528,865	1857,83
529,075	1572,83
529,285	1603,83
529,495	1768,83
529,704	1766,83
529,914	1385,83
530,124	1722,83
530,334	1586,83
530,543	1445,83
530,753	1910,83
530,963	2108,83
531,172	1607,83
531,382	1549,83
531,591	1869,83
531,801	1580,83
532,01	1701,83
532,22	1658,83
532,43	1673,83
532,639	1952,83
532,849	1675,83
533,058	1618,83
533,267	1864,83
533,477	1598,83
533,686	1599,83
533,896	1597,83
534,105	1691,83
534,315	1747,83
534,524	1702,83
534,733	1664,83
534,943	1780,83
535,152	1915,83
535,361	1615,83
535,57	1565,83
535,78	1640,83
535,989	1565,83
536,198	1617,83
536,407	1674,83
536,617	1698,83
536,826	1730,83
537,035	1767,83
537,244	1742,83
537,453	1387,83
537,662	1676,83
537,872	1877,83
538,081	1660,83
538,29	1564,83
538,499	1607,83
538,708	1657,83
538,917	1649,83
539,126	1684,83
539,335	1800,83
539,544	2184,83
539,753	1592,83
539,962	1709,83
540,171	1603,83
540,38	1813,83
540,589	1642,83
540,797	1813,83
541,006	1629,83
541,215	1607,83
541,424	1773,83
541,633	1585,83
541,842	1548,83
542,05	1777,83
542,259	1717,83
542,468	1656,83
542,677	1679,83
542,885	1600,83
543,094	1662,83
543,303	1521,83
543,512	1714,83
543,72	1936,83
543,929	1780,83
544,138	1601,83
544,346	1514,83
544,555	1777,83
544,763	1683,83
544,972	1633,83
545,18	1558,83
545,389	1650,83
545,598	1617,83
545,806	1725,83
546,015	1575,83
546,223	1701,83
546,431	1674,83
546,64	1502,83
546,848	1635,83
547,057	1658,83
547,265	1584,83
547,474	1595,83
547,682	1597,83
547,89	1699,83
548,099	1698,83
548,307	1613,83
548,515	1764,83
548,723	1799,83
548,932	1744,83
549,14	1689,83
549,348	1713,83
549,556	1615,83
549,765	1630,83
549,973	1513,83
550,181	1673,83
550,389	1738,83
550,597	1786,83
550,805	1572,83
551,014	1794,83
551,222	5730,83
551,43	1503,83
551,638	1576,83
551,846	1759,83
552,054	1784,83
552,262	1821,83
552,47	1571,83
552,678	1631,83
552,886	1570,83
553,094	1527,83
553,302	1700,83
553,51	1648,83
553,717	1700,83
553,925	1522,83
554,133	1946,83
554,341	1549,83
554,549	1654,83
554,757	1622,83
554,965	1595,83
555,172	1640,83
555,38	1928,83
555,588	1654,83
555,796	1622,83
556,003	1907,83
556,211	1576,83
556,419	1691,83
556,626	1715,83
556,834	1592,83
557,042	1711,83
557,249	1674,83
557,457	1641,83
557,664	1481,83
557,872	1587,83
558,08	1628,83
558,287	1761,83
558,495	1725,83
558,702	1542,83
558,91	1657,83
559,117	1665,83
559,325	1640,83
559,532	1632,83
559,74	1858,83
559,947	1600,83
560,154	1754,83
560,362	1570,83
560,569	1607,83
560,776	1532,83
560,984	1873,83
561,191	1697,83
561,398	1669,83
561,606	2044,83
561,813	1766,83
562,02	1281,83
562,227	1531,83
562,435	1643,83
562,642	1688,83
562,849	1667,83
563,056	1613,83
563,263	1526,83
563,471	1779,83
563,678	1728,83
563,885	1625,83
564,092	1694,83
564,299	1728,83
564,506	1781,83
564,713	1544,83
564,92	1610,83
565,127	1780,83
565,334	1827,83
565,541	2011,83
565,748	1682,83
565,955	1589,83
566,162	1649,83
566,369	1705,83
566,576	1725,83
566,783	1680,83
566,99	1586,83
567,196	1765,83
567,403	1632,83
567,61	1819,83
567,817	1522,83
568,024	1717,83
568,23	1677,83
568,437	1498,83
568,644	1580,83
568,851	1622,83
569,057	1887,83
569,264	1808,83
569,471	1544,83
569,677	1403,83
569,884	1668,83
570,091	1793,83
570,297	2685,83
570,504	1814,83
570,71	1643,83
570,917	1725,83
571,123	1632,83
571,33	1709,83
571,536	1537,83
571,743	1881,83
571,949	1731,83
572,156	1679,83
572,362	1886,83
572,569	1602,83
572,775	1662,83
572,982	1787,83
573,188	1636,83
573,394	1551,83
573,601	1600,83
573,807	1536,83
574,013	1846,83
574,22	1761,83
574,426	1580,83
574,632	1726,83
574,838	1623,83
575,045	1638,83
575,251	1678,83
575,457	1686,83
575,663	1828,83
575,869	1674,83
576,076	1626,83
576,282	1704,83
576,488	1604,83
576,694	1667,83
576,9	1450,83
577,106	1568,83
577,312	1571,83
577,518	1692,83
577,724	1717,83
577,93	1700,83
578,136	1612,83
578,342	1691,83
578,548	1642,83
578,754	1592,83
578,96	1603,83
579,166	1538,83
579,372	2017,83
579,578	1640,83
579,784	1707,83
579,989	1624,83
580,195	1603,83
580,401	1848,83
580,607	1669,83
580,813	1762,83
581,018	1769,83
581,224	1703,83
581,43	1745,83
581,636	1560,83
581,841	1717,83
582,047	1762,83
582,253	1741,83
582,458	1702,83
582,664	1634,83
582,869	1619,83
583,075	1506,83
583,281	2008,83
583,486	1763,83
583,692	1597,83
583,897	1714,83
584,103	1732,83
584,308	1770,83
584,514	1670,83
584,719	1650,83
584,925	1668,83
585,13	1567,83
585,335	1643,83
585,541	1698,83
585,746	1673,83
585,952	1597,83
586,157	1629,83
586,362	1628,83
586,568	1652,83
586,773	1745,83
586,978	1582,83
587,183	1607,83
587,389	1676,83
587,594	1681,83
587,799	1872,83
588,004	1794,83
588,21	1697,83
588,415	1536,83
588,62	1679,83
588,825	1780,83
589,03	1438,83
589,235	2127,83
589,44	1773,83
589,645	1603,83
589,85	1695,83
590,055	1952,83
590,26	1692,83
590,465	1671,83
590,67	1747,83
590,875	1852,83
591,08	1753,83
591,285	1636,83
591,49	1714,83
591,695	1682,83
591,9	1640,83
592,105	1675,83
592,31	1639,83
592,515	1924,83
592,719	1570,83
592,924	1608,83
593,129	1643,83
593,334	1720,83
593,539	1722,83
593,743	1845,83
593,948	1577,83
594,153	1640,83
594,357	1971,83
594,562	1612,83
594,767	2115,83
594,971	1546,83
595,176	1586,83
595,381	1877,83
595,585	1663,83
595,79	1863,83
595,994	1514,83
596,199	2050,83
596,403	1621,83
596,608	1635,83
596,812	1642,83
597,017	1763,83
597,221	1855,83
597,426	1847,83
597,63	1719,83
597,835	1610,83
598,039	1626,83
598,243	1599,83
598,448	1925,83
598,652	1652,83
598,856	1668,83
599,061	1887,83
599,265	1626,83
599,469	1573,83
599,673	1735,83
599,878	1782,83
600,082	1598,83
600,286	1691,83
600,49	1654,83
600,695	1428,83
600,899	1626,83
601,103	1657,83
601,307	1830,83
601,511	1684,83
601,715	1537,83
601,919	1485,83
602,123	1767,83
602,327	1705,83
602,531	1687,83
602,735	1777,83
602,939	1750,83
603,143	1560,83
603,347	1687,83
603,551	1658,83
603,755	1798,83
603,959	1669,83
604,163	1768,83
604,367	1683,83
604,571	1649,83
604,775	1699,83
604,978	1526,83
605,182	1487,83
605,386	1628,83
605,59	1607,83
605,793	1599,83
605,997	1890,83
606,201	1739,83
606,405	1737,83
606,608	1757,83
606,812	1707,83
607,016	1754,83
607,219	1542,83
607,423	1597,83
607,627	1735,83
607,83	1615,83
608,034	1687,83
608,237	1696,83
608,441	1522,83
608,644	1789,83
608,848	1726,83
609,051	1682,83
609,255	1588,83
609,458	1799,83
609,662	1649,83
609,865	1710,83
610,069	1555,83
610,272	1497,83
610,475	1684,83
610,679	1682,83
610,882	1673,83
611,085	1666,83
611,289	1721,83
611,492	1662,83
611,695	1580,83
611,898	1649,83
612,102	1730,83
612,305	1411,83
612,508	1623,83
612,711	1833,83
612,914	1603,83
613,118	1694,83
613,321	1810,83
613,524	1288,83
613,727	1587,83
613,93	1594,83
614,133	1673,83
614,336	1746,83
614,539	1453,83
614,742	1542,83
614,945	1616,83
615,148	1787,83
615,351	1736,83
615,554	1829,83
615,757	1558,83
615,96	1742,83
616,163	1506,83
616,366	1760,83
616,569	1620,83
616,772	1786,83
616,974	1671,83
617,177	1854,83
617,38	1634,83
617,583	1717,83
617,786	1518,83
617,988	1507,83
618,191	1838,83
618,394	1640,83
618,596	1569,83
618,799	1651,83
619,002	1619,83
619,204	1694,83
619,407	1701,83
619,61	1639,83
619,812	1635,83
620,015	1558,83
620,217	1818,83
620,42	1606,83
620,623	1520,83
620,825	1792,83
621,028	1855,83
621,23	1729,83
621,432	1750,83
621,635	1760,83
621,837	1723,83
622,04	1631,83
622,242	1644,83
622,445	1683,83
622,647	1688,83
622,849	1692,83
623,052	1537,83
623,254	1726,83
623,456	1499,83
623,658	1796,83
623,861	1810,83
624,063	1613,83
624,265	1660,83
624,467	1703,83
624,67	1581,83
624,872	1780,83
625,074	1846,83
625,276	1738,83
625,478	1754,83
625,68	1479,83
625,882	1598,83
626,084	1738,83
626,287	1838,83
626,489	1779,83
626,691	1714,83
626,893	1695,83
627,095	1700,83
627,297	1685,83
627,499	1672,83
627,7	1512,83
627,902	1547,83
628,104	1462,83
628,306	1591,83
628,508	1551,83
628,71	1671,83
628,912	1682,83
629,114	2082,83
629,315	1759,83
629,517	1631,83
629,719	1621,83
629,921	1636,83
630,122	1671,83
630,324	1474,83
630,526	1863,83
630,728	1684,83
630,929	1590,83
631,131	1610,83
631,332	1928,83
631,534	1801,83
631,736	1738,83
631,937	1506,83
632,139	1634,83
632,34	1632,83
632,542	1736,83
632,743	1736,83
632,945	1482,83
633,146	1794,83
633,348	1675,83
633,549	1606,83
633,751	1588,83
633,952	1619,83
634,154	1555,83
634,355	1511,83
634,556	1657,83
634,758	1652,83
634,959	1628,83
635,16	1771,83
635,362	1559,83
635,563	1709,83
635,764	1616,83
635,965	1689,83
636,167	1666,83
636,368	1643,83
636,569	1671,83
636,77	1790,83
636,971	1615,83
637,172	1738,83
637,374	1557,83
637,575	1623,83
637,776	1491,83
637,977	1542,83
638,178	1713,83
638,379	1718,83
638,58	1610,83
638,781	1471,83
638,982	1675,83
639,183	1598,83
639,384	1637,83
639,585	1658,83
639,786	1292,83
639,987	1589,83
640,187	1809,83
640,388	1703,83
640,589	1596,83
640,79	1611,83
640,991	1670,83
641,192	1800,83
641,392	1670,83
641,593	1626,83
641,794	1463,83
641,995	1579,83
642,195	1420,83
642,396	1596,83
642,597	1531,83
642,797	1577,83
642,998	1721,83
643,199	1545,83
643,399	1716,83
643,6	1503,83
643,8	1507,83
644,001	1550,83
644,202	1690,83
644,402	1575,83
644,603	1755,83
644,803	1533,83
645,004	1609,83
645,204	1458,83
645,404	1661,83
645,605	1975,83
645,805	1470,83
646,006	1631,83
646,206	2046,83
646,406	1489,83
646,607	1445,83
646,807	1334,83
647,007	-16,17
647,208	133,83
647,408	-61,17
647,608	-15,17
