200,697	936,33
200,927	-23,67
201,158	-11,67
201,388	-12,67
201,618	1503,33
201,849	1407,33
202,079	1646,33
202,309	1612,33
202,539	1596,33
202,77	1518,33
203	1741,33
203,23	1629,33
203,46	1621,33
203,691	1675,33
203,921	1651,33
204,151	1595,33
204,381	1442,33
204,611	1729,33
204,841	1561,33
205,071	1551,33
205,302	1740,33
205,532	1724,33
205,762	3660,33
205,992	1311,33
206,222	1575,33
206,452	1672,33
206,682	1565,33
206,912	1748,33
207,142	1674,33
207,372	1734,33
207,602	1634,33
207,832	1642,33
208,062	1727,33
208,292	1714,33
208,522	1491,33
208,752	1679,33
208,982	1535,33
209,212	1784,33
209,442	1580,33
209,672	1582,33
209,902	1638,33
210,131	1708,33
210,361	1567,33
210,591	1641,33
210,821	1569,33
211,051	1779,33
211,281	1629,33
211,51	1674,33
211,74	1729,33
211,97	1534,33
212,2	1638,33
212,429	1897,33
212,659	1658,33
212,889	1661,33
213,119	1552,33
213,348	1569,33
213,578	1799,33
213,808	1808,33
214,037	1904,33
214,267	1755,33
214,497	1662,33
214,726	1575,33
214,956	1607,33
215,186	1609,33
215,415	1623,33
215,645	1699,33
215,874	1757,33
216,104	1549,33
216,333	1614,33
216,563	1678,33
216,792	1788,33
217,022	1713,33
217,251	1732,33
217,481	1620,33
217,71	1657,33
217,94	1628,33
218,169	1713,33
218,399	1746,33
218,628	1577,33
218,858	1796,33
219,087	1759,33
219,316	1675,33
219,546	1714,33
219,775	1655,33
220,004	1865,33
220,234	1607,33
220,463	1710,33
220,692	1737,33
220,922	1652,33
221,151	1771,33
221,38	1664,33
221,61	2225,33
221,839	1922,33
222,068	1716,33
222,297	1801,33
222,526	1719,33
222,756	1768,33
222,985	1771,33
223,214	1745,33
223,443	1562,33
223,672	2066,33
223,902	1600,33
224,131	1722,33
224,36	1831,33
224,589	1550,33
224,818	1697,33
225,047	1712,33
225,276	1715,33
225,505	1969,33
225,734	1741,33
225,963	1623,33
226,192	1688,33
226,421	1649,33
226,65	1730,33
226,879	1758,33
227,108	1750,33
227,337	1825,33
227,566	1870,33
227,795	1701,33
228,024	1730,33
228,253	1685,33
228,482	1542,33
228,711	1763,33
228,94	1578,33
229,168	1694,33
229,397	1661,33
229,626	1714,33
229,855	1690,33
230,084	1626,33
230,313	1557,33
230,541	1868,33
230,77	1624,33
230,999	1634,33
231,228	1905,33
231,456	1820,33
231,685	1688,33
231,914	1809,33
232,143	1680,33
232,371	1724,33
232,6	1669,33
232,829	1723,33
233,057	1533,33
233,286	1736,33
233,515	1655,33
233,743	1698,33
233,972	1639,33
234,2	1761,33
234,429	1665,33
234,658	1760,33
234,886	1551,33
235,115	1688,33
235,343	1830,33
235,572	1669,33
235,8	1871,33
236,029	2004,33
236,257	1639,33
236,486	1771,33
236,714	1841,33
236,943	1800,33
237,171	1643,33
237,399	1746,33
237,628	1767,33
237,856	1849,33
238,085	1756,33
238,313	1604,33
238,541	1724,33
238,77	2019,33
238,998	1590,33
239,226	1782,33
239,455	1734,33
239,683	1788,33
239,911	1630,33
240,14	1887,33
240,368	1817,33
240,596	1606,33
240,824	1718,33
241,053	1629,33
241,281	1716,33
241,509	1688,33
241,737	1626,33
241,965	1591,33
242,193	1613,33
242,422	1646,33
242,65	1849,33
242,878	1733,33
243,106	1760,33
243,334	1722,33
243,562	1796,33
243,79	1720,33
244,018	1784,33
244,246	1862,33
244,474	1678,33
244,702	1724,33
244,93	1724,33
245,158	1745,33
245,386	1541,33
245,614	1742,33
245,842	1827,33
246,07	1630,33
246,298	1819,33
246,526	2169,33
246,754	1662,33
246,982	1723,33
247,21	1763,33
247,438	1693,33
247,666	1709,33
247,893	1726,33
248,121	1583,33
248,349	1603,33
248,577	1712,33
248,805	1797,33
249,033	1704,33
249,26	1718,33
249,488	1578,33
249,716	1738,33
249,944	1698,33
250,171	1708,33
250,399	1637,33
250,627	1838,33
250,854	1738,33
251,082	1642,33
251,31	1758,33
251,537	1705,33
251,765	1926,33
251,993	1584,33
252,22	1779,33
252,448	1597,33
252,676	1795,33
252,903	1758,33
253,131	2084,33
253,358	1675,33
253,586	1604,33
253,813	1687,33
254,041	1802,33
254,268	1689,33
254,496	1538,33
254,723	1722,33
254,951	1736,33
255,178	1719,33
255,406	1600,33
255,633	1703,33
255,86	1880,33
256,088	1700,33
256,315	1654,33
256,543	1790,33
256,77	1741,33
256,997	1668,33
257,225	1772,33
257,452	1630,33
257,679	1716,33
257,907	1806,33
258,134	1651,33
258,361	1764,33
258,588	1671,33
258,816	1784,33
259,043	1608,33
259,27	1731,33
259,497	1853,33
259,725	1599,33
259,952	1702,33
260,179	1582,33
260,406	1673,33
260,633	1623,33
260,86	1698,33
261,088	1663,33
261,315	1918,33
261,542	1334,33
261,769	1715,33
261,996	2117,33
262,223	1807,33
262,45	1947,33
262,677	1574,33
262,904	1708,33
263,131	1767,33
263,358	1434,33
263,585	1709,33
263,812	1974,33
264,039	1805,33
264,266	1473,33
264,493	1710,33
264,72	1659,33
264,947	1702,33
265,174	1979,33
265,401	1844,33
265,627	1868,33
265,854	1760,33
266,081	1850,33
266,308	1764,33
266,535	1717,33
266,762	1719,33
266,988	1728,33
267,215	1770,33
267,442	1683,33
267,669	1816,33
267,896	1772,33
268,122	1795,33
268,349	1803,33
268,576	1560,33
268,802	1660,33
269,029	1590,33
269,256	1704,33
269,482	1745,33
269,709	1627,33
269,936	1728,33
270,162	1948,33
270,389	1631,33
270,616	1764,33
270,842	1867,33
271,069	1978,33
271,295	1815,33
271,522	1862,33
271,748	1771,33
271,975	1652,33
272,201	1815,33
272,428	1731,33
272,654	1649,33
272,881	2120,33
273,107	1631,33
273,334	1692,33
273,56	1890,33
273,787	1586,33
274,013	1735,33
274,239	2016,33
274,466	1712,33
274,692	1736,33
274,918	1687,33
275,145	1734,33
275,371	1662,33
275,597	1891,33
275,824	1836,33
276,05	1726,33
276,276	1829,33
276,503	1715,33
276,729	1757,33
276,955	1643,33
277,181	1776,33
277,407	1746,33
277,634	1777,33
277,86	1734,33
278,086	1816,33
278,312	1686,33
278,538	1836,33
278,764	1750,33
278,991	1860,33
279,217	1686,33
279,443	1660,33
279,669	1705,33
279,895	1802,33
280,121	1717,33
280,347	1776,33
280,573	1345,33
280,799	1594,33
281,025	2011,33
281,251	1531,33
281,477	1775,33
281,703	1639,33
281,929	1683,33
282,155	1921,33
282,381	1739,33
282,607	1752,33
282,833	1832,33
283,059	1520,33
283,285	1663,33
283,51	1618,33
283,736	1477,33
283,962	1720,33
284,188	1662,33
284,414	1703,33
284,64	1706,33
284,865	1760,33
285,091	1639,33
285,317	1788,33
285,543	1817,33
285,768	1702,33
285,994	1781,33
286,22	1911,33
286,446	1766,33
286,671	1596,33
286,897	1745,33
287,123	1616,33
287,348	1608,33
287,574	2229,33
287,799	1842,33
288,025	1582,33
288,251	1907,33
288,476	1750,33
288,702	1700,33
288,927	1705,33
289,153	1643,33
289,378	2003,33
289,604	1745,33
289,829	1695,33
290,055	1781,33
290,28	1676,33
290,506	1854,33
290,731	1719,33
290,957	1820,33
291,182	1780,33
291,408	1870,33
291,633	1819,33
291,858	1702,33
292,084	1740,33
292,309	1641,33
292,535	1734,33
292,76	1795,33
292,985	1735,33
293,211	1661,33
293,436	1577,33
293,661	1532,33
293,886	1651,33
294,112	1729,33
294,337	1731,33
294,562	1506,33
294,787	1802,33
295,013	1753,33
295,238	1660,33
295,463	1800,33
295,688	1872,33
295,913	1733,33
296,138	1776,33
296,364	1686,33
296,589	1802,33
296,814	1579,33
297,039	1708,33
297,264	1672,33
297,489	1753,33
297,714	1683,33
297,939	1617,33
298,164	1720,33
298,389	1788,33
298,614	1619,33
298,839	1778,33
299,064	1773,33
299,289	1939,33
299,514	1655,33
299,739	1792,33
299,964	1752,33
300,189	1706,33
300,414	1783,33
300,639	1884,33
300,863	1587,33
301,088	2072,33
301,313	1771,33
301,538	1708,33
301,763	1880,33
301,988	1647,33
302,212	1779,33
302,437	2184,33
302,662	1644,33
302,887	1694,33
303,111	1736,33
303,336	1728,33
303,561	1866,33
303,786	1704,33
304,01	1745,33
304,235	1823,33
304,46	1621,33
304,684	1782,33
304,909	1701,33
305,134	1566,33
305,358	1803,33
305,583	1750,33
305,807	1985,33
306,032	1528,33
306,256	1802,33
306,481	1867,33
306,706	1651,33
306,93	1605,33
307,155	1981,33
307,379	1676,33
307,604	1735,33
307,828	1676,33
308,052	1956,33
308,277	1750,33
308,501	1765,33
308,726	1696,33
308,95	1729,33
309,175	1642,33
309,399	1820,33
309,623	1738,33
309,848	1648,33
310,072	1556,33
310,296	2057,33
310,521	1679,33
310,745	1647,33
310,969	1909,33
311,193	1867,33
311,418	1657,33
311,642	1672,33
311,866	1736,33
312,09	1695,33
312,315	1747,33
312,539	1724,33
312,763	1629,33
312,987	1834,33
313,211	1625,33
313,435	1853,33
313,659	1661,33
313,884	1955,33
314,108	1839,33
314,332	1903,33
314,556	1667,33
314,78	1923,33
315,004	1762,33
315,228	1904,33
315,452	1567,33
315,676	1678,33
315,9	1807,33
316,124	1528,33
316,348	1668,33
316,572	1747,33
316,796	1826,33
317,02	1632,33
317,244	1920,33
317,468	1602,33
317,691	1923,33
317,915	1796,33
318,139	1662,33
318,363	2127,33
318,587	1699,33
318,811	1606,33
319,034	1597,33
319,258	1853,33
319,482	1934,33
319,706	1862,33
319,93	1747,33
320,153	1676,33
320,377	1782,33
320,601	1681,33
320,824	1636,33
321,048	1920,33
321,272	1773,33
321,495	1728,33
321,719	1772,33
321,943	1705,33
322,166	1781,33
322,39	1672,33
322,614	1811,33
322,837	1811,33
323,061	1489,33
323,284	1790,33
323,508	1714,33
323,731	1595,33
323,955	1724,33
324,178	1660,33
324,402	1851,33
324,625	1664,33
324,849	1584,33
325,072	1881,33
325,296	1781,33
325,519	1774,33
325,743	1626,33
325,966	1853,33
326,189	1868,33
326,413	1686,33
326,636	1809,33
326,859	1746,33
327,083	1972,33
327,306	1626,33
327,529	1652,33
327,753	1579,33
327,976	1796,33
328,199	1857,33
328,422	1757,33
328,646	1740,33
328,869	1641,33
329,092	1758,33
329,315	1932,33
329,538	1707,33
329,762	1742,33
329,985	1763,33
330,208	1717,33
330,431	1789,33
330,654	1814,33
330,877	1714,33
331,1	1828,33
331,323	1631,33
331,546	1837,33
331,769	1780,33
331,993	1516,33
332,216	1723,33
332,439	1769,33
332,662	1733,33
332,885	1656,33
333,107	1584,33
333,33	1579,33
333,553	1853,33
333,776	1631,33
333,999	1710,33
334,222	1533,33
334,445	1662,33
334,668	1657,33
334,891	1746,33
335,114	1581,33
335,336	1685,33
335,559	1763,33
335,782	2002,33
336,005	1637,33
336,228	1737,33
336,45	1693,33
336,673	1604,33
336,896	1748,33
337,119	1735,33
337,341	1701,33
337,564	1686,33
337,787	1756,33
338,009	1648,33
338,232	1784,33
338,455	1773,33
338,677	1686,33
338,9	1723,33
339,122	1883,33
339,345	1232,33
339,568	1546,33
339,79	1655,33
340,013	1767,33
340,235	1814,33
340,458	1578,33
340,68	1752,33
340,903	1658,33
341,125	1601,33
341,348	1943,33
341,57	1676,33
341,793	1883,33
342,015	1609,33
342,238	1674,33
342,46	1700,33
342,682	1804,33
342,905	1621,33
343,127	1764,33
343,349	1740,33
343,572	1843,33
343,794	1601,33
344,016	1673,33
344,239	1788,33
344,461	1607,33
344,683	1618,33
344,905	1623,33
345,128	1585,33
345,35	1672,33
345,572	1720,33
345,794	1921,33
346,017	1705,33
346,239	1659,33
346,461	1621,33
346,683	1579,33
346,905	1716,33
347,127	1703,33
347,349	1609,33
347,571	1664,33
347,793	1894,33
348,016	1736,33
348,238	1716,33
348,46	1758,33
348,682	1668,33
348,904	1782,33
349,126	1682,33
349,348	1754,33
349,57	1579,33
349,792	1651,33
350,014	1703,33
350,235	1687,33
350,457	2066,33
350,679	1803,33
350,901	1556,33
351,123	1652,33
351,345	1639,33
351,567	1748,33
351,789	1729,33
352,01	1773,33
352,232	1714,33
352,454	1614,33
352,676	1646,33
352,897	1664,33
353,119	1651,33
353,341	1647,33
353,563	1631,33
353,784	1636,33
354,006	1669,33
354,228	1669,33
354,449	1813,33
354,671	1789,33
354,893	1819,33
355,114	1750,33
355,336	1724,33
355,558	1680,33
355,779	1644,33
356,001	1783,33
356,222	1732,33
356,444	1582,33
356,665	2408,33
356,887	1646,33
357,108	1584,33
357,33	1627,33
357,551	1896,33
357,773	1717,33
357,994	1736,33
358,216	1535,33
358,437	1760,33
358,659	1738,33
358,88	1649,33
359,101	1764,33
359,323	1689,33
359,544	1623,33
359,765	1828,33
359,987	1544,33
360,208	1704,33
360,429	1752,33
360,651	1620,33
360,872	1857,33
361,093	1649,33
361,314	1691,33
361,536	1658,33
361,757	1662,33
361,978	1504,33
362,199	1553,33
362,42	1535,33
362,642	1638,33
362,863	1813,33
363,084	1636,33
363,305	1751,33
363,526	1681,33
363,747	1380,33
363,968	1624,33
364,189	1823,33
364,41	1606,33
364,631	1505,33
364,852	1782,33
365,073	1696,33
365,294	1666,33
365,515	1520,33
365,736	1786,33
365,957	1707,33
366,178	1690,33
366,399	1705,33
366,62	1728,33
366,841	1811,33
367,062	1776,33
367,283	1673,33
367,504	1749,33
367,724	1618,33
367,945	1496,33
368,166	1789,33
368,387	1631,33
368,608	1632,33
368,828	1769,33
369,049	1552,33
369,27	1699,33
369,491	1569,33
369,711	1732,33
369,932	1778,33
370,153	1707,33
370,373	1725,33
370,594	1837,33
370,815	1703,33
371,035	1782,33
371,256	1563,33
371,477	1633,33
371,697	1694,33
371,918	1524,33
372,138	1763,33
372,359	1862,33
372,579	1532,33
372,8	1586,33
373,02	1815,33
373,241	1778,33
373,461	1691,33
373,682	1662,33
373,902	1645,33
374,123	1574,33
374,343	1724,33
374,564	1576,33
374,784	1631,33
375,004	1748,33
375,225	1585,33
375,445	1639,33
375,666	1836,33
375,886	1629,33
376,106	1598,33
376,326	1312,33
376,547	1870,33
376,767	1791,33
376,987	1543,33
377,208	1624,33
377,428	1543,33
377,648	1739,33
377,868	1730,33
378,088	1953,33
378,309	1711,33
378,529	1750,33
378,749	1685,33
378,969	1562,33
379,189	1705,33
379,409	1667,33
379,629	1612,33
379,849	1635,33
380,069	1699,33
380,29	1475,33
380,51	1652,33
380,73	1739,33
380,95	1875,33
381,17	1658,33
381,39	1683,33
381,61	1535,33
381,829	1608,33
382,049	1654,33
382,269	1571,33
382,489	1678,33
382,709	1735,33
382,929	1720,33
383,149	1693,33
383,369	1971,33
383,589	1629,33
383,808	1691,33
384,028	1672,33
384,248	1742,33
384,468	1612,33
384,688	1645,33
384,907	1627,33
385,127	1731,33
385,347	1656,33
385,567	1599,33
385,786	1763,33
386,006	1555,33
386,226	1693,33
386,445	1590,33
386,665	1627,33
386,885	1750,33
387,104	1430,33
387,324	1694,33
387,543	1765,33
387,763	1592,33
387,982	1606,33
388,202	1576,33
388,422	1660,33
388,641	1628,33
388,861	1718,33
389,08	1774,33
389,3	1626,33
389,519	1808,33
389,738	1653,33
389,958	1685,33
390,177	1632,33
390,397	1701,33
390,616	1639,33
390,836	1736,33
391,055	1684,33
391,274	1730,33
391,494	1591,33
391,713	1562,33
391,932	1679,33
392,151	1575,33
392,371	1598,33
392,59	1668,33
392,809	1763,33
393,029	1760,33
393,248	1819,33
393,467	1544,33
393,686	1616,33
393,905	2734,33
394,124	1659,33
394,344	1723,33
394,563	1790,33
394,782	1718,33
395,001	1710,33
395,22	1659,33
395,439	1716,33
395,658	1565,33
395,877	1673,33
396,096	1592,33
396,315	1844,33
396,534	1541,33
396,753	1577,33
396,972	1499,33
397,191	1710,33
397,41	1666,33
397,629	1647,33
397,848	1628,33
398,067	1640,33
398,286	1611,33
398,505	1580,33
398,724	1763,33
398,943	2292,33
399,161	1514,33
399,38	1730,33
399,599	1739,33
399,818	1658,33
400,037	1786,33
400,255	1637,33
400,474	1617,33
400,693	1779,33
400,912	1778,33
401,13	1683,33
401,349	1624,33
401,568	1593,33
401,786	1958,33
402,005	1734,33
402,224	1610,33
402,442	1663,33
402,661	1726,33
402,88	1708,33
403,098	1614,33
403,317	1679,33
403,535	1719,33
403,754	1676,33
403,972	1710,33
404,191	1583,33
404,409	1648,33
404,628	2326,33
404,846	1673,33
405,065	1752,33
405,283	1527,33
405,502	1664,33
405,72	1658,33
405,938	1565,33
406,157	1580,33
406,375	1587,33
406,594	1662,33
406,812	1649,33
407,03	1602,33
407,249	1472,33
407,467	1831,33
407,685	1696,33
407,903	1566,33
408,122	1776,33
408,34	1633,33
408,558	1704,33
408,776	1580,33
408,995	1563,33
409,213	1666,33
409,431	1712,33
409,649	1736,33
409,867	1633,33
410,085	1655,33
410,303	1750,33
410,522	1521,33
410,74	1593,33
410,958	1569,33
411,176	1636,33
411,394	1577,33
411,612	1624,33
411,83	1831,33
412,048	1675,33
412,266	1798,33
412,484	1636,33
412,702	1856,33
412,92	1300,33
413,138	1719,33
413,356	1686,33
413,573	1753,33
413,791	1973,33
414,009	1709,33
414,227	1919,33
414,445	1757,33
414,663	1691,33
414,881	1516,33
415,098	1634,33
415,316	1567,33
415,534	1994,33
415,752	1560,33
415,969	1787,33
416,187	1542,33
416,405	1504,33
416,623	1763,33
416,84	1520,33
417,058	1663,33
417,276	1826,33
417,493	1605,33
417,711	1617,33
417,928	1703,33
418,146	1603,33
418,364	1707,33
418,581	1729,33
418,799	1583,33
419,016	1476,33
419,234	1571,33
419,451	2197,33
419,669	1680,33
419,886	1678,33
420,104	1612,33
420,321	1598,33
420,539	1663,33
420,756	1824,33
420,974	1589,33
421,191	1564,33
421,408	1587,33
421,626	1726,33
421,843	1624,33
422,06	1760,33
422,278	1498,33
422,495	1717,33
422,712	1685,33
422,93	1772,33
423,147	1724,33
423,364	1506,33
423,581	1775,33
423,799	1588,33
424,016	1734,33
424,233	1652,33
424,45	1694,33
424,667	1626,33
424,884	1604,33
425,102	1744,33
425,319	1554,33
425,536	1736,33
425,753	1754,33
425,97	1621,33
426,187	1742,33
426,404	1596,33
426,621	1920,33
426,838	1789,33
427,055	1722,33
427,272	1653,33
427,489	1732,33
427,706	1420,33
427,923	1617,33
428,14	1651,33
428,357	1869,33
428,574	1702,33
428,791	1718,33
429,008	1585,33
429,224	1550,33
429,441	1492,33
429,658	1653,33
429,875	1823,33
430,092	1702,33
430,308	1718,33
430,525	1710,33
430,742	1642,33
430,959	1638,33
431,175	1760,33
431,392	1566,33
431,609	1746,33
431,826	1667,33
432,042	1584,33
432,259	1589,33
432,476	2171,33
432,692	1608,33
432,909	1616,33
433,125	1743,33
433,342	1587,33
433,559	1724,33
433,775	1600,33
433,992	1470,33
434,208	1523,33
434,425	1544,33
434,641	1774,33
434,858	1824,33
435,074	1598,33
435,291	1614,33
435,507	1728,33
435,723	1700,33
435,94	1559,33
436,156	1657,33
436,373	1757,33
436,589	1601,33
436,805	1748,33
437,022	1598,33
437,238	1580,33
437,454	1626,33
437,671	1640,33
437,887	1689,33
438,103	1593,33
438,319	1608,33
438,536	1753,33
438,752	1669,33
438,968	1678,33
439,184	1659,33
439,4	1456,33
439,616	1506,33
439,833	1762,33
440,049	1736,33
440,265	1822,33
440,481	1647,33
440,697	1712,33
440,913	1694,33
441,129	1596,33
441,345	1710,33
441,561	1732,33
441,777	1610,33
441,993	1676,33
442,209	1431,33
442,425	1752,33
442,641	1670,33
442,857	1644,33
443,073	1658,33
443,289	1658,33
443,505	1676,33
443,721	1805,33
443,937	1690,33
444,152	1629,33
444,368	1669,33
444,584	1614,33
444,8	1772,33
445,016	1601,33
445,231	1639,33
445,447	1815,33
445,663	1790,33
445,879	1587,33
446,094	1741,33
446,31	1789,33
446,526	1652,33
446,742	1744,33
446,957	1623,33
447,173	1710,33
447,388	1729,33
447,604	1810,33
447,82	1640,33
448,035	1717,33
448,251	1588,33
448,466	1816,33
448,682	1600,33
448,897	1509,33
449,113	1568,33
449,328	1642,33
449,544	1499,33
449,759	1987,33
449,975	1522,33
450,19	1544,33
450,406	1865,33
450,621	1704,33
450,836	1661,33
451,052	1721,33
451,267	1505,33
451,483	1634,33
451,698	1439,33
451,913	1665,33
452,129	1652,33
452,344	1574,33
452,559	1792,33
452,774	1676,33
452,99	1638,33
453,205	1642,33
453,42	1736,33
453,635	1762,33
453,85	1549,33
454,066	1811,33
454,281	1666,33
454,496	1728,33
454,711	1637,33
454,926	1764,33
455,141	1550,33
455,356	1623,33
455,571	1564,33
455,786	1683,33
456,001	1601,33
456,217	1478,33
456,432	1692,33
456,647	1727,33
456,861	1704,33
457,076	1676,33
457,291	1806,33
457,506	1612,33
457,721	1648,33
457,936	1705,33
458,151	1516,33
458,366	1838,33
458,581	1598,33
458,796	1906,33
459,01	1646,33
459,225	1735,33
459,44	1436,33
459,655	1698,33
459,87	1563,33
460,084	1415,33
460,299	1655,33
460,514	1661,33
460,729	2094,33
460,943	1557,33
461,158	1617,33
461,373	1674,33
461,587	1589,33
461,802	1604,33
462,016	1678,33
462,231	1617,33
462,446	1791,33
462,66	1659,33
462,875	1604,33
463,089	1658,33
463,304	1678,33
463,518	1604,33
463,733	1649,33
463,947	1642,33
464,162	1626,33
464,376	1597,33
464,591	1787,33
464,805	1613,33
465,02	1811,33
465,234	1718,33
465,448	1785,33
465,663	1791,33
465,877	1716,33
466,091	1595,33
466,306	1866,33
466,52	2017,33
466,734	1647,33
466,949	1574,33
467,163	1822,33
467,377	1585,33
467,591	1720,33
467,806	1602,33
468,02	1573,33
468,234	1556,33
468,448	1761,33
468,662	1664,33
468,876	1878,33
469,091	1647,33
469,305	1803,33
469,519	1614,33
469,733	1514,33
469,947	1674,33
470,161	1929,33
470,375	1586,33
470,589	1727,33
470,803	1709,33
471,017	1740,33
471,231	1724,33
471,445	1613,33
471,659	1680,33
471,873	1642,33
472,087	1498,33
472,301	1723,33
472,515	1542,33
472,728	1555,33
472,942	1556,33
473,156	1683,33
473,37	1646,33
473,584	1569,33
473,798	1655,33
474,011	1672,33
474,225	1590,33
474,439	1694,33
474,653	1713,33
474,866	1665,33
475,08	1796,33
475,294	1744,33
475,507	1559,33
475,721	1744,33
475,935	1827,33
476,148	1523,33
476,362	1468,33
476,576	1615,33
476,789	1665,33
477,003	1785,33
477,216	1560,33
477,43	1651,33
477,643	1714,33
477,857	1750,33
478,07	1845,33
478,284	1708,33
478,497	1588,33
478,711	1626,33
478,924	1537,33
479,138	1618,33
479,351	1635,33
479,564	1465,33
479,778	1644,33
479,991	1473,33
480,204	1541,33
480,418	1713,33
480,631	1604,33
480,844	1723,33
481,058	1567,33
481,271	1627,33
481,484	1762,33
481,697	1661,33
481,911	1614,33
482,124	1673,33
482,337	1668,33
482,55	1620,33
482,763	1576,33
482,976	1734,33
483,19	1586,33
483,403	1642,33
483,616	1752,33
483,829	1707,33
484,042	1418,33
484,255	1644,33
484,468	1686,33
484,681	1536,33
484,894	1678,33
485,107	1776,33
485,32	1579,33
485,533	1569,33
485,746	1764,33
485,959	1448,33
486,172	1622,33
486,385	1499,33
486,598	1684,33
486,81	1563,33
487,023	1585,33
487,236	1760,33
487,449	1677,33
487,662	1680,33
487,875	1752,33
488,087	1665,33
488,3	1691,33
488,513	1495,33
488,726	1536,33
488,938	1724,33
489,151	1598,33
489,364	1660,33
489,576	1634,33
489,789	1723,33
490,002	1676,33
490,214	1666,33
490,427	1449,33
490,64	1667,33
490,852	1706,33
491,065	1609,33
491,277	1692,33
491,49	1690,33
491,702	1466,33
491,915	1684,33
492,127	1673,33
492,34	1700,33
492,552	1681,33
492,765	1696,33
492,977	1928,33
493,19	1612,33
493,402	1700,33
493,614	1696,33
493,827	1417,33
494,039	1640,33
494,251	1662,33
494,464	1764,33
494,676	1521,33
494,888	1715,33
495,101	1610,33
495,313	1625,33
495,525	1661,33
495,737	1852,33
495,95	1578,33
496,162	1684,33
496,374	1689,33
496,586	1466,33
496,798	1734,33
497,01	1676,33
497,222	1509,33
497,435	1798,33
497,647	1592,33
497,859	1634,33
498,071	1568,33
498,283	1627,33
498,495	1541,33
498,707	1878,33
498,919	1565,33
499,131	1750,33
499,343	1537,33
499,555	1609,33
499,767	1771,33
499,979	1633,33
500,191	1842,33
500,402	1592,33
500,614	1748,33
500,826	1730,33
501,038	1497,33
501,25	1688,33
501,462	1598,33
501,673	1649,33
501,885	1545,33
502,097	1724,33
502,309	1693,33
502,521	1762,33
502,732	1775,33
502,944	1615,33
503,156	1576,33
503,367	1584,33
503,579	1524,33
503,791	1680,33
504,002	1692,33
504,214	1730,33
504,425	1934,33
504,637	1729,33
504,849	1666,33
505,06	1720,33
505,272	1740,33
505,483	1576,33
505,695	1650,33
505,906	1545,33
506,118	1664,33
506,329	1553,33
506,541	1623,33
506,752	1775,33
506,963	1697,33
507,175	1505,33
507,386	1798,33
507,598	1745,33
507,809	1500,33
508,02	1620,33
508,232	1700,33
508,443	1548,33
508,654	1867,33
508,865	1810,33
509,077	1559,33
509,288	1565,33
509,499	1870,33
509,71	1589,33
509,922	1743,33
510,133	1607,33
510,344	1852,33
510,555	1726,33
510,766	1729,33
510,977	1632,33
511,188	1620,33
511,4	1548,33
511,611	1716,33
511,822	1675,33
512,033	1670,33
512,244	1729,33
512,455	1814,33
512,666	1694,33
512,877	1822,33
513,088	1677,33
513,299	1688,33
513,51	1569,33
513,721	1661,33
513,931	1720,33
514,142	1843,33
514,353	1792,33
514,564	1586,33
514,775	1659,33
514,986	1705,33
515,196	1835,33
515,407	1531,33
515,618	1744,33
515,829	1658,33
516,04	1661,33
516,25	1614,33
516,461	1622,33
516,672	1625,33
516,882	1589,33
517,093	1714,33
517,304	1531,33
517,514	1542,33
517,725	1686,33
517,936	1567,33
518,146	1582,33
518,357	1678,33
518,567	1564,33
518,778	1928,33
518,988	1574,33
519,199	1994,33
519,409	1561,33
519,62	1729,33
519,83	1667,33
520,041	1714,33
520,251	1943,33
520,462	1721,33
520,672	1703,33
520,882	1761,33
521,093	1690,33
521,303	1645,33
521,513	1664,33
521,724	2750,33
521,934	1535,33
522,144	1683,33
522,355	1860,33
522,565	1734,33
522,775	1709,33
522,985	1605,33
523,196	1671,33
523,406	1612,33
523,616	1810,33
523,826	1631,33
524,036	2477,33
524,246	1592,33
524,457	1613,33
524,667	1488,33
524,877	1713,33
525,087	1632,33
525,297	1699,33
525,507	1698,33
525,717	1533,33
525,927	1620,33
526,137	1634,33
526,347	1707,33
526,557	1600,33
526,767	1665,33
526,977	1956,33
527,187	1650,33
527,397	1564,33
527,607	1599,33
527,816	1621,33
528,026	1550,33
528,236	1658,33
528,446	1701,33
528,656	1639,33
528,865	1863,33
529,075	1614,33
529,285	1579,33
529,495	1687,33
529,704	1702,33
529,914	1457,33
530,124	1692,33
530,334	1542,33
530,543	1574,33
530,753	1927,33
530,963	2121,33
531,172	1736,33
531,382	1580,33
531,591	1960,33
531,801	1527,33
532,01	1706,33
532,22	1679,33
532,43	1713,33
532,639	1926,33
532,849	1687,33
533,058	1632,33
533,267	1825,33
533,477	1650,33
533,686	1575,33
533,896	1616,33
534,105	1720,33
534,315	1820,33
534,524	1688,33
534,733	1614,33
534,943	1860,33
535,152	1778,33
535,361	1510,33
535,57	1631,33
535,78	1627,33
535,989	1639,33
536,198	1688,33
536,407	1627,33
536,617	1721,33
536,826	1793,33
537,035	1771,33
537,244	1624,33
537,453	1484,33
537,662	1696,33
537,872	1666,33
538,081	1677,33
538,29	1578,33
538,499	1576,33
538,708	1840,33
538,917	1680,33
539,126	1702,33
539,335	1705,33
539,544	2200,33
539,753	1603,33
539,962	1586,33
540,171	1547,33
540,38	1751,33
540,589	1584,33
540,797	1769,33
541,006	1619,33
541,215	1611,33
541,424	1883,33
541,633	1639,33
541,842	1629,33
542,05	1786,33
542,259	1654,33
542,468	1664,33
542,677	1716,33
542,885	1732,33
543,094	1680,33
543,303	1580,33
543,512	1734,33
543,72	1750,33
543,929	1709,33
544,138	1615,33
544,346	1526,33
544,555	1568,33
544,763	1711,33
544,972	1630,33
545,18	1529,33
545,389	1601,33
545,598	1587,33
545,806	1750,33
546,015	1659,33
546,223	1672,33
546,431	1627,33
546,64	1669,33
546,848	1665,33
547,057	1673,33
547,265	1654,33
547,474	1544,33
547,682	1659,33
547,89	1740,33
548,099	1651,33
548,307	1711,33
548,515	1861,33
548,723	1770,33
548,932	1789,33
549,14	1735,33
549,348	1763,33
549,556	1639,33
549,765	1612,33
549,973	1534,33
550,181	1708,33
550,389	1711,33
550,597	1710,33
550,805	1624,33
551,014	1782,33
551,222	5654,33
551,43	1565,33
551,638	1611,33
551,846	1758,33
552,054	1802,33
552,262	1809,33
552,47	1610,33
552,678	1564,33
552,886	1604,33
553,094	1509,33
553,302	1734,33
553,51	1703,33
553,717	1811,33
553,925	1446,33
554,133	2019,33
554,341	1557,33
554,549	1698,33
554,757	1552,33
554,965	1662,33
555,172	1700,33
555,38	1933,33
555,588	1509,33
555,796	1697,33
556,003	1782,33
556,211	1642,33
556,419	1754,33
556,626	1750,33
556,834	1665,33
557,042	1670,33
557,249	1616,33
557,457	1644,33
557,664	1483,33
557,872	1574,33
558,08	1563,33
558,287	1781,33
558,495	1760,33
558,702	1679,33
558,91	1758,33
559,117	1671,33
559,325	1675,33
559,532	1650,33
559,74	1800,33
559,947	1651,33
560,154	1830,33
560,362	1643,33
560,569	1618,33
560,776	1617,33
560,984	1787,33
561,191	1632,33
561,398	1678,33
561,606	2022,33
561,813	1755,33
562,02	1492,33
562,227	1548,33
562,435	1681,33
562,642	1923,33
562,849	1710,33
563,056	1708,33
563,263	1660,33
563,471	1812,33
563,678	1746,33
563,885	1703,33
564,092	1775,33
564,299	1764,33
564,506	1819,33
564,713	1682,33
564,92	1613,33
565,127	1780,33
565,334	1764,33
565,541	1969,33
565,748	1715,33
565,955	1527,33
566,162	1612,33
566,369	1726,33
566,576	1824,33
566,783	1782,33
566,99	1568,33
567,196	1782,33
567,403	1547,33
567,61	1848,33
567,817	1544,33
568,024	1697,33
568,23	1697,33
568,437	1605,33
568,644	1645,33
568,851	1566,33
569,057	1906,33
569,264	1871,33
569,471	1592,33
569,677	1635,33
569,884	1686,33
570,091	1855,33
570,297	2747,33
570,504	1855,33
570,71	1683,33
570,917	1678,33
571,123	1624,33
571,33	1726,33
571,536	1639,33
571,743	1915,33
571,949	1652,33
572,156	1652,33
572,362	1909,33
572,569	1378,33
572,775	1642,33
572,982	1756,33
573,188	1680,33
573,394	1650,33
573,601	1622,33
573,807	1497,33
574,013	1925,33
574,22	1775,33
574,426	1577,33
574,632	2027,33
574,838	1720,33
575,045	1656,33
575,251	1717,33
575,457	1623,33
575,663	1814,33
575,869	1660,33
576,076	1601,33
576,282	1698,33
576,488	1578,33
576,694	1665,33
576,9	1519,33
577,106	1568,33
577,312	1588,33
577,518	1739,33
577,724	1740,33
577,93	1696,33
578,136	1655,33
578,342	1679,33
578,548	1612,33
578,754	1608,33
578,96	1608,33
579,166	1613,33
579,372	1865,33
579,578	1676,33
579,784	1844,33
579,989	1644,33
580,195	1608,33
580,401	1668,33
580,607	1767,33
580,813	1761,33
581,018	1695,33
581,224	1679,33
581,43	1699,33
581,636	1704,33
581,841	1724,33
582,047	1665,33
582,253	1800,33
582,458	1712,33
582,664	1637,33
582,869	1703,33
583,075	1494,33
583,281	2174,33
583,486	1730,33
583,692	1549,33
583,897	1774,33
584,103	1741,33
584,308	1761,33
584,514	1802,33
584,719	1772,33
584,925	1776,33
585,13	1624,33
585,335	1729,33
585,541	1715,33
585,746	1709,33
585,952	1596,33
586,157	1667,33
586,362	1664,33
586,568	1651,33
586,773	1750,33
586,978	1589,33
587,183	1673,33
587,389	1676,33
587,594	1639,33
587,799	1723,33
588,004	1799,33
588,21	1813,33
588,415	1387,33
588,62	1684,33
588,825	1822,33
589,03	1680,33
589,235	2210,33
589,44	1846,33
589,645	1529,33
589,85	1831,33
590,055	1928,33
590,26	1630,33
590,465	1658,33
590,67	1691,33
590,875	1884,33
591,08	1846,33
591,285	1706,33
591,49	1716,33
591,695	1770,33
591,9	1611,33
592,105	1601,33
592,31	1652,33
592,515	1980,33
592,719	1572,33
592,924	1484,33
593,129	1643,33
593,334	1672,33
593,539	1557,33
593,743	1852,33
593,948	1611,33
594,153	1649,33
594,357	1862,33
594,562	1682,33
594,767	2202,33
594,971	1610,33
595,176	1671,33
595,381	1787,33
595,585	1685,33
595,79	1926,33
595,994	1543,33
596,199	2173,33
596,403	1493,33
596,608	1562,33
596,812	1647,33
597,017	1869,33
597,221	1918,33
597,426	1864,33
597,63	1695,33
597,835	1606,33
598,039	1684,33
598,243	1752,33
598,448	1850,33
598,652	1750,33
598,856	1786,33
599,061	1786,33
599,265	1679,33
599,469	1636,33
599,673	1679,33
599,878	1772,33
600,082	1612,33
600,286	1764,33
600,49	1592,33
600,695	1517,33
600,899	1650,33
601,103	1721,33
601,307	1829,33
601,511	1777,33
601,715	1605,33
601,919	1560,33
602,123	1802,33
602,327	1690,33
602,531	1705,33
602,735	1786,33
602,939	1787,33
603,143	1593,33
603,347	1692,33
603,551	1662,33
603,755	1736,33
603,959	1621,33
604,163	1727,33
604,367	1676,33
604,571	1610,33
604,775	1743,33
604,978	1634,33
605,182	1564,33
605,386	1804,33
605,59	1648,33
605,793	1671,33
605,997	1876,33
606,201	1856,33
606,405	1713,33
606,608	1825,33
606,812	1734,33
607,016	1842,33
607,219	1565,33
607,423	1589,33
607,627	1910,33
607,83	1700,33
608,034	1600,33
608,237	1728,33
608,441	1613,33
608,644	1760,33
608,848	1726,33
609,051	1831,33
609,255	1592,33
609,458	1792,33
609,662	1659,33
609,865	1742,33
610,069	1577,33
610,272	1561,33
610,475	1595,33
610,679	1645,33
610,882	1653,33
611,085	1714,33
611,289	1705,33
611,492	1633,33
611,695	1587,33
611,898	1647,33
612,102	1810,33
612,305	1662,33
612,508	1762,33
612,711	1905,33
612,914	1614,33
613,118	1719,33
613,321	1744,33
613,524	1696,33
613,727	1628,33
613,93	1509,33
614,133	1778,33
614,336	1689,33
614,539	1610,33
614,742	1617,33
614,945	1695,33
615,148	1818,33
615,351	1389,33
615,554	1833,33
615,757	1582,33
615,96	1748,33
616,163	1595,33
616,366	1787,33
616,569	1696,33
616,772	1876,33
616,974	1736,33
617,177	1820,33
617,38	1503,33
617,583	1725,33
617,786	1600,33
617,988	1534,33
618,191	1926,33
618,394	1532,33
618,596	1589,33
618,799	1563,33
619,002	1658,33
619,204	1759,33
619,407	1679,33
619,61	1574,33
619,812	1642,33
620,015	1652,33
620,217	1835,33
620,42	1677,33
620,623	1698,33
620,825	1664,33
621,028	1835,33
621,23	1765,33
621,432	1756,33
621,635	1828,33
621,837	1740,33
622,04	1613,33
622,242	1658,33
622,445	1707,33
622,647	1712,33
622,849	1771,33
623,052	1516,33
623,254	1755,33
623,456	1530,33
623,658	1814,33
623,861	1935,33
624,063	1680,33
624,265	1747,33
624,467	1808,33
624,67	1556,33
624,872	1801,33
625,074	1816,33
625,276	1722,33
625,478	1780,33
625,68	1479,33
625,882	1800,33
626,084	1708,33
626,287	1868,33
626,489	1889,33
626,691	1568,33
626,893	1752,33
627,095	1722,33
627,297	1719,33
627,499	1680,33
627,7	1567,33
627,902	1539,33
628,104	1445,33
628,306	1620,33
628,508	1604,33
628,71	1660,33
628,912	1689,33
629,114	1947,33
629,315	1700,33
629,517	1553,33
629,719	1600,33
629,921	1664,33
630,122	1716,33
630,324	1617,33
630,526	1767,33
630,728	1731,33
630,929	1626,33
631,131	1545,33
631,332	1888,33
631,534	1777,33
631,736	1702,33
631,937	1593,33
632,139	1675,33
632,34	1793,33
632,542	1721,33
632,743	1595,33
632,945	1607,33
633,146	1693,33
633,348	1725,33
633,549	1732,33
633,751	1621,33
633,952	1678,33
634,154	1623,33
634,355	1506,33
634,556	1723,33
634,758	1639,33
634,959	1608,33
635,16	1698,33
635,362	1651,33
635,563	1719,33
635,764	1700,33
635,965	1680,33
636,167	1728,33
636,368	1716,33
636,569	1680,33
636,77	1800,33
636,971	1606,33
637,172	1734,33
637,374	1578,33
637,575	1887,33
637,776	1678,33
637,977	1528,33
638,178	1745,33
638,379	1689,33
638,58	1738,33
638,781	1494,33
638,982	1641,33
639,183	1712,33
639,384	1633,33
639,585	1646,33
639,786	1543,33
639,987	1623,33
640,187	1841,33
640,388	1798,33
640,589	1720,33
640,79	1551,33
640,991	1642,33
641,192	1983,33
641,392	1607,33
641,593	1547,33
641,794	1538,33
641,995	1577,33
642,195	1427,33
642,396	1592,33
642,597	1547,33
642,797	1586,33
642,998	1670,33
643,199	1575,33
643,399	1691,33
643,6	1689,33
643,8	1458,33
644,001	1705,33
644,202	1734,33
644,402	1584,33
644,603	1763,33
644,803	1491,33
645,004	1686,33
645,204	1449,33
645,404	1636,33
645,605	1966,33
645,805	1540,33
646,006	1549,33
646,206	2079,33
646,406	1551,33
646,607	1411,33
646,807	1406,33
647,007	-68,67
647,208	0,33
647,408	127,33
647,608	-34,67
