200,697	929,33
200,927	4,33
201,158	5,33
201,388	27,33
201,618	1461,33
201,849	1418,33
202,079	1579,33
202,309	1543,33
202,539	1689,33
202,77	1555,33
203	1705,33
203,23	1551,33
203,46	1625,33
203,691	1657,33
203,921	1682,33
204,151	1623,33
204,381	1670,33
204,611	1725,33
204,841	1619,33
205,071	1567,33
205,302	1780,33
205,532	1703,33
205,762	3660,33
205,992	1642,33
206,222	1516,33
206,452	1658,33
206,682	1629,33
206,912	1724,33
207,142	1742,33
207,372	1721,33
207,602	1533,33
207,832	1594,33
208,062	1695,33
208,292	1719,33
208,522	1458,33
208,752	1597,33
208,982	1606,33
209,212	1759,33
209,442	1640,33
209,672	1559,33
209,902	1479,33
210,131	1722,33
210,361	1528,33
210,591	1642,33
210,821	1573,33
211,051	1797,33
211,281	1606,33
211,51	1689,33
211,74	1625,33
211,97	1656,33
212,2	1600,33
212,429	1855,33
212,659	1673,33
212,889	1634,33
213,119	1548,33
213,348	1576,33
213,578	1757,33
213,808	1709,33
214,037	1586,33
214,267	1792,33
214,497	1729,33
214,726	1575,33
214,956	1575,33
215,186	1606,33
215,415	1699,33
215,645	1668,33
215,874	1764,33
216,104	1535,33
216,333	1673,33
216,563	1713,33
216,792	1699,33
217,022	1737,33
217,251	1710,33
217,481	1581,33
217,71	1695,33
217,94	1605,33
218,169	1729,33
218,399	1586,33
218,628	1627,33
218,858	1855,33
219,087	1698,33
219,316	1870,33
219,546	1570,33
219,775	1721,33
220,004	1877,33
220,234	1554,33
220,463	1761,33
220,692	1749,33
220,922	1638,33
221,151	1778,33
221,38	1685,33
221,61	2076,33
221,839	1969,33
222,068	1697,33
222,297	1809,33
222,526	1780,33
222,756	1837,33
222,985	1796,33
223,214	1802,33
223,443	1899,33
223,672	2320,33
223,902	1729,33
224,131	1778,33
224,36	1890,33
224,589	1644,33
224,818	1757,33
225,047	1895,33
225,276	1699,33
225,505	2029,33
225,734	1791,33
225,963	1811,33
226,192	1825,33
226,421	1788,33
226,65	1872,33
226,879	1841,33
227,108	1952,33
227,337	1964,33
227,566	2115,33
227,795	1767,33
228,024	1893,33
228,253	1805,33
228,482	1725,33
228,711	1941,33
228,94	1735,33
229,168	1957,33
229,397	1827,33
229,626	1918,33
229,855	1875,33
230,084	1895,33
230,313	1847,33
230,541	2019,33
230,77	1944,33
230,999	1803,33
231,228	2216,33
231,456	2056,33
231,685	1891,33
231,914	2057,33
232,143	1972,33
232,371	2008,33
232,6	1971,33
232,829	1980,33
233,057	2139,33
233,286	1784,33
233,515	1996,33
233,743	2070,33
233,972	1990,33
234,2	2075,33
234,429	2079,33
234,658	2084,33
234,886	1998,33
235,115	2114,33
235,343	2193,33
235,572	2025,33
235,8	2194,33
236,029	2411,33
236,257	2057,33
236,486	2215,33
236,714	2216,33
236,943	2264,33
237,171	2096,33
237,399	2108,33
237,628	2260,33
237,856	2293,33
238,085	2249,33
238,313	2161,33
238,541	2070,33
238,77	2585,33
238,998	2135,33
239,226	2355,33
239,455	2249,33
239,683	2366,33
239,911	2269,33
240,14	2388,33
240,368	2479,33
240,596	2347,33
240,824	2292,33
241,053	2368,33
241,281	2352,33
241,509	2330,33
241,737	2400,33
241,965	2256,33
242,193	2383,33
242,422	2446,33
242,65	2323,33
242,878	2392,33
243,106	2414,33
243,334	2453,33
243,562	2553,33
243,79	2506,33
244,018	2557,33
244,246	2483,33
244,474	2477,33
244,702	2477,33
244,93	2550,33
245,158	2594,33
245,386	2475,33
245,614	2589,33
245,842	2738,33
246,07	2519,33
246,298	2702,33
246,526	3048,33
246,754	2491,33
246,982	2656,33
247,21	2777,33
247,438	2545,33
247,666	2733,33
247,893	2638,33
248,121	2655,33
248,349	2591,33
248,577	2728,33
248,805	2849,33
249,033	2755,33
249,26	2759,33
249,488	2651,33
249,716	2787,33
249,944	2727,33
250,171	2708,33
250,399	2771,33
250,627	2859,33
250,854	2826,33
251,082	2706,33
251,31	2882,33
251,537	2805,33
251,765	3068,33
251,993	2831,33
252,22	3394,33
252,448	2721,33
252,676	3016,33
252,903	2959,33
253,131	3163,33
253,358	2770,33
253,586	2793,33
253,813	2824,33
254,041	2985,33
254,268	2978,33
254,496	2825,33
254,723	2817,33
254,951	2998,33
255,178	2991,33
255,406	2965,33
255,633	3012,33
255,86	3193,33
256,088	3076,33
256,315	2908,33
256,543	3065,33
256,77	2999,33
256,997	3057,33
257,225	3082,33
257,452	2974,33
257,679	2851,33
257,907	3128,33
258,134	2992,33
258,361	3084,33
258,588	3121,33
258,816	3127,33
259,043	3003,33
259,27	3149,33
259,497	3179,33
259,725	3096,33
259,952	3047,33
260,179	3073,33
260,406	3135,33
260,633	3063,33
260,86	3119,33
261,088	3113,33
261,315	3355,33
261,542	3126,33
261,769	3054,33
261,996	3445,33
262,223	3280,33
262,45	3353,33
262,677	3056,33
262,904	3061,33
263,131	3208,33
263,358	3150,33
263,585	3177,33
263,812	3483,33
264,039	3308,33
264,266	3138,33
264,493	3131,33
264,72	3086,33
264,947	3146,33
265,174	3345,33
265,401	3155,33
265,627	3236,33
265,854	3143,33
266,081	3215,33
266,308	3165,33
266,535	3148,33
266,762	3188,33
266,988	3111,33
267,215	3285,33
267,442	3227,33
267,669	3236,33
267,896	3233,33
268,122	3332,33
268,349	3213,33
268,576	3047,33
268,802	3053,33
269,029	3111,33
269,256	3252,33
269,482	3159,33
269,709	3145,33
269,936	3192,33
270,162	3315,33
270,389	3103,33
270,616	3231,33
270,842	3475,33
271,069	3338,33
271,295	3223,33
271,522	3126,33
271,748	3199,33
271,975	3356,33
272,201	3371,33
272,428	3285,33
272,654	3184,33
272,881	3559,33
273,107	3155,33
273,334	3311,33
273,56	3372,33
273,787	3277,33
274,013	3358,33
274,239	3657,33
274,466	3384,33
274,692	3366,33
274,918	3575,33
275,145	3402,33
275,371	3326,33
275,597	3573,33
275,824	3494,33
276,05	3511,33
276,276	3481,33
276,503	3431,33
276,729	3461,33
276,955	3640,33
277,181	3569,33
277,407	3296,33
277,634	3499,33
277,86	3579,33
278,086	3549,33
278,312	3485,33
278,538	3410,33
278,764	3535,33
278,991	3578,33
279,217	3414,33
279,443	3450,33
279,669	3474,33
279,895	3596,33
280,121	3485,33
280,347	3490,33
280,573	3349,33
280,799	3552,33
281,025	3812,33
281,251	3459,33
281,477	3778,33
281,703	3644,33
281,929	3617,33
282,155	3702,33
282,381	3771,33
282,607	3714,33
282,833	3761,33
283,059	3875,33
283,285	3745,33
283,51	3701,33
283,736	3726,33
283,962	3782,33
284,188	3830,33
284,414	3852,33
284,64	3893,33
284,865	3924,33
285,091	3809,33
285,317	3971,33
285,543	4055,33
285,768	4092,33
285,994	3917,33
286,22	4159,33
286,446	4102,33
286,671	3823,33
286,897	3990,33
287,123	3967,33
287,348	4020,33
287,574	4616,33
287,799	4092,33
288,025	4021,33
288,251	4262,33
288,476	4060,33
288,702	4178,33
288,927	4063,33
289,153	4083,33
289,378	4440,33
289,604	4292,33
289,829	4173,33
290,055	4258,33
290,28	4250,33
290,506	4218,33
290,731	4146,33
290,957	4321,33
291,182	4282,33
291,408	4336,33
291,633	4381,33
291,858	4186,33
292,084	4349,33
292,309	4251,33
292,535	4333,33
292,76	4424,33
292,985	4422,33
293,211	4262,33
293,436	4252,33
293,661	4035,33
293,886	4341,33
294,112	4377,33
294,337	4340,33
294,562	4248,33
294,787	4464,33
295,013	4342,33
295,238	4343,33
295,463	4467,33
295,688	4467,33
295,913	4363,33
296,138	4480,33
296,364	4383,33
296,589	4403,33
296,814	4180,33
297,039	4225,33
297,264	4291,33
297,489	4354,33
297,714	4314,33
297,939	4274,33
298,164	4377,33
298,389	4483,33
298,614	4401,33
298,839	4552,33
299,064	4512,33
299,289	4536,33
299,514	4344,33
299,739	4546,33
299,964	4453,33
300,189	4416,33
300,414	4666,33
300,639	4788,33
300,863	4556,33
301,088	4891,33
301,313	4598,33
301,538	4672,33
301,763	4580,33
301,988	4688,33
302,212	4573,33
302,437	5086,33
302,662	4573,33
302,887	4633,33
303,111	4796,33
303,336	4828,33
303,561	4784,33
303,786	4745,33
304,01	4743,33
304,235	4649,33
304,46	4585,33
304,684	4743,33
304,909	4617,33
305,134	4646,33
305,358	4752,33
305,583	4510,33
305,807	4746,33
306,032	4351,33
306,256	4634,33
306,481	4542,33
306,706	4454,33
306,93	4504,33
307,155	4877,33
307,379	4570,33
307,604	4675,33
307,828	4308,33
308,052	4888,33
308,277	4898,33
308,501	4763,33
308,726	4863,33
308,95	5017,33
309,175	4773,33
309,399	4922,33
309,623	4714,33
309,848	4629,33
310,072	4661,33
310,296	5045,33
310,521	4782,33
310,745	4753,33
310,969	5063,33
311,193	4911,33
311,418	4705,33
311,642	4912,33
311,866	4882,33
312,09	4813,33
312,315	4979,33
312,539	4927,33
312,763	4778,33
312,987	4932,33
313,211	4703,33
313,435	4898,33
313,659	4784,33
313,884	5025,33
314,108	4919,33
314,332	4928,33
314,556	4637,33
314,78	5005,33
315,004	4898,33
315,228	4921,33
315,452	4781,33
315,676	4803,33
315,9	4831,33
316,124	4659,33
316,348	4813,33
316,572	4771,33
316,796	4814,33
317,02	4556,33
317,244	5041,33
317,468	4750,33
317,691	4797,33
317,915	4793,33
318,139	4785,33
318,363	5181,33
318,587	4727,33
318,811	4637,33
319,034	4535,33
319,258	4891,33
319,482	4978,33
319,706	4678,33
319,93	4631,33
320,153	4607,33
320,377	4717,33
320,601	4601,33
320,824	4544,33
321,048	4670,33
321,272	4906,33
321,495	4698,33
321,719	4831,33
321,943	4675,33
322,166	4761,33
322,39	4619,33
322,614	4760,33
322,837	4848,33
323,061	4615,33
323,284	4881,33
323,508	4806,33
323,731	4700,33
323,955	4771,33
324,178	4683,33
324,402	4871,33
324,625	4696,33
324,849	4581,33
325,072	4829,33
325,296	4878,33
325,519	4752,33
325,743	4628,33
325,966	4845,33
326,189	4876,33
326,413	4518,33
326,636	4945,33
326,859	4631,33
327,083	4976,33
327,306	4535,33
327,529	4726,33
327,753	4449,33
327,976	4740,33
328,199	4726,33
328,422	4705,33
328,646	4662,33
328,869	4496,33
329,092	4725,33
329,315	4754,33
329,538	4589,33
329,762	4721,33
329,985	4659,33
330,208	4630,33
330,431	4736,33
330,654	4840,33
330,877	4660,33
331,1	4763,33
331,323	4695,33
331,546	4871,33
331,769	4865,33
331,993	4574,33
332,216	4672,33
332,439	4805,33
332,662	4758,33
332,885	4720,33
333,107	4587,33
333,33	4523,33
333,553	4839,33
333,776	4636,33
333,999	4723,33
334,222	4593,33
334,445	4684,33
334,668	4680,33
334,891	4829,33
335,114	4539,33
335,336	4694,33
335,559	4659,33
335,782	5006,33
336,005	4797,33
336,228	4562,33
336,45	4631,33
336,673	4620,33
336,896	4508,33
337,119	4727,33
337,341	4642,33
337,564	4622,33
337,787	4663,33
338,009	4605,33
338,232	4682,33
338,455	4777,33
338,677	4628,33
338,9	4729,33
339,122	4654,33
339,345	4483,33
339,568	4453,33
339,79	4519,33
340,013	4789,33
340,235	4692,33
340,458	4382,33
340,68	4655,33
340,903	4482,33
341,125	4569,33
341,348	4505,33
341,57	4380,33
341,793	4658,33
342,015	4337,33
342,238	4483,33
342,46	4563,33
342,682	4627,33
342,905	4397,33
343,127	4514,33
343,349	4452,33
343,572	4491,33
343,794	4375,33
344,016	4376,33
344,239	4473,33
344,461	4366,33
344,683	4424,33
344,905	4156,33
345,128	4153,33
345,35	4201,33
345,572	4514,33
345,794	4682,33
346,017	4430,33
346,239	4648,33
346,461	4514,33
346,683	4433,33
346,905	4514,33
347,127	4594,33
347,349	4435,33
347,571	4494,33
347,793	4663,33
348,016	4613,33
348,238	4558,33
348,46	4524,33
348,682	4487,33
348,904	4803,33
349,126	4585,33
349,348	4456,33
349,57	4517,33
349,792	4505,33
350,014	4592,33
350,235	4522,33
350,457	4715,33
350,679	4517,33
350,901	4325,33
351,123	4457,33
351,345	4412,33
351,567	4508,33
351,789	4489,33
352,01	4589,33
352,232	4397,33
352,454	4300,33
352,676	4442,33
352,897	4495,33
353,119	4238,33
353,341	4218,33
353,563	4225,33
353,784	4181,33
354,006	4315,33
354,228	4151,33
354,449	4404,33
354,671	4483,33
354,893	4482,33
355,114	4389,33
355,336	4313,33
355,558	4503,33
355,779	4389,33
356,001	4451,33
356,222	4528,33
356,444	4427,33
356,665	5268,33
356,887	4427,33
357,108	4411,33
357,33	4436,33
357,551	4567,33
357,773	4554,33
357,994	4503,33
358,216	4188,33
358,437	4604,33
358,659	4536,33
358,88	4409,33
359,101	4520,33
359,323	4467,33
359,544	4442,33
359,765	4320,33
359,987	4461,33
360,208	4418,33
360,429	4507,33
360,651	4371,33
360,872	4591,33
361,093	4453,33
361,314	4454,33
361,536	4457,33
361,757	4454,33
361,978	4376,33
362,199	4242,33
362,42	4298,33
362,642	4375,33
362,863	4514,33
363,084	4287,33
363,305	4200,33
363,526	4293,33
363,747	4235,33
363,968	4392,33
364,189	4453,33
364,41	4298,33
364,631	4444,33
364,852	4429,33
365,073	4325,33
365,294	4406,33
365,515	4234,33
365,736	4416,33
365,957	4429,33
366,178	4374,33
366,399	4385,33
366,62	4463,33
366,841	4453,33
367,062	4499,33
367,283	4274,33
367,504	4606,33
367,724	4224,33
367,945	4125,33
368,166	4658,33
368,387	4402,33
368,608	4339,33
368,828	4591,33
369,049	4269,33
369,27	4391,33
369,491	4315,33
369,711	4500,33
369,932	4592,33
370,153	4413,33
370,373	4477,33
370,594	4531,33
370,815	4479,33
371,035	4573,33
371,256	4325,33
371,477	4328,33
371,697	4358,33
371,918	4244,33
372,138	4473,33
372,359	4725,33
372,579	4214,33
372,8	4440,33
373,02	4650,33
373,241	4369,33
373,461	4496,33
373,682	4403,33
373,902	4360,33
374,123	4418,33
374,343	4471,33
374,564	4569,33
374,784	4420,33
375,004	4421,33
375,225	4357,33
375,445	4283,33
375,666	4604,33
375,886	4263,33
376,106	4293,33
376,326	4334,33
376,547	4700,33
376,767	4603,33
376,987	4380,33
377,208	4531,33
377,428	4484,33
377,648	4628,33
377,868	4729,33
378,088	4805,33
378,309	4769,33
378,529	4835,33
378,749	4695,33
378,969	4643,33
379,189	4826,33
379,409	4736,33
379,629	4646,33
379,849	4634,33
380,069	4713,33
380,29	4596,33
380,51	4719,33
380,73	4767,33
380,95	4899,33
381,17	4671,33
381,39	4653,33
381,61	4449,33
381,829	4620,33
382,049	4497,33
382,269	4586,33
382,489	4737,33
382,709	4620,33
382,929	4732,33
383,149	4432,33
383,369	4869,33
383,589	4650,33
383,808	4655,33
384,028	4601,33
384,248	4773,33
384,468	4612,33
384,688	4718,33
384,907	4717,33
385,127	4735,33
385,347	4928,33
385,567	4693,33
385,786	4799,33
386,006	4829,33
386,226	4888,33
386,445	4885,33
386,665	4889,33
386,885	5089,33
387,104	4975,33
387,324	5196,33
387,543	5078,33
387,763	5041,33
387,982	5216,33
388,202	5100,33
388,422	5065,33
388,641	5192,33
388,861	5189,33
389,08	5220,33
389,3	4984,33
389,519	5248,33
389,738	5015,33
389,958	5120,33
390,177	5141,33
390,397	5240,33
390,616	5234,33
390,836	5186,33
391,055	5262,33
391,274	5388,33
391,494	5322,33
391,713	5260,33
391,932	5466,33
392,151	5443,33
392,371	5602,33
392,59	5513,33
392,809	5729,33
393,029	5543,33
393,248	5591,33
393,467	5138,33
393,686	5112,33
393,905	6200,33
394,124	5163,33
394,344	5316,33
394,563	5262,33
394,782	5164,33
395,001	5345,33
395,22	5196,33
395,439	5297,33
395,658	5200,33
395,877	5440,33
396,096	5275,33
396,315	5540,33
396,534	5333,33
396,753	5514,33
396,972	5433,33
397,191	5565,33
397,41	5568,33
397,629	5652,33
397,848	5701,33
398,067	5943,33
398,286	5842,33
398,505	5778,33
398,724	5860,33
398,943	6157,33
399,161	5311,33
399,38	5560,33
399,599	5547,33
399,818	5154,33
400,037	5569,33
400,255	5445,33
400,474	5206,33
400,693	5402,33
400,912	5422,33
401,13	5249,33
401,349	5353,33
401,568	4992,33
401,786	5338,33
402,005	5360,33
402,224	5073,33
402,442	5209,33
402,661	5141,33
402,88	5132,33
403,098	5045,33
403,317	5086,33
403,535	5154,33
403,754	5085,33
403,972	5197,33
404,191	5132,33
404,409	5139,33
404,628	5889,33
404,846	5222,33
405,065	5372,33
405,283	5400,33
405,502	5287,33
405,72	5225,33
405,938	5128,33
406,157	4941,33
406,375	5008,33
406,594	5000,33
406,812	5012,33
407,03	4997,33
407,249	4843,33
407,467	4979,33
407,685	5128,33
407,903	4928,33
408,122	5278,33
408,34	5117,33
408,558	5107,33
408,776	5055,33
408,995	4966,33
409,213	4995,33
409,431	5333,33
409,649	5120,33
409,867	5010,33
410,085	4975,33
410,303	5033,33
410,522	4860,33
410,74	4828,33
410,958	4763,33
411,176	4866,33
411,394	4872,33
411,612	4775,33
411,83	5084,33
412,048	4938,33
412,266	5025,33
412,484	4988,33
412,702	5165,33
412,92	4788,33
413,138	4939,33
413,356	4851,33
413,573	4957,33
413,791	5057,33
414,009	4829,33
414,227	4942,33
414,445	4712,33
414,663	4737,33
414,881	4783,33
415,098	4749,33
415,316	4742,33
415,534	5095,33
415,752	4775,33
415,969	4917,33
416,187	4641,33
416,405	4683,33
416,623	4803,33
416,84	4672,33
417,058	4805,33
417,276	4864,33
417,493	4747,33
417,711	4727,33
417,928	4491,33
418,146	4657,33
418,364	4906,33
418,581	4756,33
418,799	4738,33
419,016	4585,33
419,234	4726,33
419,451	5349,33
419,669	4683,33
419,886	4779,33
420,104	4886,33
420,321	4856,33
420,539	4975,33
420,756	5099,33
420,974	5202,33
421,191	5115,33
421,408	5362,33
421,626	5244,33
421,843	5144,33
422,06	5310,33
422,278	5001,33
422,495	5035,33
422,712	5081,33
422,93	5062,33
423,147	5081,33
423,364	4944,33
423,581	5044,33
423,799	4751,33
424,016	4855,33
424,233	4869,33
424,45	4939,33
424,667	4875,33
424,884	4765,33
425,102	5068,33
425,319	4811,33
425,536	4671,33
425,753	4824,33
425,97	4622,33
426,187	4684,33
426,404	4635,33
426,621	5069,33
426,838	4822,33
427,055	4995,33
427,272	4919,33
427,489	5055,33
427,706	4602,33
427,923	4795,33
428,14	4846,33
428,357	5026,33
428,574	4935,33
428,791	5117,33
429,008	5043,33
429,224	5218,33
429,441	5181,33
429,658	5400,33
429,875	5617,33
430,092	5504,33
430,308	5449,33
430,525	5265,33
430,742	5171,33
430,959	5115,33
431,175	4910,33
431,392	4653,33
431,609	4747,33
431,826	4559,33
432,042	4518,33
432,259	4573,33
432,476	4752,33
432,692	4459,33
432,909	4565,33
433,125	4814,33
433,342	5092,33
433,559	5127,33
433,775	5045,33
433,992	4825,33
434,208	4762,33
434,425	4577,33
434,641	4849,33
434,858	4916,33
435,074	4799,33
435,291	4632,33
435,507	4700,33
435,723	4764,33
435,94	4608,33
436,156	4833,33
436,373	4960,33
436,589	4589,33
436,805	4920,33
437,022	4769,33
437,238	4685,33
437,454	4699,33
437,671	4743,33
437,887	4797,33
438,103	4645,33
438,319	4711,33
438,536	4922,33
438,752	4866,33
438,968	4720,33
439,184	4757,33
439,4	4675,33
439,616	4531,33
439,833	4732,33
440,049	4528,33
440,265	4903,33
440,481	4812,33
440,697	5023,33
440,913	5173,33
441,129	5351,33
441,345	5207,33
441,561	5270,33
441,777	5211,33
441,993	5147,33
442,209	4895,33
442,425	5023,33
442,641	4957,33
442,857	5050,33
443,073	5038,33
443,289	5133,33
443,505	5154,33
443,721	5197,33
443,937	5047,33
444,152	4957,33
444,368	4991,33
444,584	4973,33
444,8	5030,33
445,016	5068,33
445,231	4933,33
445,447	4778,33
445,663	4956,33
445,879	4845,33
446,094	5011,33
446,31	5057,33
446,526	4998,33
446,742	4963,33
446,957	4796,33
447,173	4965,33
447,388	4848,33
447,604	4941,33
447,82	4747,33
448,035	4872,33
448,251	4781,33
448,466	4872,33
448,682	4742,33
448,897	4832,33
449,113	5056,33
449,328	4916,33
449,544	4759,33
449,759	5090,33
449,975	4788,33
450,19	4814,33
450,406	4777,33
450,621	4707,33
450,836	4608,33
451,052	4650,33
451,267	4584,33
451,483	4698,33
451,698	4587,33
451,913	4773,33
452,129	4855,33
452,344	4461,33
452,559	4799,33
452,774	4510,33
452,99	4500,33
453,205	4575,33
453,42	4661,33
453,635	4613,33
453,85	4527,33
454,066	4715,33
454,281	4523,33
454,496	4549,33
454,711	4855,33
454,926	4630,33
455,141	4639,33
455,356	4625,33
455,571	4529,33
455,786	4693,33
456,001	4532,33
456,217	4348,33
456,432	4553,33
456,647	4494,33
456,861	4584,33
457,076	4550,33
457,291	4658,33
457,506	4772,33
457,721	4742,33
457,936	4703,33
458,151	4785,33
458,366	4951,33
458,581	4692,33
458,796	5096,33
459,01	4821,33
459,225	4767,33
459,44	4595,33
459,655	4761,33
459,87	4611,33
460,084	4715,33
460,299	4645,33
460,514	4637,33
460,729	5138,33
460,943	4677,33
461,158	4445,33
461,373	4505,33
461,587	4515,33
461,802	4296,33
462,016	4506,33
462,231	4242,33
462,446	4401,33
462,66	4372,33
462,875	4637,33
463,089	4554,33
463,304	4604,33
463,518	4591,33
463,733	4749,33
463,947	4675,33
464,162	4615,33
464,376	4706,33
464,591	4980,33
464,805	4625,33
465,02	4993,33
465,234	5080,33
465,448	5051,33
465,663	5089,33
465,877	4852,33
466,091	4738,33
466,306	4740,33
466,52	4824,33
466,734	4401,33
466,949	4446,33
467,163	4458,33
467,377	4381,33
467,591	4573,33
467,806	4506,33
468,02	4381,33
468,234	4324,33
468,448	4475,33
468,662	4314,33
468,876	4499,33
469,091	4142,33
469,305	4106,33
469,519	4021,33
469,733	3980,33
469,947	4045,33
470,161	4114,33
470,375	3936,33
470,589	4137,33
470,803	4032,33
471,017	4104,33
471,231	4107,33
471,445	4051,33
471,659	4271,33
471,873	4034,33
472,087	4010,33
472,301	4307,33
472,515	4188,33
472,728	4014,33
472,942	4221,33
473,156	4426,33
473,37	4331,33
473,584	4232,33
473,798	4511,33
474,011	4291,33
474,225	4205,33
474,439	4382,33
474,653	4576,33
474,866	4442,33
475,08	4504,33
475,294	4583,33
475,507	4378,33
475,721	4432,33
475,935	4388,33
476,148	4315,33
476,362	4216,33
476,576	4256,33
476,789	4298,33
477,003	4302,33
477,216	4357,33
477,43	4335,33
477,643	4533,33
477,857	4701,33
478,07	4457,33
478,284	4461,33
478,497	4354,33
478,711	4507,33
478,924	4355,33
479,138	4409,33
479,351	4477,33
479,564	4494,33
479,778	4706,33
479,991	4605,33
480,204	4618,33
480,418	4714,33
480,631	4391,33
480,844	4708,33
481,058	4680,33
481,271	4771,33
481,484	4920,33
481,697	4855,33
481,911	4787,33
482,124	4654,33
482,337	4675,33
482,55	4475,33
482,763	4524,33
482,976	4685,33
483,19	4534,33
483,403	4590,33
483,616	4812,33
483,829	5006,33
484,042	4929,33
484,255	5150,33
484,468	5124,33
484,681	5025,33
484,894	5400,33
485,107	7783,33
485,32	11917,33
485,533	13998,33
485,746	13035,33
485,959	11279,33
486,172	9560,33
486,385	7746,33
486,598	6508,33
486,81	5527,33
487,023	5286,33
487,236	5264,33
487,449	4939,33
487,662	4803,33
487,875	4643,33
488,087	4610,33
488,3	4625,33
488,513	4459,33
488,726	4362,33
488,938	4674,33
489,151	4594,33
489,364	4472,33
489,576	4588,33
489,789	4495,33
490,002	4525,33
490,214	4591,33
490,427	4219,33
490,64	4676,33
490,852	4580,33
491,065	4360,33
491,277	4525,33
491,49	4612,33
491,702	4243,33
491,915	4553,33
492,127	4593,33
492,34	4535,33
492,552	4436,33
492,765	4619,33
492,977	4716,33
493,19	4519,33
493,402	4597,33
493,614	4493,33
493,827	4573,33
494,039	4593,33
494,251	4563,33
494,464	4623,33
494,676	4285,33
494,888	4265,33
495,101	4242,33
495,313	4311,33
495,525	4450,33
495,737	4807,33
495,95	4866,33
496,162	4841,33
496,374	4736,33
496,586	4508,33
496,798	4523,33
497,01	4339,33
497,222	4183,33
497,435	4331,33
497,647	4191,33
497,859	4285,33
498,071	4362,33
498,283	4536,33
498,495	4446,33
498,707	4674,33
498,919	4583,33
499,131	4663,33
499,343	4561,33
499,555	4382,33
499,767	4571,33
499,979	4357,33
500,191	4490,33
500,402	4385,33
500,614	4636,33
500,826	4657,33
501,038	4507,33
501,25	4677,33
501,462	4439,33
501,673	4586,33
501,885	4575,33
502,097	4762,33
502,309	4611,33
502,521	4713,33
502,732	4496,33
502,944	4573,33
503,156	4632,33
503,367	4544,33
503,579	4469,33
503,791	4426,33
504,002	4430,33
504,214	4545,33
504,425	4638,33
504,637	4622,33
504,849	4451,33
505,06	4503,33
505,272	4462,33
505,483	4365,33
505,695	4408,33
505,906	4497,33
506,118	4623,33
506,329	4487,33
506,541	4293,33
506,752	4347,33
506,963	4194,33
507,175	4023,33
507,386	4452,33
507,598	4426,33
507,809	4089,33
508,02	4403,33
508,232	4571,33
508,443	4235,33
508,654	4428,33
508,865	4260,33
509,077	4091,33
509,288	4046,33
509,499	4505,33
509,71	4094,33
509,922	4267,33
510,133	4158,33
510,344	4306,33
510,555	4148,33
510,766	4196,33
510,977	4187,33
511,188	4117,33
511,4	4150,33
511,611	4030,33
511,822	4076,33
512,033	4036,33
512,244	4088,33
512,455	3839,33
512,666	4036,33
512,877	4159,33
513,088	3949,33
513,299	3988,33
513,51	4047,33
513,721	3979,33
513,931	4046,33
514,142	4093,33
514,353	4030,33
514,564	3838,33
514,775	3864,33
514,986	3925,33
515,196	3987,33
515,407	3883,33
515,618	4004,33
515,829	3894,33
516,04	3884,33
516,25	3961,33
516,461	3933,33
516,672	4110,33
516,882	3911,33
517,093	3962,33
517,304	3787,33
517,514	3772,33
517,725	3919,33
517,936	3671,33
518,146	3826,33
518,357	3972,33
518,567	3842,33
518,778	4323,33
518,988	3999,33
519,199	4198,33
519,409	3933,33
519,62	3928,33
519,83	3711,33
520,041	3871,33
520,251	3681,33
520,462	3827,33
520,672	3831,33
520,882	3919,33
521,093	3739,33
521,303	3935,33
521,513	3773,33
521,724	4707,33
521,934	3568,33
522,144	3783,33
522,355	3719,33
522,565	3756,33
522,775	3725,33
522,985	3747,33
523,196	3656,33
523,406	3694,33
523,616	4012,33
523,826	3756,33
524,036	4612,33
524,246	3715,33
524,457	3676,33
524,667	3444,33
524,877	3703,33
525,087	3535,33
525,297	3849,33
525,507	3842,33
525,717	3672,33
525,927	3530,33
526,137	3653,33
526,347	3819,33
526,557	3593,33
526,767	3700,33
526,977	3941,33
527,187	3576,33
527,397	3590,33
527,607	3618,33
527,816	3586,33
528,026	3691,33
528,236	3817,33
528,446	3928,33
528,656	3980,33
528,865	4155,33
529,075	3776,33
529,285	3648,33
529,495	3737,33
529,704	3747,33
529,914	3610,33
530,124	3693,33
530,334	3571,33
530,543	3522,33
530,753	3893,33
530,963	3939,33
531,172	3532,33
531,382	3594,33
531,591	3929,33
531,801	3448,33
532,01	3552,33
532,22	3553,33
532,43	3609,33
532,639	4047,33
532,849	3827,33
533,058	3847,33
533,267	3960,33
533,477	3921,33
533,686	3582,33
533,896	3726,33
534,105	3590,33
534,315	3680,33
534,524	3675,33
534,733	3822,33
534,943	3834,33
535,152	3704,33
535,361	3478,33
535,57	3573,33
535,78	3411,33
535,989	3342,33
536,198	3338,33
536,407	3285,33
536,617	3301,33
536,826	3338,33
537,035	3469,33
537,244	3376,33
537,453	3293,33
537,662	3508,33
537,872	3733,33
538,081	3583,33
538,29	3503,33
538,499	3336,33
538,708	3571,33
538,917	3556,33
539,126	3557,33
539,335	3595,33
539,544	4061,33
539,753	3342,33
539,962	3415,33
540,171	3388,33
540,38	3663,33
540,589	3571,33
540,797	3844,33
541,006	3540,33
541,215	3443,33
541,424	3653,33
541,633	3534,33
541,842	3511,33
542,05	3947,33
542,259	3565,33
542,468	3584,33
542,677	3594,33
542,885	3676,33
543,094	3659,33
543,303	3478,33
543,512	3778,33
543,72	3762,33
543,929	3789,33
544,138	3670,33
544,346	3592,33
544,555	3634,33
544,763	3811,33
544,972	3465,33
545,18	3353,33
545,389	3400,33
545,598	3274,33
545,806	3439,33
546,015	3380,33
546,223	3333,33
546,431	3354,33
546,64	3374,33
546,848	3418,33
547,057	3553,33
547,265	3747,33
547,474	3739,33
547,682	3849,33
547,89	3759,33
548,099	3620,33
548,307	3511,33
548,515	3541,33
548,723	3474,33
548,932	3277,33
549,14	3275,33
549,348	3371,33
549,556	3224,33
549,765	3167,33
549,973	3104,33
550,181	3286,33
550,389	3345,33
550,597	3229,33
550,805	2811,33
551,014	3198,33
551,222	6387,33
551,43	3397,33
551,638	3500,33
551,846	3796,33
552,054	3706,33
552,262	3477,33
552,47	3290,33
552,678	3333,33
552,886	3262,33
553,094	3090,33
553,302	3420,33
553,51	3354,33
553,717	3277,33
553,925	3020,33
554,133	3477,33
554,341	2925,33
554,549	3217,33
554,757	3131,33
554,965	3202,33
555,172	3236,33
555,38	3655,33
555,588	3231,33
555,796	3257,33
556,003	3405,33
556,211	3040,33
556,419	3098,33
556,626	3111,33
556,834	2996,33
557,042	3002,33
557,249	3067,33
557,457	3074,33
557,664	2731,33
557,872	2859,33
558,08	2879,33
558,287	2925,33
558,495	2942,33
558,702	2718,33
558,91	2867,33
559,117	2711,33
559,325	2852,33
559,532	3058,33
559,74	3229,33
559,947	3088,33
560,154	2958,33
560,362	2977,33
560,569	3039,33
560,776	3167,33
560,984	3175,33
561,191	3033,33
561,398	2943,33
561,606	3206,33
561,813	2695,33
562,02	2659,33
562,227	2790,33
562,435	2818,33
562,642	2877,33
562,849	2917,33
563,056	2842,33
563,263	2722,33
563,471	2965,33
563,678	2973,33
563,885	2873,33
564,092	2939,33
564,299	2853,33
564,506	3110,33
564,713	2820,33
564,92	2916,33
565,127	2938,33
565,334	2866,33
565,541	3098,33
565,748	2828,33
565,955	2759,33
566,162	2717,33
566,369	2866,33
566,576	3090,33
566,783	3181,33
566,99	3088,33
567,196	3283,33
567,403	3063,33
567,61	3177,33
567,817	3163,33
568,024	3544,33
568,23	3305,33
568,437	3333,33
568,644	3370,33
568,851	3549,33
569,057	4056,33
569,264	4114,33
569,471	4026,33
569,677	4181,33
569,884	3988,33
570,091	3966,33
570,297	5005,33
570,504	4368,33
570,71	4348,33
570,917	4145,33
571,123	4072,33
571,33	4251,33
571,536	4343,33
571,743	4525,33
571,949	3876,33
572,156	3487,33
572,362	3606,33
572,569	3481,33
572,775	3887,33
572,982	4429,33
573,188	4344,33
573,394	4175,33
573,601	4127,33
573,807	4334,33
574,013	4767,33
574,22	4337,33
574,426	4139,33
574,632	4443,33
574,838	4048,33
575,045	3776,33
575,251	3604,33
575,457	3571,33
575,663	3686,33
575,869	3754,33
576,076	3943,33
576,282	4205,33
576,488	4184,33
576,694	3952,33
576,9	3931,33
577,106	4514,33
577,312	5013,33
577,518	5280,33
577,724	5053,33
577,93	4455,33
578,136	3779,33
578,342	3875,33
578,548	3702,33
578,754	3413,33
578,96	3490,33
579,166	3745,33
579,372	4091,33
579,578	3935,33
579,784	4058,33
579,989	4038,33
580,195	3872,33
580,401	3702,33
580,607	3874,33
580,813	4672,33
581,018	5832,33
581,224	5859,33
581,43	5290,33
581,636	5101,33
581,841	5082,33
582,047	4588,33
582,253	4078,33
582,458	3775,33
582,664	3378,33
582,869	3332,33
583,075	2956,33
583,281	3288,33
583,486	2995,33
583,692	3318,33
583,897	3539,33
584,103	3552,33
584,308	3659,33
584,514	3845,33
584,719	4164,33
584,925	4235,33
585,13	3871,33
585,335	4007,33
585,541	3689,33
585,746	3406,33
585,952	2903,33
586,157	2986,33
586,362	3094,33
586,568	3263,33
586,773	3779,33
586,978	3481,33
587,183	3534,33
587,389	3378,33
587,594	3408,33
587,799	3129,33
588,004	3161,33
588,21	3124,33
588,415	2820,33
588,62	2786,33
588,825	2723,33
589,03	2483,33
589,235	3079,33
589,44	2861,33
589,645	2669,33
589,85	2575,33
590,055	2766,33
590,26	2480,33
590,465	2467,33
590,67	2424,33
590,875	2572,33
591,08	2443,33
591,285	2399,33
591,49	2498,33
591,695	2336,33
591,9	2382,33
592,105	2459,33
592,31	2743,33
592,515	3307,33
592,719	2772,33
592,924	2610,33
593,129	2614,33
593,334	2603,33
593,539	2419,33
593,743	2722,33
593,948	2261,33
594,153	2200,33
594,357	2437,33
594,562	2512,33
594,767	2934,33
594,971	2223,33
595,176	2282,33
595,381	2531,33
595,585	2240,33
595,79	2334,33
595,994	2027,33
596,199	2635,33
596,403	1807,33
596,608	1993,33
596,812	2165,33
597,017	2307,33
597,221	2353,33
597,426	2242,33
597,63	2029,33
597,835	1996,33
598,039	1994,33
598,243	2170,33
598,448	2589,33
598,652	2327,33
598,856	2224,33
599,061	2403,33
599,265	2083,33
599,469	2114,33
599,673	2294,33
599,878	2315,33
600,082	2139,33
600,286	2251,33
600,49	2244,33
600,695	1979,33
600,899	2165,33
601,103	2182,33
601,307	2235,33
601,511	2139,33
601,715	1984,33
601,919	1929,33
602,123	2279,33
602,327	1954,33
602,531	2203,33
602,735	2393,33
602,939	2334,33
603,143	2211,33
603,347	2232,33
603,551	2085,33
603,755	2299,33
603,959	2097,33
604,163	2090,33
604,367	2084,33
604,571	1856,33
604,775	2047,33
604,978	2120,33
605,182	1907,33
605,386	2190,33
605,59	2207,33
605,793	2090,33
605,997	2186,33
606,201	2134,33
606,405	2057,33
606,608	2121,33
606,812	2095,33
607,016	2291,33
607,219	1890,33
607,423	1960,33
607,627	2224,33
607,83	1993,33
608,034	1976,33
608,237	2077,33
608,441	1940,33
608,644	2120,33
608,848	2035,33
609,051	2045,33
609,255	1908,33
609,458	2176,33
609,662	2093,33
609,865	2143,33
610,069	1910,33
610,272	1849,33
610,475	1951,33
610,679	1987,33
610,882	2039,33
611,085	2000,33
611,289	2149,33
611,492	1869,33
611,695	1796,33
611,898	1879,33
612,102	1980,33
612,305	1763,33
612,508	1906,33
612,711	2143,33
612,914	1829,33
613,118	1956,33
613,321	2057,33
613,524	1880,33
613,727	1845,33
613,93	1910,33
614,133	1948,33
614,336	2007,33
614,539	1907,33
614,742	1781,33
614,945	1887,33
615,148	1988,33
615,351	1904,33
615,554	1920,33
615,757	1783,33
615,96	1930,33
616,163	1798,33
616,366	1979,33
616,569	1885,33
616,772	2090,33
616,974	1922,33
617,177	2047,33
617,38	1877,33
617,583	1922,33
617,786	1888,33
617,988	1782,33
618,191	1925,33
618,394	1797,33
618,596	1760,33
618,799	1777,33
619,002	1882,33
619,204	1976,33
619,407	1702,33
619,61	1760,33
619,812	1863,33
620,015	1944,33
620,217	2042,33
620,42	1788,33
620,623	1845,33
620,825	1875,33
621,028	1986,33
621,23	2003,33
621,432	1964,33
621,635	2148,33
621,837	1984,33
622,04	1861,33
622,242	1908,33
622,445	1897,33
622,647	1954,33
622,849	1962,33
623,052	1734,33
623,254	1978,33
623,456	1749,33
623,658	2009,33
623,861	1959,33
624,063	1935,33
624,265	2059,33
624,467	1978,33
624,67	1727,33
624,872	1945,33
625,074	2101,33
625,276	2002,33
625,478	1953,33
625,68	1749,33
625,882	1659,33
626,084	1869,33
626,287	2049,33
626,489	1975,33
626,691	1860,33
626,893	1911,33
627,095	1941,33
627,297	1969,33
627,499	1768,33
627,7	1679,33
627,902	1656,33
628,104	1544,33
628,306	1825,33
628,508	1747,33
628,71	1812,33
628,912	1877,33
629,114	1965,33
629,315	1838,33
629,517	1689,33
629,719	1700,33
629,921	1765,33
630,122	1799,33
630,324	1698,33
630,526	1873,33
630,728	1906,33
630,929	1741,33
631,131	1700,33
631,332	1949,33
631,534	1927,33
631,736	1822,33
631,937	1715,33
632,139	1905,33
632,34	1638,33
632,542	1867,33
632,743	1816,33
632,945	1676,33
633,146	1769,33
633,348	1816,33
633,549	1717,33
633,751	1701,33
633,952	1755,33
634,154	1664,33
634,355	1646,33
634,556	1838,33
634,758	1759,33
634,959	1699,33
635,16	1800,33
635,362	1732,33
635,563	1813,33
635,764	1793,33
635,965	1755,33
636,167	1711,33
636,368	1788,33
636,569	1744,33
636,77	1654,33
636,971	1643,33
637,172	1797,33
637,374	1642,33
637,575	1866,33
637,776	1594,33
637,977	1562,33
638,178	1731,33
638,379	1847,33
638,58	1747,33
638,781	1586,33
638,982	1699,33
639,183	1729,33
639,384	1661,33
639,585	1673,33
639,786	1576,33
639,987	1717,33
640,187	1771,33
640,388	1848,33
640,589	1598,33
640,79	1709,33
640,991	1717,33
641,192	1845,33
641,392	1587,33
641,593	1599,33
641,794	1618,33
641,995	1547,33
642,195	1586,33
642,396	1541,33
642,597	1492,33
642,797	1688,33
642,998	1823,33
643,199	1594,33
643,399	1711,33
643,6	1396,33
643,8	1475,33
644,001	1673,33
644,202	1696,33
644,402	1555,33
644,603	1721,33
644,803	1625,33
645,004	1665,33
645,204	1583,33
645,404	1658,33
645,605	1974,33
645,805	1569,33
646,006	1548,33
646,206	2118,33
646,406	1599,33
646,607	1400,33
646,807	1374,33
647,007	-50,67
647,208	17,33
647,408	-15,67
647,608	16,33
