200,697	876,83
200,927	6,83
201,158	-58,17
201,388	-14,17
201,618	1233,83
201,849	1117,83
202,079	1248,83
202,309	1181,83
202,539	1558,83
202,77	1204,83
203	1290,83
203,23	1223,83
203,46	1229,83
203,691	1382,83
203,921	1310,83
204,151	1257,83
204,381	1213,83
204,611	1424,83
204,841	1203,83
205,071	1200,83
205,302	1394,83
205,532	1405,83
205,762	3135,83
205,992	1199,83
206,222	1265,83
206,452	1335,83
206,682	1228,83
206,912	1346,83
207,142	1426,83
207,372	1356,83
207,602	1236,83
207,832	1271,83
208,062	1356,83
208,292	1182,83
208,522	1038,83
208,752	1257,83
208,982	1301,83
209,212	1382,83
209,442	1265,83
209,672	1324,83
209,902	1182,83
210,131	1415,83
210,361	1217,83
210,591	1309,83
210,821	1265,83
211,051	1524,83
211,281	1251,83
211,51	1328,83
211,74	1319,83
211,97	1286,83
212,2	1295,83
212,429	1521,83
212,659	1393,83
212,889	1350,83
213,119	1227,83
213,348	1244,83
213,578	1444,83
213,808	1410,83
214,037	1284,83
214,267	1344,83
214,497	1315,83
214,726	1240,83
214,956	1332,83
215,186	1310,83
215,415	1333,83
215,645	1402,83
215,874	1373,83
216,104	1168,83
216,333	1347,83
216,563	1333,83
216,792	1369,83
217,022	1388,83
217,251	1339,83
217,481	1259,83
217,71	1326,83
217,94	1350,83
218,169	1430,83
218,399	1410,83
218,628	1212,83
218,858	1421,83
219,087	1378,83
219,316	1611,83
219,546	1332,83
219,775	1318,83
220,004	1483,83
220,234	1254,83
220,463	1341,83
220,692	1391,83
220,922	1242,83
221,151	1416,83
221,38	1305,83
221,61	1459,83
221,839	1550,83
222,068	1304,83
222,297	1391,83
222,526	1372,83
222,756	1391,83
222,985	1557,83
223,214	1396,83
223,443	1306,83
223,672	2012,83
223,902	1328,83
224,131	1392,83
224,36	1477,83
224,589	1200,83
224,818	1332,83
225,047	1448,83
225,276	1265,83
225,505	1712,83
225,734	1403,83
225,963	1308,83
226,192	1484,83
226,421	1336,83
226,65	1501,83
226,879	1459,83
227,108	1509,83
227,337	1592,83
227,566	1568,83
227,795	1455,83
228,024	1450,83
228,253	1383,83
228,482	1255,83
228,711	1514,83
228,94	1257,83
229,168	1390,83
229,397	1449,83
229,626	1465,83
229,855	1348,83
230,084	1417,83
230,313	1370,83
230,541	1578,83
230,77	1433,83
230,999	1366,83
231,228	1905,83
231,456	1587,83
231,685	1481,83
231,914	1637,83
232,143	1583,83
232,371	1434,83
232,6	1520,83
232,829	1576,83
233,057	1701,83
233,286	1537,83
233,515	1488,83
233,743	1637,83
233,972	1468,83
234,2	1569,83
234,429	1533,83
234,658	1598,83
234,886	1513,83
235,115	1595,83
235,343	1614,83
235,572	1579,83
235,8	1595,83
236,029	1873,83
236,257	1561,83
236,486	1656,83
236,714	1743,83
236,943	1653,83
237,171	1468,83
237,399	1618,83
237,628	1809,83
237,856	1776,83
238,085	1704,83
238,313	1696,83
238,541	1668,83
238,77	2001,83
238,998	1660,83
239,226	1859,83
239,455	1828,83
239,683	1638,83
239,911	1714,83
240,14	1924,83
240,368	1865,83
240,596	1844,83
240,824	1803,83
241,053	1851,83
241,281	1817,83
241,509	1816,83
241,737	1809,83
241,965	1735,83
242,193	1777,83
242,422	1802,83
242,65	1790,83
242,878	1872,83
243,106	1867,83
243,334	1820,83
243,562	2004,83
243,79	1990,83
244,018	1999,83
244,246	1970,83
244,474	1882,83
244,702	1894,83
244,93	2029,83
245,158	2127,83
245,386	1914,83
245,614	1980,83
245,842	2076,83
246,07	1981,83
246,298	2087,83
246,526	2550,83
246,754	2019,83
246,982	1978,83
247,21	2109,83
247,438	2094,83
247,666	2041,83
247,893	1967,83
248,121	2101,83
248,349	1965,83
248,577	2094,83
248,805	2218,83
249,033	2122,83
249,26	2254,83
249,488	2072,83
249,716	2227,83
249,944	2158,83
250,171	1922,83
250,399	2166,83
250,627	2289,83
250,854	2180,83
251,082	2102,83
251,31	2313,83
251,537	2220,83
251,765	2340,83
251,993	2150,83
252,22	2477,83
252,448	2188,83
252,676	2415,83
252,903	2286,83
253,131	2541,83
253,358	2231,83
253,586	2183,83
253,813	2208,83
254,041	2369,83
254,268	2267,83
254,496	2191,83
254,723	2285,83
254,951	2373,83
255,178	2306,83
255,406	2345,83
255,633	2337,83
255,86	2507,83
256,088	2438,83
256,315	2278,83
256,543	2441,83
256,77	2376,83
256,997	2344,83
257,225	2492,83
257,452	2149,83
257,679	2369,83
257,907	2489,83
258,134	2264,83
258,361	2455,83
258,588	2458,83
258,816	2514,83
259,043	2321,83
259,27	2468,83
259,497	2520,83
259,725	2595,83
259,952	2502,83
260,179	2358,83
260,406	2449,83
260,633	2387,83
260,86	2359,83
261,088	2503,83
261,315	2628,83
261,542	2339,83
261,769	2377,83
261,996	2601,83
262,223	2662,83
262,45	2823,83
262,677	2289,83
262,904	2514,83
263,131	2524,83
263,358	2413,83
263,585	2506,83
263,812	2723,83
264,039	2661,83
264,266	2379,83
264,493	2460,83
264,72	2436,83
264,947	2444,83
265,174	2556,83
265,401	2458,83
265,627	2552,83
265,854	2512,83
266,081	2501,83
266,308	2370,83
266,535	2419,83
266,762	2394,83
266,988	2498,83
267,215	2355,83
267,442	2426,83
267,669	2618,83
267,896	2385,83
268,122	2398,83
268,349	2541,83
268,576	2242,83
268,802	2373,83
269,029	2384,83
269,256	2294,83
269,482	2423,83
269,709	2385,83
269,936	2433,83
270,162	2512,83
270,389	2360,83
270,616	2412,83
270,842	2510,83
271,069	2615,83
271,295	2379,83
271,522	2062,83
271,748	2413,83
271,975	2540,83
272,201	2526,83
272,428	2450,83
272,654	2392,83
272,881	2562,83
273,107	2392,83
273,334	2449,83
273,56	2410,83
273,787	2394,83
274,013	2410,83
274,239	2696,83
274,466	2437,83
274,692	2432,83
274,918	2515,83
275,145	2404,83
275,371	2474,83
275,597	2669,83
275,824	2535,83
276,05	2419,83
276,276	2566,83
276,503	2761,83
276,729	2493,83
276,955	2420,83
277,181	2481,83
277,407	2606,83
277,634	2535,83
277,86	2492,83
278,086	2568,83
278,312	2506,83
278,538	2315,83
278,764	2503,83
278,991	2577,83
279,217	2395,83
279,443	2483,83
279,669	2458,83
279,895	2533,83
280,121	2362,83
280,347	2538,83
280,573	2288,83
280,799	2503,83
281,025	2683,83
281,251	2398,83
281,477	2641,83
281,703	2409,83
281,929	2521,83
282,155	2488,83
282,381	2550,83
282,607	2627,83
282,833	2613,83
283,059	2619,83
283,285	2916,83
283,51	2430,83
283,736	2623,83
283,962	2708,83
284,188	2671,83
284,414	2736,83
284,64	2691,83
284,865	2640,83
285,091	2603,83
285,317	2672,83
285,543	2706,83
285,768	2661,83
285,994	2549,83
286,22	2812,83
286,446	2671,83
286,671	2523,83
286,897	2791,83
287,123	2562,83
287,348	2619,83
287,574	3267,83
287,799	2704,83
288,025	2643,83
288,251	2944,83
288,476	2793,83
288,702	2743,83
288,927	2643,83
289,153	2806,83
289,378	2915,83
289,604	2656,83
289,829	2729,83
290,055	2690,83
290,28	2824,83
290,506	2870,83
290,731	2708,83
290,957	2873,83
291,182	2841,83
291,408	2922,83
291,633	2843,83
291,858	2716,83
292,084	2816,83
292,309	2739,83
292,535	2750,83
292,76	2575,83
292,985	2798,83
293,211	2759,83
293,436	2621,83
293,661	2489,83
293,886	2764,83
294,112	2914,83
294,337	2766,83
294,562	2688,83
294,787	2908,83
295,013	2802,83
295,238	2815,83
295,463	2939,83
295,688	2944,83
295,913	2750,83
296,138	2944,83
296,364	2740,83
296,589	2873,83
296,814	2670,83
297,039	2588,83
297,264	2830,83
297,489	2778,83
297,714	2748,83
297,939	2701,83
298,164	2728,83
298,389	2865,83
298,614	2668,83
298,839	2864,83
299,064	2932,83
299,289	2884,83
299,514	2973,83
299,739	2859,83
299,964	2779,83
300,189	2862,83
300,414	3027,83
300,639	3045,83
300,863	2845,83
301,088	3194,83
301,313	2982,83
301,538	2917,83
301,763	2906,83
301,988	3155,83
302,212	2951,83
302,437	3344,83
302,662	2877,83
302,887	3009,83
303,111	3156,83
303,336	3041,83
303,561	3084,83
303,786	2918,83
304,01	2967,83
304,235	3060,83
304,46	2913,83
304,684	3118,83
304,909	3055,83
305,134	2788,83
305,358	3031,83
305,583	2962,83
305,807	3148,83
306,032	2782,83
306,256	2820,83
306,481	2984,83
306,706	2828,83
306,93	2900,83
307,155	3250,83
307,379	2922,83
307,604	2972,83
307,828	2928,83
308,052	3125,83
308,277	3070,83
308,501	3072,83
308,726	3125,83
308,95	3148,83
309,175	2926,83
309,399	3164,83
309,623	2999,83
309,848	2990,83
310,072	2942,83
310,296	3373,83
310,521	3169,83
310,745	3065,83
310,969	3384,83
311,193	3243,83
311,418	3291,83
311,642	3073,83
311,866	3218,83
312,09	3279,83
312,315	3318,83
312,539	3224,83
312,763	3242,83
312,987	3430,83
313,211	3282,83
313,435	3454,83
313,659	3381,83
313,884	3601,83
314,108	3536,83
314,332	3620,83
314,556	3391,83
314,78	3747,83
315,004	3719,83
315,228	3686,83
315,452	3722,83
315,676	3726,83
315,9	3777,83
316,124	3609,83
316,348	3878,83
316,572	3926,83
316,796	3924,83
317,02	3913,83
317,244	3961,83
317,468	3916,83
317,691	4313,83
317,915	4280,83
318,139	4127,83
318,363	4546,83
318,587	4252,83
318,811	4235,83
319,034	4223,83
319,258	4457,83
319,482	4543,83
319,706	4593,83
319,93	4527,83
320,153	4409,83
320,377	4698,83
320,601	4655,83
320,824	4571,83
321,048	4829,83
321,272	4856,83
321,495	4869,83
321,719	4760,83
321,943	5047,83
322,166	4965,83
322,39	5025,83
322,614	5110,83
322,837	5129,83
323,061	5053,83
323,284	4995,83
323,508	5296,83
323,731	5222,83
323,955	5288,83
324,178	5356,83
324,402	5417,83
324,625	5344,83
324,849	5233,83
325,072	5495,83
325,296	5478,83
325,519	5448,83
325,743	5423,83
325,966	5573,83
326,189	5555,83
326,413	5485,83
326,636	5813,83
326,859	5562,83
327,083	5849,83
327,306	5369,83
327,529	5304,83
327,753	5345,83
327,976	5592,83
328,199	5578,83
328,422	5545,83
328,646	5506,83
328,869	5472,83
329,092	5640,83
329,315	5703,83
329,538	5614,83
329,762	5675,83
329,985	5660,83
330,208	5502,83
330,431	5717,83
330,654	5890,83
330,877	5725,83
331,1	6015,83
331,323	5688,83
331,546	5995,83
331,769	5854,83
331,993	5706,83
332,216	5831,83
332,439	5763,83
332,662	5872,83
332,885	5820,83
333,107	5939,83
333,33	5824,83
333,553	5993,83
333,776	5843,83
333,999	5827,83
334,222	5759,83
334,445	5863,83
334,668	5866,83
334,891	5907,83
335,114	5786,83
335,336	5870,83
335,559	5913,83
335,782	5824,83
336,005	5834,83
336,228	5843,83
336,45	5819,83
336,673	5721,83
336,896	5882,83
337,119	5895,83
337,341	5789,83
337,564	5736,83
337,787	5874,83
338,009	5814,83
338,232	6014,83
338,455	5855,83
338,677	5856,83
338,9	5820,83
339,122	6040,83
339,345	5651,83
339,568	5825,83
339,79	5922,83
340,013	5936,83
340,235	5953,83
340,458	5756,83
340,68	5889,83
340,903	5678,83
341,125	5803,83
341,348	5774,83
341,57	5736,83
341,793	5934,83
342,015	5612,83
342,238	5744,83
342,46	5771,83
342,682	5778,83
342,905	5673,83
343,127	5700,83
343,349	5739,83
343,572	5677,83
343,794	5667,83
344,016	5564,83
344,239	5718,83
344,461	5597,83
344,683	5631,83
344,905	5558,83
345,128	5763,83
345,35	5686,83
345,572	5836,83
345,794	5908,83
346,017	5828,83
346,239	5783,83
346,461	5782,83
346,683	5847,83
346,905	5902,83
347,127	5967,83
347,349	5874,83
347,571	5881,83
347,793	6033,83
348,016	5905,83
348,238	5909,83
348,46	5943,83
348,682	6156,83
348,904	5893,83
349,126	5946,83
349,348	5922,83
349,57	5935,83
349,792	5917,83
350,014	6050,83
350,235	5892,83
350,457	6129,83
350,679	5923,83
350,901	5848,83
351,123	5814,83
351,345	5940,83
351,567	5894,83
351,789	5888,83
352,01	5893,83
352,232	5875,83
352,454	5884,83
352,676	5848,83
352,897	5774,83
353,119	5687,83
353,341	5642,83
353,563	5570,83
353,784	5533,83
354,006	5645,83
354,228	5714,83
354,449	5508,83
354,671	5898,83
354,893	5913,83
355,114	5878,83
355,336	5805,83
355,558	5801,83
355,779	5848,83
356,001	5982,83
356,222	5857,83
356,444	5749,83
356,665	6522,83
356,887	5919,83
357,108	5946,83
357,33	5851,83
357,551	6167,83
357,773	6000,83
357,994	5658,83
358,216	5822,83
358,437	5941,83
358,659	6078,83
358,88	5768,83
359,101	5961,83
359,323	5979,83
359,544	5871,83
359,765	5865,83
359,987	5974,83
360,208	5989,83
360,429	6009,83
360,651	5832,83
360,872	6049,83
361,093	5958,83
361,314	6029,83
361,536	5888,83
361,757	6063,83
361,978	5872,83
362,199	5853,83
362,42	5791,83
362,642	5992,83
362,863	6064,83
363,084	5894,83
363,305	5887,83
363,526	5825,83
363,747	5980,83
363,968	5864,83
364,189	6103,83
364,41	5818,83
364,631	5738,83
364,852	5918,83
365,073	5822,83
365,294	5834,83
365,515	5737,83
365,736	5918,83
365,957	5768,83
366,178	5905,83
366,399	5970,83
366,62	6037,83
366,841	5998,83
367,062	5968,83
367,283	6361,83
367,504	6149,83
367,724	5976,83
367,945	5985,83
368,166	6152,83
368,387	6120,83
368,608	6032,83
368,828	6160,83
369,049	6058,83
369,27	6131,83
369,491	6012,83
369,711	6185,83
369,932	6196,83
370,153	6061,83
370,373	5984,83
370,594	6136,83
370,815	6028,83
371,035	6165,83
371,256	5933,83
371,477	6036,83
371,697	6005,83
371,918	5940,83
372,138	6059,83
372,359	6149,83
372,579	5972,83
372,8	5788,83
373,02	6059,83
373,241	6047,83
373,461	6048,83
373,682	6033,83
373,902	6016,83
374,123	5885,83
374,343	6173,83
374,564	5968,83
374,784	5978,83
375,004	6051,83
375,225	5923,83
375,445	5889,83
375,666	6021,83
375,886	5847,83
376,106	5779,83
376,326	5820,83
376,547	5986,83
376,767	5979,83
376,987	6056,83
377,208	6179,83
377,428	6043,83
377,648	6242,83
377,868	6199,83
378,088	6371,83
378,309	6388,83
378,529	6472,83
378,749	6479,83
378,969	6305,83
379,189	6548,83
379,409	6280,83
379,629	6201,83
379,849	6351,83
380,069	6318,83
380,29	6132,83
380,51	6178,83
380,73	6241,83
380,95	6272,83
381,17	6102,83
381,39	6065,83
381,61	5946,83
381,829	5930,83
382,049	6222,83
382,269	6009,83
382,489	6035,83
382,709	6091,83
382,929	5990,83
383,149	5968,83
383,369	6206,83
383,589	5885,83
383,808	5885,83
384,028	6022,83
384,248	6010,83
384,468	5986,83
384,688	6037,83
384,907	6028,83
385,127	5807,83
385,347	6079,83
385,567	6318,83
385,786	6268,83
386,006	6081,83
386,226	6233,83
386,445	6149,83
386,665	6324,83
386,885	6437,83
387,104	6298,83
387,324	6415,83
387,543	6466,83
387,763	6501,83
387,982	6542,83
388,202	6510,83
388,422	6514,83
388,641	6516,83
388,861	6452,83
389,08	6311,83
389,3	6245,83
389,519	6433,83
389,738	6234,83
389,958	6202,83
390,177	6341,83
390,397	6417,83
390,616	6258,83
390,836	6662,83
391,055	6403,83
391,274	6472,83
391,494	6496,83
391,713	6623,83
391,932	6700,83
392,151	6712,83
392,371	6681,83
392,59	6771,83
392,809	6822,83
393,029	6762,83
393,248	6652,83
393,467	6183,83
393,686	6292,83
393,905	7058,83
394,124	6164,83
394,344	6183,83
394,563	6331,83
394,782	6115,83
395,001	6341,83
395,22	6196,83
395,439	6364,83
395,658	6231,83
395,877	6379,83
396,096	6278,83
396,315	6536,83
396,534	6431,83
396,753	6575,83
396,972	6478,83
397,191	6640,83
397,41	6698,83
397,629	6778,83
397,848	6824,83
398,067	7057,83
398,286	6884,83
398,505	6937,83
398,724	6981,83
398,943	7168,83
399,161	6437,83
399,38	6594,83
399,599	6550,83
399,818	6412,83
400,037	6463,83
400,255	6424,83
400,474	6328,83
400,693	6328,83
400,912	6554,83
401,13	6414,83
401,349	6206,83
401,568	6102,83
401,786	6232,83
402,005	6152,83
402,224	6064,83
402,442	6085,83
402,661	6076,83
402,88	6065,83
403,098	5985,83
403,317	5913,83
403,535	6194,83
403,754	5895,83
403,972	6137,83
404,191	6064,83
404,409	6095,83
404,628	6745,83
404,846	6292,83
405,065	6317,83
405,283	6352,83
405,502	6253,83
405,72	6220,83
405,938	6102,83
406,157	6003,83
406,375	5899,83
406,594	5892,83
406,812	5913,83
407,03	5913,83
407,249	5617,83
407,467	5929,83
407,685	5988,83
407,903	5918,83
408,122	6197,83
408,34	6134,83
408,558	6014,83
408,776	6088,83
408,995	6144,83
409,213	5881,83
409,431	5940,83
409,649	6092,83
409,867	5931,83
410,085	5966,83
410,303	5957,83
410,522	5802,83
410,74	5798,83
410,958	5712,83
411,176	5799,83
411,394	5875,83
411,612	5757,83
411,83	5934,83
412,048	5901,83
412,266	5822,83
412,484	5988,83
412,702	6137,83
412,92	5806,83
413,138	6007,83
413,356	5862,83
413,573	5944,83
413,791	6090,83
414,009	5717,83
414,227	5825,83
414,445	5619,83
414,663	5662,83
414,881	5713,83
415,098	5688,83
415,316	5713,83
415,534	5932,83
415,752	5712,83
415,969	5858,83
416,187	5673,83
416,405	5572,83
416,623	5798,83
416,84	5674,83
417,058	5671,83
417,276	5714,83
417,493	5626,83
417,711	5658,83
417,928	5579,83
418,146	5656,83
418,364	5750,83
418,581	5813,83
418,799	5675,83
419,016	5558,83
419,234	5626,83
419,451	6203,83
419,669	5709,83
419,886	5735,83
420,104	5773,83
420,321	5871,83
420,539	5958,83
420,756	6172,83
420,974	6243,83
421,191	6105,83
421,408	6432,83
421,626	6498,83
421,843	6117,83
422,06	6119,83
422,278	5819,83
422,495	6089,83
422,712	5885,83
422,93	5996,83
423,147	5960,83
423,364	5847,83
423,581	5964,83
423,799	5702,83
424,016	5705,83
424,233	5818,83
424,45	5782,83
424,667	5783,83
424,884	5673,83
425,102	5918,83
425,319	5644,83
425,536	5535,83
425,753	5653,83
425,97	5490,83
426,187	5481,83
426,404	5481,83
426,621	5838,83
426,838	5863,83
427,055	6078,83
427,272	5771,83
427,489	5828,83
427,706	5804,83
427,923	5676,83
428,14	5603,83
428,357	5946,83
428,574	5784,83
428,791	5796,83
429,008	5927,83
429,224	6086,83
429,441	6099,83
429,658	6460,83
429,875	6663,83
430,092	6456,83
430,308	6461,83
430,525	6512,83
430,742	6196,83
430,959	6060,83
431,175	6047,83
431,392	5700,83
431,609	5504,83
431,826	5325,83
432,042	5214,83
432,259	5236,83
432,476	5496,83
432,692	5280,83
432,909	5420,83
433,125	5675,83
433,342	5825,83
433,559	5931,83
433,775	5856,83
433,992	5755,83
434,208	5621,83
434,425	5359,83
434,641	5446,83
434,858	5688,83
435,074	5518,83
435,291	5500,83
435,507	5516,83
435,723	5505,83
435,94	5487,83
436,156	5652,83
436,373	5753,83
436,589	5867,83
436,805	5612,83
437,022	5448,83
437,238	5340,83
437,454	5441,83
437,671	5376,83
437,887	5510,83
438,103	5430,83
438,319	5463,83
438,536	5643,83
438,752	5369,83
438,968	5506,83
439,184	5385,83
439,4	5485,83
439,616	5167,83
439,833	5483,83
440,049	5317,83
440,265	5108,83
440,481	5445,83
440,697	5744,83
440,913	5831,83
441,129	5965,83
441,345	6197,83
441,561	6029,83
441,777	5836,83
441,993	5803,83
442,209	5563,83
442,425	5646,83
442,641	5664,83
442,857	5725,83
443,073	5771,83
443,289	5865,83
443,505	5711,83
443,721	5875,83
443,937	5709,83
444,152	5607,83
444,368	5565,83
444,584	5442,83
444,8	5610,83
445,016	5550,83
445,231	5269,83
445,447	5500,83
445,663	5239,83
445,879	5362,83
446,094	5619,83
446,31	5567,83
446,526	5471,83
446,742	5438,83
446,957	5330,83
447,173	5245,83
447,388	5253,83
447,604	5446,83
447,82	5206,83
448,035	5215,83
448,251	5176,83
448,466	5118,83
448,682	5138,83
448,897	5143,83
449,113	5148,83
449,328	5460,83
449,544	5026,83
449,759	5473,83
449,975	5154,83
450,19	5104,83
450,406	5149,83
450,621	5036,83
450,836	4861,83
451,052	4981,83
451,267	4935,83
451,483	4998,83
451,698	4894,83
451,913	4932,83
452,129	5005,83
452,344	4910,83
452,559	4964,83
452,774	4805,83
452,99	4705,83
453,205	4801,83
453,42	4787,83
453,635	4886,83
453,85	4743,83
454,066	4594,83
454,281	4672,83
454,496	4833,83
454,711	4608,83
454,926	4796,83
455,141	4778,83
455,356	4782,83
455,571	4661,83
455,786	4723,83
456,001	4582,83
456,217	4453,83
456,432	4559,83
456,647	4651,83
456,861	4659,83
457,076	4684,83
457,291	4762,83
457,506	4663,83
457,721	4749,83
457,936	4911,83
458,151	4984,83
458,366	4971,83
458,581	4914,83
458,796	5028,83
459,01	5065,83
459,225	4929,83
459,44	4711,83
459,655	4765,83
459,87	4675,83
460,084	4668,83
460,299	4681,83
460,514	4739,83
460,729	5141,83
460,943	4587,83
461,158	4545,83
461,373	4611,83
461,587	4345,83
461,802	4273,83
462,016	4427,83
462,231	4222,83
462,446	4290,83
462,66	4203,83
462,875	4424,83
463,089	4276,83
463,304	4509,83
463,518	4516,83
463,733	4748,83
463,947	4551,83
464,162	4571,83
464,376	4708,83
464,591	4805,83
464,805	4680,83
465,02	4784,83
465,234	4949,83
465,448	4842,83
465,663	4852,83
465,877	4751,83
466,091	4480,83
466,306	4486,83
466,52	4640,83
466,734	4236,83
466,949	4147,83
467,163	4226,83
467,377	4214,83
467,591	4331,83
467,806	4196,83
468,02	4090,83
468,234	3984,83
468,448	4084,83
468,662	3970,83
468,876	4137,83
469,091	3850,83
469,305	3893,83
469,519	3713,83
469,733	3648,83
469,947	3646,83
470,161	3917,83
470,375	3557,83
470,589	3763,83
470,803	3740,83
471,017	3751,83
471,231	3672,83
471,445	3665,83
471,659	3775,83
471,873	3460,83
472,087	3666,83
472,301	3805,83
472,515	3825,83
472,728	3774,83
472,942	3859,83
473,156	3979,83
473,37	3908,83
473,584	3902,83
473,798	3869,83
474,011	3792,83
474,225	3789,83
474,439	3990,83
474,653	4035,83
474,866	4027,83
475,08	4046,83
475,294	4084,83
475,507	3877,83
475,721	3935,83
475,935	3864,83
476,148	3635,83
476,362	3680,83
476,576	3650,83
476,789	3704,83
477,003	3706,83
477,216	3747,83
477,43	3813,83
477,643	3915,83
477,857	4102,83
478,07	3853,83
478,284	3921,83
478,497	3690,83
478,711	3834,83
478,924	3833,83
479,138	3712,83
479,351	3834,83
479,564	3922,83
479,778	4019,83
479,991	3875,83
480,204	3934,83
480,418	4054,83
480,631	3764,83
480,844	3903,83
481,058	4017,83
481,271	4043,83
481,484	4145,83
481,697	4093,83
481,911	3985,83
482,124	3920,83
482,337	3879,83
482,55	3770,83
482,763	3764,83
482,976	3913,83
483,19	3768,83
483,403	3868,83
483,616	3987,83
483,829	3984,83
484,042	4257,83
484,255	4144,83
484,468	4163,83
484,681	4124,83
484,894	4470,83
485,107	6553,83
485,32	9281,83
485,533	11151,83
485,746	10417,83
485,959	8998,83
486,172	7904,83
486,385	6331,83
486,598	5373,83
486,81	4470,83
487,023	4214,83
487,236	4250,83
487,449	3948,83
487,662	3624,83
487,875	3691,83
488,087	3653,83
488,3	3660,83
488,513	3448,83
488,726	3518,83
488,938	3721,83
489,151	3579,83
489,364	3566,83
489,576	3400,83
489,789	3608,83
490,002	3513,83
490,214	3498,83
490,427	3193,83
490,64	3567,83
490,852	3480,83
491,065	3409,83
491,277	3471,83
491,49	3511,83
491,702	3269,83
491,915	3564,83
492,127	3420,83
492,34	3513,83
492,552	3520,83
492,765	3477,83
492,977	3660,83
493,19	3454,83
493,402	3472,83
493,614	3442,83
493,827	3326,83
494,039	3537,83
494,251	3470,83
494,464	3432,83
494,676	3259,83
494,888	3235,83
495,101	3199,83
495,313	3229,83
495,525	3335,83
495,737	3600,83
495,95	3598,83
496,162	3580,83
496,374	3612,83
496,586	3296,83
496,798	3401,83
497,01	3247,83
497,222	3073,83
497,435	3146,83
497,647	3123,83
497,859	3104,83
498,071	3172,83
498,283	3210,83
498,495	3475,83
498,707	3479,83
498,919	3201,83
499,131	3501,83
499,343	3278,83
499,555	3240,83
499,767	3375,83
499,979	3162,83
500,191	3316,83
500,402	3103,83
500,614	3341,83
500,826	3421,83
501,038	3345,83
501,25	3337,83
501,462	3154,83
501,673	3369,83
501,885	3142,83
502,097	3367,83
502,309	3318,83
502,521	3313,83
502,732	3455,83
502,944	3268,83
503,156	3239,83
503,367	3197,83
503,579	3076,83
503,791	3144,83
504,002	3123,83
504,214	3185,83
504,425	3357,83
504,637	3202,83
504,849	3097,83
505,06	3150,83
505,272	3230,83
505,483	2963,83
505,695	3010,83
505,906	3105,83
506,118	3192,83
506,329	3177,83
506,541	2986,83
506,752	3079,83
506,963	2868,83
507,175	2952,83
507,386	3250,83
507,598	3050,83
507,809	2823,83
508,02	2955,83
508,232	3146,83
508,443	2797,83
508,654	3141,83
508,865	2943,83
509,077	2794,83
509,288	2820,83
509,499	3029,83
509,71	2850,83
509,922	2970,83
510,133	2827,83
510,344	2974,83
510,555	2617,83
510,766	2874,83
510,977	2752,83
511,188	2778,83
511,4	2800,83
511,611	2511,83
511,822	2769,83
512,033	2725,83
512,244	2684,83
512,455	2653,83
512,666	2709,83
512,877	2807,83
513,088	2699,83
513,299	2690,83
513,51	2719,83
513,721	2614,83
513,931	2650,83
514,142	2756,83
514,353	2671,83
514,564	2552,83
514,775	2585,83
514,986	2577,83
515,196	2680,83
515,407	2544,83
515,618	2635,83
515,829	2627,83
516,04	2667,83
516,25	2579,83
516,461	2657,83
516,672	2631,83
516,882	2546,83
517,093	2591,83
517,304	2531,83
517,514	2435,83
517,725	2652,83
517,936	2474,83
518,146	2490,83
518,357	2562,83
518,567	2458,83
518,778	2944,83
518,988	2470,83
519,199	2601,83
519,409	2594,83
519,62	2529,83
519,83	2487,83
520,041	2482,83
520,251	2520,83
520,462	2674,83
520,672	2439,83
520,882	2535,83
521,093	2459,83
521,303	2563,83
521,513	2413,83
521,724	3236,83
521,934	2344,83
522,144	2467,83
522,355	2392,83
522,565	2485,83
522,775	2521,83
522,985	2433,83
523,196	2468,83
523,406	2418,83
523,616	2561,83
523,826	2362,83
524,036	3148,83
524,246	2384,83
524,457	2367,83
524,667	2456,83
524,877	2313,83
525,087	2345,83
525,297	2526,83
525,507	2573,83
525,717	2407,83
525,927	2470,83
526,137	2405,83
526,347	2421,83
526,557	2280,83
526,767	2470,83
526,977	2661,83
527,187	2320,83
527,397	2329,83
527,607	2308,83
527,816	2271,83
528,026	2384,83
528,236	2498,83
528,446	2488,83
528,656	2526,83
528,865	2698,83
529,075	2263,83
529,285	2503,83
529,495	2348,83
529,704	2393,83
529,914	2318,83
530,124	2416,83
530,334	2229,83
530,543	2201,83
530,753	2583,83
530,963	2640,83
531,172	2289,83
531,382	2296,83
531,591	2574,83
531,801	2137,83
532,01	2331,83
532,22	2276,83
532,43	2248,83
532,639	2619,83
532,849	2387,83
533,058	2410,83
533,267	2595,83
533,477	2163,83
533,686	2326,83
533,896	2297,83
534,105	2350,83
534,315	2445,83
534,524	2082,83
534,733	2337,83
534,943	2456,83
535,152	2395,83
535,361	2212,83
535,57	2198,83
535,78	2262,83
535,989	2198,83
536,198	2170,83
536,407	2097,83
536,617	2170,83
536,826	2317,83
537,035	2166,83
537,244	2131,83
537,453	2046,83
537,662	2225,83
537,872	2555,83
538,081	2233,83
538,29	2260,83
538,499	2101,83
538,708	2245,83
538,917	2271,83
539,126	2238,83
539,335	2250,83
539,544	2644,83
539,753	2085,83
539,962	2168,83
540,171	2349,83
540,38	2294,83
540,589	2246,83
540,797	2437,83
541,006	2252,83
541,215	2132,83
541,424	2420,83
541,633	2229,83
541,842	2152,83
542,05	2298,83
542,259	2415,83
542,468	2229,83
542,677	2277,83
542,885	2169,83
543,094	2263,83
543,303	2230,83
543,512	2302,83
543,72	2311,83
543,929	2362,83
544,138	2244,83
544,346	2244,83
544,555	2236,83
544,763	2344,83
544,972	2258,83
545,18	2230,83
545,389	2365,83
545,598	2087,83
545,806	2283,83
546,015	2115,83
546,223	2108,83
546,431	2236,83
546,64	2116,83
546,848	2135,83
547,057	2239,83
547,265	2242,83
547,474	2275,83
547,682	2372,83
547,89	2332,83
548,099	2293,83
548,307	2174,83
548,515	2300,83
548,723	2162,83
548,932	2096,83
549,14	2106,83
549,348	2156,83
549,556	2063,83
549,765	2012,83
549,973	2113,83
550,181	2109,83
550,389	2153,83
550,597	2135,83
550,805	2129,83
551,014	2212,83
551,222	4172,83
551,43	2046,83
551,638	2183,83
551,846	2348,83
552,054	2438,83
552,262	2338,83
552,47	2034,83
552,678	2018,83
552,886	2005,83
553,094	2097,83
553,302	2130,83
553,51	2130,83
553,717	2102,83
553,925	1971,83
554,133	2052,83
554,341	1865,83
554,549	2065,83
554,757	2003,83
554,965	2039,83
555,172	2076,83
555,38	2017,83
555,588	2029,83
555,796	2117,83
556,003	2188,83
556,211	1932,83
556,419	1969,83
556,626	2171,83
556,834	1918,83
557,042	2025,83
557,249	2041,83
557,457	1959,83
557,664	1790,83
557,872	1863,83
558,08	1780,83
558,287	1945,83
558,495	2016,83
558,702	1734,83
558,91	1945,83
559,117	1857,83
559,325	1864,83
559,532	1930,83
559,74	2178,83
559,947	1905,83
560,154	2082,83
560,362	1943,83
560,569	1900,83
560,776	1896,83
560,984	2020,83
561,191	1960,83
561,398	1947,83
561,606	2250,83
561,813	1914,83
562,02	1701,83
562,227	1748,83
562,435	1803,83
562,642	1836,83
562,849	1877,83
563,056	1855,83
563,263	1911,83
563,471	1909,83
563,678	1951,83
563,885	1857,83
564,092	1997,83
564,299	1919,83
564,506	1875,83
564,713	1807,83
564,92	1907,83
565,127	1961,83
565,334	1845,83
565,541	2160,83
565,748	1922,83
565,955	1704,83
566,162	1882,83
566,369	1961,83
566,576	1966,83
566,783	2072,83
566,99	1938,83
567,196	2045,83
567,403	2035,83
567,61	2083,83
567,817	1961,83
568,024	2048,83
568,23	2059,83
568,437	2090,83
568,644	2098,83
568,851	2153,83
569,057	2530,83
569,264	2764,83
569,471	2302,83
569,677	2400,83
569,884	2410,83
570,091	2435,83
570,297	3250,83
570,504	2620,83
570,71	2604,83
570,917	2575,83
571,123	2484,83
571,33	2545,83
571,536	2505,83
571,743	2705,83
571,949	2295,83
572,156	2238,83
572,362	2318,83
572,569	2053,83
572,775	2399,83
572,982	2654,83
573,188	2528,83
573,394	2439,83
573,601	2439,83
573,807	2532,83
574,013	2821,83
574,22	2598,83
574,426	2416,83
574,632	2548,83
574,838	2484,83
575,045	2316,83
575,251	2220,83
575,457	2223,83
575,663	2344,83
575,869	2346,83
576,076	2253,83
576,282	2493,83
576,488	2397,83
576,694	2373,83
576,9	2296,83
577,106	2466,83
577,312	2781,83
577,518	3072,83
577,724	2875,83
577,93	2567,83
578,136	2406,83
578,342	2362,83
578,548	2197,83
578,754	2172,83
578,96	2087,83
579,166	2193,83
579,372	2602,83
579,578	2280,83
579,784	2402,83
579,989	2488,83
580,195	2254,83
580,401	2248,83
580,607	2307,83
580,813	2633,83
581,018	3031,83
581,224	3149,83
581,43	3007,83
581,636	2900,83
581,841	2837,83
582,047	2534,83
582,253	2469,83
582,458	2260,83
582,664	2077,83
582,869	2048,83
583,075	1834,83
583,281	2175,83
583,486	1936,83
583,692	1855,83
583,897	2159,83
584,103	2196,83
584,308	2168,83
584,514	2235,83
584,719	2453,83
584,925	2368,83
585,13	2247,83
585,335	2499,83
585,541	2186,83
585,746	2066,83
585,952	1940,83
586,157	1828,83
586,362	1906,83
586,568	1729,83
586,773	2194,83
586,978	2100,83
587,183	2070,83
587,389	2109,83
587,594	1909,83
587,799	1914,83
588,004	2099,83
588,21	2008,83
588,415	1896,83
588,62	1809,83
588,825	1941,83
589,03	1704,83
589,235	2211,83
589,44	1934,83
589,645	1669,83
589,85	1603,83
590,055	1863,83
590,26	1620,83
590,465	1595,83
590,67	1693,83
590,875	1775,83
591,08	1741,83
591,285	1645,83
591,49	1601,83
591,695	1555,83
591,9	1705,83
592,105	1587,83
592,31	1768,83
592,515	2104,83
592,719	1727,83
592,924	1769,83
593,129	1767,83
593,334	1772,83
593,539	1645,83
593,743	1933,83
593,948	1479,83
594,153	1585,83
594,357	1832,83
594,562	1624,83
594,767	2041,83
594,971	1468,83
595,176	1658,83
595,381	1696,83
595,585	1558,83
595,79	1752,83
595,994	1462,83
596,199	1909,83
596,403	1229,83
596,608	1493,83
596,812	1495,83
597,017	1452,83
597,221	1728,83
597,426	1602,83
597,63	1537,83
597,835	1496,83
598,039	1404,83
598,243	1517,83
598,448	1986,83
598,652	1638,83
598,856	1578,83
599,061	1635,83
599,265	1517,83
599,469	1508,83
599,673	1653,83
599,878	1681,83
600,082	1516,83
600,286	1589,83
600,49	1603,83
600,695	1387,83
600,899	1551,83
601,103	1589,83
601,307	1596,83
601,511	1415,83
601,715	1441,83
601,919	1358,83
602,123	1607,83
602,327	1350,83
602,531	1553,83
602,735	1680,83
602,939	1660,83
603,143	1496,83
603,347	1618,83
603,551	1469,83
603,755	1636,83
603,959	1524,83
604,163	1511,83
604,367	1510,83
604,571	1460,83
604,775	1574,83
604,978	1406,83
605,182	1384,83
605,386	1548,83
605,59	1616,83
605,793	1445,83
605,997	1524,83
606,201	1703,83
606,405	1479,83
606,608	1573,83
606,812	1448,83
607,016	1655,83
607,219	1418,83
607,423	1471,83
607,627	1690,83
607,83	1424,83
608,034	1423,83
608,237	1612,83
608,441	1318,83
608,644	1578,83
608,848	1541,83
609,051	1541,83
609,255	1404,83
609,458	1572,83
609,662	1470,83
609,865	1521,83
610,069	1398,83
610,272	1304,83
610,475	1373,83
610,679	1402,83
610,882	1656,83
611,085	1490,83
611,289	1502,83
611,492	1441,83
611,695	1408,83
611,898	1456,83
612,102	1603,83
612,305	1309,83
612,508	1519,83
612,711	1652,83
612,914	1436,83
613,118	1530,83
613,321	1561,83
613,524	1387,83
613,727	1399,83
613,93	1553,83
614,133	1582,83
614,336	1471,83
614,539	1478,83
614,742	1413,83
614,945	1379,83
615,148	1505,83
615,351	1634,83
615,554	1488,83
615,757	1344,83
615,96	1505,83
616,163	1400,83
616,366	1482,83
616,569	1434,83
616,772	1612,83
616,974	1498,83
617,177	1603,83
617,38	1444,83
617,583	1469,83
617,786	1327,83
617,988	1296,83
618,191	1527,83
618,394	1349,83
618,596	1380,83
618,799	1328,83
619,002	1470,83
619,204	1684,83
619,407	1294,83
619,61	1379,83
619,812	1448,83
620,015	1381,83
620,217	1494,83
620,42	1482,83
620,623	1634,83
620,825	1345,83
621,028	1589,83
621,23	1547,83
621,432	1504,83
621,635	1504,83
621,837	1478,83
622,04	1392,83
622,242	1356,83
622,445	1392,83
622,647	1477,83
622,849	1554,83
623,052	1340,83
623,254	1476,83
623,456	1357,83
623,658	1539,83
623,861	1577,83
624,063	1500,83
624,265	1472,83
624,467	1485,83
624,67	1221,83
624,872	1491,83
625,074	1645,83
625,276	1466,83
625,478	1541,83
625,68	1247,83
625,882	1317,83
626,084	1441,83
626,287	1583,83
626,489	1459,83
626,691	1288,83
626,893	1574,83
627,095	1426,83
627,297	1479,83
627,499	1369,83
627,7	1024,83
627,902	1293,83
628,104	1197,83
628,306	1297,83
628,508	1339,83
628,71	1377,83
628,912	1420,83
629,114	1603,83
629,315	1458,83
629,517	1304,83
629,719	1320,83
629,921	1377,83
630,122	1388,83
630,324	1348,83
630,526	1490,83
630,728	1402,83
630,929	1371,83
631,131	1267,83
631,332	1560,83
631,534	1475,83
631,736	1422,83
631,937	1305,83
632,139	1492,83
632,34	1143,83
632,542	1483,83
632,743	1470,83
632,945	1212,83
633,146	1342,83
633,348	1462,83
633,549	1368,83
633,751	1289,83
633,952	1384,83
634,154	1272,83
634,355	1312,83
634,556	1355,83
634,758	1349,83
634,959	1349,83
635,16	1549,83
635,362	1363,83
635,563	1419,83
635,764	1366,83
635,965	1415,83
636,167	1565,83
636,368	1408,83
636,569	1348,83
636,77	1532,83
636,971	1280,83
637,172	1454,83
637,374	1296,83
637,575	1190,83
637,776	1238,83
637,977	1247,83
638,178	1376,83
638,379	1342,83
638,58	1368,83
638,781	1257,83
638,982	1444,83
639,183	1440,83
639,384	1308,83
639,585	1347,83
639,786	1328,83
639,987	1290,83
640,187	1434,83
640,388	1451,83
640,589	1280,83
640,79	1533,83
640,991	1369,83
641,192	1495,83
641,392	1260,83
641,593	1305,83
641,794	1182,83
641,995	1290,83
642,195	1208,83
642,396	1281,83
642,597	1254,83
642,797	1319,83
642,998	1419,83
643,199	1303,83
643,399	1355,83
643,6	1307,83
643,8	1241,83
644,001	1303,83
644,202	1383,83
644,402	1315,83
644,603	1294,83
644,803	1263,83
645,004	1366,83
645,204	1254,83
645,404	1276,83
645,605	1604,83
645,805	1258,83
646,006	1417,83
646,206	1704,83
646,406	1239,83
646,607	1145,83
646,807	996,83
647,007	-39,17
647,208	21,83
647,408	-5,17
647,608	94,83
