200,697	916,17
200,927	13,17
201,158	-1,83
201,388	19,17
201,618	1099,17
201,849	1063,17
202,079	1225,17
202,309	1135,17
202,539	1295,17
202,77	1015,17
203	1337,17
203,23	1242,17
203,46	1217,17
203,691	1351,17
203,921	999,17
204,151	1204,17
204,381	1108,17
204,611	1385,17
204,841	1144,17
205,071	1232,17
205,302	1297,17
205,532	1253,17
205,762	3056,17
205,992	1213,17
206,222	1265,17
206,452	1253,17
206,682	1183,17
206,912	1314,17
207,142	1267,17
207,372	1282,17
207,602	1127,17
207,832	1154,17
208,062	1218,17
208,292	1258,17
208,522	1102,17
208,752	1267,17
208,982	1246,17
209,212	1363,17
209,442	1221,17
209,672	1193,17
209,902	1210,17
210,131	1340,17
210,361	1181,17
210,591	1234,17
210,821	1189,17
211,051	1361,17
211,281	1270,17
211,51	1256,17
211,74	1262,17
211,97	1222,17
212,2	1019,17
212,429	1490,17
212,659	1242,17
212,889	1251,17
213,119	1112,17
213,348	1102,17
213,578	1442,17
213,808	1320,17
214,037	1412,17
214,267	1369,17
214,497	1229,17
214,726	1164,17
214,956	1207,17
215,186	1249,17
215,415	1258,17
215,645	1245,17
215,874	1365,17
216,104	1197,17
216,333	1251,17
216,563	1283,17
216,792	1402,17
217,022	1336,17
217,251	1342,17
217,481	1160,17
217,71	1302,17
217,94	1247,17
218,169	1329,17
218,399	1366,17
218,628	1243,17
218,858	1317,17
219,087	1305,17
219,316	1355,17
219,546	1245,17
219,775	1343,17
220,004	1376,17
220,234	1132,17
220,463	1313,17
220,692	1322,17
220,922	1268,17
221,151	1308,17
221,38	1275,17
221,61	1547,17
221,839	1657,17
222,068	1291,17
222,297	1472,17
222,526	1395,17
222,756	1571,17
222,985	1442,17
223,214	1488,17
223,443	1362,17
223,672	1767,17
223,902	1233,17
224,131	1491,17
224,36	1465,17
224,589	1324,17
224,818	1346,17
225,047	1439,17
225,276	1328,17
225,505	1575,17
225,734	1469,17
225,963	1355,17
226,192	1275,17
226,421	1345,17
226,65	1423,17
226,879	1467,17
227,108	1513,17
227,337	1565,17
227,566	1560,17
227,795	1457,17
228,024	1396,17
228,253	1408,17
228,482	1361,17
228,711	1469,17
228,94	1403,17
229,168	1469,17
229,397	1491,17
229,626	1538,17
229,855	1461,17
230,084	1470,17
230,313	1405,17
230,541	1642,17
230,77	1526,17
230,999	1467,17
231,228	1877,17
231,456	1691,17
231,685	1561,17
231,914	1641,17
232,143	1580,17
232,371	1672,17
232,6	1855,17
232,829	1585,17
233,057	1734,17
233,286	1643,17
233,515	1698,17
233,743	1635,17
233,972	1685,17
234,2	1677,17
234,429	1698,17
234,658	1794,17
234,886	1681,17
235,115	1762,17
235,343	1819,17
235,572	1762,17
235,8	1879,17
236,029	2027,17
236,257	1860,17
236,486	1799,17
236,714	1947,17
236,943	1952,17
237,171	1909,17
237,399	1869,17
237,628	2081,17
237,856	2013,17
238,085	2051,17
238,313	1935,17
238,541	2003,17
238,77	2304,17
238,998	1920,17
239,226	2078,17
239,455	2047,17
239,683	2128,17
239,911	1974,17
240,14	2234,17
240,368	2265,17
240,596	2128,17
240,824	2171,17
241,053	2105,17
241,281	2170,17
241,509	2186,17
241,737	2243,17
241,965	2083,17
242,193	2101,17
242,422	2227,17
242,65	2307,17
242,878	2299,17
243,106	2347,17
243,334	2239,17
243,562	2450,17
243,79	2307,17
244,018	2468,17
244,246	2347,17
244,474	2429,17
244,702	2410,17
244,93	2545,17
245,158	2480,17
245,386	2423,17
245,614	2551,17
245,842	2707,17
246,07	2534,17
246,298	2667,17
246,526	3007,17
246,754	2550,17
246,982	2585,17
247,21	2654,17
247,438	2571,17
247,666	2677,17
247,893	2657,17
248,121	2677,17
248,349	2672,17
248,577	2679,17
248,805	2818,17
249,033	2761,17
249,26	2803,17
249,488	2756,17
249,716	2890,17
249,944	2818,17
250,171	2843,17
250,399	2643,17
250,627	2954,17
250,854	2980,17
251,082	2842,17
251,31	2947,17
251,537	2779,17
251,765	3083,17
251,993	2915,17
252,22	3210,17
252,448	2854,17
252,676	3009,17
252,903	3095,17
253,131	3262,17
253,358	2990,17
253,586	2991,17
253,813	2953,17
254,041	3137,17
254,268	3118,17
254,496	3019,17
254,723	3067,17
254,951	3158,17
255,178	3149,17
255,406	3112,17
255,633	3127,17
255,86	3226,17
256,088	3135,17
256,315	3121,17
256,543	3431,17
256,77	3302,17
256,997	3231,17
257,225	3335,17
257,452	3292,17
257,679	3171,17
257,907	3392,17
258,134	3217,17
258,361	3269,17
258,588	3263,17
258,816	3223,17
259,043	3184,17
259,27	3366,17
259,497	3317,17
259,725	3014,17
259,952	3277,17
260,179	3167,17
260,406	3256,17
260,633	3199,17
260,86	3102,17
261,088	3362,17
261,315	3476,17
261,542	3179,17
261,769	3233,17
261,996	3514,17
262,223	3495,17
262,45	3387,17
262,677	3288,17
262,904	3342,17
263,131	3432,17
263,358	3358,17
263,585	3283,17
263,812	3627,17
264,039	3416,17
264,266	3295,17
264,493	3402,17
264,72	3349,17
264,947	3283,17
265,174	3569,17
265,401	3403,17
265,627	3493,17
265,854	3456,17
266,081	3331,17
266,308	3391,17
266,535	3292,17
266,762	3278,17
266,988	3308,17
267,215	3360,17
267,442	3332,17
267,669	3423,17
267,896	3336,17
268,122	3448,17
268,349	3366,17
268,576	3236,17
268,802	3254,17
269,029	3149,17
269,256	3514,17
269,482	3296,17
269,709	3220,17
269,936	3406,17
270,162	3539,17
270,389	3388,17
270,616	3347,17
270,842	3496,17
271,069	3446,17
271,295	3391,17
271,522	3278,17
271,748	3427,17
271,975	3538,17
272,201	3477,17
272,428	3492,17
272,654	3370,17
272,881	3638,17
273,107	3411,17
273,334	3470,17
273,56	3601,17
273,787	3400,17
274,013	3443,17
274,239	3758,17
274,466	3492,17
274,692	3447,17
274,918	3613,17
275,145	3548,17
275,371	3464,17
275,597	3776,17
275,824	3670,17
276,05	3623,17
276,276	3741,17
276,503	3626,17
276,729	3630,17
276,955	3535,17
277,181	3724,17
277,407	3706,17
277,634	3723,17
277,86	3719,17
278,086	3771,17
278,312	3709,17
278,538	3844,17
278,764	3727,17
278,991	3989,17
279,217	3623,17
279,443	3640,17
279,669	3762,17
279,895	4082,17
280,121	3782,17
280,347	3799,17
280,573	3747,17
280,799	3785,17
281,025	4068,17
281,251	3622,17
281,477	4113,17
281,703	3873,17
281,929	3944,17
282,155	3939,17
282,381	4088,17
282,607	4052,17
282,833	4103,17
283,059	4302,17
283,285	4170,17
283,51	4193,17
283,736	4107,17
283,962	4215,17
284,188	4179,17
284,414	4289,17
284,64	4275,17
284,865	4433,17
285,091	4320,17
285,317	4403,17
285,543	4473,17
285,768	4298,17
285,994	4408,17
286,22	4710,17
286,446	4475,17
286,671	4344,17
286,897	4561,17
287,123	4371,17
287,348	4487,17
287,574	4984,17
287,799	4595,17
288,025	4408,17
288,251	4682,17
288,476	4624,17
288,702	4641,17
288,927	4666,17
289,153	4799,17
289,378	4727,17
289,604	4855,17
289,829	4616,17
290,055	4676,17
290,28	4778,17
290,506	4887,17
290,731	5004,17
290,957	4988,17
291,182	4963,17
291,408	5023,17
291,633	4997,17
291,858	4897,17
292,084	4945,17
292,309	4857,17
292,535	4970,17
292,76	5039,17
292,985	5010,17
293,211	4956,17
293,436	4923,17
293,661	4891,17
293,886	5044,17
294,112	4970,17
294,337	5140,17
294,562	4856,17
294,787	5081,17
295,013	5056,17
295,238	4962,17
295,463	5139,17
295,688	5176,17
295,913	5104,17
296,138	5061,17
296,364	5050,17
296,589	5112,17
296,814	4819,17
297,039	4859,17
297,264	4891,17
297,489	4986,17
297,714	4940,17
297,939	4912,17
298,164	5048,17
298,389	5036,17
298,614	4794,17
298,839	4923,17
299,064	5184,17
299,289	5186,17
299,514	5284,17
299,739	5355,17
299,964	5270,17
300,189	5223,17
300,414	5555,17
300,639	5513,17
300,863	5360,17
301,088	5734,17
301,313	5414,17
301,538	5498,17
301,763	5497,17
301,988	5422,17
302,212	5512,17
302,437	5812,17
302,662	5465,17
302,887	5526,17
303,111	5505,17
303,336	5597,17
303,561	5649,17
303,786	5486,17
304,01	5603,17
304,235	5608,17
304,46	5385,17
304,684	5429,17
304,909	5377,17
305,134	5334,17
305,358	5473,17
305,583	5267,17
305,807	5391,17
306,032	5097,17
306,256	5257,17
306,481	5166,17
306,706	5417,17
306,93	5412,17
307,155	5577,17
307,379	5281,17
307,604	5426,17
307,828	5288,17
308,052	5765,17
308,277	5736,17
308,501	5513,17
308,726	5673,17
308,95	5634,17
309,175	5530,17
309,399	5864,17
309,623	5514,17
309,848	5595,17
310,072	5433,17
310,296	5891,17
310,521	5566,17
310,745	5484,17
310,969	5740,17
311,193	5680,17
311,418	5717,17
311,642	5616,17
311,866	5650,17
312,09	5635,17
312,315	5683,17
312,539	5725,17
312,763	5564,17
312,987	5583,17
313,211	5601,17
313,435	5602,17
313,659	5465,17
313,884	5692,17
314,108	5680,17
314,332	5683,17
314,556	5460,17
314,78	5702,17
315,004	5606,17
315,228	5732,17
315,452	5567,17
315,676	5499,17
315,9	5574,17
316,124	5249,17
316,348	5531,17
316,572	5583,17
316,796	5603,17
317,02	5488,17
317,244	5514,17
317,468	5399,17
317,691	5632,17
317,915	5475,17
318,139	5423,17
318,363	5676,17
318,587	5409,17
318,811	5320,17
319,034	5183,17
319,258	5485,17
319,482	5493,17
319,706	5367,17
319,93	5407,17
320,153	5342,17
320,377	5360,17
320,601	5229,17
320,824	5145,17
321,048	5430,17
321,272	5448,17
321,495	5302,17
321,719	5416,17
321,943	5437,17
322,166	5217,17
322,39	5434,17
322,614	5471,17
322,837	5530,17
323,061	5360,17
323,284	5443,17
323,508	5441,17
323,731	5363,17
323,955	5433,17
324,178	5425,17
324,402	5580,17
324,625	5495,17
324,849	5278,17
325,072	5486,17
325,296	5282,17
325,519	5414,17
325,743	5465,17
325,966	5570,17
326,189	5465,17
326,413	5335,17
326,636	5769,17
326,859	5493,17
327,083	5396,17
327,306	5341,17
327,529	5250,17
327,753	5179,17
327,976	5231,17
328,199	5245,17
328,422	5258,17
328,646	5250,17
328,869	5164,17
329,092	5285,17
329,315	5395,17
329,538	5299,17
329,762	5399,17
329,985	5240,17
330,208	5342,17
330,431	5394,17
330,654	5515,17
330,877	5402,17
331,1	5429,17
331,323	5309,17
331,546	5648,17
331,769	5461,17
331,993	5213,17
332,216	5347,17
332,439	5323,17
332,662	5302,17
332,885	5422,17
333,107	5252,17
333,33	5241,17
333,553	5458,17
333,776	5301,17
333,999	5344,17
334,222	5290,17
334,445	5259,17
334,668	5446,17
334,891	5405,17
335,114	5165,17
335,336	5346,17
335,559	5339,17
335,782	5631,17
336,005	5223,17
336,228	5430,17
336,45	5317,17
336,673	5287,17
336,896	5243,17
337,119	5331,17
337,341	5166,17
337,564	5353,17
337,787	5236,17
338,009	5157,17
338,232	5266,17
338,455	5354,17
338,677	5354,17
338,9	5275,17
339,122	5203,17
339,345	5134,17
339,568	5074,17
339,79	5179,17
340,013	5262,17
340,235	5225,17
340,458	5152,17
340,68	5115,17
340,903	5127,17
341,125	5100,17
341,348	5105,17
341,57	4965,17
341,793	5265,17
342,015	5013,17
342,238	4944,17
342,46	5163,17
342,682	5083,17
342,905	4994,17
343,127	5006,17
343,349	4949,17
343,572	4968,17
343,794	4821,17
344,016	4855,17
344,239	4898,17
344,461	4849,17
344,683	4865,17
344,905	4892,17
345,128	4710,17
345,35	4945,17
345,572	4939,17
345,794	5187,17
346,017	4921,17
346,239	5020,17
346,461	4981,17
346,683	4907,17
346,905	5087,17
347,127	5017,17
347,349	5052,17
347,571	5026,17
347,793	5130,17
348,016	5014,17
348,238	5017,17
348,46	5114,17
348,682	4896,17
348,904	5093,17
349,126	5082,17
349,348	5119,17
349,57	4909,17
349,792	4974,17
350,014	5295,17
350,235	5031,17
350,457	5272,17
350,679	5014,17
350,901	4845,17
351,123	4887,17
351,345	4935,17
351,567	4999,17
351,789	5046,17
352,01	4971,17
352,232	4882,17
352,454	4763,17
352,676	4848,17
352,897	4770,17
353,119	4570,17
353,341	4730,17
353,563	4625,17
353,784	4549,17
354,006	4619,17
354,228	4701,17
354,449	4790,17
354,671	4917,17
354,893	4658,17
355,114	4766,17
355,336	4819,17
355,558	4781,17
355,779	4687,17
356,001	5184,17
356,222	4888,17
356,444	4832,17
356,665	5571,17
356,887	4833,17
357,108	4837,17
357,33	4818,17
357,551	4976,17
357,773	4872,17
357,994	4842,17
358,216	4730,17
358,437	4929,17
358,659	4899,17
358,88	4782,17
359,101	4947,17
359,323	4897,17
359,544	4779,17
359,765	4763,17
359,987	4791,17
360,208	4737,17
360,429	4912,17
360,651	4733,17
360,872	4937,17
361,093	4738,17
361,314	4841,17
361,536	4809,17
361,757	4830,17
361,978	4783,17
362,199	4702,17
362,42	4841,17
362,642	4764,17
362,863	4858,17
363,084	4784,17
363,305	4815,17
363,526	4856,17
363,747	4649,17
363,968	4645,17
364,189	4950,17
364,41	4617,17
364,631	4525,17
364,852	4823,17
365,073	4591,17
365,294	4600,17
365,515	4645,17
365,736	4701,17
365,957	4666,17
366,178	4742,17
366,399	4731,17
366,62	4614,17
366,841	4814,17
367,062	4824,17
367,283	4803,17
367,504	4885,17
367,724	4733,17
367,945	4663,17
368,166	4827,17
368,387	4872,17
368,608	4755,17
368,828	4819,17
369,049	4730,17
369,27	4771,17
369,491	4745,17
369,711	4819,17
369,932	4931,17
370,153	4810,17
370,373	4871,17
370,594	5009,17
370,815	4826,17
371,035	4923,17
371,256	4672,17
371,477	4702,17
371,697	4559,17
371,918	4637,17
372,138	4873,17
372,359	4934,17
372,579	4656,17
372,8	4582,17
373,02	4810,17
373,241	4960,17
373,461	4878,17
373,682	4807,17
373,902	4833,17
374,123	4650,17
374,343	4946,17
374,564	4650,17
374,784	4771,17
375,004	4780,17
375,225	4683,17
375,445	4711,17
375,666	4933,17
375,886	4571,17
376,106	4591,17
376,326	4794,17
376,547	4894,17
376,767	4943,17
376,987	4906,17
377,208	4939,17
377,428	4922,17
377,648	4955,17
377,868	5105,17
378,088	5192,17
378,309	5227,17
378,529	5327,17
378,749	5232,17
378,969	5156,17
379,189	5269,17
379,409	5197,17
379,629	5011,17
379,849	5115,17
380,069	4998,17
380,29	5003,17
380,51	5123,17
380,73	5003,17
380,95	5387,17
381,17	5027,17
381,39	4966,17
381,61	5049,17
381,829	4906,17
382,049	5125,17
382,269	4955,17
382,489	4987,17
382,709	5003,17
382,929	5015,17
383,149	4941,17
383,369	5203,17
383,589	4939,17
383,808	5125,17
384,028	5029,17
384,248	5123,17
384,468	5134,17
384,688	5022,17
384,907	4993,17
385,127	5048,17
385,347	5267,17
385,567	5193,17
385,786	5257,17
386,006	5169,17
386,226	5356,17
386,445	5394,17
386,665	5352,17
386,885	5611,17
387,104	5360,17
387,324	5549,17
387,543	5498,17
387,763	5595,17
387,982	5736,17
388,202	5602,17
388,422	5702,17
388,641	5538,17
388,861	5649,17
389,08	5664,17
389,3	5405,17
389,519	5577,17
389,738	5539,17
389,958	5675,17
390,177	5446,17
390,397	5718,17
390,616	5562,17
390,836	5747,17
391,055	5782,17
391,274	5712,17
391,494	5852,17
391,713	5662,17
391,932	5989,17
392,151	5985,17
392,371	6071,17
392,59	6184,17
392,809	6066,17
393,029	6107,17
393,248	5837,17
393,467	5579,17
393,686	5567,17
393,905	6448,17
394,124	5507,17
394,344	5663,17
394,563	5766,17
394,782	5693,17
395,001	5843,17
395,22	5577,17
395,439	5785,17
395,658	5864,17
395,877	5746,17
396,096	5860,17
396,315	6023,17
396,534	5991,17
396,753	6122,17
396,972	5931,17
397,191	6151,17
397,41	6384,17
397,629	6354,17
397,848	6355,17
398,067	6345,17
398,286	6379,17
398,505	6432,17
398,724	6369,17
398,943	6630,17
399,161	5825,17
399,38	6127,17
399,599	6045,17
399,818	5999,17
400,037	6074,17
400,255	5585,17
400,474	5918,17
400,693	6042,17
400,912	5955,17
401,13	5838,17
401,349	5831,17
401,568	5587,17
401,786	5947,17
402,005	5895,17
402,224	5647,17
402,442	5890,17
402,661	5777,17
402,88	5755,17
403,098	5538,17
403,317	5858,17
403,535	5778,17
403,754	5648,17
403,972	5794,17
404,191	5773,17
404,409	5887,17
404,628	6425,17
404,846	5902,17
405,065	6110,17
405,283	5993,17
405,502	5927,17
405,72	5803,17
405,938	5723,17
406,157	5637,17
406,375	5684,17
406,594	5698,17
406,812	5632,17
407,03	5600,17
407,249	5461,17
407,467	5735,17
407,685	5872,17
407,903	5686,17
408,122	5977,17
408,34	5835,17
408,558	5851,17
408,776	5837,17
408,995	5800,17
409,213	5801,17
409,431	5960,17
409,649	5839,17
409,867	5681,17
410,085	5758,17
410,303	5753,17
410,522	5591,17
410,74	5633,17
410,958	5625,17
411,176	5796,17
411,394	5586,17
411,612	5716,17
411,83	5807,17
412,048	5795,17
412,266	5780,17
412,484	5890,17
412,702	6027,17
412,92	5528,17
413,138	5907,17
413,356	5767,17
413,573	5817,17
413,791	5827,17
414,009	5505,17
414,227	5715,17
414,445	5636,17
414,663	5539,17
414,881	5581,17
415,098	5531,17
415,316	5452,17
415,534	5912,17
415,752	5616,17
415,969	5742,17
416,187	5599,17
416,405	5569,17
416,623	5475,17
416,84	5503,17
417,058	5576,17
417,276	5609,17
417,493	5629,17
417,711	5510,17
417,928	5595,17
418,146	5537,17
418,364	5801,17
418,581	5578,17
418,799	5586,17
419,016	5449,17
419,234	5643,17
419,451	6087,17
419,669	5677,17
419,886	5694,17
420,104	5701,17
420,321	5958,17
420,539	5973,17
420,756	6053,17
420,974	6038,17
421,191	6247,17
421,408	6341,17
421,626	6294,17
421,843	5894,17
422,06	6087,17
422,278	5885,17
422,495	5909,17
422,712	5935,17
422,93	5787,17
423,147	5987,17
423,364	5723,17
423,581	5907,17
423,799	5619,17
424,016	5628,17
424,233	5734,17
424,45	5759,17
424,667	5737,17
424,884	5684,17
425,102	5824,17
425,319	5530,17
425,536	5435,17
425,753	5762,17
425,97	5383,17
426,187	5486,17
426,404	5457,17
426,621	5854,17
426,838	5855,17
427,055	5841,17
427,272	5891,17
427,489	5642,17
427,706	5689,17
427,923	5611,17
428,14	5602,17
428,357	5931,17
428,574	5839,17
428,791	5975,17
429,008	6025,17
429,224	6133,17
429,441	5967,17
429,658	6519,17
429,875	6559,17
430,092	6408,17
430,308	6530,17
430,525	6242,17
430,742	6059,17
430,959	6139,17
431,175	5574,17
431,392	5584,17
431,609	5553,17
431,826	5382,17
432,042	5303,17
432,259	5226,17
432,476	5576,17
432,692	5256,17
432,909	5475,17
433,125	5842,17
433,342	5864,17
433,559	6006,17
433,775	6006,17
433,992	5706,17
434,208	5352,17
434,425	5339,17
434,641	5793,17
434,858	5500,17
435,074	5437,17
435,291	5428,17
435,507	5421,17
435,723	5609,17
435,94	5582,17
436,156	5680,17
436,373	5709,17
436,589	5639,17
436,805	5635,17
437,022	5425,17
437,238	5397,17
437,454	5429,17
437,671	5436,17
437,887	5517,17
438,103	5480,17
438,319	5409,17
438,536	5686,17
438,752	5546,17
438,968	5556,17
439,184	5547,17
439,4	5269,17
439,616	5244,17
439,833	5431,17
440,049	5424,17
440,265	5571,17
440,481	5585,17
440,697	5912,17
440,913	6040,17
441,129	6098,17
441,345	6146,17
441,561	5959,17
441,777	5782,17
441,993	5750,17
442,209	5656,17
442,425	5664,17
442,641	5703,17
442,857	5746,17
443,073	5808,17
443,289	5813,17
443,505	5729,17
443,721	5784,17
443,937	5687,17
444,152	5545,17
444,368	5681,17
444,584	5657,17
444,8	5660,17
445,016	5564,17
445,231	5432,17
445,447	5787,17
445,663	5515,17
445,879	5505,17
446,094	5663,17
446,31	5722,17
446,526	5529,17
446,742	5489,17
446,957	5365,17
447,173	5315,17
447,388	5438,17
447,604	5409,17
447,82	5251,17
448,035	5338,17
448,251	5248,17
448,466	5330,17
448,682	5262,17
448,897	5575,17
449,113	5241,17
449,328	5536,17
449,544	5248,17
449,759	5533,17
449,975	5206,17
450,19	5179,17
450,406	5098,17
450,621	5030,17
450,836	4989,17
451,052	4951,17
451,267	5037,17
451,483	5007,17
451,698	4939,17
451,913	5114,17
452,129	5033,17
452,344	4884,17
452,559	5045,17
452,774	4781,17
452,99	4792,17
453,205	4886,17
453,42	4832,17
453,635	4803,17
453,85	4725,17
454,066	4824,17
454,281	4754,17
454,496	4810,17
454,711	4938,17
454,926	4904,17
455,141	4769,17
455,356	4786,17
455,571	4775,17
455,786	4755,17
456,001	4627,17
456,217	4504,17
456,432	4743,17
456,647	4678,17
456,861	4826,17
457,076	4845,17
457,291	4948,17
457,506	4930,17
457,721	4833,17
457,936	4830,17
458,151	4921,17
458,366	4986,17
458,581	4930,17
458,796	5018,17
459,01	4895,17
459,225	4871,17
459,44	4710,17
459,655	4839,17
459,87	4635,17
460,084	4667,17
460,299	4717,17
460,514	4766,17
460,729	5138,17
460,943	4590,17
461,158	4487,17
461,373	4435,17
461,587	4307,17
461,802	4251,17
462,016	4474,17
462,231	4246,17
462,446	4366,17
462,66	4339,17
462,875	4431,17
463,089	4518,17
463,304	4603,17
463,518	4832,17
463,733	4696,17
463,947	4709,17
464,162	4699,17
464,376	4818,17
464,591	4845,17
464,805	4793,17
465,02	4970,17
465,234	4999,17
465,448	4899,17
465,663	4840,17
465,877	4703,17
466,091	4514,17
466,306	4534,17
466,52	4499,17
466,734	4507,17
466,949	4235,17
467,163	4221,17
467,377	4274,17
467,591	4379,17
467,806	4284,17
468,02	4173,17
468,234	4045,17
468,448	4240,17
468,662	4066,17
468,876	4163,17
469,091	3856,17
469,305	3902,17
469,519	3714,17
469,733	3827,17
469,947	3800,17
470,161	3900,17
470,375	3643,17
470,589	4072,17
470,803	3711,17
471,017	3795,17
471,231	3827,17
471,445	3734,17
471,659	3906,17
471,873	3787,17
472,087	3779,17
472,301	3967,17
472,515	3890,17
472,728	3983,17
472,942	4034,17
473,156	4059,17
473,37	3943,17
473,584	3831,17
473,798	3925,17
474,011	3860,17
474,225	3930,17
474,439	4089,17
474,653	4170,17
474,866	4104,17
475,08	4128,17
475,294	4064,17
475,507	3795,17
475,721	4019,17
475,935	4136,17
476,148	3915,17
476,362	3739,17
476,576	3587,17
476,789	3816,17
477,003	3787,17
477,216	3849,17
477,43	3917,17
477,643	4024,17
477,857	4128,17
478,07	3914,17
478,284	3947,17
478,497	3900,17
478,711	3843,17
478,924	3774,17
479,138	3858,17
479,351	3845,17
479,564	3825,17
479,778	4092,17
479,991	3924,17
480,204	3970,17
480,418	4005,17
480,631	3878,17
480,844	4038,17
481,058	4000,17
481,271	4133,17
481,484	4132,17
481,697	4083,17
481,911	3987,17
482,124	3899,17
482,337	3896,17
482,55	3779,17
482,763	3861,17
482,976	3938,17
483,19	3834,17
483,403	3960,17
483,616	4105,17
483,829	4067,17
484,042	4193,17
484,255	4187,17
484,468	4474,17
484,681	4349,17
484,894	4792,17
485,107	8011,17
485,32	10784,17
485,533	10957,17
485,746	9917,17
485,959	8526,17
486,172	6992,17
486,385	5505,17
486,598	4795,17
486,81	4331,17
487,023	4177,17
487,236	4148,17
487,449	3929,17
487,662	3737,17
487,875	3798,17
488,087	3632,17
488,3	3740,17
488,513	3663,17
488,726	3554,17
488,938	3712,17
489,151	3659,17
489,364	3597,17
489,576	3607,17
489,789	3641,17
490,002	3554,17
490,214	3489,17
490,427	3472,17
490,64	3640,17
490,852	3544,17
491,065	3392,17
491,277	3517,17
491,49	3520,17
491,702	3289,17
491,915	3597,17
492,127	3475,17
492,34	3451,17
492,552	3467,17
492,765	3515,17
492,977	3583,17
493,19	3426,17
493,402	3553,17
493,614	3528,17
493,827	3513,17
494,039	3346,17
494,251	3314,17
494,464	3405,17
494,676	2896,17
494,888	3349,17
495,101	3204,17
495,313	3274,17
495,525	3415,17
495,737	3643,17
495,95	3562,17
496,162	3578,17
496,374	3419,17
496,586	3405,17
496,798	3349,17
497,01	3227,17
497,222	3162,17
497,435	3159,17
497,647	3159,17
497,859	3155,17
498,071	3245,17
498,283	3350,17
498,495	3208,17
498,707	3269,17
498,919	3269,17
499,131	3395,17
499,343	3301,17
499,555	3226,17
499,767	3277,17
499,979	3206,17
500,191	3264,17
500,402	3064,17
500,614	3311,17
500,826	3357,17
501,038	3261,17
501,25	3235,17
501,462	3168,17
501,673	3315,17
501,885	3263,17
502,097	3557,17
502,309	3306,17
502,521	3192,17
502,732	3127,17
502,944	3239,17
503,156	3159,17
503,367	3133,17
503,579	3141,17
503,791	3006,17
504,002	2999,17
504,214	3126,17
504,425	3322,17
504,637	3199,17
504,849	3104,17
505,06	3027,17
505,272	3082,17
505,483	3054,17
505,695	3057,17
505,906	3067,17
506,118	3115,17
506,329	2983,17
506,541	2843,17
506,752	2958,17
506,963	2867,17
507,175	2707,17
507,386	3155,17
507,598	2981,17
507,809	2891,17
508,02	2987,17
508,232	2957,17
508,443	2803,17
508,654	3041,17
508,865	2905,17
509,077	2708,17
509,288	2803,17
509,499	2993,17
509,71	2779,17
509,922	2825,17
510,133	2739,17
510,344	2957,17
510,555	2735,17
510,766	2656,17
510,977	2846,17
511,188	2671,17
511,4	2879,17
511,611	2679,17
511,822	2722,17
512,033	2619,17
512,244	2766,17
512,455	2534,17
512,666	2677,17
512,877	2759,17
513,088	2629,17
513,299	2640,17
513,51	2659,17
513,721	2619,17
513,931	2633,17
514,142	2686,17
514,353	2726,17
514,564	2477,17
514,775	2491,17
514,986	2624,17
515,196	2627,17
515,407	2494,17
515,618	2577,17
515,829	2541,17
516,04	2535,17
516,25	2385,17
516,461	2525,17
516,672	2549,17
516,882	2410,17
517,093	2529,17
517,304	2453,17
517,514	2331,17
517,725	2572,17
517,936	2375,17
518,146	2362,17
518,357	2503,17
518,567	2440,17
518,778	2811,17
518,988	2498,17
519,199	2592,17
519,409	2357,17
519,62	2707,17
519,83	2383,17
520,041	2414,17
520,251	2398,17
520,462	2481,17
520,672	2422,17
520,882	2304,17
521,093	2819,17
521,303	2410,17
521,513	2346,17
521,724	3136,17
521,934	2258,17
522,144	2378,17
522,355	2311,17
522,565	2329,17
522,775	2326,17
522,985	2189,17
523,196	2339,17
523,406	2300,17
523,616	2439,17
523,826	2285,17
524,036	3069,17
524,246	2172,17
524,457	2208,17
524,667	2227,17
524,877	2482,17
525,087	2259,17
525,297	2296,17
525,507	2429,17
525,717	2185,17
525,927	2290,17
526,137	2273,17
526,347	2377,17
526,557	2210,17
526,767	2255,17
526,977	2494,17
527,187	2233,17
527,397	2135,17
527,607	2150,17
527,816	2280,17
528,026	2299,17
528,236	2323,17
528,446	2456,17
528,656	2347,17
528,865	2515,17
529,075	2123,17
529,285	2221,17
529,495	2337,17
529,704	2402,17
529,914	2080,17
530,124	2297,17
530,334	2136,17
530,543	2178,17
530,753	2433,17
530,963	2465,17
531,172	2302,17
531,382	2057,17
531,591	2318,17
531,801	2063,17
532,01	2224,17
532,22	2294,17
532,43	2177,17
532,639	2507,17
532,849	2226,17
533,058	2217,17
533,267	2344,17
533,477	2221,17
533,686	2087,17
533,896	2174,17
534,105	2209,17
534,315	2316,17
534,524	2228,17
534,733	2181,17
534,943	2329,17
535,152	2208,17
535,361	2043,17
535,57	2033,17
535,78	2045,17
535,989	2014,17
536,198	2066,17
536,407	1988,17
536,617	2057,17
536,826	2046,17
537,035	2338,17
537,244	2076,17
537,453	1953,17
537,662	2011,17
537,872	2371,17
538,081	2051,17
538,29	1912,17
538,499	2027,17
538,708	2093,17
538,917	2129,17
539,126	2129,17
539,335	2124,17
539,544	2480,17
539,753	1972,17
539,962	2039,17
540,171	2035,17
540,38	2217,17
540,589	2120,17
540,797	2236,17
541,006	2086,17
541,215	2058,17
541,424	2220,17
541,633	2179,17
541,842	2088,17
542,05	2214,17
542,259	2210,17
542,468	2061,17
542,677	2143,17
542,885	2115,17
543,094	2107,17
543,303	2043,17
543,512	2224,17
543,72	2131,17
543,929	2293,17
544,138	2022,17
544,346	1980,17
544,555	2080,17
544,763	2155,17
544,972	2031,17
545,18	1930,17
545,389	1998,17
545,598	2054,17
545,806	2035,17
546,015	1972,17
546,223	1972,17
546,431	1856,17
546,64	1854,17
546,848	2010,17
547,057	2227,17
547,265	2085,17
547,474	2094,17
547,682	2224,17
547,89	2194,17
548,099	2065,17
548,307	2041,17
548,515	2102,17
548,723	2015,17
548,932	1954,17
549,14	1994,17
549,348	2039,17
549,556	1931,17
549,765	1914,17
549,973	1808,17
550,181	1947,17
550,389	1954,17
550,597	2003,17
550,805	1819,17
551,014	2035,17
551,222	3491,17
551,43	1995,17
551,638	2023,17
551,846	2081,17
552,054	2083,17
552,262	2138,17
552,47	1819,17
552,678	1865,17
552,886	1903,17
553,094	1835,17
553,302	2001,17
553,51	1930,17
553,717	1945,17
553,925	1829,17
554,133	2075,17
554,341	1854,17
554,549	1917,17
554,757	1933,17
554,965	1955,17
555,172	2199,17
555,38	2231,17
555,588	1774,17
555,796	2025,17
556,003	2201,17
556,211	1823,17
556,419	1901,17
556,626	1926,17
556,834	1730,17
557,042	1877,17
557,249	1882,17
557,457	1809,17
557,664	1690,17
557,872	1747,17
558,08	1726,17
558,287	1911,17
558,495	1738,17
558,702	1676,17
558,91	1795,17
559,117	1742,17
559,325	1795,17
559,532	1859,17
559,74	2007,17
559,947	1820,17
560,154	1922,17
560,362	1834,17
560,569	1846,17
560,776	1722,17
560,984	1822,17
561,191	1797,17
561,398	1783,17
561,606	2078,17
561,813	1787,17
562,02	1584,17
562,227	1635,17
562,435	1766,17
562,642	1814,17
562,849	1828,17
563,056	1617,17
563,263	1752,17
563,471	1803,17
563,678	1881,17
563,885	1711,17
564,092	1882,17
564,299	1910,17
564,506	1864,17
564,713	1751,17
564,92	1757,17
565,127	1794,17
565,334	1750,17
565,541	2035,17
565,748	1767,17
565,955	1680,17
566,162	1724,17
566,369	1864,17
566,576	1893,17
566,783	1922,17
566,99	1811,17
567,196	1988,17
567,403	1855,17
567,61	1963,17
567,817	1870,17
568,024	1890,17
568,23	2054,17
568,437	1908,17
568,644	1907,17
568,851	2035,17
569,057	2317,17
569,264	2323,17
569,471	2121,17
569,677	2236,17
569,884	2121,17
570,091	2154,17
570,297	3051,17
570,504	2406,17
570,71	2301,17
570,917	2216,17
571,123	2144,17
571,33	2351,17
571,536	2096,17
571,743	2350,17
571,949	2043,17
572,156	1920,17
572,362	2188,17
572,569	1943,17
572,775	2285,17
572,982	2406,17
573,188	2163,17
573,394	2283,17
573,601	2138,17
573,807	2193,17
574,013	2494,17
574,22	2303,17
574,426	2172,17
574,632	2354,17
574,838	2122,17
575,045	2108,17
575,251	2003,17
575,457	2011,17
575,663	2240,17
575,869	2087,17
576,076	2075,17
576,282	2347,17
576,488	2122,17
576,694	2075,17
576,9	2149,17
577,106	2353,17
577,312	2445,17
577,518	2511,17
577,724	2354,17
577,93	2299,17
578,136	2111,17
578,342	2058,17
578,548	1944,17
578,754	1869,17
578,96	2006,17
579,166	2055,17
579,372	2307,17
579,578	2161,17
579,784	2199,17
579,989	2138,17
580,195	2017,17
580,401	2043,17
580,607	2183,17
580,813	2581,17
581,018	2758,17
581,224	2759,17
581,43	2673,17
581,636	2452,17
581,841	2442,17
582,047	2193,17
582,253	2144,17
582,458	1905,17
582,664	1821,17
582,869	1893,17
583,075	1677,17
583,281	1977,17
583,486	1836,17
583,692	1856,17
583,897	2043,17
584,103	1907,17
584,308	2016,17
584,514	2111,17
584,719	2222,17
584,925	2150,17
585,13	1982,17
585,335	2098,17
585,541	1943,17
585,746	1877,17
585,952	1736,17
586,157	1729,17
586,362	1752,17
586,568	1953,17
586,773	2031,17
586,978	1920,17
587,183	1927,17
587,389	1855,17
587,594	1786,17
587,799	1811,17
588,004	1894,17
588,21	1780,17
588,415	1598,17
588,62	1645,17
588,825	1878,17
589,03	1549,17
589,235	2079,17
589,44	1872,17
589,645	1346,17
589,85	1750,17
590,055	1785,17
590,26	1579,17
590,465	1886,17
590,67	1641,17
590,875	1705,17
591,08	1684,17
591,285	1567,17
591,49	1586,17
591,695	1614,17
591,9	1562,17
592,105	1673,17
592,31	1718,17
592,515	1965,17
592,719	1671,17
592,924	1573,17
593,129	1614,17
593,334	1661,17
593,539	1513,17
593,743	1541,17
593,948	1547,17
594,153	1473,17
594,357	1775,17
594,562	1553,17
594,767	1947,17
594,971	1446,17
595,176	1541,17
595,381	1624,17
595,585	1357,17
595,79	1650,17
595,994	1443,17
596,199	1839,17
596,403	1264,17
596,608	1409,17
596,812	1569,17
597,017	1633,17
597,221	1890,17
597,426	1652,17
597,63	1478,17
597,835	1401,17
598,039	1440,17
598,243	1675,17
598,448	1903,17
598,652	1614,17
598,856	1636,17
599,061	1524,17
599,265	1529,17
599,469	1487,17
599,673	1577,17
599,878	1601,17
600,082	1421,17
600,286	1542,17
600,49	1550,17
600,695	1397,17
600,899	1463,17
601,103	1491,17
601,307	1534,17
601,511	1467,17
601,715	1407,17
601,919	1325,17
602,123	1523,17
602,327	1575,17
602,531	1507,17
602,735	1697,17
602,939	1642,17
603,143	1398,17
603,347	1573,17
603,551	1499,17
603,755	1458,17
603,959	1444,17
604,163	1506,17
604,367	1409,17
604,571	1411,17
604,775	1544,17
604,978	1488,17
605,182	1386,17
605,386	1536,17
605,59	1528,17
605,793	1280,17
605,997	1551,17
606,201	1489,17
606,405	1498,17
606,608	1543,17
606,812	1686,17
607,016	1569,17
607,219	1478,17
607,423	1322,17
607,627	1684,17
607,83	1397,17
608,034	1343,17
608,237	1597,17
608,441	1306,17
608,644	1448,17
608,848	1589,17
609,051	1434,17
609,255	1380,17
609,458	1522,17
609,662	1377,17
609,865	1527,17
610,069	1339,17
610,272	1294,17
610,475	1407,17
610,679	1311,17
610,882	1376,17
611,085	1385,17
611,289	1482,17
611,492	1423,17
611,695	1337,17
611,898	1354,17
612,102	1526,17
612,305	1469,17
612,508	1411,17
612,711	1572,17
612,914	1369,17
613,118	1488,17
613,321	1461,17
613,524	1402,17
613,727	1376,17
613,93	1339,17
614,133	1285,17
614,336	1414,17
614,539	1319,17
614,742	1423,17
614,945	1422,17
615,148	1530,17
615,351	1219,17
615,554	1504,17
615,757	1349,17
615,96	1394,17
616,163	1284,17
616,366	1530,17
616,569	1378,17
616,772	1528,17
616,974	1393,17
617,177	1581,17
617,38	1428,17
617,583	1456,17
617,786	1332,17
617,988	1297,17
618,191	1458,17
618,394	1348,17
618,596	1304,17
618,799	1299,17
619,002	1477,17
619,204	1413,17
619,407	1443,17
619,61	1337,17
619,812	1343,17
620,015	1367,17
620,217	1521,17
620,42	1347,17
620,623	1401,17
620,825	1335,17
621,028	1526,17
621,23	1557,17
621,432	1410,17
621,635	1499,17
621,837	1465,17
622,04	1345,17
622,242	1428,17
622,445	1411,17
622,647	1529,17
622,849	1544,17
623,052	1303,17
623,254	1437,17
623,456	1280,17
623,658	1591,17
623,861	1450,17
624,063	1386,17
624,265	1418,17
624,467	1643,17
624,67	1328,17
624,872	1452,17
625,074	1514,17
625,276	1506,17
625,478	1406,17
625,68	1238,17
625,882	1329,17
626,084	1399,17
626,287	1520,17
626,489	1453,17
626,691	1446,17
626,893	1450,17
627,095	1483,17
627,297	1338,17
627,499	1233,17
627,7	1273,17
627,902	1227,17
628,104	1240,17
628,306	1323,17
628,508	1325,17
628,71	1430,17
628,912	1363,17
629,114	1592,17
629,315	1403,17
629,517	1296,17
629,719	1278,17
629,921	1355,17
630,122	1437,17
630,324	1294,17
630,526	1408,17
630,728	1409,17
630,929	1354,17
631,131	1330,17
631,332	1497,17
631,534	1455,17
631,736	1393,17
631,937	1238,17
632,139	1175,17
632,34	1446,17
632,542	1420,17
632,743	1454,17
632,945	1197,17
633,146	1401,17
633,348	1452,17
633,549	1386,17
633,751	1248,17
633,952	1308,17
634,154	1243,17
634,355	1243,17
634,556	1346,17
634,758	1284,17
634,959	1314,17
635,16	1477,17
635,362	1255,17
635,563	1378,17
635,764	1464,17
635,965	1362,17
636,167	1361,17
636,368	1405,17
636,569	1297,17
636,77	1499,17
636,971	1270,17
637,172	1411,17
637,374	1274,17
637,575	1466,17
637,776	1277,17
637,977	1202,17
638,178	1349,17
638,379	1321,17
638,58	1397,17
638,781	1211,17
638,982	1302,17
639,183	1283,17
639,384	1310,17
639,585	1138,17
639,786	1338,17
639,987	1271,17
640,187	1355,17
640,388	1420,17
640,589	979,17
640,79	1168,17
640,991	1293,17
641,192	1130,17
641,392	1321,17
641,593	1216,17
641,794	1177,17
641,995	1238,17
642,195	1171,17
642,396	1254,17
642,597	1197,17
642,797	1245,17
642,998	1322,17
643,199	1228,17
643,399	1370,17
643,6	1158,17
643,8	1207,17
644,001	1280,17
644,202	1287,17
644,402	1199,17
644,603	1350,17
644,803	1157,17
645,004	1286,17
645,204	1153,17
645,404	1293,17
645,605	1519,17
645,805	1101,17
646,006	1147,17
646,206	1711,17
646,406	1249,17
646,607	1178,17
646,807	1062,17
647,007	-14,83
647,208	15,17
647,408	20,17
647,608	-37,83
