200,697	946,67
200,927	1,67
201,158	5,67
201,388	14,67
201,618	1187,67
201,849	1068,67
202,079	1276,67
202,309	1164,67
202,539	1231,67
202,77	1019,67
203	1351,67
203,23	1368,67
203,46	1197,67
203,691	1293,67
203,921	1207,67
204,151	1183,67
204,381	1222,67
204,611	1239,67
204,841	1183,67
205,071	1161,67
205,302	1353,67
205,532	1280,67
205,762	3055,67
205,992	1150,67
206,222	1111,67
206,452	1192,67
206,682	1205,67
206,912	1306,67
207,142	1287,67
207,372	1221,67
207,602	1099,67
207,832	1213,67
208,062	942,67
208,292	1054,67
208,522	1047,67
208,752	1180,67
208,982	1202,67
209,212	1356,67
209,442	1212,67
209,672	1161,67
209,902	1079,67
210,131	1244,67
210,361	1173,67
210,591	1187,67
210,821	1210,67
211,051	1450,67
211,281	1198,67
211,51	1229,67
211,74	1382,67
211,97	1246,67
212,2	1349,67
212,429	1467,67
212,659	1243,67
212,889	1295,67
213,119	1130,67
213,348	1215,67
213,578	1309,67
213,808	1341,67
214,037	1346,67
214,267	1307,67
214,497	1284,67
214,726	1244,67
214,956	1163,67
215,186	1226,67
215,415	1299,67
215,645	1246,67
215,874	1343,67
216,104	1172,67
216,333	1265,67
216,563	1265,67
216,792	1270,67
217,022	1367,67
217,251	1217,67
217,481	828,67
217,71	1382,67
217,94	1249,67
218,169	1319,67
218,399	1411,67
218,628	1146,67
218,858	1351,67
219,087	1334,67
219,316	1284,67
219,546	1371,67
219,775	1259,67
220,004	1439,67
220,234	1223,67
220,463	1329,67
220,692	1379,67
220,922	1207,67
221,151	1292,67
221,38	1295,67
221,61	1670,67
221,839	1469,67
222,068	1321,67
222,297	1514,67
222,526	1372,67
222,756	1364,67
222,985	1359,67
223,214	1270,67
223,443	1298,67
223,672	1705,67
223,902	1190,67
224,131	1330,67
224,36	1471,67
224,589	1147,67
224,818	1234,67
225,047	1359,67
225,276	1178,67
225,505	1572,67
225,734	1351,67
225,963	1183,67
226,192	1272,67
226,421	1260,67
226,65	1287,67
226,879	1448,67
227,108	1430,67
227,337	1231,67
227,566	1556,67
227,795	1388,67
228,024	1292,67
228,253	1273,67
228,482	1231,67
228,711	1339,67
228,94	1177,67
229,168	1155,67
229,397	1296,67
229,626	1260,67
229,855	1283,67
230,084	1383,67
230,313	1186,67
230,541	1421,67
230,77	1268,67
230,999	1169,67
231,228	1327,67
231,456	1385,67
231,685	1277,67
231,914	1367,67
232,143	1293,67
232,371	1259,67
232,6	1220,67
232,829	1363,67
233,057	1335,67
233,286	1286,67
233,515	1322,67
233,743	1373,67
233,972	1193,67
234,2	1343,67
234,429	1308,67
234,658	1345,67
234,886	1199,67
235,115	1337,67
235,343	1340,67
235,572	1247,67
235,8	1364,67
236,029	1554,67
236,257	1191,67
236,486	1081,67
236,714	1289,67
236,943	1587,67
237,171	1184,67
237,399	1347,67
237,628	1390,67
237,856	1417,67
238,085	1397,67
238,313	1236,67
238,541	1219,67
238,77	1686,67
238,998	1288,67
239,226	1351,67
239,455	1375,67
239,683	1284,67
239,911	1246,67
240,14	1407,67
240,368	1374,67
240,596	1300,67
240,824	1516,67
241,053	1356,67
241,281	1458,67
241,509	1346,67
241,737	1360,67
241,965	1220,67
242,193	1251,67
242,422	1285,67
242,65	1241,67
242,878	1279,67
243,106	1325,67
243,334	1309,67
243,562	1338,67
243,79	1386,67
244,018	1391,67
244,246	1322,67
244,474	1309,67
244,702	1275,67
244,93	1347,67
245,158	1355,67
245,386	1270,67
245,614	1329,67
245,842	1415,67
246,07	1166,67
246,298	1681,67
246,526	1748,67
246,754	1441,67
246,982	1260,67
247,21	1312,67
247,438	1327,67
247,666	1316,67
247,893	1326,67
248,121	1311,67
248,349	1244,67
248,577	1351,67
248,805	1422,67
249,033	1313,67
249,26	1397,67
249,488	1310,67
249,716	1364,67
249,944	1337,67
250,171	1293,67
250,399	1194,67
250,627	1447,67
250,854	1418,67
251,082	1268,67
251,31	1333,67
251,537	1320,67
251,765	1536,67
251,993	1250,67
252,22	1559,67
252,448	1268,67
252,676	1445,67
252,903	1313,67
253,131	1529,67
253,358	1321,67
253,586	1223,67
253,813	1259,67
254,041	1462,67
254,268	1281,67
254,496	1239,67
254,723	1293,67
254,951	1328,67
255,178	1320,67
255,406	995,67
255,633	1302,67
255,86	1375,67
256,088	1153,67
256,315	1274,67
256,543	1404,67
256,77	1350,67
256,997	1292,67
257,225	1363,67
257,452	1284,67
257,679	1316,67
257,907	1422,67
258,134	1310,67
258,361	1359,67
258,588	1292,67
258,816	1383,67
259,043	1310,67
259,27	1327,67
259,497	1391,67
259,725	1177,67
259,952	1377,67
260,179	1325,67
260,406	1302,67
260,633	1318,67
260,86	1298,67
261,088	1325,67
261,315	1571,67
261,542	1221,67
261,769	1259,67
261,996	1564,67
262,223	1430,67
262,45	1539,67
262,677	1203,67
262,904	1286,67
263,131	1397,67
263,358	1277,67
263,585	1343,67
263,812	1591,67
264,039	1415,67
264,266	1276,67
264,493	1311,67
264,72	1308,67
264,947	1180,67
265,174	1586,67
265,401	1430,67
265,627	1601,67
265,854	1358,67
266,081	1369,67
266,308	1369,67
266,535	1309,67
266,762	1247,67
266,988	1418,67
267,215	1492,67
267,442	1286,67
267,669	1395,67
267,896	1354,67
268,122	1350,67
268,349	1422,67
268,576	1204,67
268,802	1237,67
269,029	1269,67
269,256	1476,67
269,482	1287,67
269,709	1314,67
269,936	1298,67
270,162	1471,67
270,389	1251,67
270,616	1322,67
270,842	1470,67
271,069	1359,67
271,295	1367,67
271,522	1238,67
271,748	1330,67
271,975	1404,67
272,201	1425,67
272,428	1379,67
272,654	1288,67
272,881	1536,67
273,107	1293,67
273,334	1303,67
273,56	1478,67
273,787	1231,67
274,013	1293,67
274,239	1319,67
274,466	1340,67
274,692	1279,67
274,918	1295,67
275,145	1179,67
275,371	1271,67
275,597	1533,67
275,824	1351,67
276,05	1382,67
276,276	1421,67
276,503	1316,67
276,729	1331,67
276,955	1277,67
277,181	1341,67
277,407	1335,67
277,634	1342,67
277,86	1351,67
278,086	1400,67
278,312	1322,67
278,538	1301,67
278,764	1290,67
278,991	1614,67
279,217	1275,67
279,443	1291,67
279,669	1341,67
279,895	1381,67
280,121	1320,67
280,347	1331,67
280,573	1284,67
280,799	1279,67
281,025	1436,67
281,251	1101,67
281,477	1431,67
281,703	1266,67
281,929	1263,67
282,155	1362,67
282,381	1322,67
282,607	1308,67
282,833	1365,67
283,059	1342,67
283,285	1302,67
283,51	1110,67
283,736	1213,67
283,962	1294,67
284,188	1371,67
284,414	1518,67
284,64	1351,67
284,865	1381,67
285,091	1259,67
285,317	1358,67
285,543	1412,67
285,768	1295,67
285,994	1327,67
286,22	1468,67
286,446	1385,67
286,671	1203,67
286,897	1360,67
287,123	1241,67
287,348	1328,67
287,574	1735,67
287,799	1397,67
288,025	1291,67
288,251	1450,67
288,476	1268,67
288,702	1244,67
288,927	1381,67
289,153	1116,67
289,378	1552,67
289,604	1313,67
289,829	1308,67
290,055	1258,67
290,28	1324,67
290,506	1367,67
290,731	1322,67
290,957	1407,67
291,182	1348,67
291,408	1371,67
291,633	1358,67
291,858	1342,67
292,084	1325,67
292,309	1281,67
292,535	1303,67
292,76	1390,67
292,985	1196,67
293,211	1463,67
293,436	1073,67
293,661	1211,67
293,886	1147,67
294,112	1319,67
294,337	1261,67
294,562	1138,67
294,787	1418,67
295,013	1349,67
295,238	1346,67
295,463	1359,67
295,688	1485,67
295,913	1331,67
296,138	1302,67
296,364	1269,67
296,589	1379,67
296,814	1207,67
297,039	1320,67
297,264	1383,67
297,489	1410,67
297,714	1313,67
297,939	1297,67
298,164	1337,67
298,389	1372,67
298,614	1282,67
298,839	1326,67
299,064	1383,67
299,289	1358,67
299,514	1363,67
299,739	1398,67
299,964	1218,67
300,189	1213,67
300,414	1375,67
300,639	1421,67
300,863	1250,67
301,088	1627,67
301,313	1339,67
301,538	1289,67
301,763	1274,67
301,988	1283,67
302,212	1396,67
302,437	1994,67
302,662	1191,67
302,887	1307,67
303,111	1287,67
303,336	1239,67
303,561	1378,67
303,786	1289,67
304,01	1397,67
304,235	1413,67
304,46	1227,67
304,684	1288,67
304,909	1324,67
305,134	1263,67
305,358	1412,67
305,583	1375,67
305,807	1458,67
306,032	1210,67
306,256	1346,67
306,481	1382,67
306,706	1307,67
306,93	1303,67
307,155	1486,67
307,379	1357,67
307,604	1121,67
307,828	1284,67
308,052	1428,67
308,277	1361,67
308,501	1337,67
308,726	1378,67
308,95	1342,67
309,175	1186,67
309,399	1457,67
309,623	1326,67
309,848	1187,67
310,072	1182,67
310,296	1612,67
310,521	1230,67
310,745	1221,67
310,969	1500,67
311,193	1440,67
311,418	1316,67
311,642	1514,67
311,866	1456,67
312,09	1358,67
312,315	1347,67
312,539	1381,67
312,763	1451,67
312,987	1379,67
313,211	1324,67
313,435	1436,67
313,659	1279,67
313,884	1519,67
314,108	1431,67
314,332	1387,67
314,556	1299,67
314,78	1492,67
315,004	1361,67
315,228	1410,67
315,452	1383,67
315,676	1353,67
315,9	1361,67
316,124	1090,67
316,348	1292,67
316,572	1370,67
316,796	1445,67
317,02	1351,67
317,244	1384,67
317,468	1142,67
317,691	1503,67
317,915	1397,67
318,139	1263,67
318,363	1664,67
318,587	1375,67
318,811	1268,67
319,034	1266,67
319,258	1389,67
319,482	1370,67
319,706	1465,67
319,93	1283,67
320,153	1310,67
320,377	1365,67
320,601	1235,67
320,824	1091,67
321,048	1685,67
321,272	1338,67
321,495	1371,67
321,719	1325,67
321,943	1236,67
322,166	1238,67
322,39	1354,67
322,614	1429,67
322,837	1435,67
323,061	1290,67
323,284	1334,67
323,508	1369,67
323,731	1237,67
323,955	1281,67
324,178	1301,67
324,402	1539,67
324,625	1311,67
324,849	1191,67
325,072	1380,67
325,296	1398,67
325,519	1276,67
325,743	1269,67
325,966	1512,67
326,189	1381,67
326,413	1207,67
326,636	1533,67
326,859	1403,67
327,083	1561,67
327,306	1237,67
327,529	1265,67
327,753	1154,67
327,976	1333,67
328,199	1417,67
328,422	1317,67
328,646	1338,67
328,869	1202,67
329,092	1343,67
329,315	1469,67
329,538	1299,67
329,762	1351,67
329,985	1296,67
330,208	1514,67
330,431	1184,67
330,654	1493,67
330,877	1355,67
331,1	1365,67
331,323	1446,67
331,546	1493,67
331,769	1401,67
331,993	1235,67
332,216	1315,67
332,439	1309,67
332,662	1297,67
332,885	1308,67
333,107	1154,67
333,33	1308,67
333,553	1347,67
333,776	1262,67
333,999	1329,67
334,222	1239,67
334,445	1270,67
334,668	1332,67
334,891	1331,67
335,114	1127,67
335,336	1570,67
335,559	1434,67
335,782	1616,67
336,005	1317,67
336,228	1282,67
336,45	1248,67
336,673	1246,67
336,896	1330,67
337,119	1407,67
337,341	1321,67
337,564	1204,67
337,787	1341,67
338,009	1210,67
338,232	1245,67
338,455	1361,67
338,677	1346,67
338,9	1281,67
339,122	1428,67
339,345	1149,67
339,568	930,67
339,79	1259,67
340,013	1330,67
340,235	1357,67
340,458	1316,67
340,68	1186,67
340,903	1268,67
341,125	1183,67
341,348	1258,67
341,57	1190,67
341,793	1481,67
342,015	1128,67
342,238	1301,67
342,46	1307,67
342,682	1367,67
342,905	1296,67
343,127	1347,67
343,349	1299,67
343,572	1384,67
343,794	1209,67
344,016	1281,67
344,239	1385,67
344,461	1285,67
344,683	1262,67
344,905	1138,67
345,128	1193,67
345,35	1192,67
345,572	1371,67
345,794	1429,67
346,017	1282,67
346,239	1308,67
346,461	1287,67
346,683	1274,67
346,905	1388,67
347,127	1211,67
347,349	1226,67
347,571	1297,67
347,793	1397,67
348,016	1311,67
348,238	1308,67
348,46	1271,67
348,682	1276,67
348,904	1501,67
349,126	1283,67
349,348	1326,67
349,57	1246,67
349,792	1215,67
350,014	1077,67
350,235	1226,67
350,457	1398,67
350,679	1314,67
350,901	1168,67
351,123	1166,67
351,345	1308,67
351,567	1419,67
351,789	1302,67
352,01	1375,67
352,232	1363,67
352,454	1230,67
352,676	1379,67
352,897	1229,67
353,119	1291,67
353,341	1308,67
353,563	1277,67
353,784	1373,67
354,006	1123,67
354,228	1206,67
354,449	1228,67
354,671	1396,67
354,893	1355,67
355,114	1310,67
355,336	1308,67
355,558	1281,67
355,779	1327,67
356,001	1305,67
356,222	1291,67
356,444	1234,67
356,665	1928,67
356,887	1234,67
357,108	1203,67
357,33	1286,67
357,551	1366,67
357,773	1325,67
357,994	1466,67
358,216	1269,67
358,437	1367,67
358,659	1318,67
358,88	1208,67
359,101	1282,67
359,323	1530,67
359,544	1224,67
359,765	1214,67
359,987	1263,67
360,208	1278,67
360,429	1347,67
360,651	1211,67
360,872	1447,67
361,093	1257,67
361,314	1143,67
361,536	1250,67
361,757	1265,67
361,978	1247,67
362,199	1229,67
362,42	1139,67
362,642	1202,67
362,863	1228,67
363,084	1290,67
363,305	1338,67
363,526	1233,67
363,747	1272,67
363,968	1274,67
364,189	1385,67
364,41	1239,67
364,631	1191,67
364,852	1309,67
365,073	1257,67
365,294	1327,67
365,515	1200,67
365,736	1327,67
365,957	1239,67
366,178	1267,67
366,399	1272,67
366,62	1314,67
366,841	1339,67
367,062	1356,67
367,283	1252,67
367,504	1267,67
367,724	1220,67
367,945	1181,67
368,166	1359,67
368,387	1179,67
368,608	1318,67
368,828	1362,67
369,049	1194,67
369,27	1275,67
369,491	1187,67
369,711	1279,67
369,932	1375,67
370,153	1303,67
370,373	1391,67
370,594	1411,67
370,815	1320,67
371,035	1396,67
371,256	1204,67
371,477	1218,67
371,697	1247,67
371,918	1203,67
372,138	1229,67
372,359	1418,67
372,579	1044,67
372,8	1185,67
373,02	1253,67
373,241	1323,67
373,461	1285,67
373,682	1280,67
373,902	1267,67
374,123	1184,67
374,343	1390,67
374,564	1237,67
374,784	1255,67
375,004	1374,67
375,225	1226,67
375,445	1228,67
375,666	1474,67
375,886	1179,67
376,106	1204,67
376,326	1368,67
376,547	1283,67
376,767	1415,67
376,987	1232,67
377,208	1258,67
377,428	1181,67
377,648	1372,67
377,868	1188,67
378,088	1427,67
378,309	1371,67
378,529	1355,67
378,749	1327,67
378,969	1192,67
379,189	1295,67
379,409	1222,67
379,629	1281,67
379,849	1287,67
380,069	1196,67
380,29	1259,67
380,51	1237,67
380,73	1300,67
380,95	1434,67
381,17	1135,67
381,39	1325,67
381,61	1132,67
381,829	1266,67
382,049	1238,67
382,269	1205,67
382,489	1333,67
382,709	1267,67
382,929	1365,67
383,149	1343,67
383,369	1548,67
383,589	1264,67
383,808	1340,67
384,028	1234,67
384,248	1270,67
384,468	1223,67
384,688	1265,67
384,907	1203,67
385,127	1268,67
385,347	1280,67
385,567	1161,67
385,786	1409,67
386,006	1062,67
386,226	1280,67
386,445	1176,67
386,665	1231,67
386,885	1495,67
387,104	1264,67
387,324	1255,67
387,543	1196,67
387,763	1233,67
387,982	1307,67
388,202	1242,67
388,422	1223,67
388,641	1173,67
388,861	1283,67
389,08	1342,67
389,3	1158,67
389,519	1418,67
389,738	1186,67
389,958	1274,67
390,177	1293,67
390,397	1297,67
390,616	1278,67
390,836	1291,67
391,055	1238,67
391,274	1290,67
391,494	1226,67
391,713	1247,67
391,932	1335,67
392,151	1237,67
392,371	1202,67
392,59	1274,67
392,809	1337,67
393,029	1380,67
393,248	1375,67
393,467	1200,67
393,686	1265,67
393,905	2121,67
394,124	1202,67
394,344	1333,67
394,563	1324,67
394,782	1392,67
395,001	1331,67
395,22	1288,67
395,439	1279,67
395,658	1149,67
395,877	1281,67
396,096	1009,67
396,315	1375,67
396,534	1153,67
396,753	1276,67
396,972	1127,67
397,191	1252,67
397,41	1271,67
397,629	1197,67
397,848	1180,67
398,067	1294,67
398,286	1191,67
398,505	1205,67
398,724	1387,67
398,943	1767,67
399,161	1196,67
399,38	1086,67
399,599	1360,67
399,818	1206,67
400,037	1544,67
400,255	1237,67
400,474	1300,67
400,693	1355,67
400,912	1377,67
401,13	1265,67
401,349	1237,67
401,568	1175,67
401,786	1387,67
402,005	1322,67
402,224	1260,67
402,442	1312,67
402,661	1344,67
402,88	1226,67
403,098	1205,67
403,317	1314,67
403,535	1159,67
403,754	1309,67
403,972	1111,67
404,191	1213,67
404,409	1257,67
404,628	1819,67
404,846	1277,67
405,065	1333,67
405,283	1113,67
405,502	1188,67
405,72	1294,67
405,938	1236,67
406,157	1231,67
406,375	1172,67
406,594	1276,67
406,812	1243,67
407,03	1259,67
407,249	1037,67
407,467	1316,67
407,685	1379,67
407,903	1154,67
408,122	1412,67
408,34	1245,67
408,558	1381,67
408,776	1225,67
408,995	1286,67
409,213	1175,67
409,431	1386,67
409,649	1283,67
409,867	1201,67
410,085	1255,67
410,303	1328,67
410,522	1176,67
410,74	1207,67
410,958	1180,67
411,176	1271,67
411,394	1237,67
411,612	1213,67
411,83	1385,67
412,048	1287,67
412,266	1273,67
412,484	1214,67
412,702	1444,67
412,92	945,67
413,138	1313,67
413,356	1176,67
413,573	1374,67
413,791	1578,67
414,009	1332,67
414,227	1413,67
414,445	1431,67
414,663	1231,67
414,881	1287,67
415,098	1249,67
415,316	1287,67
415,534	1596,67
415,752	1295,67
415,969	1389,67
416,187	1151,67
416,405	1237,67
416,623	1348,67
416,84	1147,67
417,058	1282,67
417,276	1358,67
417,493	1205,67
417,711	1318,67
417,928	1211,67
418,146	1225,67
418,364	1372,67
418,581	1249,67
418,799	1161,67
419,016	1108,67
419,234	1145,67
419,451	1631,67
419,669	1343,67
419,886	1306,67
420,104	1165,67
420,321	1269,67
420,539	1289,67
420,756	1389,67
420,974	1209,67
421,191	1164,67
421,408	1310,67
421,626	1239,67
421,843	1245,67
422,06	1399,67
422,278	1189,67
422,495	1305,67
422,712	1261,67
422,93	1279,67
423,147	1314,67
423,364	1125,67
423,581	1394,67
423,799	1164,67
424,016	1361,67
424,233	1262,67
424,45	1296,67
424,667	1184,67
424,884	1202,67
425,102	1311,67
425,319	1184,67
425,536	1220,67
425,753	1357,67
425,97	1214,67
426,187	1293,67
426,404	1183,67
426,621	1660,67
426,838	1372,67
427,055	1371,67
427,272	1197,67
427,489	1280,67
427,706	1206,67
427,923	1173,67
428,14	1266,67
428,357	1483,67
428,574	1252,67
428,791	1233,67
429,008	1231,67
429,224	1200,67
429,441	1073,67
429,658	1271,67
429,875	1420,67
430,092	1317,67
430,308	1366,67
430,525	1388,67
430,742	1261,67
430,959	1448,67
431,175	1141,67
431,392	1238,67
431,609	1377,67
431,826	1290,67
432,042	1192,67
432,259	1207,67
432,476	1616,67
432,692	1115,67
432,909	1343,67
433,125	1309,67
433,342	1206,67
433,559	1263,67
433,775	1193,67
433,992	1119,67
434,208	1086,67
434,425	1226,67
434,641	1436,67
434,858	1408,67
435,074	1247,67
435,291	1255,67
435,507	1313,67
435,723	1233,67
435,94	1251,67
436,156	1267,67
436,373	1626,67
436,589	1325,67
436,805	1289,67
437,022	1239,67
437,238	1299,67
437,454	1221,67
437,671	1260,67
437,887	1236,67
438,103	1207,67
438,319	1231,67
438,536	1342,67
438,752	1308,67
438,968	1282,67
439,184	1283,67
439,4	1203,67
439,616	1110,67
439,833	1403,67
440,049	954,67
440,265	1413,67
440,481	1290,67
440,697	1181,67
440,913	1273,67
441,129	1175,67
441,345	1322,67
441,561	1481,67
441,777	1277,67
441,993	1308,67
442,209	1208,67
442,425	1332,67
442,641	1375,67
442,857	1329,67
443,073	1270,67
443,289	1333,67
443,505	1323,67
443,721	1332,67
443,937	1257,67
444,152	1287,67
444,368	1275,67
444,584	1367,67
444,8	1340,67
445,016	1268,67
445,231	1278,67
445,447	1292,67
445,663	1348,67
445,879	1205,67
446,094	1372,67
446,31	1374,67
446,526	1288,67
446,742	1300,67
446,957	1263,67
447,173	1255,67
447,388	1396,67
447,604	1399,67
447,82	1256,67
448,035	1263,67
448,251	1277,67
448,466	1428,67
448,682	1190,67
448,897	1202,67
449,113	1452,67
449,328	1380,67
449,544	1158,67
449,759	1607,67
449,975	1121,67
450,19	1277,67
450,406	1238,67
450,621	1133,67
450,836	1308,67
451,052	1192,67
451,267	1178,67
451,483	1229,67
451,698	1203,67
451,913	1294,67
452,129	1291,67
452,344	1148,67
452,559	1369,67
452,774	1285,67
452,99	1181,67
453,205	1255,67
453,42	1366,67
453,635	1313,67
453,85	1345,67
454,066	1372,67
454,281	1362,67
454,496	1429,67
454,711	1301,67
454,926	1314,67
455,141	1169,67
455,356	1224,67
455,571	1228,67
455,786	1322,67
456,001	1283,67
456,217	1106,67
456,432	1275,67
456,647	1277,67
456,861	1239,67
457,076	1275,67
457,291	1375,67
457,506	1284,67
457,721	1293,67
457,936	1289,67
458,151	1123,67
458,366	1385,67
458,581	1265,67
458,796	1435,67
459,01	1287,67
459,225	1287,67
459,44	1149,67
459,655	1231,67
459,87	1107,67
460,084	1203,67
460,299	1319,67
460,514	1297,67
460,729	1615,67
460,943	1135,67
461,158	1143,67
461,373	1372,67
461,587	1257,67
461,802	1228,67
462,016	1423,67
462,231	1204,67
462,446	1281,67
462,66	1230,67
462,875	1213,67
463,089	1239,67
463,304	1205,67
463,518	1219,67
463,733	1245,67
463,947	1326,67
464,162	1194,67
464,376	1223,67
464,591	1332,67
464,805	1195,67
465,02	1405,67
465,234	1314,67
465,448	1325,67
465,663	1367,67
465,877	1311,67
466,091	1228,67
466,306	1367,67
466,52	1594,67
466,734	1211,67
466,949	1204,67
467,163	1461,67
467,377	1203,67
467,591	1227,67
467,806	1230,67
468,02	1170,67
468,234	1142,67
468,448	1334,67
468,662	1162,67
468,876	1469,67
469,091	1269,67
469,305	1341,67
469,519	1298,67
469,733	1125,67
469,947	1187,67
470,161	1479,67
470,375	1108,67
470,589	1334,67
470,803	1296,67
471,017	1269,67
471,231	1324,67
471,445	1033,67
471,659	1306,67
471,873	1247,67
472,087	1188,67
472,301	1423,67
472,515	1173,67
472,728	1254,67
472,942	1210,67
473,156	1289,67
473,37	1279,67
473,584	1227,67
473,798	1279,67
474,011	1215,67
474,225	1281,67
474,439	1358,67
474,653	1264,67
474,866	1247,67
475,08	1284,67
475,294	1388,67
475,507	1176,67
475,721	1293,67
475,935	1237,67
476,148	1162,67
476,362	1222,67
476,576	1185,67
476,789	1279,67
477,003	1355,67
477,216	1279,67
477,43	1247,67
477,643	1269,67
477,857	1318,67
478,07	1300,67
478,284	1262,67
478,497	1243,67
478,711	1253,67
478,924	1201,67
479,138	1262,67
479,351	1217,67
479,564	1165,67
479,778	1268,67
479,991	1211,67
480,204	1079,67
480,418	1362,67
480,631	1151,67
480,844	1369,67
481,058	1260,67
481,271	1235,67
481,484	1294,67
481,697	1249,67
481,911	1241,67
482,124	1223,67
482,337	1277,67
482,55	1196,67
482,763	1226,67
482,976	1345,67
483,19	1263,67
483,403	1180,67
483,616	1327,67
483,829	1315,67
484,042	1179,67
484,255	1299,67
484,468	1190,67
484,681	1146,67
484,894	1323,67
485,107	1403,67
485,32	1212,67
485,533	1262,67
485,746	1396,67
485,959	1179,67
486,172	1251,67
486,385	1287,67
486,598	1221,67
486,81	1168,67
487,023	1266,67
487,236	1268,67
487,449	1307,67
487,662	1317,67
487,875	1295,67
488,087	1329,67
488,3	1266,67
488,513	1119,67
488,726	1199,67
488,938	1351,67
489,151	1558,67
489,364	1263,67
489,576	1255,67
489,789	1294,67
490,002	1403,67
490,214	1213,67
490,427	1146,67
490,64	1270,67
490,852	1332,67
491,065	1163,67
491,277	1250,67
491,49	1310,67
491,702	1103,67
491,915	1311,67
492,127	1334,67
492,34	1251,67
492,552	1286,67
492,765	1422,67
492,977	1457,67
493,19	1220,67
493,402	1318,67
493,614	1476,67
493,827	1362,67
494,039	1357,67
494,251	1284,67
494,464	1314,67
494,676	1187,67
494,888	1283,67
495,101	1178,67
495,313	1255,67
495,525	1231,67
495,737	1398,67
495,95	1271,67
496,162	1231,67
496,374	1207,67
496,586	1231,67
496,798	1299,67
497,01	1267,67
497,222	1197,67
497,435	1352,67
497,647	1261,67
497,859	1296,67
498,071	1175,67
498,283	1322,67
498,495	1261,67
498,707	1410,67
498,919	1126,67
499,131	1384,67
499,343	1140,67
499,555	1221,67
499,767	1341,67
499,979	1075,67
500,191	1386,67
500,402	1177,67
500,614	1259,67
500,826	1275,67
501,038	1168,67
501,25	1278,67
501,462	1195,67
501,673	1161,67
501,885	1151,67
502,097	1346,67
502,309	1278,67
502,521	1395,67
502,732	1174,67
502,944	1166,67
503,156	1107,67
503,367	1225,67
503,579	1166,67
503,791	1247,67
504,002	1244,67
504,214	1379,67
504,425	1546,67
504,637	1382,67
504,849	1230,67
505,06	1296,67
505,272	1351,67
505,483	1259,67
505,695	1250,67
505,906	1188,67
506,118	1259,67
506,329	1278,67
506,541	1230,67
506,752	1419,67
506,963	1342,67
507,175	1043,67
507,386	1373,67
507,598	1335,67
507,809	1066,67
508,02	1183,67
508,232	1303,67
508,443	1165,67
508,654	1450,67
508,865	1341,67
509,077	1174,67
509,288	1209,67
509,499	1474,67
509,71	1169,67
509,922	1300,67
510,133	1225,67
510,344	1453,67
510,555	1002,67
510,766	1283,67
510,977	1221,67
511,188	1236,67
511,4	1261,67
511,611	1232,67
511,822	1330,67
512,033	1300,67
512,244	1350,67
512,455	1289,67
512,666	1244,67
512,877	1338,67
513,088	1328,67
513,299	1341,67
513,51	1325,67
513,721	1210,67
513,931	1287,67
514,142	1410,67
514,353	1364,67
514,564	1169,67
514,775	1263,67
514,986	1331,67
515,196	1360,67
515,407	1214,67
515,618	1238,67
515,829	1298,67
516,04	1302,67
516,25	1234,67
516,461	1173,67
516,672	1458,67
516,882	1260,67
517,093	1380,67
517,304	1151,67
517,514	1140,67
517,725	1406,67
517,936	1160,67
518,146	1168,67
518,357	1306,67
518,567	1161,67
518,778	1436,67
518,988	1221,67
519,199	1431,67
519,409	1222,67
519,62	1242,67
519,83	1314,67
520,041	1303,67
520,251	1203,67
520,462	1359,67
520,672	1284,67
520,882	1290,67
521,093	1287,67
521,303	1335,67
521,513	1250,67
521,724	2135,67
521,934	1173,67
522,144	1252,67
522,355	1241,67
522,565	1239,67
522,775	1269,67
522,985	1283,67
523,196	1245,67
523,406	1192,67
523,616	1397,67
523,826	1276,67
524,036	1873,67
524,246	1022,67
524,457	969,67
524,667	1151,67
524,877	1210,67
525,087	1220,67
525,297	1331,67
525,507	1231,67
525,717	1183,67
525,927	1287,67
526,137	1148,67
526,347	1278,67
526,557	1115,67
526,767	1255,67
526,977	1537,67
527,187	1259,67
527,397	1177,67
527,607	1215,67
527,816	1231,67
528,026	1195,67
528,236	1201,67
528,446	1285,67
528,656	1279,67
528,865	1443,67
529,075	1265,67
529,285	1188,67
529,495	1327,67
529,704	1298,67
529,914	1227,67
530,124	1294,67
530,334	1230,67
530,543	1235,67
530,753	1522,67
530,963	1543,67
531,172	1254,67
531,382	1185,67
531,591	1489,67
531,801	1179,67
532,01	1302,67
532,22	1263,67
532,43	1304,67
532,639	1507,67
532,849	1252,67
533,058	1437,67
533,267	1496,67
533,477	1214,67
533,686	1181,67
533,896	1278,67
534,105	1351,67
534,315	1321,67
534,524	1254,67
534,733	1261,67
534,943	1427,67
535,152	1347,67
535,361	1215,67
535,57	1228,67
535,78	1246,67
535,989	1208,67
536,198	1231,67
536,407	1312,67
536,617	1370,67
536,826	1493,67
537,035	1420,67
537,244	1330,67
537,453	1139,67
537,662	1320,67
537,872	1473,67
538,081	1223,67
538,29	1174,67
538,499	1200,67
538,708	1208,67
538,917	1291,67
539,126	1370,67
539,335	1330,67
539,544	1768,67
539,753	1201,67
539,962	1283,67
540,171	1263,67
540,38	1339,67
540,589	1242,67
540,797	1380,67
541,006	1277,67
541,215	1207,67
541,424	1414,67
541,633	1341,67
541,842	964,67
542,05	1408,67
542,259	1364,67
542,468	1239,67
542,677	1272,67
542,885	1082,67
543,094	1315,67
543,303	1126,67
543,512	1315,67
543,72	1329,67
543,929	1413,67
544,138	1207,67
544,346	1177,67
544,555	1224,67
544,763	1283,67
544,972	1246,67
545,18	1137,67
545,389	1331,67
545,598	946,67
545,806	1282,67
546,015	1247,67
546,223	1275,67
546,431	1293,67
546,64	1133,67
546,848	1274,67
547,057	1310,67
547,265	1190,67
547,474	1238,67
547,682	1252,67
547,89	1311,67
548,099	1271,67
548,307	1232,67
548,515	1362,67
548,723	1395,67
548,932	1299,67
549,14	1348,67
549,348	1378,67
549,556	1219,67
549,765	1258,67
549,973	1132,67
550,181	1287,67
550,389	1165,67
550,597	1303,67
550,805	1067,67
551,014	1367,67
551,222	4108,67
551,43	1164,67
551,638	1163,67
551,846	1316,67
552,054	1410,67
552,262	1364,67
552,47	1253,67
552,678	1191,67
552,886	1175,67
553,094	1162,67
553,302	1369,67
553,51	1266,67
553,717	1366,67
553,925	1116,67
554,133	1463,67
554,341	1335,67
554,549	1290,67
554,757	1221,67
554,965	1344,67
555,172	1219,67
555,38	1555,67
555,588	1206,67
555,796	1328,67
556,003	1369,67
556,211	1245,67
556,419	1309,67
556,626	1291,67
556,834	1175,67
557,042	1265,67
557,249	1308,67
557,457	1267,67
557,664	1106,67
557,872	1211,67
558,08	1211,67
558,287	1312,67
558,495	1386,67
558,702	1170,67
558,91	1275,67
559,117	1179,67
559,325	1183,67
559,532	1367,67
559,74	1367,67
559,947	1209,67
560,154	1442,67
560,362	1435,67
560,569	1251,67
560,776	1287,67
560,984	1315,67
561,191	1252,67
561,398	1271,67
561,606	1599,67
561,813	1271,67
562,02	1098,67
562,227	1121,67
562,435	1284,67
562,642	1373,67
562,849	1489,67
563,056	1201,67
563,263	1271,67
563,471	1301,67
563,678	1254,67
563,885	1205,67
564,092	1291,67
564,299	1342,67
564,506	1339,67
564,713	1281,67
564,92	1263,67
565,127	1375,67
565,334	1295,67
565,541	1547,67
565,748	1388,67
565,955	1236,67
566,162	1212,67
566,369	1334,67
566,576	1398,67
566,783	1371,67
566,99	1164,67
567,196	1380,67
567,403	1243,67
567,61	1453,67
567,817	1129,67
568,024	1299,67
568,23	1179,67
568,437	1232,67
568,644	1210,67
568,851	1223,67
569,057	1357,67
569,264	1318,67
569,471	1228,67
569,677	1321,67
569,884	1324,67
570,091	1393,67
570,297	2109,67
570,504	1448,67
570,71	1277,67
570,917	1288,67
571,123	1196,67
571,33	1331,67
571,536	1139,67
571,743	1534,67
571,949	1219,67
572,156	1230,67
572,362	1419,67
572,569	1288,67
572,775	1327,67
572,982	1295,67
573,188	1260,67
573,394	1238,67
573,601	1225,67
573,807	1202,67
574,013	1450,67
574,22	1323,67
574,426	1219,67
574,632	1355,67
574,838	1271,67
575,045	1217,67
575,251	1222,67
575,457	1295,67
575,663	1359,67
575,869	1265,67
576,076	1247,67
576,282	1146,67
576,488	1130,67
576,694	1442,67
576,9	1169,67
577,106	1263,67
577,312	1204,67
577,518	1440,67
577,724	1249,67
577,93	1273,67
578,136	1271,67
578,342	1265,67
578,548	1213,67
578,754	1223,67
578,96	1259,67
579,166	1210,67
579,372	1489,67
579,578	1310,67
579,784	1339,67
579,989	1227,67
580,195	1323,67
580,401	1270,67
580,607	1327,67
580,813	1236,67
581,018	1406,67
581,224	1293,67
581,43	1311,67
581,636	1280,67
581,841	1381,67
582,047	1276,67
582,253	1259,67
582,458	1287,67
582,664	1198,67
582,869	1290,67
583,075	1153,67
583,281	1569,67
583,486	1311,67
583,692	1196,67
583,897	1351,67
584,103	1268,67
584,308	1336,67
584,514	1190,67
584,719	1307,67
584,925	1157,67
585,13	1360,67
585,335	1089,67
585,541	1307,67
585,746	1379,67
585,952	1233,67
586,157	1060,67
586,362	1274,67
586,568	1219,67
586,773	1327,67
586,978	1250,67
587,183	1227,67
587,389	1271,67
587,594	1219,67
587,799	1332,67
588,004	1425,67
588,21	1297,67
588,415	1220,67
588,62	1287,67
588,825	1315,67
589,03	1247,67
589,235	1654,67
589,44	1456,67
589,645	1204,67
589,85	1378,67
590,055	1430,67
590,26	1320,67
590,465	1291,67
590,67	1365,67
590,875	1416,67
591,08	1323,67
591,285	1303,67
591,49	1331,67
591,695	1210,67
591,9	1310,67
592,105	1314,67
592,31	1273,67
592,515	1538,67
592,719	1227,67
592,924	1199,67
593,129	1255,67
593,334	1060,67
593,539	1213,67
593,743	1326,67
593,948	1287,67
594,153	1215,67
594,357	1423,67
594,562	1278,67
594,767	1673,67
594,971	1203,67
595,176	1295,67
595,381	1358,67
595,585	1212,67
595,79	1509,67
595,994	1190,67
596,199	1655,67
596,403	1130,67
596,608	1239,67
596,812	1231,67
597,017	1371,67
597,221	1551,67
597,426	1530,67
597,63	1216,67
597,835	1126,67
598,039	1231,67
598,243	1231,67
598,448	1402,67
598,652	1299,67
598,856	1275,67
599,061	1339,67
599,265	1230,67
599,469	1219,67
599,673	1331,67
599,878	1367,67
600,082	1247,67
600,286	1291,67
600,49	1273,67
600,695	1091,67
600,899	1243,67
601,103	1334,67
601,307	1355,67
601,511	1285,67
601,715	1188,67
601,919	1122,67
602,123	1382,67
602,327	1118,67
602,531	1239,67
602,735	1390,67
602,939	1412,67
603,143	1191,67
603,347	1542,67
603,551	1247,67
603,755	1340,67
603,959	1283,67
604,163	1320,67
604,367	1310,67
604,571	1218,67
604,775	1229,67
604,978	1190,67
605,182	1239,67
605,386	1332,67
605,59	1277,67
605,793	1198,67
605,997	1325,67
606,201	1307,67
606,405	1395,67
606,608	1369,67
606,812	1245,67
607,016	1405,67
607,219	1230,67
607,423	1253,67
607,627	1404,67
607,83	1301,67
608,034	1173,67
608,237	1329,67
608,441	1199,67
608,644	1394,67
608,848	1379,67
609,051	1326,67
609,255	1209,67
609,458	1397,67
609,662	1265,67
609,865	1312,67
610,069	1193,67
610,272	1022,67
610,475	1077,67
610,679	1212,67
610,882	1378,67
611,085	1309,67
611,289	1395,67
611,492	1192,67
611,695	1269,67
611,898	1127,67
612,102	1362,67
612,305	1294,67
612,508	1295,67
612,711	1415,67
612,914	1271,67
613,118	1331,67
613,321	1367,67
613,524	1291,67
613,727	1263,67
613,93	1206,67
614,133	1206,67
614,336	1289,67
614,539	1222,67
614,742	1329,67
614,945	1202,67
615,148	1373,67
615,351	1263,67
615,554	1375,67
615,757	1235,67
615,96	1381,67
616,163	1239,67
616,366	1318,67
616,569	1270,67
616,772	1445,67
616,974	1218,67
617,177	1419,67
617,38	1359,67
617,583	1356,67
617,786	1204,67
617,988	1208,67
618,191	1383,67
618,394	1213,67
618,596	1160,67
618,799	1002,67
619,002	1351,67
619,204	1212,67
619,407	1276,67
619,61	1219,67
619,812	1273,67
620,015	1227,67
620,217	1476,67
620,42	1245,67
620,623	1231,67
620,825	1253,67
621,028	1392,67
621,23	1359,67
621,432	1333,67
621,635	1436,67
621,837	1330,67
622,04	1282,67
622,242	1249,67
622,445	1309,67
622,647	1397,67
622,849	1347,67
623,052	1132,67
623,254	1287,67
623,456	1174,67
623,658	1359,67
623,861	1390,67
624,063	1283,67
624,265	1284,67
624,467	1313,67
624,67	1177,67
624,872	1346,67
625,074	1435,67
625,276	1348,67
625,478	1363,67
625,68	1089,67
625,882	1194,67
626,084	1241,67
626,287	1438,67
626,489	1391,67
626,691	1319,67
626,893	1313,67
627,095	1111,67
627,297	1531,67
627,499	1227,67
627,7	1167,67
627,902	1115,67
628,104	1134,67
628,306	1241,67
628,508	1204,67
628,71	1082,67
628,912	1386,67
629,114	1456,67
629,315	1231,67
629,517	1276,67
629,719	1219,67
629,921	1181,67
630,122	1246,67
630,324	1188,67
630,526	1390,67
630,728	1233,67
630,929	1225,67
631,131	1141,67
631,332	1411,67
631,534	1457,67
631,736	1305,67
631,937	1163,67
632,139	1343,67
632,34	1295,67
632,542	1378,67
632,743	1359,67
632,945	1193,67
633,146	1333,67
633,348	1323,67
633,549	1330,67
633,751	1210,67
633,952	1276,67
634,154	1173,67
634,355	1159,67
634,556	1299,67
634,758	1237,67
634,959	1222,67
635,16	1354,67
635,362	1262,67
635,563	1477,67
635,764	1283,67
635,965	1255,67
636,167	1222,67
636,368	1357,67
636,569	1142,67
636,77	1390,67
636,971	1228,67
637,172	1293,67
637,374	1123,67
637,575	1450,67
637,776	1160,67
637,977	1200,67
638,178	1334,67
638,379	1325,67
638,58	1256,67
638,781	1114,67
638,982	1279,67
639,183	1239,67
639,384	1189,67
639,585	1306,67
639,786	1182,67
639,987	1134,67
640,187	1358,67
640,388	1331,67
640,589	1184,67
640,79	1247,67
640,991	1245,67
641,192	1373,67
641,392	1170,67
641,593	1163,67
641,794	1200,67
641,995	1207,67
642,195	1077,67
642,396	1174,67
642,597	1160,67
642,797	1202,67
642,998	1278,67
643,199	1203,67
643,399	1307,67
643,6	1130,67
643,8	945,67
644,001	1101,67
644,202	1192,67
644,402	1194,67
644,603	1285,67
644,803	1111,67
645,004	1313,67
645,204	1154,67
645,404	1234,67
645,605	1688,67
645,805	1183,67
646,006	1153,67
646,206	1634,67
646,406	1186,67
646,607	1113,67
646,807	1109,67
647,007	-60,33
647,208	7,67
647,408	9,67
647,608	22,67
