200,697	882,83
200,927	-18,17
201,158	-14,17
201,388	13,83
201,618	1535,83
201,849	1365,83
202,079	1639,83
202,309	1523,83
202,539	1648,83
202,77	1563,83
203	1649,83
203,23	1592,83
203,46	1597,83
203,691	1630,83
203,921	1624,83
204,151	1658,83
204,381	1537,83
204,611	1694,83
204,841	1531,83
205,071	1578,83
205,302	1808,83
205,532	1739,83
205,762	3699,83
205,992	1447,83
206,222	1633,83
206,452	1687,83
206,682	1559,83
206,912	1791,83
207,142	1677,83
207,372	1654,83
207,602	1564,83
207,832	1578,83
208,062	1557,83
208,292	1750,83
208,522	1423,83
208,752	1640,83
208,982	1738,83
209,212	1682,83
209,442	1568,83
209,672	1565,83
209,902	1619,83
210,131	1659,83
210,361	1582,83
210,591	1641,83
210,821	1503,83
211,051	1779,83
211,281	1599,83
211,51	1666,83
211,74	1703,83
211,97	1614,83
212,2	1692,83
212,429	1910,83
212,659	1633,83
212,889	1640,83
213,119	1531,83
213,348	1525,83
213,578	1781,83
213,808	1767,83
214,037	1781,83
214,267	1729,83
214,497	1685,83
214,726	1587,83
214,956	1607,83
215,186	1698,83
215,415	1623,83
215,645	1680,83
215,874	1701,83
216,104	1551,83
216,333	1665,83
216,563	1635,83
216,792	1681,83
217,022	1744,83
217,251	1739,83
217,481	1557,83
217,71	1891,83
217,94	1625,83
218,169	1469,83
218,399	1724,83
218,628	1579,83
218,858	1692,83
219,087	1739,83
219,316	1713,83
219,546	1649,83
219,775	1699,83
220,004	1801,83
220,234	1600,83
220,463	1697,83
220,692	1674,83
220,922	1710,83
221,151	1753,83
221,38	1622,83
221,61	2040,83
221,839	1950,83
222,068	1685,83
222,297	1830,83
222,526	1701,83
222,756	1749,83
222,985	1793,83
223,214	1722,83
223,443	1676,83
223,672	2162,83
223,902	1589,83
224,131	1698,83
224,36	1923,83
224,589	1574,83
224,818	1714,83
225,047	1771,83
225,276	1732,83
225,505	1929,83
225,734	1674,83
225,963	1579,83
226,192	1678,83
226,421	1611,83
226,65	1668,83
226,879	1754,83
227,108	1834,83
227,337	1773,83
227,566	1999,83
227,795	1701,83
228,024	1660,83
228,253	1645,83
228,482	1456,83
228,711	1687,83
228,94	1602,83
229,168	1692,83
229,397	1716,83
229,626	1732,83
229,855	1562,83
230,084	1662,83
230,313	1531,83
230,541	1803,83
230,77	1679,83
230,999	1555,83
231,228	1906,83
231,456	1789,83
231,685	1639,83
231,914	1713,83
232,143	1626,83
232,371	1691,83
232,6	1666,83
232,829	1707,83
233,057	1765,83
233,286	1700,83
233,515	1659,83
233,743	1896,83
233,972	1461,83
234,2	1760,83
234,429	1660,83
234,658	1843,83
234,886	1616,83
235,115	1676,83
235,343	1713,83
235,572	1706,83
235,8	1751,83
236,029	1985,83
236,257	1671,83
236,486	1661,83
236,714	1770,83
236,943	1892,83
237,171	1648,83
237,399	1639,83
237,628	1707,83
237,856	1784,83
238,085	1894,83
238,313	1600,83
238,541	1651,83
238,77	2058,83
238,998	1646,83
239,226	1755,83
239,455	1749,83
239,683	1761,83
239,911	1561,83
240,14	1789,83
240,368	1820,83
240,596	1651,83
240,824	1744,83
241,053	1679,83
241,281	1663,83
241,509	1703,83
241,737	1674,83
241,965	1603,83
242,193	1631,83
242,422	1611,83
242,65	1667,83
242,878	1563,83
243,106	1687,83
243,334	1703,83
243,562	1804,83
243,79	1691,83
244,018	1754,83
244,246	1609,83
244,474	1697,83
244,702	1641,83
244,93	1684,83
245,158	1736,83
245,386	1679,83
245,614	1714,83
245,842	1819,83
246,07	1692,83
246,298	1858,83
246,526	2173,83
246,754	1662,83
246,982	1714,83
247,21	1738,83
247,438	1717,83
247,666	1632,83
247,893	1716,83
248,121	1660,83
248,349	1681,83
248,577	1720,83
248,805	1641,83
249,033	1633,83
249,26	1750,83
249,488	1619,83
249,716	1722,83
249,944	1688,83
250,171	1670,83
250,399	1654,83
250,627	1865,83
250,854	1725,83
251,082	1615,83
251,31	1721,83
251,537	1699,83
251,765	1874,83
251,993	1581,83
252,22	1984,83
252,448	1591,83
252,676	1919,83
252,903	1683,83
253,131	2146,83
253,358	1653,83
253,586	1571,83
253,813	1648,83
254,041	1745,83
254,268	1712,83
254,496	1542,83
254,723	1662,83
254,951	1735,83
255,178	1707,83
255,406	1636,83
255,633	1686,83
255,86	1794,83
256,088	1617,83
256,315	1645,83
256,543	1760,83
256,77	1679,83
256,997	1539,83
257,225	1750,83
257,452	1612,83
257,679	1649,83
257,907	1775,83
258,134	1632,83
258,361	1790,83
258,588	1560,83
258,816	1680,83
259,043	1704,83
259,27	1701,83
259,497	1787,83
259,725	1648,83
259,952	1705,83
260,179	1632,83
260,406	1741,83
260,633	1627,83
260,86	1696,83
261,088	1677,83
261,315	1895,83
261,542	1597,83
261,769	1606,83
261,996	1979,83
262,223	1987,83
262,45	2093,83
262,677	1475,83
262,904	1541,83
263,131	1885,83
263,358	1704,83
263,585	1745,83
263,812	2027,83
264,039	1737,83
264,266	1712,83
264,493	1779,83
264,72	1584,83
264,947	1705,83
265,174	1954,83
265,401	1813,83
265,627	1836,83
265,854	1793,83
266,081	1808,83
266,308	1737,83
266,535	1881,83
266,762	1661,83
266,988	1794,83
267,215	1773,83
267,442	1671,83
267,669	1829,83
267,896	1587,83
268,122	1994,83
268,349	1727,83
268,576	1554,83
268,802	1618,83
269,029	1677,83
269,256	1773,83
269,482	1689,83
269,709	1646,83
269,936	1692,83
270,162	1858,83
270,389	1753,83
270,616	1715,83
270,842	1807,83
271,069	1787,83
271,295	1736,83
271,522	1796,83
271,748	1747,83
271,975	1942,83
272,201	1853,83
272,428	1678,83
272,654	1691,83
272,881	1980,83
273,107	1607,83
273,334	1695,83
273,56	1877,83
273,787	1687,83
274,013	1696,83
274,239	1992,83
274,466	1719,83
274,692	1725,83
274,918	1739,83
275,145	1741,83
275,371	1737,83
275,597	1882,83
275,824	1803,83
276,05	1716,83
276,276	1762,83
276,503	1703,83
276,729	1699,83
276,955	1678,83
277,181	1688,83
277,407	1757,83
277,634	1761,83
277,86	1751,83
278,086	1861,83
278,312	1705,83
278,538	1644,83
278,764	1742,83
278,991	1867,83
279,217	1576,83
279,443	1636,83
279,669	1743,83
279,895	1784,83
280,121	1656,83
280,347	1682,83
280,573	1621,83
280,799	1679,83
281,025	2047,83
281,251	1617,83
281,477	1569,83
281,703	1522,83
281,929	1640,83
282,155	1672,83
282,381	1764,83
282,607	1695,83
282,833	1726,83
283,059	1808,83
283,285	1632,83
283,51	1683,83
283,736	1541,83
283,962	1710,83
284,188	1707,83
284,414	1677,83
284,64	1711,83
284,865	1759,83
285,091	1661,83
285,317	1759,83
285,543	1835,83
285,768	1802,83
285,994	1743,83
286,22	1899,83
286,446	1811,83
286,671	1461,83
286,897	1809,83
287,123	1632,83
287,348	1584,83
287,574	2209,83
287,799	1770,83
288,025	1631,83
288,251	1927,83
288,476	1759,83
288,702	1711,83
288,927	1769,83
289,153	1649,83
289,378	1871,83
289,604	1707,83
289,829	1698,83
290,055	1621,83
290,28	1839,83
290,506	1811,83
290,731	1710,83
290,957	1935,83
291,182	1753,83
291,408	1872,83
291,633	1683,83
291,858	1671,83
292,084	1703,83
292,309	1686,83
292,535	1761,83
292,76	1761,83
292,985	1721,83
293,211	1738,83
293,436	1542,83
293,661	1606,83
293,886	1641,83
294,112	1649,83
294,337	1724,83
294,562	1520,83
294,787	1753,83
295,013	1664,83
295,238	1677,83
295,463	1796,83
295,688	1878,83
295,913	1733,83
296,138	1786,83
296,364	1475,83
296,589	1705,83
296,814	1591,83
297,039	1679,83
297,264	1767,83
297,489	1779,83
297,714	1717,83
297,939	1662,83
298,164	1674,83
298,389	1807,83
298,614	1667,83
298,839	1664,83
299,064	1816,83
299,289	1680,83
299,514	1824,83
299,739	1830,83
299,964	1637,83
300,189	1586,83
300,414	1905,83
300,639	1837,83
300,863	1612,83
301,088	2093,83
301,313	1704,83
301,538	1719,83
301,763	1671,83
301,988	1783,83
302,212	1783,83
302,437	2167,83
302,662	1660,83
302,887	1677,83
303,111	1685,83
303,336	1822,83
303,561	1749,83
303,786	1651,83
304,01	1762,83
304,235	1785,83
304,46	1644,83
304,684	1705,83
304,909	1723,83
305,134	1643,83
305,358	1706,83
305,583	1795,83
305,807	2005,83
306,032	1556,83
306,256	1714,83
306,481	1727,83
306,706	1717,83
306,93	1675,83
307,155	1910,83
307,379	1660,83
307,604	1681,83
307,828	1618,83
308,052	1869,83
308,277	1765,83
308,501	1750,83
308,726	1839,83
308,95	1977,83
309,175	1651,83
309,399	1847,83
309,623	1882,83
309,848	1484,83
310,072	1585,83
310,296	2114,83
310,521	1695,83
310,745	1646,83
310,969	1909,83
311,193	1824,83
311,418	1745,83
311,642	1667,83
311,866	1725,83
312,09	1681,83
312,315	1765,83
312,539	1769,83
312,763	1756,83
312,987	1801,83
313,211	1654,83
313,435	1911,83
313,659	1630,83
313,884	1923,83
314,108	1832,83
314,332	1886,83
314,556	1650,83
314,78	1808,83
315,004	1937,83
315,228	1783,83
315,452	1826,83
315,676	1805,83
315,9	1756,83
316,124	1588,83
316,348	1716,83
316,572	1767,83
316,796	1812,83
317,02	1667,83
317,244	1752,83
317,468	1619,83
317,691	1939,83
317,915	1765,83
318,139	1675,83
318,363	2063,83
318,587	1725,83
318,811	1668,83
319,034	1725,83
319,258	1831,83
319,482	1875,83
319,706	1822,83
319,93	1721,83
320,153	1682,83
320,377	1829,83
320,601	1637,83
320,824	1549,83
321,048	1918,83
321,272	1808,83
321,495	1677,83
321,719	1701,83
321,943	1662,83
322,166	1728,83
322,39	1688,83
322,614	1798,83
322,837	1869,83
323,061	1583,83
323,284	1783,83
323,508	1751,83
323,731	1590,83
323,955	1677,83
324,178	1707,83
324,402	1792,83
324,625	1737,83
324,849	1529,83
325,072	1810,83
325,296	1732,83
325,519	1681,83
325,743	1616,83
325,966	1808,83
326,189	1843,83
326,413	1710,83
326,636	2039,83
326,859	1774,83
327,083	1963,83
327,306	1644,83
327,529	1906,83
327,753	1505,83
327,976	1812,83
328,199	1871,83
328,422	1542,83
328,646	1698,83
328,869	1550,83
329,092	1738,83
329,315	1840,83
329,538	1628,83
329,762	1700,83
329,985	1616,83
330,208	1626,83
330,431	1746,83
330,654	1879,83
330,877	1734,83
331,1	1775,83
331,323	1735,83
331,546	1822,83
331,769	1740,83
331,993	1627,83
332,216	1782,83
332,439	1707,83
332,662	1698,83
332,885	1687,83
333,107	1557,83
333,33	1433,83
333,553	1866,83
333,776	1386,83
333,999	1705,83
334,222	1550,83
334,445	1632,83
334,668	1689,83
334,891	1771,83
335,114	1589,83
335,336	1725,83
335,559	1773,83
335,782	1973,83
336,005	1665,83
336,228	1669,83
336,45	1598,83
336,673	1656,83
336,896	1574,83
337,119	1733,83
337,341	1649,83
337,564	1727,83
337,787	1762,83
338,009	1654,83
338,232	1788,83
338,455	1791,83
338,677	1667,83
338,9	1722,83
339,122	1779,83
339,345	1541,83
339,568	1540,83
339,79	1690,83
340,013	1764,83
340,235	1722,83
340,458	1576,83
340,68	1777,83
340,903	1636,83
341,125	1597,83
341,348	1648,83
341,57	1641,83
341,793	1890,83
342,015	1451,83
342,238	1695,83
342,46	1582,83
342,682	1844,83
342,905	1617,83
343,127	1794,83
343,349	1630,83
343,572	1793,83
343,794	1619,83
344,016	1674,83
344,239	1770,83
344,461	1612,83
344,683	1577,83
344,905	1627,83
345,128	1625,83
345,35	1649,83
345,572	1804,83
345,794	1847,83
346,017	1763,83
346,239	1634,83
346,461	1657,83
346,683	1583,83
346,905	1707,83
347,127	1778,83
347,349	1685,83
347,571	1701,83
347,793	1867,83
348,016	1760,83
348,238	1675,83
348,46	1586,83
348,682	1702,83
348,904	1751,83
349,126	1626,83
349,348	1699,83
349,57	1596,83
349,792	1571,83
350,014	1717,83
350,235	1645,83
350,457	2039,83
350,679	1687,83
350,901	1540,83
351,123	1637,83
351,345	1678,83
351,567	1725,83
351,789	1571,83
352,01	1705,83
352,232	1823,83
352,454	1547,83
352,676	1835,83
352,897	1715,83
353,119	1657,83
353,341	1719,83
353,563	1611,83
353,784	1652,83
354,006	1702,83
354,228	1596,83
354,449	1630,83
354,671	1863,83
354,893	1805,83
355,114	1667,83
355,336	1487,83
355,558	1699,83
355,779	1612,83
356,001	1788,83
356,222	1709,83
356,444	1537,83
356,665	2083,83
356,887	1676,83
357,108	1611,83
357,33	1634,83
357,551	1797,83
357,773	1740,83
357,994	1661,83
358,216	1509,83
358,437	1792,83
358,659	1812,83
358,88	1652,83
359,101	1725,83
359,323	1748,83
359,544	1671,83
359,765	1581,83
359,987	1632,83
360,208	1630,83
360,429	1712,83
360,651	1587,83
360,872	1756,83
361,093	1733,83
361,314	1636,83
361,536	1555,83
361,757	1571,83
361,978	1640,83
362,199	1618,83
362,42	1486,83
362,642	1571,83
362,863	1784,83
363,084	1712,83
363,305	1749,83
363,526	1621,83
363,747	1607,83
363,968	1670,83
364,189	1805,83
364,41	1532,83
364,631	1638,83
364,852	1751,83
365,073	1520,83
365,294	1714,83
365,515	1731,83
365,736	1730,83
365,957	1712,83
366,178	1701,83
366,399	1701,83
366,62	1749,83
366,841	1738,83
367,062	1665,83
367,283	1669,83
367,504	1763,83
367,724	1567,83
367,945	1533,83
368,166	1754,83
368,387	1722,83
368,608	1614,83
368,828	1749,83
369,049	1497,83
369,27	1683,83
369,491	1617,83
369,711	1687,83
369,932	1856,83
370,153	1727,83
370,373	1681,83
370,594	1806,83
370,815	1724,83
371,035	1869,83
371,256	1555,83
371,477	1656,83
371,697	1662,83
371,918	1502,83
372,138	1733,83
372,359	1848,83
372,579	1561,83
372,8	1713,83
373,02	1677,83
373,241	1646,83
373,461	1665,83
373,682	1749,83
373,902	1679,83
374,123	1530,83
374,343	1867,83
374,564	1628,83
374,784	1577,83
375,004	1794,83
375,225	1536,83
375,445	1626,83
375,666	1900,83
375,886	1583,83
376,106	1589,83
376,326	1620,83
376,547	1920,83
376,767	1759,83
376,987	1525,83
377,208	1716,83
377,428	1541,83
377,648	1695,83
377,868	1665,83
378,088	1801,83
378,309	1839,83
378,529	1796,83
378,749	1674,83
378,969	1549,83
379,189	1666,83
379,409	1685,83
379,629	1571,83
379,849	1675,83
380,069	1647,83
380,29	1555,83
380,51	1630,83
380,73	1695,83
380,95	1860,83
381,17	1717,83
381,39	1680,83
381,61	1527,83
381,829	1615,83
382,049	1642,83
382,269	1630,83
382,489	1775,83
382,709	1617,83
382,929	1809,83
383,149	1731,83
383,369	1959,83
383,589	1556,83
383,808	1664,83
384,028	1440,83
384,248	1691,83
384,468	1643,83
384,688	1647,83
384,907	1635,83
385,127	1643,83
385,347	1713,83
385,567	1623,83
385,786	1778,83
386,006	1597,83
386,226	1673,83
386,445	1553,83
386,665	1694,83
386,885	1777,83
387,104	1605,83
387,324	1619,83
387,543	1587,83
387,763	1601,83
387,982	1689,83
388,202	1623,83
388,422	1641,83
388,641	1637,83
388,861	1702,83
389,08	1930,83
389,3	1554,83
389,519	1823,83
389,738	1678,83
389,958	1676,83
390,177	1631,83
390,397	1744,83
390,616	1593,83
390,836	1720,83
391,055	1685,83
391,274	1666,83
391,494	1615,83
391,713	1636,83
391,932	1849,83
392,151	1556,83
392,371	1632,83
392,59	1638,83
392,809	1713,83
393,029	1792,83
393,248	1923,83
393,467	1467,83
393,686	1593,83
393,905	2699,83
394,124	1581,83
394,344	1730,83
394,563	1712,83
394,782	1620,83
395,001	1697,83
395,22	1562,83
395,439	1676,83
395,658	1537,83
395,877	1707,83
396,096	1533,83
396,315	1741,83
396,534	1653,83
396,753	1724,83
396,972	1598,83
397,191	1662,83
397,41	1642,83
397,629	1715,83
397,848	1601,83
398,067	1653,83
398,286	1513,83
398,505	1569,83
398,724	1731,83
398,943	2220,83
399,161	1480,83
399,38	1710,83
399,599	1693,83
399,818	1617,83
400,037	1775,83
400,255	1674,83
400,474	1583,83
400,693	1679,83
400,912	1795,83
401,13	1429,83
401,349	1657,83
401,568	1479,83
401,786	1816,83
402,005	1707,83
402,224	1531,83
402,442	1780,83
402,661	1707,83
402,88	1636,83
403,098	1576,83
403,317	1695,83
403,535	1717,83
403,754	1519,83
403,972	1623,83
404,191	1630,83
404,409	1659,83
404,628	2281,83
404,846	1629,83
405,065	1746,83
405,283	1678,83
405,502	1625,83
405,72	1685,83
405,938	1616,83
406,157	1586,83
406,375	1651,83
406,594	1823,83
406,812	1685,83
407,03	1708,83
407,249	1438,83
407,467	1721,83
407,685	1772,83
407,903	1561,83
408,122	1772,83
408,34	1667,83
408,558	1636,83
408,776	1592,83
408,995	1651,83
409,213	1630,83
409,431	1765,83
409,649	1712,83
409,867	1656,83
410,085	1601,83
410,303	1831,83
410,522	1529,83
410,74	1498,83
410,958	1574,83
411,176	1653,83
411,394	1666,83
411,612	1504,83
411,83	1905,83
412,048	1716,83
412,266	1646,83
412,484	1661,83
412,702	1850,83
412,92	1484,83
413,138	1753,83
413,356	1626,83
413,573	1787,83
413,791	1962,83
414,009	1750,83
414,227	1915,83
414,445	1647,83
414,663	1652,83
414,881	1751,83
415,098	1649,83
415,316	1671,83
415,534	2022,83
415,752	1754,83
415,969	1801,83
416,187	1551,83
416,405	1532,83
416,623	1831,83
416,84	1522,83
417,058	1642,83
417,276	1673,83
417,493	1598,83
417,711	1627,83
417,928	1704,83
418,146	1555,83
418,364	1707,83
418,581	1620,83
418,799	1540,83
419,016	1496,83
419,234	1679,83
419,451	2189,83
419,669	1685,83
419,886	1663,83
420,104	1602,83
420,321	1589,83
420,539	1871,83
420,756	1769,83
420,974	1656,83
421,191	1557,83
421,408	1740,83
421,626	1716,83
421,843	1589,83
422,06	1695,83
422,278	1574,83
422,495	1774,83
422,712	1643,83
422,93	1733,83
423,147	1735,83
423,364	1620,83
423,581	1795,83
423,799	1576,83
424,016	1582,83
424,233	1685,83
424,45	1677,83
424,667	1820,83
424,884	1481,83
425,102	1746,83
425,319	1557,83
425,536	1783,83
425,753	1713,83
425,97	1609,83
426,187	1669,83
426,404	1573,83
426,621	1905,83
426,838	1763,83
427,055	1685,83
427,272	1678,83
427,489	1607,83
427,706	1537,83
427,923	1600,83
428,14	1633,83
428,357	1821,83
428,574	1687,83
428,791	1644,83
429,008	1621,83
429,224	1511,83
429,441	1485,83
429,658	1486,83
429,875	1747,83
430,092	1645,83
430,308	1776,83
430,525	1716,83
430,742	1684,83
430,959	1775,83
431,175	1655,83
431,392	1495,83
431,609	1797,83
431,826	1670,83
432,042	1551,83
432,259	1586,83
432,476	2003,83
432,692	1524,83
432,909	1694,83
433,125	1632,83
433,342	1605,83
433,559	1720,83
433,775	1520,83
433,992	1493,83
434,208	1521,83
434,425	1662,83
434,641	1773,83
434,858	1889,83
435,074	1685,83
435,291	1624,83
435,507	1605,83
435,723	1632,83
435,94	1590,83
436,156	1676,83
436,373	1780,83
436,589	1591,83
436,805	1688,83
437,022	1559,83
437,238	1557,83
437,454	1640,83
437,671	1659,83
437,887	1586,83
438,103	1673,83
438,319	1671,83
438,536	1723,83
438,752	1428,83
438,968	1663,83
439,184	1671,83
439,4	1598,83
439,616	1478,83
439,833	1738,83
440,049	1628,83
440,265	1863,83
440,481	1532,83
440,697	1631,83
440,913	1695,83
441,129	1699,83
441,345	1735,83
441,561	1629,83
441,777	1632,83
441,993	1666,83
442,209	1564,83
442,425	1723,83
442,641	1651,83
442,857	1641,83
443,073	1673,83
443,289	1656,83
443,505	1745,83
443,721	1635,83
443,937	1683,83
444,152	1591,83
444,368	1640,83
444,584	1601,83
444,8	1793,83
445,016	1672,83
445,231	1708,83
445,447	1776,83
445,663	1713,83
445,879	1585,83
446,094	1729,83
446,31	1747,83
446,526	1626,83
446,742	1690,83
446,957	1644,83
447,173	1731,83
447,388	1708,83
447,604	1837,83
447,82	1689,83
448,035	1801,83
448,251	1643,83
448,466	1720,83
448,682	1602,83
448,897	1563,83
449,113	1668,83
449,328	1854,83
449,544	1557,83
449,759	2053,83
449,975	1601,83
450,19	1576,83
450,406	1722,83
450,621	1643,83
450,836	1619,83
451,052	1583,83
451,267	1491,83
451,483	1622,83
451,698	1258,83
451,913	1659,83
452,129	1644,83
452,344	1527,83
452,559	1760,83
452,774	1713,83
452,99	1582,83
453,205	1619,83
453,42	1723,83
453,635	1759,83
453,85	1619,83
454,066	1758,83
454,281	1688,83
454,496	1629,83
454,711	1694,83
454,926	1755,83
455,141	1533,83
455,356	1709,83
455,571	1716,83
455,786	1786,83
456,001	1672,83
456,217	1551,83
456,432	1697,83
456,647	1613,83
456,861	1825,83
457,076	1616,83
457,291	1790,83
457,506	1625,83
457,721	1650,83
457,936	1706,83
458,151	1562,83
458,366	1807,83
458,581	1593,83
458,796	1824,83
459,01	1615,83
459,225	1700,83
459,44	1486,83
459,655	1753,83
459,87	1589,83
460,084	1514,83
460,299	1714,83
460,514	1595,83
460,729	2180,83
460,943	1522,83
461,158	1511,83
461,373	1686,83
461,587	1760,83
461,802	1521,83
462,016	1818,83
462,231	1683,83
462,446	1751,83
462,66	1624,83
462,875	1618,83
463,089	1663,83
463,304	1712,83
463,518	1629,83
463,733	1637,83
463,947	1671,83
464,162	1635,83
464,376	1506,83
464,591	1809,83
464,805	1535,83
465,02	1767,83
465,234	1803,83
465,448	1732,83
465,663	1672,83
465,877	1748,83
466,091	1613,83
466,306	1782,83
466,52	2079,83
466,734	1712,83
466,949	1645,83
467,163	1685,83
467,377	1579,83
467,591	1731,83
467,806	1661,83
468,02	1585,83
468,234	1532,83
468,448	1733,83
468,662	1666,83
468,876	1884,83
469,091	1628,83
469,305	1659,83
469,519	1577,83
469,733	1514,83
469,947	1639,83
470,161	1823,83
470,375	1496,83
470,589	1743,83
470,803	1646,83
471,017	1695,83
471,231	1626,83
471,445	1587,83
471,659	1728,83
471,873	1729,83
472,087	1523,83
472,301	1722,83
472,515	1568,83
472,728	1544,83
472,942	1573,83
473,156	1512,83
473,37	1629,83
473,584	1549,83
473,798	1668,83
474,011	1627,83
474,225	1625,83
474,439	1759,83
474,653	1978,83
474,866	1602,83
475,08	1700,83
475,294	1768,83
475,507	1535,83
475,721	1688,83
475,935	1763,83
476,148	1543,83
476,362	1523,83
476,576	1639,83
476,789	1610,83
477,003	1743,83
477,216	1698,83
477,43	1660,83
477,643	1636,83
477,857	1732,83
478,07	1639,83
478,284	1711,83
478,497	1642,83
478,711	1623,83
478,924	1656,83
479,138	1574,83
479,351	1630,83
479,564	1266,83
479,778	1602,83
479,991	1429,83
480,204	1564,83
480,418	1701,83
480,631	1567,83
480,844	1771,83
481,058	1624,83
481,271	1597,83
481,484	1712,83
481,697	1618,83
481,911	1671,83
482,124	1629,83
482,337	1700,83
482,55	1583,83
482,763	1550,83
482,976	1751,83
483,19	1527,83
483,403	1662,83
483,616	1800,83
483,829	1747,83
484,042	1673,83
484,255	1589,83
484,468	1695,83
484,681	1589,83
484,894	1609,83
485,107	1674,83
485,32	1577,83
485,533	1563,83
485,746	1776,83
485,959	1607,83
486,172	1684,83
486,385	1484,83
486,598	1631,83
486,81	1516,83
487,023	1597,83
487,236	1973,83
487,449	1715,83
487,662	1619,83
487,875	1587,83
488,087	1610,83
488,3	1732,83
488,513	1560,83
488,726	1519,83
488,938	1760,83
489,151	1690,83
489,364	1632,83
489,576	1630,83
489,789	1698,83
490,002	1694,83
490,214	1679,83
490,427	1488,83
490,64	1668,83
490,852	1737,83
491,065	1473,83
491,277	1669,83
491,49	1705,83
491,702	1522,83
491,915	1702,83
492,127	1740,83
492,34	1683,83
492,552	1622,83
492,765	1787,83
492,977	1768,83
493,19	1756,83
493,402	1710,83
493,614	1635,83
493,827	1623,83
494,039	1610,83
494,251	1668,83
494,464	1783,83
494,676	1485,83
494,888	1620,83
495,101	1666,83
495,313	1611,83
495,525	1612,83
495,737	1775,83
495,95	1672,83
496,162	1531,83
496,374	1637,83
496,586	1647,83
496,798	1668,83
497,01	1620,83
497,222	1464,83
497,435	1866,83
497,647	1615,83
497,859	1569,83
498,071	1645,83
498,283	1698,83
498,495	1622,83
498,707	1821,83
498,919	1622,83
499,131	1758,83
499,343	1547,83
499,555	1630,83
499,767	1887,83
499,979	1751,83
500,191	1694,83
500,402	1551,83
500,614	1729,83
500,826	1786,83
501,038	1487,83
501,25	1715,83
501,462	1339,83
501,673	1612,83
501,885	1557,83
502,097	1744,83
502,309	1728,83
502,521	1750,83
502,732	1598,83
502,944	1621,83
503,156	1577,83
503,367	1633,83
503,579	1525,83
503,791	1587,83
504,002	1563,83
504,214	1759,83
504,425	2068,83
504,637	1881,83
504,849	1639,83
505,06	1646,83
505,272	1831,83
505,483	1681,83
505,695	1649,83
505,906	1531,83
506,118	1854,83
506,329	1524,83
506,541	1618,83
506,752	1785,83
506,963	1639,83
507,175	1471,83
507,386	1779,83
507,598	1711,83
507,809	1571,83
508,02	1675,83
508,232	1679,83
508,443	1497,83
508,654	1797,83
508,865	1722,83
509,077	1523,83
509,288	1569,83
509,499	1860,83
509,71	1476,83
509,922	1798,83
510,133	1589,83
510,344	1957,83
510,555	1555,83
510,766	1713,83
510,977	1707,83
511,188	1517,83
511,4	1603,83
511,611	1596,83
511,822	1733,83
512,033	1655,83
512,244	1754,83
512,455	1685,83
512,666	1728,83
512,877	1772,83
513,088	1596,83
513,299	1714,83
513,51	1706,83
513,721	1527,83
513,931	1667,83
514,142	1743,83
514,353	1770,83
514,564	1562,83
514,775	1653,83
514,986	1683,83
515,196	1803,83
515,407	1591,83
515,618	1691,83
515,829	1683,83
516,04	1643,83
516,25	1575,83
516,461	1557,83
516,672	1646,83
516,882	1597,83
517,093	1839,83
517,304	1534,83
517,514	1484,83
517,725	1667,83
517,936	1573,83
518,146	1578,83
518,357	1702,83
518,567	1648,83
518,778	1931,83
518,988	1783,83
519,199	1861,83
519,409	1538,83
519,62	1635,83
519,83	1517,83
520,041	1692,83
520,251	1737,83
520,462	1720,83
520,672	1602,83
520,882	1629,83
521,093	1672,83
521,303	1789,83
521,513	1641,83
521,724	2774,83
521,934	1555,83
522,144	1677,83
522,355	1557,83
522,565	1731,83
522,775	1606,83
522,985	1607,83
523,196	1668,83
523,406	1534,83
523,616	1764,83
523,826	1498,83
524,036	2447,83
524,246	1631,83
524,457	1645,83
524,667	1452,83
524,877	1609,83
525,087	1630,83
525,297	1757,83
525,507	1759,83
525,717	1507,83
525,927	1676,83
526,137	1856,83
526,347	1645,83
526,557	1575,83
526,767	1659,83
526,977	1911,83
527,187	1583,83
527,397	1568,83
527,607	1521,83
527,816	1627,83
528,026	1642,83
528,236	1668,83
528,446	1649,83
528,656	1666,83
528,865	1827,83
529,075	1633,83
529,285	1612,83
529,495	1667,83
529,704	1752,83
529,914	1632,83
530,124	1665,83
530,334	1514,83
530,543	1630,83
530,753	2028,83
530,963	2030,83
531,172	1795,83
531,382	1598,83
531,591	1897,83
531,801	1551,83
532,01	1655,83
532,22	1662,83
532,43	1679,83
532,639	2043,83
532,849	1709,83
533,058	1672,83
533,267	1773,83
533,477	1633,83
533,686	1581,83
533,896	1607,83
534,105	1711,83
534,315	1695,83
534,524	1651,83
534,733	1632,83
534,943	1610,83
535,152	1758,83
535,361	1557,83
535,57	1643,83
535,78	1669,83
535,989	1765,83
536,198	1657,83
536,407	1776,83
536,617	1589,83
536,826	1712,83
537,035	1841,83
537,244	1516,83
537,453	1560,83
537,662	1666,83
537,872	1931,83
538,081	1624,83
538,29	1590,83
538,499	1643,83
538,708	1593,83
538,917	1702,83
539,126	1685,83
539,335	1760,83
539,544	2153,83
539,753	1557,83
539,962	1475,83
540,171	1643,83
540,38	1833,83
540,589	1710,83
540,797	1813,83
541,006	1668,83
541,215	1563,83
541,424	1848,83
541,633	1623,83
541,842	1594,83
542,05	1803,83
542,259	1660,83
542,468	1666,83
542,677	1718,83
542,885	1670,83
543,094	1724,83
543,303	1558,83
543,512	1633,83
543,72	1831,83
543,929	1830,83
544,138	1634,83
544,346	1487,83
544,555	1658,83
544,763	1647,83
544,972	1609,83
545,18	1520,83
545,389	1696,83
545,598	1595,83
545,806	1705,83
546,015	1647,83
546,223	1649,83
546,431	1675,83
546,64	1553,83
546,848	1625,83
547,057	1642,83
547,265	1556,83
547,474	1615,83
547,682	1647,83
547,89	1706,83
548,099	1680,83
548,307	1621,83
548,515	1693,83
548,723	1825,83
548,932	1650,83
549,14	1689,83
549,348	1727,83
549,556	1643,83
549,765	1628,83
549,973	1625,83
550,181	1729,83
550,389	1791,83
550,597	1706,83
550,805	1513,83
551,014	1817,83
551,222	4979,83
551,43	1496,83
551,638	1819,83
551,846	1812,83
552,054	1774,83
552,262	1809,83
552,47	1626,83
552,678	1625,83
552,886	1639,83
553,094	1546,83
553,302	1647,83
553,51	1634,83
553,717	1711,83
553,925	1530,83
554,133	1903,83
554,341	1561,83
554,549	1707,83
554,757	1618,83
554,965	1632,83
555,172	1641,83
555,38	1952,83
555,588	1478,83
555,796	1687,83
556,003	1793,83
556,211	1612,83
556,419	1778,83
556,626	1550,83
556,834	1699,83
557,042	1604,83
557,249	1759,83
557,457	1635,83
557,664	1407,83
557,872	1630,83
558,08	1570,83
558,287	1747,83
558,495	1786,83
558,702	1514,83
558,91	1716,83
559,117	1653,83
559,325	1733,83
559,532	1611,83
559,74	1875,83
559,947	1570,83
560,154	1746,83
560,362	1659,83
560,569	1609,83
560,776	1673,83
560,984	1717,83
561,191	1699,83
561,398	1665,83
561,606	2041,83
561,813	1763,83
562,02	1468,83
562,227	1535,83
562,435	1665,83
562,642	1680,83
562,849	1774,83
563,056	1717,83
563,263	1579,83
563,471	1836,83
563,678	1768,83
563,885	1568,83
564,092	1684,83
564,299	1738,83
564,506	1795,83
564,713	1627,83
564,92	1681,83
565,127	1810,83
565,334	1983,83
565,541	1998,83
565,748	1786,83
565,955	1775,83
566,162	1735,83
566,369	1765,83
566,576	1736,83
566,783	1813,83
566,99	1572,83
567,196	1802,83
567,403	1428,83
567,61	1820,83
567,817	1610,83
568,024	1705,83
568,23	1690,83
568,437	1590,83
568,644	1617,83
568,851	1660,83
569,057	1677,83
569,264	1687,83
569,471	1534,83
569,677	1635,83
569,884	1783,83
570,091	1786,83
570,297	2760,83
570,504	1756,83
570,71	1670,83
570,917	1644,83
571,123	1660,83
571,33	1709,83
571,536	1656,83
571,743	1858,83
571,949	1614,83
572,156	1654,83
572,362	1877,83
572,569	1629,83
572,775	1675,83
572,982	1792,83
573,188	1662,83
573,394	1612,83
573,601	1589,83
573,807	1593,83
574,013	1772,83
574,22	1729,83
574,426	1561,83
574,632	1741,83
574,838	1671,83
575,045	1681,83
575,251	1662,83
575,457	1759,83
575,663	1755,83
575,869	1626,83
576,076	1765,83
576,282	1668,83
576,488	1527,83
576,694	1663,83
576,9	1521,83
577,106	1539,83
577,312	1644,83
577,518	1758,83
577,724	1752,83
577,93	1703,83
578,136	1681,83
578,342	1607,83
578,548	1642,83
578,754	1634,83
578,96	1630,83
579,166	1623,83
579,372	1890,83
579,578	1647,83
579,784	1753,83
579,989	1579,83
580,195	1600,83
580,401	1651,83
580,607	1727,83
580,813	1774,83
581,018	1703,83
581,224	1658,83
581,43	1633,83
581,636	1611,83
581,841	1764,83
582,047	1788,83
582,253	1735,83
582,458	1894,83
582,664	1491,83
582,869	1733,83
583,075	1517,83
583,281	1943,83
583,486	1684,83
583,692	1629,83
583,897	1721,83
584,103	1639,83
584,308	1753,83
584,514	1638,83
584,719	1839,83
584,925	1751,83
585,13	1664,83
585,335	1704,83
585,541	1723,83
585,746	1738,83
585,952	1639,83
586,157	1526,83
586,362	1703,83
586,568	1663,83
586,773	1772,83
586,978	1612,83
587,183	1636,83
587,389	1701,83
587,594	1529,83
587,799	1713,83
588,004	1759,83
588,21	1717,83
588,415	1576,83
588,62	1739,83
588,825	1777,83
589,03	1702,83
589,235	2151,83
589,44	1865,83
589,645	1584,83
589,85	1777,83
590,055	1899,83
590,26	1627,83
590,465	1708,83
590,67	1710,83
590,875	1853,83
591,08	1584,83
591,285	1725,83
591,49	1764,83
591,695	1811,83
591,9	1672,83
592,105	1599,83
592,31	1654,83
592,515	1939,83
592,719	1572,83
592,924	1565,83
593,129	1816,83
593,334	1671,83
593,539	1686,83
593,743	1857,83
593,948	1630,83
594,153	1636,83
594,357	1933,83
594,562	1670,83
594,767	2347,83
594,971	1531,83
595,176	1709,83
595,381	1778,83
595,585	1670,83
595,79	1985,83
595,994	1533,83
596,199	2183,83
596,403	1430,83
596,608	1576,83
596,812	1695,83
597,017	1769,83
597,221	1949,83
597,426	1850,83
597,63	1717,83
597,835	1597,83
598,039	1611,83
598,243	1612,83
598,448	1910,83
598,652	1700,83
598,856	1708,83
599,061	1748,83
599,265	1664,83
599,469	1887,83
599,673	1841,83
599,878	1825,83
600,082	1779,83
600,286	1672,83
600,49	1747,83
600,695	1507,83
600,899	1649,83
601,103	1723,83
601,307	1758,83
601,511	1652,83
601,715	1705,83
601,919	1591,83
602,123	1785,83
602,327	1704,83
602,531	1692,83
602,735	1813,83
602,939	1825,83
603,143	1578,83
603,347	1519,83
603,551	1630,83
603,755	1700,83
603,959	1630,83
604,163	1757,83
604,367	1621,83
604,571	1545,83
604,775	1803,83
604,978	1606,83
605,182	1577,83
605,386	1714,83
605,59	1632,83
605,793	1678,83
605,997	1799,83
606,201	1747,83
606,405	1671,83
606,608	1790,83
606,812	1685,83
607,016	1808,83
607,219	1599,83
607,423	1608,83
607,627	1839,83
607,83	1661,83
608,034	1633,83
608,237	1821,83
608,441	1590,83
608,644	1669,83
608,848	1776,83
609,051	1703,83
609,255	1661,83
609,458	1782,83
609,662	1677,83
609,865	1688,83
610,069	1684,83
610,272	1356,83
610,475	1546,83
610,679	1659,83
610,882	1636,83
611,085	1681,83
611,289	1791,83
611,492	1670,83
611,695	1614,83
611,898	1732,83
612,102	1804,83
612,305	1662,83
612,508	1709,83
612,711	1867,83
612,914	1606,83
613,118	1882,83
613,321	1743,83
613,524	1623,83
613,727	1643,83
613,93	1655,83
614,133	1711,83
614,336	1736,83
614,539	1709,83
614,742	1597,83
614,945	1699,83
615,148	1784,83
615,351	1698,83
615,554	1838,83
615,757	1581,83
615,96	1719,83
616,163	1582,83
616,366	1965,83
616,569	1789,83
616,772	1731,83
616,974	1677,83
617,177	1983,83
617,38	1737,83
617,583	1815,83
617,786	1632,83
617,988	1539,83
618,191	1813,83
618,394	1614,83
618,596	1551,83
618,799	1691,83
619,002	1731,83
619,204	1757,83
619,407	1693,83
619,61	1530,83
619,812	1594,83
620,015	1579,83
620,217	1884,83
620,42	1571,83
620,623	1711,83
620,825	1701,83
621,028	1792,83
621,23	1773,83
621,432	1764,83
621,635	1827,83
621,837	1738,83
622,04	1648,83
622,242	1630,83
622,445	1682,83
622,647	1587,83
622,849	1737,83
623,052	1541,83
623,254	1692,83
623,456	1504,83
623,658	1860,83
623,861	1758,83
624,063	1724,83
624,265	1704,83
624,467	1753,83
624,67	1500,83
624,872	1791,83
625,074	1899,83
625,276	1807,83
625,478	1698,83
625,68	1568,83
625,882	1537,83
626,084	1663,83
626,287	1815,83
626,489	1727,83
626,691	1718,83
626,893	1739,83
627,095	1603,83
627,297	1795,83
627,499	1697,83
627,7	1429,83
627,902	1531,83
628,104	1509,83
628,306	1593,83
628,508	1618,83
628,71	1591,83
628,912	1801,83
629,114	1850,83
629,315	1680,83
629,517	1585,83
629,719	1596,83
629,921	1757,83
630,122	1602,83
630,324	1612,83
630,526	1814,83
630,728	1733,83
630,929	1663,83
631,131	1609,83
631,332	1881,83
631,534	1834,83
631,736	1712,83
631,937	1541,83
632,139	1715,83
632,34	1669,83
632,542	1798,83
632,743	1751,83
632,945	1497,83
633,146	1922,83
633,348	1799,83
633,549	1529,83
633,751	1573,83
633,952	1727,83
634,154	1626,83
634,355	1504,83
634,556	1697,83
634,758	1643,83
634,959	1603,83
635,16	1848,83
635,362	1690,83
635,563	1784,83
635,764	1729,83
635,965	1733,83
636,167	1625,83
636,368	1701,83
636,569	1544,83
636,77	1776,83
636,971	1611,83
637,172	1820,83
637,374	1621,83
637,575	1931,83
637,776	1548,83
637,977	1551,83
638,178	1740,83
638,379	1671,83
638,58	1730,83
638,781	1504,83
638,982	1674,83
639,183	1650,83
639,384	1623,83
639,585	1600,83
639,786	1546,83
639,987	1606,83
640,187	1833,83
640,388	1767,83
640,589	1505,83
640,79	1586,83
640,991	1629,83
641,192	1807,83
641,392	1617,83
641,593	1681,83
641,794	1563,83
641,995	1746,83
642,195	1455,83
642,396	1423,83
642,597	1594,83
642,797	1632,83
642,998	1684,83
643,199	1633,83
643,399	1735,83
643,6	1543,83
643,8	1546,83
644,001	1804,83
644,202	1627,83
644,402	1621,83
644,603	1787,83
644,803	1528,83
645,004	1638,83
645,204	1502,83
645,404	1610,83
645,605	1992,83
645,805	1539,83
646,006	1456,83
646,206	2129,83
646,406	1579,83
646,607	1564,83
646,807	1380,83
647,007	8,83
647,208	3,83
647,408	13,83
647,608	-26,17
