200,697	907,5
200,927	-58,5
201,158	-45,5
201,388	148,5
201,618	1515,5
201,849	1347,5
202,079	1532,5
202,309	1423,5
202,539	1596,5
202,77	1447,5
203	1585,5
203,23	1461,5
203,46	1539,5
203,691	1589,5
203,921	1489,5
204,151	1599,5
204,381	1340,5
204,611	1556,5
204,841	1475,5
205,071	1476,5
205,302	1611,5
205,532	1693,5
205,762	3834,5
205,992	1457,5
206,222	1505,5
206,452	1552,5
206,682	1484,5
206,912	1597,5
207,142	1662,5
207,372	1540,5
207,602	1435,5
207,832	1514,5
208,062	1629,5
208,292	1646,5
208,522	1442,5
208,752	1546,5
208,982	1535,5
209,212	1746,5
209,442	1520,5
209,672	1508,5
209,902	1482,5
210,131	1595,5
210,361	1440,5
210,591	1476,5
210,821	1461,5
211,051	1577,5
211,281	1519,5
211,51	1567,5
211,74	1642,5
211,97	1530,5
212,2	1556,5
212,429	1827,5
212,659	1436,5
212,889	1570,5
213,119	1566,5
213,348	1486,5
213,578	1666,5
213,808	1613,5
214,037	1652,5
214,267	1515,5
214,497	1590,5
214,726	1562,5
214,956	1450,5
215,186	1576,5
215,415	1580,5
215,645	1562,5
215,874	1662,5
216,104	1516,5
216,333	1627,5
216,563	1599,5
216,792	1626,5
217,022	1594,5
217,251	1674,5
217,481	1487,5
217,71	1578,5
217,94	1435,5
218,169	1625,5
218,399	1647,5
218,628	1501,5
218,858	1685,5
219,087	1658,5
219,316	1650,5
219,546	1538,5
219,775	1601,5
220,004	1690,5
220,234	1541,5
220,463	1588,5
220,692	1672,5
220,922	1553,5
221,151	1656,5
221,38	1518,5
221,61	1908,5
221,839	1882,5
222,068	1598,5
222,297	1735,5
222,526	1611,5
222,756	1743,5
222,985	1714,5
223,214	1679,5
223,443	1601,5
223,672	2125,5
223,902	1504,5
224,131	1607,5
224,36	1694,5
224,589	1481,5
224,818	1710,5
225,047	1765,5
225,276	1547,5
225,505	1865,5
225,734	1606,5
225,963	1515,5
226,192	1539,5
226,421	1667,5
226,65	1645,5
226,879	1660,5
227,108	1702,5
227,337	1650,5
227,566	1863,5
227,795	1606,5
228,024	1642,5
228,253	1598,5
228,482	1489,5
228,711	1666,5
228,94	1464,5
229,168	1594,5
229,397	1574,5
229,626	1607,5
229,855	1534,5
230,084	1421,5
230,313	1461,5
230,541	1702,5
230,77	1513,5
230,999	1506,5
231,228	1826,5
231,456	1706,5
231,685	1517,5
231,914	1534,5
232,143	1680,5
232,371	1511,5
232,6	1610,5
232,829	1627,5
233,057	1765,5
233,286	1665,5
233,515	1590,5
233,743	1679,5
233,972	1510,5
234,2	1666,5
234,429	1558,5
234,658	1633,5
234,886	1533,5
235,115	1621,5
235,343	1667,5
235,572	1550,5
235,8	1721,5
236,029	1894,5
236,257	1496,5
236,486	1691,5
236,714	1739,5
236,943	1781,5
237,171	1506,5
237,399	1599,5
237,628	1736,5
237,856	1701,5
238,085	1630,5
238,313	1582,5
238,541	1650,5
238,77	1919,5
238,998	1446,5
239,226	1646,5
239,455	1625,5
239,683	1828,5
239,911	1526,5
240,14	1737,5
240,368	1743,5
240,596	1623,5
240,824	1679,5
241,053	1636,5
241,281	1535,5
241,509	1689,5
241,737	1735,5
241,965	1474,5
242,193	1534,5
242,422	1582,5
242,65	1360,5
242,878	1556,5
243,106	1606,5
243,334	1578,5
243,562	1656,5
243,79	1655,5
244,018	1653,5
244,246	1587,5
244,474	1699,5
244,702	1700,5
244,93	1721,5
245,158	1600,5
245,386	1668,5
245,614	1617,5
245,842	1729,5
246,07	1598,5
246,298	1636,5
246,526	1946,5
246,754	1547,5
246,982	1607,5
247,21	1644,5
247,438	1593,5
247,666	1620,5
247,893	1583,5
248,121	1564,5
248,349	1751,5
248,577	1705,5
248,805	1802,5
249,033	1533,5
249,26	1647,5
249,488	1540,5
249,716	1551,5
249,944	1556,5
250,171	1573,5
250,399	1593,5
250,627	1695,5
250,854	1728,5
251,082	1586,5
251,31	1627,5
251,537	1596,5
251,765	1800,5
251,993	1561,5
252,22	2074,5
252,448	1529,5
252,676	1711,5
252,903	1661,5
253,131	1969,5
253,358	1572,5
253,586	1497,5
253,813	1423,5
254,041	1808,5
254,268	1618,5
254,496	1450,5
254,723	1457,5
254,951	1676,5
255,178	1591,5
255,406	1556,5
255,633	1558,5
255,86	1774,5
256,088	1680,5
256,315	1582,5
256,543	1748,5
256,77	1653,5
256,997	1566,5
257,225	1656,5
257,452	1560,5
257,679	1604,5
257,907	1683,5
258,134	1557,5
258,361	1708,5
258,588	1579,5
258,816	1645,5
259,043	1522,5
259,27	1688,5
259,497	1710,5
259,725	1548,5
259,952	1586,5
260,179	1493,5
260,406	1748,5
260,633	1613,5
260,86	1608,5
261,088	1571,5
261,315	1780,5
261,542	1408,5
261,769	1584,5
261,996	1836,5
262,223	1709,5
262,45	1839,5
262,677	1498,5
262,904	1568,5
263,131	1672,5
263,358	1830,5
263,585	1730,5
263,812	1978,5
264,039	1817,5
264,266	1566,5
264,493	1652,5
264,72	1559,5
264,947	1617,5
265,174	1815,5
265,401	1717,5
265,627	1751,5
265,854	1655,5
266,081	1616,5
266,308	1543,5
266,535	1606,5
266,762	1603,5
266,988	1651,5
267,215	1644,5
267,442	1762,5
267,669	1823,5
267,896	1653,5
268,122	1798,5
268,349	1658,5
268,576	1500,5
268,802	1556,5
269,029	1609,5
269,256	1679,5
269,482	1612,5
269,709	1634,5
269,936	1618,5
270,162	1812,5
270,389	1584,5
270,616	1669,5
270,842	1793,5
271,069	1796,5
271,295	1601,5
271,522	1620,5
271,748	1618,5
271,975	1758,5
272,201	1746,5
272,428	1648,5
272,654	1530,5
272,881	1780,5
273,107	1579,5
273,334	1548,5
273,56	1801,5
273,787	1556,5
274,013	1656,5
274,239	1914,5
274,466	1615,5
274,692	1540,5
274,918	1690,5
275,145	1641,5
275,371	1602,5
275,597	1837,5
275,824	1670,5
276,05	1672,5
276,276	1694,5
276,503	1638,5
276,729	1703,5
276,955	1439,5
277,181	1658,5
277,407	1603,5
277,634	1724,5
277,86	1636,5
278,086	1706,5
278,312	1574,5
278,538	1577,5
278,764	1632,5
278,991	1783,5
279,217	1465,5
279,443	1563,5
279,669	1595,5
279,895	1703,5
280,121	1641,5
280,347	1715,5
280,573	1605,5
280,799	1610,5
281,025	1791,5
281,251	1476,5
281,477	1693,5
281,703	1451,5
281,929	1523,5
282,155	1496,5
282,381	1676,5
282,607	1611,5
282,833	1684,5
283,059	1617,5
283,285	1582,5
283,51	1602,5
283,736	1450,5
283,962	1600,5
284,188	1657,5
284,414	1570,5
284,64	1668,5
284,865	1613,5
285,091	1538,5
285,317	1683,5
285,543	1670,5
285,768	1668,5
285,994	1605,5
286,22	1676,5
286,446	1719,5
286,671	1503,5
286,897	1605,5
287,123	1560,5
287,348	1594,5
287,574	2140,5
287,799	1644,5
288,025	1555,5
288,251	1809,5
288,476	1633,5
288,702	1727,5
288,927	1574,5
289,153	1553,5
289,378	1843,5
289,604	1619,5
289,829	1614,5
290,055	1304,5
290,28	1603,5
290,506	1684,5
290,731	1497,5
290,957	1705,5
291,182	1654,5
291,408	1719,5
291,633	1628,5
291,858	1628,5
292,084	1599,5
292,309	1609,5
292,535	1558,5
292,76	1690,5
292,985	1680,5
293,211	1568,5
293,436	1466,5
293,661	1412,5
293,886	1594,5
294,112	1586,5
294,337	1574,5
294,562	1441,5
294,787	1692,5
295,013	1602,5
295,238	1552,5
295,463	1668,5
295,688	1769,5
295,913	1652,5
296,138	1686,5
296,364	1608,5
296,589	1695,5
296,814	1526,5
297,039	1559,5
297,264	1692,5
297,489	1654,5
297,714	1595,5
297,939	1740,5
298,164	1614,5
298,389	1671,5
298,614	1533,5
298,839	1673,5
299,064	1749,5
299,289	1629,5
299,514	1867,5
299,739	1660,5
299,964	1570,5
300,189	1592,5
300,414	1670,5
300,639	1781,5
300,863	1374,5
301,088	2104,5
301,313	1515,5
301,538	1583,5
301,763	1643,5
301,988	1640,5
302,212	1658,5
302,437	2004,5
302,662	1507,5
302,887	1647,5
303,111	1616,5
303,336	1723,5
303,561	1685,5
303,786	1594,5
304,01	1658,5
304,235	1730,5
304,46	1534,5
304,684	1626,5
304,909	1620,5
305,134	1604,5
305,358	1735,5
305,583	1580,5
305,807	1889,5
306,032	1517,5
306,256	1662,5
306,481	1672,5
306,706	1593,5
306,93	1575,5
307,155	1833,5
307,379	1373,5
307,604	1568,5
307,828	1535,5
308,052	1818,5
308,277	1620,5
308,501	1627,5
308,726	1648,5
308,95	1740,5
309,175	1519,5
309,399	1687,5
309,623	1601,5
309,848	1456,5
310,072	1438,5
310,296	1940,5
310,521	1601,5
310,745	1612,5
310,969	1886,5
311,193	1722,5
311,418	1596,5
311,642	1569,5
311,866	1686,5
312,09	1588,5
312,315	1642,5
312,539	1684,5
312,763	1550,5
312,987	1711,5
313,211	1588,5
313,435	1670,5
313,659	1595,5
313,884	1900,5
314,108	1683,5
314,332	1800,5
314,556	1469,5
314,78	1843,5
315,004	1760,5
315,228	1798,5
315,452	1760,5
315,676	1696,5
315,9	1687,5
316,124	1431,5
316,348	1606,5
316,572	1572,5
316,796	1719,5
317,02	1514,5
317,244	1668,5
317,468	1502,5
317,691	1852,5
317,915	1740,5
318,139	1771,5
318,363	1920,5
318,587	1647,5
318,811	1639,5
319,034	1476,5
319,258	1762,5
319,482	1593,5
319,706	1678,5
319,93	1435,5
320,153	1563,5
320,377	1707,5
320,601	1496,5
320,824	1442,5
321,048	1803,5
321,272	1676,5
321,495	1596,5
321,719	1679,5
321,943	1562,5
322,166	1616,5
322,39	1624,5
322,614	1685,5
322,837	1803,5
323,061	1535,5
323,284	1697,5
323,508	1706,5
323,731	1428,5
323,955	1591,5
324,178	1587,5
324,402	1690,5
324,625	1605,5
324,849	1514,5
325,072	1680,5
325,296	1725,5
325,519	1599,5
325,743	1551,5
325,966	1896,5
326,189	1733,5
326,413	1599,5
326,636	1917,5
326,859	1717,5
327,083	1898,5
327,306	1566,5
327,529	1697,5
327,753	1502,5
327,976	1694,5
328,199	1707,5
328,422	1649,5
328,646	1599,5
328,869	1527,5
329,092	1654,5
329,315	1899,5
329,538	1539,5
329,762	1635,5
329,985	1495,5
330,208	1568,5
330,431	1668,5
330,654	1712,5
330,877	1578,5
331,1	1694,5
331,323	1582,5
331,546	1752,5
331,769	1681,5
331,993	1520,5
332,216	1606,5
332,439	1638,5
332,662	1597,5
332,885	1612,5
333,107	1722,5
333,33	1484,5
333,553	1760,5
333,776	1621,5
333,999	1634,5
334,222	1462,5
334,445	1609,5
334,668	1637,5
334,891	1667,5
335,114	1468,5
335,336	1449,5
335,559	1689,5
335,782	1862,5
336,005	1580,5
336,228	1542,5
336,45	1559,5
336,673	1554,5
336,896	1506,5
337,119	1634,5
337,341	1507,5
337,564	1548,5
337,787	1634,5
338,009	1337,5
338,232	1659,5
338,455	1681,5
338,677	1598,5
338,9	1644,5
339,122	1628,5
339,345	1452,5
339,568	1493,5
339,79	1505,5
340,013	1735,5
340,235	1866,5
340,458	1500,5
340,68	1663,5
340,903	1571,5
341,125	1554,5
341,348	1540,5
341,57	1557,5
341,793	1774,5
342,015	1453,5
342,238	1634,5
342,46	1572,5
342,682	1686,5
342,905	1525,5
343,127	1642,5
343,349	1611,5
343,572	1666,5
343,794	1511,5
344,016	1548,5
344,239	1698,5
344,461	1491,5
344,683	1560,5
344,905	1495,5
345,128	1487,5
345,35	1597,5
345,572	1703,5
345,794	1762,5
346,017	1553,5
346,239	1629,5
346,461	1567,5
346,683	1578,5
346,905	1588,5
347,127	1507,5
347,349	1593,5
347,571	1541,5
347,793	1906,5
348,016	1538,5
348,238	1566,5
348,46	1576,5
348,682	1613,5
348,904	1648,5
349,126	1629,5
349,348	1673,5
349,57	1540,5
349,792	1552,5
350,014	1684,5
350,235	1564,5
350,457	1979,5
350,679	1578,5
350,901	1452,5
351,123	1498,5
351,345	1516,5
351,567	1565,5
351,789	1647,5
352,01	1639,5
352,232	1604,5
352,454	1488,5
352,676	1665,5
352,897	1578,5
353,119	1572,5
353,341	1623,5
353,563	1620,5
353,784	1619,5
354,006	1525,5
354,228	1574,5
354,449	1560,5
354,671	1692,5
354,893	1736,5
355,114	1672,5
355,336	1550,5
355,558	1629,5
355,779	1543,5
356,001	1649,5
356,222	1604,5
356,444	1423,5
356,665	2052,5
356,887	1546,5
357,108	1472,5
357,33	1554,5
357,551	1680,5
357,773	1614,5
357,994	1624,5
358,216	1432,5
358,437	1656,5
358,659	1823,5
358,88	1561,5
359,101	1674,5
359,323	1620,5
359,544	1557,5
359,765	1492,5
359,987	1565,5
360,208	1570,5
360,429	1625,5
360,651	1559,5
360,872	1898,5
361,093	1537,5
361,314	1598,5
361,536	1534,5
361,757	1516,5
361,978	1577,5
362,199	1538,5
362,42	1402,5
362,642	1568,5
362,863	1676,5
363,084	1360,5
363,305	1614,5
363,526	1539,5
363,747	1528,5
363,968	1661,5
364,189	1701,5
364,41	1524,5
364,631	1469,5
364,852	1702,5
365,073	1588,5
365,294	1582,5
365,515	1382,5
365,736	1798,5
365,957	1567,5
366,178	1508,5
366,399	1485,5
366,62	1652,5
366,841	1662,5
367,062	1638,5
367,283	1512,5
367,504	1653,5
367,724	1607,5
367,945	1395,5
368,166	1712,5
368,387	1636,5
368,608	1508,5
368,828	1713,5
369,049	1562,5
369,27	1570,5
369,491	1489,5
369,711	1633,5
369,932	1727,5
370,153	1513,5
370,373	1676,5
370,594	1737,5
370,815	1633,5
371,035	1746,5
371,256	1451,5
371,477	1530,5
371,697	1594,5
371,918	1429,5
372,138	1676,5
372,359	1746,5
372,579	1389,5
372,8	1578,5
373,02	1593,5
373,241	1550,5
373,461	1622,5
373,682	1556,5
373,902	1789,5
374,123	1452,5
374,343	1679,5
374,564	1518,5
374,784	1616,5
375,004	1642,5
375,225	1448,5
375,445	1633,5
375,666	1829,5
375,886	1482,5
376,106	1584,5
376,326	1590,5
376,547	1766,5
376,767	1706,5
376,987	1558,5
377,208	1544,5
377,428	1484,5
377,648	1533,5
377,868	1665,5
378,088	1772,5
378,309	1679,5
378,529	1648,5
378,749	1612,5
378,969	1494,5
379,189	1547,5
379,409	1555,5
379,629	1537,5
379,849	1579,5
380,069	1548,5
380,29	1455,5
380,51	1515,5
380,73	1636,5
380,95	1834,5
381,17	1598,5
381,39	1657,5
381,61	1496,5
381,829	1599,5
382,049	1553,5
382,269	1520,5
382,489	1623,5
382,709	1489,5
382,929	1602,5
383,149	1585,5
383,369	1847,5
383,589	1503,5
383,808	1583,5
384,028	1690,5
384,248	1625,5
384,468	1471,5
384,688	1416,5
384,907	1583,5
385,127	1512,5
385,347	1621,5
385,567	1534,5
385,786	1690,5
386,006	1640,5
386,226	1548,5
386,445	1484,5
386,665	1554,5
386,885	1633,5
387,104	1502,5
387,324	1484,5
387,543	1535,5
387,763	1584,5
387,982	1673,5
388,202	1568,5
388,422	1546,5
388,641	1484,5
388,861	1674,5
389,08	1654,5
389,3	1561,5
389,519	1753,5
389,738	1475,5
389,958	1563,5
390,177	1566,5
390,397	1608,5
390,616	1310,5
390,836	1660,5
391,055	1571,5
391,274	1642,5
391,494	1504,5
391,713	1455,5
391,932	1627,5
392,151	1519,5
392,371	1211,5
392,59	1539,5
392,809	1646,5
393,029	1908,5
393,248	1728,5
393,467	1415,5
393,686	1586,5
393,905	2797,5
394,124	1461,5
394,344	1649,5
394,563	1628,5
394,782	1551,5
395,001	1663,5
395,22	1516,5
395,439	1566,5
395,658	1532,5
395,877	1584,5
396,096	1429,5
396,315	1725,5
396,534	1504,5
396,753	1605,5
396,972	1443,5
397,191	1581,5
397,41	1601,5
397,629	1474,5
397,848	1493,5
398,067	1619,5
398,286	1585,5
398,505	1484,5
398,724	1660,5
398,943	2222,5
399,161	1404,5
399,38	1636,5
399,599	1503,5
399,818	1592,5
400,037	1712,5
400,255	1558,5
400,474	1509,5
400,693	1588,5
400,912	1686,5
401,13	1549,5
401,349	1554,5
401,568	1541,5
401,786	1746,5
402,005	1721,5
402,224	1535,5
402,442	1602,5
402,661	1621,5
402,88	1506,5
403,098	1579,5
403,317	1627,5
403,535	1629,5
403,754	1460,5
403,972	1610,5
404,191	1526,5
404,409	1476,5
404,628	2228,5
404,846	1588,5
405,065	1701,5
405,283	1673,5
405,502	1507,5
405,72	1524,5
405,938	1527,5
406,157	1459,5
406,375	1555,5
406,594	1497,5
406,812	1574,5
407,03	1542,5
407,249	1357,5
407,467	1625,5
407,685	1639,5
407,903	1497,5
408,122	1682,5
408,34	1538,5
408,558	1474,5
408,776	1692,5
408,995	1533,5
409,213	1584,5
409,431	1631,5
409,649	1634,5
409,867	1474,5
410,085	1523,5
410,303	1620,5
410,522	1374,5
410,74	1537,5
410,958	1444,5
411,176	1634,5
411,394	1408,5
411,612	1531,5
411,83	1732,5
412,048	1627,5
412,266	1340,5
412,484	1537,5
412,702	1711,5
412,92	1414,5
413,138	1687,5
413,356	1542,5
413,573	1656,5
413,791	1845,5
414,009	1611,5
414,227	1806,5
414,445	1536,5
414,663	1582,5
414,881	1596,5
415,098	1639,5
415,316	1539,5
415,534	1860,5
415,752	1555,5
415,969	1720,5
416,187	1476,5
416,405	1549,5
416,623	1669,5
416,84	1389,5
417,058	1525,5
417,276	1669,5
417,493	1553,5
417,711	1520,5
417,928	1390,5
418,146	1549,5
418,364	1619,5
418,581	1480,5
418,799	1409,5
419,016	1404,5
419,234	1444,5
419,451	2090,5
419,669	1729,5
419,886	1487,5
420,104	1584,5
420,321	1356,5
420,539	1501,5
420,756	1635,5
420,974	1549,5
421,191	1492,5
421,408	1511,5
421,626	1559,5
421,843	1534,5
422,06	1598,5
422,278	1446,5
422,495	1462,5
422,712	1601,5
422,93	1616,5
423,147	1657,5
423,364	1560,5
423,581	1731,5
423,799	1516,5
424,016	1539,5
424,233	1575,5
424,45	1562,5
424,667	1528,5
424,884	1515,5
425,102	1659,5
425,319	1458,5
425,536	1493,5
425,753	1606,5
425,97	1533,5
426,187	1607,5
426,404	1499,5
426,621	1780,5
426,838	1614,5
427,055	1729,5
427,272	1592,5
427,489	1539,5
427,706	1474,5
427,923	1489,5
428,14	1550,5
428,357	1761,5
428,574	1566,5
428,791	1804,5
429,008	1542,5
429,224	1379,5
429,441	1500,5
429,658	1514,5
429,875	1607,5
430,092	1612,5
430,308	1590,5
430,525	1782,5
430,742	1554,5
430,959	1591,5
431,175	1530,5
431,392	1444,5
431,609	1660,5
431,826	1621,5
432,042	1459,5
432,259	1560,5
432,476	1862,5
432,692	1551,5
432,909	1557,5
433,125	1568,5
433,342	1486,5
433,559	1503,5
433,775	1550,5
433,992	1409,5
434,208	1391,5
434,425	1596,5
434,641	1707,5
434,858	1752,5
435,074	1574,5
435,291	1523,5
435,507	1517,5
435,723	1520,5
435,94	1729,5
436,156	1553,5
436,373	1737,5
436,589	1570,5
436,805	1551,5
437,022	1529,5
437,238	1510,5
437,454	1574,5
437,671	1556,5
437,887	1529,5
438,103	1471,5
438,319	1626,5
438,536	1683,5
438,752	1574,5
438,968	1642,5
439,184	1636,5
439,4	1554,5
439,616	1358,5
439,833	1683,5
440,049	1538,5
440,265	1757,5
440,481	1462,5
440,697	1488,5
440,913	1613,5
441,129	1566,5
441,345	1648,5
441,561	1544,5
441,777	1537,5
441,993	1595,5
442,209	1440,5
442,425	1601,5
442,641	1525,5
442,857	1580,5
443,073	1514,5
443,289	1539,5
443,505	1642,5
443,721	1599,5
443,937	1560,5
444,152	1491,5
444,368	1580,5
444,584	1500,5
444,8	1665,5
445,016	1459,5
445,231	1542,5
445,447	1691,5
445,663	1604,5
445,879	1483,5
446,094	1733,5
446,31	1691,5
446,526	1595,5
446,742	1652,5
446,957	1742,5
447,173	1697,5
447,388	1646,5
447,604	1700,5
447,82	1504,5
448,035	1581,5
448,251	1564,5
448,466	1786,5
448,682	1484,5
448,897	1481,5
449,113	1562,5
449,328	1544,5
449,544	1484,5
449,759	1899,5
449,975	1400,5
450,19	1513,5
450,406	1562,5
450,621	1481,5
450,836	1474,5
451,052	1541,5
451,267	1506,5
451,483	1528,5
451,698	1385,5
451,913	1538,5
452,129	1581,5
452,344	1383,5
452,559	1630,5
452,774	1505,5
452,99	1537,5
453,205	1627,5
453,42	1663,5
453,635	1661,5
453,85	1583,5
454,066	1801,5
454,281	1574,5
454,496	1625,5
454,711	1598,5
454,926	1630,5
455,141	1509,5
455,356	1504,5
455,571	1481,5
455,786	1868,5
456,001	1484,5
456,217	1470,5
456,432	1578,5
456,647	1526,5
456,861	1659,5
457,076	1578,5
457,291	1705,5
457,506	1540,5
457,721	1534,5
457,936	1512,5
458,151	1534,5
458,366	1650,5
458,581	1499,5
458,796	1813,5
459,01	1547,5
459,225	1585,5
459,44	1409,5
459,655	1584,5
459,87	1444,5
460,084	1484,5
460,299	1526,5
460,514	1526,5
460,729	1969,5
460,943	1470,5
461,158	1443,5
461,373	1601,5
461,587	1518,5
461,802	1506,5
462,016	1673,5
462,231	1492,5
462,446	1754,5
462,66	1543,5
462,875	1586,5
463,089	1521,5
463,304	1652,5
463,518	1538,5
463,733	1549,5
463,947	1584,5
464,162	1571,5
464,376	1508,5
464,591	1654,5
464,805	1515,5
465,02	1689,5
465,234	1498,5
465,448	1633,5
465,663	1655,5
465,877	1640,5
466,091	1515,5
466,306	1723,5
466,52	1635,5
466,734	1518,5
466,949	1532,5
467,163	1486,5
467,377	1465,5
467,591	1562,5
467,806	1528,5
468,02	1438,5
468,234	1380,5
468,448	1646,5
468,662	1628,5
468,876	1792,5
469,091	1433,5
469,305	1616,5
469,519	1431,5
469,733	1448,5
469,947	1591,5
470,161	1764,5
470,375	1453,5
470,589	1640,5
470,803	1520,5
471,017	1620,5
471,231	1579,5
471,445	1499,5
471,659	1599,5
471,873	1590,5
472,087	1416,5
472,301	1610,5
472,515	1490,5
472,728	1518,5
472,942	1519,5
473,156	1548,5
473,37	1474,5
473,584	1404,5
473,798	1594,5
474,011	1527,5
474,225	1639,5
474,439	1740,5
474,653	1548,5
474,866	1568,5
475,08	1609,5
475,294	1647,5
475,507	1459,5
475,721	1554,5
475,935	1588,5
476,148	1474,5
476,362	1439,5
476,576	1468,5
476,789	1557,5
477,003	1615,5
477,216	1591,5
477,43	1494,5
477,643	1575,5
477,857	1671,5
478,07	1548,5
478,284	1593,5
478,497	1480,5
478,711	1550,5
478,924	1500,5
479,138	1560,5
479,351	1524,5
479,564	1410,5
479,778	1544,5
479,991	1423,5
480,204	1478,5
480,418	1644,5
480,631	1501,5
480,844	1771,5
481,058	1515,5
481,271	1546,5
481,484	1626,5
481,697	1527,5
481,911	1559,5
482,124	1532,5
482,337	1583,5
482,55	1451,5
482,763	1422,5
482,976	1812,5
483,19	1485,5
483,403	1592,5
483,616	1647,5
483,829	1659,5
484,042	1516,5
484,255	1502,5
484,468	1730,5
484,681	1478,5
484,894	1389,5
485,107	1737,5
485,32	1422,5
485,533	1468,5
485,746	1578,5
485,959	1481,5
486,172	1508,5
486,385	1412,5
486,598	1593,5
486,81	1465,5
487,023	1571,5
487,236	1679,5
487,449	1610,5
487,662	1534,5
487,875	1573,5
488,087	1591,5
488,3	1622,5
488,513	1313,5
488,726	1446,5
488,938	1706,5
489,151	1617,5
489,364	1496,5
489,576	1536,5
489,789	1618,5
490,002	1577,5
490,214	1538,5
490,427	1398,5
490,64	1609,5
490,852	1599,5
491,065	1472,5
491,277	1621,5
491,49	1697,5
491,702	1403,5
491,915	1356,5
492,127	1523,5
492,34	1404,5
492,552	1533,5
492,765	1643,5
492,977	1737,5
493,19	1525,5
493,402	1590,5
493,614	1586,5
493,827	1590,5
494,039	1538,5
494,251	1555,5
494,464	1640,5
494,676	1450,5
494,888	1504,5
495,101	1540,5
495,313	1538,5
495,525	1502,5
495,737	1760,5
495,95	1523,5
496,162	1484,5
496,374	1665,5
496,586	1486,5
496,798	1568,5
497,01	1580,5
497,222	1396,5
497,435	1741,5
497,647	1531,5
497,859	1526,5
498,071	1515,5
498,283	1600,5
498,495	1585,5
498,707	1694,5
498,919	1532,5
499,131	1631,5
499,343	1473,5
499,555	1533,5
499,767	1654,5
499,979	1564,5
500,191	1625,5
500,402	1494,5
500,614	1549,5
500,826	1790,5
501,038	1482,5
501,25	1536,5
501,462	1481,5
501,673	1563,5
501,885	1498,5
502,097	1852,5
502,309	1528,5
502,521	1708,5
502,732	1411,5
502,944	1721,5
503,156	1438,5
503,367	1552,5
503,579	1536,5
503,791	1537,5
504,002	1576,5
504,214	1678,5
504,425	1867,5
504,637	1758,5
504,849	1502,5
505,06	1619,5
505,272	1659,5
505,483	1555,5
505,695	1546,5
505,906	1428,5
506,118	1580,5
506,329	1479,5
506,541	1465,5
506,752	1705,5
506,963	1365,5
507,175	1373,5
507,386	1663,5
507,598	1679,5
507,809	1463,5
508,02	1564,5
508,232	1625,5
508,443	1431,5
508,654	1809,5
508,865	1650,5
509,077	1411,5
509,288	1500,5
509,499	2017,5
509,71	1511,5
509,922	1677,5
510,133	1547,5
510,344	1721,5
510,555	1474,5
510,766	1612,5
510,977	1653,5
511,188	1567,5
511,4	1545,5
511,611	1588,5
511,822	1384,5
512,033	1543,5
512,244	1627,5
512,455	1579,5
512,666	1523,5
512,877	1667,5
513,088	1552,5
513,299	1601,5
513,51	1602,5
513,721	1562,5
513,931	1652,5
514,142	1681,5
514,353	1724,5
514,564	1561,5
514,775	1537,5
514,986	1608,5
515,196	1664,5
515,407	1548,5
515,618	1476,5
515,829	1536,5
516,04	1595,5
516,25	1462,5
516,461	1477,5
516,672	1614,5
516,882	1539,5
517,093	1680,5
517,304	1395,5
517,514	1398,5
517,725	1623,5
517,936	1480,5
518,146	1451,5
518,357	1414,5
518,567	1433,5
518,778	1759,5
518,988	1565,5
519,199	1683,5
519,409	1461,5
519,62	1610,5
519,83	1344,5
520,041	1611,5
520,251	1529,5
520,462	1477,5
520,672	1594,5
520,882	1589,5
521,093	1483,5
521,303	1676,5
521,513	1572,5
521,724	2635,5
521,934	1476,5
522,144	1639,5
522,355	1530,5
522,565	1526,5
522,775	1558,5
522,985	1564,5
523,196	1540,5
523,406	1531,5
523,616	1739,5
523,826	1530,5
524,036	2376,5
524,246	1532,5
524,457	1417,5
524,667	1377,5
524,877	1582,5
525,087	1563,5
525,297	1562,5
525,507	1645,5
525,717	1450,5
525,927	1572,5
526,137	1533,5
526,347	1607,5
526,557	1520,5
526,767	1550,5
526,977	1742,5
527,187	1679,5
527,397	1474,5
527,607	1454,5
527,816	1542,5
528,026	1545,5
528,236	1562,5
528,446	1580,5
528,656	1518,5
528,865	1798,5
529,075	1570,5
529,285	1490,5
529,495	1620,5
529,704	1714,5
529,914	1506,5
530,124	1674,5
530,334	1519,5
530,543	1509,5
530,753	1895,5
530,963	2002,5
531,172	1596,5
531,382	1514,5
531,591	1801,5
531,801	1514,5
532,01	1574,5
532,22	1642,5
532,43	1664,5
532,639	1839,5
532,849	1584,5
533,058	1443,5
533,267	1875,5
533,477	1501,5
533,686	1425,5
533,896	1560,5
534,105	1578,5
534,315	1713,5
534,524	1589,5
534,733	1576,5
534,943	1746,5
535,152	1652,5
535,361	1497,5
535,57	1568,5
535,78	1785,5
535,989	1515,5
536,198	1617,5
536,407	1570,5
536,617	1605,5
536,826	1648,5
537,035	1723,5
537,244	1522,5
537,453	1508,5
537,662	1607,5
537,872	1910,5
538,081	1475,5
538,29	1465,5
538,499	1592,5
538,708	1462,5
538,917	1605,5
539,126	1593,5
539,335	1610,5
539,544	2076,5
539,753	1488,5
539,962	1704,5
540,171	1489,5
540,38	1730,5
540,589	1545,5
540,797	1708,5
541,006	1587,5
541,215	1497,5
541,424	1767,5
541,633	1527,5
541,842	1342,5
542,05	1755,5
542,259	1640,5
542,468	1553,5
542,677	1646,5
542,885	1617,5
543,094	1635,5
543,303	1379,5
543,512	1538,5
543,72	1676,5
543,929	1650,5
544,138	1499,5
544,346	1436,5
544,555	1271,5
544,763	1594,5
544,972	1543,5
545,18	1497,5
545,389	1571,5
545,598	1513,5
545,806	1652,5
546,015	1510,5
546,223	1613,5
546,431	1643,5
546,64	1527,5
546,848	1526,5
547,057	1547,5
547,265	1464,5
547,474	1516,5
547,682	1568,5
547,89	1660,5
548,099	1634,5
548,307	1525,5
548,515	1698,5
548,723	1683,5
548,932	1654,5
549,14	1626,5
549,348	1701,5
549,556	1545,5
549,765	1548,5
549,973	1413,5
550,181	1638,5
550,389	1632,5
550,597	1679,5
550,805	1543,5
551,014	1713,5
551,222	5535,5
551,43	1404,5
551,638	1566,5
551,846	1689,5
552,054	1663,5
552,262	1734,5
552,47	1507,5
552,678	1476,5
552,886	1495,5
553,094	1375,5
553,302	1737,5
553,51	1558,5
553,717	1664,5
553,925	1386,5
554,133	1844,5
554,341	1488,5
554,549	1599,5
554,757	1703,5
554,965	1499,5
555,172	1778,5
555,38	1741,5
555,588	1355,5
555,796	1552,5
556,003	1725,5
556,211	1524,5
556,419	1630,5
556,626	1610,5
556,834	1520,5
557,042	1591,5
557,249	1610,5
557,457	1548,5
557,664	1375,5
557,872	1437,5
558,08	1467,5
558,287	1719,5
558,495	1684,5
558,702	1463,5
558,91	1622,5
559,117	1480,5
559,325	1595,5
559,532	1499,5
559,74	1757,5
559,947	1586,5
560,154	1652,5
560,362	1484,5
560,569	1528,5
560,776	1535,5
560,984	1634,5
561,191	1625,5
561,398	1673,5
561,606	1960,5
561,813	1711,5
562,02	1398,5
562,227	1447,5
562,435	1542,5
562,642	1683,5
562,849	1688,5
563,056	1582,5
563,263	1462,5
563,471	1596,5
563,678	1569,5
563,885	1596,5
564,092	1835,5
564,299	1673,5
564,506	1623,5
564,713	1499,5
564,92	1568,5
565,127	1679,5
565,334	1624,5
565,541	1914,5
565,748	1738,5
565,955	1492,5
566,162	1549,5
566,369	1674,5
566,576	1693,5
566,783	1646,5
566,99	1508,5
567,196	1652,5
567,403	1551,5
567,61	1712,5
567,817	1555,5
568,024	1699,5
568,23	1551,5
568,437	1472,5
568,644	1500,5
568,851	1489,5
569,057	1735,5
569,264	1726,5
569,471	1524,5
569,677	1547,5
569,884	1642,5
570,091	1763,5
570,297	2564,5
570,504	1631,5
570,71	1619,5
570,917	1591,5
571,123	1567,5
571,33	1568,5
571,536	1514,5
571,743	1828,5
571,949	1491,5
572,156	1558,5
572,362	1887,5
572,569	1593,5
572,775	1521,5
572,982	1700,5
573,188	1616,5
573,394	1534,5
573,601	1539,5
573,807	1419,5
574,013	1753,5
574,22	1605,5
574,426	1521,5
574,632	1683,5
574,838	1553,5
575,045	1540,5
575,251	1586,5
575,457	1659,5
575,663	1695,5
575,869	1577,5
576,076	1497,5
576,282	1518,5
576,488	1512,5
576,694	1568,5
576,9	1354,5
577,106	1455,5
577,312	1515,5
577,518	1670,5
577,724	1636,5
577,93	1616,5
578,136	1540,5
578,342	1567,5
578,548	1543,5
578,754	1499,5
578,96	1538,5
579,166	1544,5
579,372	1815,5
579,578	1620,5
579,784	1610,5
579,989	1563,5
580,195	1520,5
580,401	1610,5
580,607	1482,5
580,813	1395,5
581,018	1659,5
581,224	1388,5
581,43	1741,5
581,636	1466,5
581,841	1709,5
582,047	1524,5
582,253	1589,5
582,458	1592,5
582,664	1545,5
582,869	1656,5
583,075	1434,5
583,281	1938,5
583,486	1606,5
583,692	1516,5
583,897	1708,5
584,103	1656,5
584,308	1657,5
584,514	1606,5
584,719	1733,5
584,925	1609,5
585,13	1561,5
585,335	1553,5
585,541	1619,5
585,746	1571,5
585,952	1544,5
586,157	1522,5
586,362	1596,5
586,568	1555,5
586,773	1662,5
586,978	1626,5
587,183	1540,5
587,389	1553,5
587,594	1428,5
587,799	1662,5
588,004	1721,5
588,21	1696,5
588,415	1517,5
588,62	1641,5
588,825	1684,5
589,03	1588,5
589,235	2039,5
589,44	1838,5
589,645	1491,5
589,85	1650,5
590,055	1788,5
590,26	1586,5
590,465	1578,5
590,67	1691,5
590,875	1762,5
591,08	1727,5
591,285	1658,5
591,49	1661,5
591,695	1566,5
591,9	1562,5
592,105	1556,5
592,31	1558,5
592,515	1839,5
592,719	1504,5
592,924	1496,5
593,129	1554,5
593,334	1556,5
593,539	1617,5
593,743	1764,5
593,948	1561,5
594,153	1574,5
594,357	1788,5
594,562	1558,5
594,767	2045,5
594,971	1487,5
595,176	1563,5
595,381	1640,5
595,585	1690,5
595,79	1806,5
595,994	1567,5
596,199	2011,5
596,403	1344,5
596,608	1475,5
596,812	1513,5
597,017	1686,5
597,221	1836,5
597,426	1769,5
597,63	1618,5
597,835	1436,5
598,039	1655,5
598,243	1450,5
598,448	1996,5
598,652	1564,5
598,856	1634,5
599,061	1699,5
599,265	1552,5
599,469	1538,5
599,673	1628,5
599,878	1671,5
600,082	1588,5
600,286	1624,5
600,49	1790,5
600,695	1370,5
600,899	1545,5
601,103	1622,5
601,307	1748,5
601,511	1612,5
601,715	1525,5
601,919	1463,5
602,123	1706,5
602,327	1612,5
602,531	1580,5
602,735	1717,5
602,939	1724,5
603,143	1498,5
603,347	1573,5
603,551	1569,5
603,755	1570,5
603,959	1562,5
604,163	1689,5
604,367	1606,5
604,571	1608,5
604,775	1636,5
604,978	1570,5
605,182	1477,5
605,386	1595,5
605,59	1535,5
605,793	1572,5
605,997	1708,5
606,201	1616,5
606,405	1925,5
606,608	1691,5
606,812	1637,5
607,016	1692,5
607,219	1532,5
607,423	1554,5
607,627	1792,5
607,83	1529,5
608,034	1507,5
608,237	1605,5
608,441	1501,5
608,644	1680,5
608,848	1655,5
609,051	1680,5
609,255	1548,5
609,458	1658,5
609,662	1580,5
609,865	1658,5
610,069	1492,5
610,272	1380,5
610,475	1498,5
610,679	1490,5
610,882	1545,5
611,085	1598,5
611,289	1640,5
611,492	1532,5
611,695	1487,5
611,898	1555,5
612,102	1599,5
612,305	1616,5
612,508	1418,5
612,711	1755,5
612,914	1506,5
613,118	1651,5
613,321	1640,5
613,524	1554,5
613,727	1616,5
613,93	1456,5
614,133	1624,5
614,336	1659,5
614,539	1582,5
614,742	1483,5
614,945	1529,5
615,148	1691,5
615,351	1424,5
615,554	1783,5
615,757	1495,5
615,96	1603,5
616,163	1509,5
616,366	1693,5
616,569	1596,5
616,772	1719,5
616,974	1587,5
617,177	1750,5
617,38	1514,5
617,583	1644,5
617,786	1507,5
617,988	1502,5
618,191	1682,5
618,394	1526,5
618,596	1609,5
618,799	1561,5
619,002	1620,5
619,204	1675,5
619,407	1657,5
619,61	1498,5
619,812	1518,5
620,015	1556,5
620,217	1721,5
620,42	1516,5
620,623	1584,5
620,825	1614,5
621,028	1864,5
621,23	1684,5
621,432	1666,5
621,635	1767,5
621,837	1632,5
622,04	1534,5
622,242	1535,5
622,445	1668,5
622,647	1577,5
622,849	1713,5
623,052	1426,5
623,254	1814,5
623,456	1444,5
623,658	1723,5
623,861	1770,5
624,063	1511,5
624,265	1607,5
624,467	1618,5
624,67	1496,5
624,872	1650,5
625,074	1817,5
625,276	1738,5
625,478	1684,5
625,68	1402,5
625,882	1276,5
626,084	1657,5
626,287	1707,5
626,489	1698,5
626,691	1629,5
626,893	1568,5
627,095	1708,5
627,297	1698,5
627,499	1530,5
627,7	1406,5
627,902	1474,5
628,104	1378,5
628,306	1458,5
628,508	1476,5
628,71	1522,5
628,912	1609,5
629,114	1866,5
629,315	1628,5
629,517	1455,5
629,719	1556,5
629,921	1566,5
630,122	1601,5
630,324	1470,5
630,526	1668,5
630,728	1654,5
630,929	1564,5
631,131	1495,5
631,332	1732,5
631,534	1811,5
631,736	1608,5
631,937	1534,5
632,139	1663,5
632,34	1880,5
632,542	1732,5
632,743	1644,5
632,945	1550,5
633,146	1619,5
633,348	1649,5
633,549	1602,5
633,751	1521,5
633,952	1633,5
634,154	1324,5
634,355	1602,5
634,556	1618,5
634,758	1587,5
634,959	1505,5
635,16	1649,5
635,362	1497,5
635,563	1636,5
635,764	1681,5
635,965	1650,5
636,167	1600,5
636,368	1589,5
636,569	1591,5
636,77	1759,5
636,971	1513,5
637,172	1638,5
637,374	1486,5
637,575	1822,5
637,776	1406,5
637,977	1471,5
638,178	1703,5
638,379	1656,5
638,58	1612,5
638,781	1457,5
638,982	1594,5
639,183	1511,5
639,384	1560,5
639,585	1587,5
639,786	1480,5
639,987	1516,5
640,187	1707,5
640,388	1746,5
640,589	1537,5
640,79	1484,5
640,991	1607,5
641,192	1753,5
641,392	1456,5
641,593	1473,5
641,794	1440,5
641,995	1452,5
642,195	1374,5
642,396	1517,5
642,597	1381,5
642,797	1593,5
642,998	1601,5
643,199	1510,5
643,399	1607,5
643,6	1430,5
643,8	1505,5
644,001	1522,5
644,202	1536,5
644,402	1507,5
644,603	1711,5
644,803	1464,5
645,004	1566,5
645,204	1436,5
645,404	1504,5
645,605	1844,5
645,805	1497,5
646,006	1537,5
646,206	1972,5
646,406	1454,5
646,607	1346,5
646,807	1316,5
647,007	-43,5
647,208	-16,5
647,408	-11,5
647,608	-31,5
