200,697	979
200,927	17
201,158	-43
201,388	29
201,618	1484
201,849	1388
202,079	1669
202,309	1519
202,539	1672
202,77	1619
203	1542
203,23	1627
203,46	1654
203,691	1672
203,921	1715
204,151	1664
204,381	1563
204,611	1675
204,841	1567
205,071	1614
205,302	1922
205,532	1766
205,762	3690
205,992	1385
206,222	1683
206,452	1606
206,682	1595
206,912	1723
207,142	1750
207,372	1680
207,602	1513
207,832	1648
208,062	1736
208,292	1669
208,522	1521
208,752	1626
208,982	1549
209,212	1930
209,442	1643
209,672	1604
209,902	1541
210,131	1724
210,361	1550
210,591	1679
210,821	1567
211,051	1810
211,281	1702
211,51	1664
211,74	1736
211,97	1612
212,2	1713
212,429	1938
212,659	1710
212,889	1726
213,119	1526
213,348	1614
213,578	1821
213,808	1755
214,037	1788
214,267	1717
214,497	1752
214,726	1631
214,956	1674
215,186	1630
215,415	1682
215,645	1671
215,874	1645
216,104	1662
216,333	1697
216,563	1700
216,792	1703
217,022	1776
217,251	1706
217,481	1615
217,71	1675
217,94	1615
218,169	1721
218,399	1739
218,628	1607
218,858	1582
219,087	1738
219,316	1719
219,546	1711
219,775	1754
220,004	1783
220,234	1696
220,463	1730
220,692	1705
220,922	1672
221,151	1745
221,38	1668
221,61	2089
221,839	1968
222,068	1652
222,297	1818
222,526	1705
222,756	1794
222,985	1795
223,214	1745
223,443	1697
223,672	2245
223,902	1643
224,131	1720
224,36	2125
224,589	1622
224,818	1729
225,047	1825
225,276	1990
225,505	2026
225,734	1801
225,963	1693
226,192	1756
226,421	1729
226,65	1827
226,879	1850
227,108	1844
227,337	1928
227,566	1981
227,795	1779
228,024	1790
228,253	1749
228,482	1759
228,711	1895
228,94	1719
229,168	1783
229,397	1812
229,626	1807
229,855	1789
230,084	1757
230,313	1683
230,541	1948
230,77	1843
230,999	1675
231,228	2041
231,456	1879
231,685	1902
231,914	1964
232,143	1831
232,371	1863
232,6	1835
232,829	1813
233,057	1919
233,286	1848
233,515	1898
233,743	2053
233,972	1815
234,2	1934
234,429	1883
234,658	1969
234,886	1672
235,115	2002
235,343	1966
235,572	1859
235,8	1997
236,029	2244
236,257	2056
236,486	2025
236,714	2059
236,943	2137
237,171	1994
237,399	2024
237,628	2027
237,856	2063
238,085	2095
238,313	1952
238,541	1942
238,77	2334
238,998	1989
239,226	2154
239,455	2029
239,683	2119
239,911	1943
240,14	2194
240,368	2196
240,596	2147
240,824	2118
241,053	2143
241,281	2139
241,509	2163
241,737	2148
241,965	2003
242,193	2105
242,422	2053
242,65	2135
242,878	2158
243,106	2187
243,334	2286
243,562	2242
243,79	2344
244,018	2343
244,246	2265
244,474	2249
244,702	2191
244,93	2308
245,158	2255
245,386	2224
245,614	2402
245,842	2331
246,07	2284
246,298	2502
246,526	2814
246,754	2275
246,982	2413
247,21	2482
247,438	2403
247,666	2354
247,893	2410
248,121	2385
248,349	2345
248,577	2489
248,805	2614
249,033	2391
249,26	2488
249,488	2383
249,716	2497
249,944	2461
250,171	2447
250,399	2503
250,627	2762
250,854	2524
251,082	2469
251,31	2601
251,537	2552
251,765	2833
251,993	2437
252,22	2929
252,448	2501
252,676	2718
252,903	2508
253,131	2960
253,358	2706
253,586	2583
253,813	2394
254,041	2865
254,268	2671
254,496	2577
254,723	2685
254,951	2777
255,178	2574
255,406	2652
255,633	2811
255,86	2842
256,088	2740
256,315	2751
256,543	3023
256,77	2861
256,997	2879
257,225	2908
257,452	2856
257,679	2859
257,907	2931
258,134	2835
258,361	2963
258,588	2835
258,816	2954
259,043	2818
259,27	2948
259,497	2996
259,725	2848
259,952	2943
260,179	2803
260,406	3042
260,633	2914
260,86	2990
261,088	3036
261,315	3192
261,542	2975
261,769	2893
261,996	3251
262,223	3079
262,45	3319
262,677	2939
262,904	3049
263,131	3184
263,358	2935
263,585	3075
263,812	3494
264,039	3271
264,266	3105
264,493	3209
264,72	3207
264,947	3194
265,174	3288
265,401	3321
265,627	3366
265,854	3249
266,081	3268
266,308	3217
266,535	3082
266,762	3152
266,988	3215
267,215	3291
267,442	3169
267,669	3394
267,896	3351
268,122	3387
268,349	3297
268,576	3113
268,802	3265
269,029	3216
269,256	3294
269,482	3247
269,709	3195
269,936	3364
270,162	3521
270,389	3331
270,616	3304
270,842	3525
271,069	3387
271,295	3380
271,522	3285
271,748	3453
271,975	3464
272,201	3562
272,428	3450
272,654	3400
272,881	3893
273,107	3426
273,334	3478
273,56	3655
273,787	3408
274,013	3743
274,239	3735
274,466	3615
274,692	3587
274,918	3650
275,145	3530
275,371	3578
275,597	3736
275,824	3712
276,05	3516
276,276	3747
276,503	3553
276,729	3595
276,955	3586
277,181	3625
277,407	3663
277,634	3699
277,86	3636
278,086	3794
278,312	3609
278,538	3684
278,764	3708
278,991	3694
279,217	3639
279,443	3509
279,669	3646
279,895	3801
280,121	3611
280,347	3740
280,573	3580
280,799	3664
281,025	3929
281,251	3763
281,477	3892
281,703	3780
281,929	3778
282,155	3802
282,381	4105
282,607	4047
282,833	4049
283,059	4049
283,285	4060
283,51	3864
283,736	3954
283,962	4071
284,188	4110
284,414	4111
284,64	4224
284,865	4268
285,091	4210
285,317	4302
285,543	4506
285,768	4317
285,994	4332
286,22	4616
286,446	4416
286,671	4184
286,897	4287
287,123	4286
287,348	4293
287,574	4947
287,799	4432
288,025	4289
288,251	4529
288,476	4382
288,702	4388
288,927	4345
289,153	4430
289,378	4650
289,604	4419
289,829	4603
290,055	4437
290,28	4484
290,506	4798
290,731	4658
290,957	4897
291,182	4864
291,408	4961
291,633	4988
291,858	4770
292,084	5081
292,309	4989
292,535	5175
292,76	5345
292,985	5469
293,211	5296
293,436	5275
293,661	5334
293,886	5612
294,112	5697
294,337	5742
294,562	5610
294,787	5833
295,013	5993
295,238	5913
295,463	6089
295,688	6241
295,913	6171
296,138	6169
296,364	6160
296,589	6223
296,814	6013
297,039	6031
297,264	6115
297,489	6160
297,714	6252
297,939	6103
298,164	6224
298,389	6323
298,614	6297
298,839	6493
299,064	6620
299,289	6673
299,514	6641
299,739	6661
299,964	6586
300,189	6771
300,414	6808
300,639	7051
300,863	6910
301,088	7427
301,313	7066
301,538	6921
301,763	7043
301,988	7056
302,212	7362
302,437	7493
302,662	6996
302,887	7102
303,111	7045
303,336	7230
303,561	7153
303,786	7074
304,01	7167
304,235	7216
304,46	6932
304,684	7118
304,909	7076
305,134	6904
305,358	7079
305,583	6905
305,807	7062
306,032	6690
306,256	6991
306,481	7020
306,706	6802
306,93	6712
307,155	7225
307,379	7071
307,604	7033
307,828	6998
308,052	7329
308,277	7339
308,501	7346
308,726	7465
308,95	7367
309,175	7036
309,399	7468
309,623	7210
309,848	7205
310,072	7117
310,296	7705
310,521	7092
310,745	7334
310,969	7649
311,193	7368
311,418	7345
311,642	7210
311,866	7312
312,09	7431
312,315	7321
312,539	7440
312,763	7279
312,987	7499
313,211	7318
313,435	7570
313,659	7033
313,884	7701
314,108	7578
314,332	7474
314,556	7359
314,78	7592
315,004	7454
315,228	7549
315,452	7440
315,676	7455
315,9	7368
316,124	7242
316,348	7380
316,572	7357
316,796	7453
317,02	7374
317,244	7460
317,468	7176
317,691	7502
317,915	7314
318,139	7252
318,363	7730
318,587	7554
318,811	7267
319,034	7039
319,258	7334
319,482	7383
319,706	7360
319,93	7035
320,153	7003
320,377	7305
320,601	7310
320,824	7175
321,048	7569
321,272	7367
321,495	7347
321,719	7340
321,943	7275
322,166	7294
322,39	7487
322,614	7412
322,837	7458
323,061	7399
323,284	7518
323,508	7453
323,731	7324
323,955	7330
324,178	7272
324,402	7524
324,625	7446
324,849	7280
325,072	7408
325,296	7579
325,519	7244
325,743	7473
325,966	7527
326,189	7464
326,413	7336
326,636	7621
326,859	7331
327,083	7763
327,306	7147
327,529	7266
327,753	7176
327,976	7215
328,199	7301
328,422	7340
328,646	7273
328,869	7102
329,092	7347
329,315	7656
329,538	7276
329,762	7290
329,985	7234
330,208	7430
330,431	7355
330,654	7527
330,877	7483
331,1	7561
331,323	7375
331,546	7563
331,769	7598
331,993	7405
332,216	7343
332,439	7465
332,662	7387
332,885	7457
333,107	7274
333,33	7381
333,553	7647
333,776	7432
333,999	7418
334,222	7385
334,445	7444
334,668	7447
334,891	7575
335,114	7315
335,336	7371
335,559	7487
335,782	7703
336,005	7308
336,228	7343
336,45	7361
336,673	7345
336,896	7406
337,119	7262
337,341	7313
337,564	7354
337,787	7404
338,009	7257
338,232	7397
338,455	7490
338,677	7568
338,9	7398
339,122	7313
339,345	7179
339,568	7088
339,79	7376
340,013	7247
340,235	7422
340,458	7091
340,68	7223
340,903	7130
341,125	7203
341,348	7017
341,57	7094
341,793	7387
342,015	6967
342,238	7131
342,46	7149
342,682	7283
342,905	6867
343,127	7086
343,349	6858
343,572	6958
343,794	6763
344,016	6747
344,239	6971
344,461	6816
344,683	6685
344,905	6883
345,128	6831
345,35	6822
345,572	7160
345,794	7087
346,017	6933
346,239	7018
346,461	7285
346,683	7090
346,905	7179
347,127	7089
347,349	7074
347,571	7047
347,793	7258
348,016	6972
348,238	7098
348,46	7005
348,682	7020
348,904	7141
349,126	7052
349,348	7008
349,57	6951
349,792	7015
350,014	7094
350,235	6972
350,457	7278
350,679	6998
350,901	6900
351,123	6924
351,345	6902
351,567	7013
351,789	6901
352,01	6960
352,232	6799
352,454	6688
352,676	6784
352,897	6637
353,119	6666
353,341	6626
353,563	6494
353,784	6317
354,006	6415
354,228	6474
354,449	6609
354,671	6680
354,893	6824
355,114	6744
355,336	6742
355,558	6822
355,779	6581
356,001	6942
356,222	6911
356,444	6693
356,665	7481
356,887	6858
357,108	6822
357,33	6662
357,551	6930
357,773	6830
357,994	6748
358,216	6720
358,437	7027
358,659	6836
358,88	6798
359,101	6845
359,323	6825
359,544	6658
359,765	6643
359,987	6720
360,208	6774
360,429	6748
360,651	6714
360,872	7007
361,093	6726
361,314	6685
361,536	6700
361,757	6842
361,978	6699
362,199	6622
362,42	6497
362,642	6748
362,863	6874
363,084	6634
363,305	6684
363,526	6703
363,747	6588
363,968	6617
364,189	6726
364,41	6551
364,631	6495
364,852	6446
365,073	6391
365,294	6571
365,515	6449
365,736	6584
365,957	6629
366,178	6581
366,399	6682
366,62	6823
366,841	6818
367,062	6504
367,283	6745
367,504	6775
367,724	6653
367,945	6609
368,166	6748
368,387	6697
368,608	6653
368,828	6881
369,049	6634
369,27	6692
369,491	6609
369,711	6736
369,932	6787
370,153	6627
370,373	6753
370,594	6799
370,815	6768
371,035	6869
371,256	6516
371,477	6715
371,697	6657
371,918	6511
372,138	6648
372,359	6859
372,579	6545
372,8	6620
373,02	6743
373,241	6693
373,461	6768
373,682	6737
373,902	6682
374,123	6875
374,343	6840
374,564	6666
374,784	6668
375,004	6704
375,225	6493
375,445	6574
375,666	6428
375,886	6447
376,106	6330
376,326	6458
376,547	6698
376,767	6600
376,987	6605
377,208	6686
377,428	6697
377,648	6891
377,868	6959
378,088	7139
378,309	7102
378,529	7043
378,749	7098
378,969	7025
379,189	7280
379,409	7063
379,629	6906
379,849	7006
380,069	6769
380,29	6882
380,51	6981
380,73	6978
380,95	7123
381,17	6618
381,39	6774
381,61	6721
381,829	6777
382,049	6868
382,269	6841
382,489	6835
382,709	6891
382,929	6825
383,149	6744
383,369	6933
383,589	6699
383,808	6738
384,028	6684
384,248	6757
384,468	6730
384,688	6857
384,907	6653
385,127	6723
385,347	6751
385,567	6881
385,786	7009
386,006	6798
386,226	7175
386,445	6899
386,665	7056
386,885	7321
387,104	7117
387,324	7371
387,543	7206
387,763	7388
387,982	7427
388,202	7383
388,422	7404
388,641	7332
388,861	7311
389,08	7344
389,3	7047
389,519	7223
389,738	7162
389,958	7171
390,177	7230
390,397	7181
390,616	7298
390,836	7382
391,055	7333
391,274	7277
391,494	7399
391,713	7464
391,932	7642
392,151	7603
392,371	7550
392,59	7909
392,809	7744
393,029	7698
393,248	7533
393,467	7138
393,686	7097
393,905	8173
394,124	7329
394,344	7260
394,563	7269
394,782	7254
395,001	7013
395,22	7101
395,439	7195
395,658	7107
395,877	7230
396,096	7213
396,315	7434
396,534	7315
396,753	7522
396,972	7387
397,191	7549
397,41	7722
397,629	7669
397,848	7810
398,067	7913
398,286	7833
398,505	7906
398,724	7821
398,943	8139
399,161	7360
399,38	7013
399,599	7233
399,818	7218
400,037	7405
400,255	7224
400,474	6960
400,693	7229
400,912	7225
401,13	7110
401,349	7051
401,568	6858
401,786	6934
402,005	6949
402,224	6795
402,442	6832
402,661	6775
402,88	6770
403,098	6716
403,317	6713
403,535	6637
403,754	6667
403,972	6665
404,191	6664
404,409	6604
404,628	7468
404,846	6934
405,065	6954
405,283	7003
405,502	6894
405,72	6843
405,938	6682
406,157	6522
406,375	6422
406,594	6509
406,812	6448
407,03	6436
407,249	6178
407,467	6438
407,685	6453
407,903	6358
408,122	6607
408,34	6462
408,558	6519
408,776	6488
408,995	6510
409,213	6427
409,431	6458
409,649	6517
409,867	6333
410,085	6279
410,303	6329
410,522	6036
410,74	6112
410,958	6021
411,176	6129
411,394	6026
411,612	6047
411,83	6303
412,048	6053
412,266	6087
412,484	6192
412,702	6483
412,92	6143
413,138	6246
413,356	6081
413,573	6160
413,791	6251
414,009	5978
414,227	6056
414,445	5825
414,663	5775
414,881	5870
415,098	5862
415,316	5769
415,534	6161
415,752	5811
415,969	5973
416,187	5697
416,405	5718
416,623	5902
416,84	5634
417,058	5819
417,276	5861
417,493	5636
417,711	5440
417,928	5711
418,146	5709
418,364	5703
418,581	5702
418,799	5653
419,016	5546
419,234	5621
419,451	6198
419,669	5749
419,886	5757
420,104	5749
420,321	5811
420,539	5813
420,756	6050
420,974	5963
421,191	6030
421,408	6239
421,626	6331
421,843	5969
422,06	6032
422,278	5831
422,495	5921
422,712	5875
422,93	5898
423,147	5809
423,364	5738
423,581	5847
423,799	5595
424,016	5531
424,233	5667
424,45	5534
424,667	5626
424,884	5607
425,102	5727
425,319	5384
425,536	5430
425,753	5527
425,97	5347
426,187	5280
426,404	5142
426,621	5716
426,838	5539
427,055	5597
427,272	5571
427,489	5603
427,706	5507
427,923	5429
428,14	5343
428,357	5660
428,574	5487
428,791	5305
429,008	5539
429,224	5564
429,441	5692
429,658	6073
429,875	6219
430,092	6062
430,308	5971
430,525	6271
430,742	5808
430,959	5577
431,175	5463
431,392	5181
431,609	5242
431,826	5137
432,042	4877
432,259	4871
432,476	5257
432,692	4848
432,909	4966
433,125	5259
433,342	5440
433,559	5558
433,775	5336
433,992	5229
434,208	5041
434,425	4970
434,641	5145
434,858	5217
435,074	5052
435,291	5022
435,507	4847
435,723	4742
435,94	4980
436,156	5067
436,373	5243
436,589	5024
436,805	5022
437,022	4880
437,238	4865
437,454	4911
437,671	4769
437,887	4901
438,103	4887
438,319	4853
438,536	4949
438,752	4995
438,968	4903
439,184	4875
439,4	4743
439,616	4729
439,833	4831
440,049	4690
440,265	4954
440,481	4885
440,697	5007
440,913	5234
441,129	5289
441,345	5352
441,561	5335
441,777	5203
441,993	5184
442,209	5007
442,425	4900
442,641	5005
442,857	5092
443,073	5111
443,289	5051
443,505	5185
443,721	5121
443,937	5065
444,152	4928
444,368	4912
444,584	4838
444,8	5210
445,016	4821
445,231	4851
445,447	4999
445,663	4931
445,879	4802
446,094	4886
446,31	5093
446,526	4849
446,742	4890
446,957	4794
447,173	4831
447,388	4823
447,604	4896
447,82	4665
448,035	4775
448,251	4616
448,466	4865
448,682	4601
448,897	4645
449,113	4665
449,328	4770
449,544	4574
449,759	4976
449,975	4577
450,19	4589
450,406	4616
450,621	4540
450,836	4490
451,052	4463
451,267	4339
451,483	4774
451,698	4357
451,913	4481
452,129	4513
452,344	4271
452,559	4647
452,774	4368
452,99	4269
453,205	4406
453,42	4403
453,635	4284
453,85	3958
454,066	4288
454,281	4380
454,496	4355
454,711	4432
454,926	4391
455,141	4277
455,356	4348
455,571	4312
455,786	4331
456,001	4222
456,217	4067
456,432	4224
456,647	4255
456,861	4266
457,076	4227
457,291	4435
457,506	4433
457,721	4411
457,936	4365
458,151	4369
458,366	4601
458,581	4444
458,796	4629
459,01	4418
459,225	4480
459,44	4348
459,655	4480
459,87	4305
460,084	4332
460,299	4344
460,514	4264
460,729	4763
460,943	4300
461,158	4128
461,373	4246
461,587	4073
461,802	3939
462,016	4109
462,231	3827
462,446	4023
462,66	4111
462,875	3964
463,089	4173
463,304	4129
463,518	4222
463,733	4223
463,947	4346
464,162	4359
464,376	4362
464,591	4517
464,805	4345
465,02	4606
465,234	4538
465,448	4693
465,663	4594
465,877	4306
466,091	4287
466,306	4203
466,52	4479
466,734	4052
466,949	4021
467,163	4029
467,377	3957
467,591	4174
467,806	4076
468,02	3955
468,234	3840
468,448	4011
468,662	3954
468,876	4076
469,091	3767
469,305	4015
469,519	3667
469,733	3509
469,947	3727
470,161	3892
470,375	3577
470,589	3774
470,803	3699
471,017	3687
471,231	3554
471,445	3683
471,659	3576
471,873	3693
472,087	3588
472,301	3829
472,515	3815
472,728	3771
472,942	3900
473,156	3908
473,37	3911
473,584	3871
473,798	3932
474,011	3817
474,225	3895
474,439	4024
474,653	4093
474,866	4062
475,08	4099
475,294	4104
475,507	3865
475,721	4124
475,935	4022
476,148	3943
476,362	3820
476,576	3843
476,789	3925
477,003	3962
477,216	3917
477,43	3934
477,643	4121
477,857	4248
478,07	3862
478,284	3846
478,497	3885
478,711	3957
478,924	3991
479,138	4011
479,351	4047
479,564	4038
479,778	4366
479,991	3992
480,204	4291
480,418	4244
480,631	4166
480,844	4347
481,058	4358
481,271	4387
481,484	4487
481,697	4426
481,911	4164
482,124	4375
482,337	4266
482,55	4086
482,763	4117
482,976	4377
483,19	4247
483,403	4245
483,616	4376
483,829	4518
484,042	4402
484,255	4592
484,468	4621
484,681	4497
484,894	4896
485,107	6510
485,32	9807
485,533	11933
485,746	11494
485,959	9822
486,172	8742
486,385	7186
486,598	6057
486,81	5043
487,023	4786
487,236	5003
487,449	4646
487,662	4381
487,875	4267
488,087	4217
488,3	4318
488,513	4037
488,726	4075
488,938	4411
489,151	4254
489,364	4096
489,576	4080
489,789	4244
490,002	4305
490,214	4162
490,427	3915
490,64	4231
490,852	4334
491,065	4047
491,277	4146
491,49	4121
491,702	3991
491,915	4125
492,127	4197
492,34	4123
492,552	4136
492,765	4198
492,977	4287
493,19	4129
493,402	4096
493,614	4126
493,827	4150
494,039	4093
494,251	4110
494,464	4169
494,676	3905
494,888	3937
495,101	3808
495,313	3807
495,525	3979
495,737	4025
495,95	4177
496,162	4267
496,374	4293
496,586	4140
496,798	3999
497,01	3993
497,222	3691
497,435	3891
497,647	3739
497,859	3843
498,071	3823
498,283	4001
498,495	3901
498,707	4214
498,919	3951
499,131	4183
499,343	4039
499,555	3983
499,767	4083
499,979	3930
500,191	3944
500,402	3760
500,614	3983
500,826	4124
501,038	3926
501,25	4058
501,462	3879
501,673	3930
501,885	4037
502,097	4066
502,309	4021
502,521	4093
502,732	3833
502,944	3936
503,156	3872
503,367	3850
503,579	3794
503,791	3797
504,002	3763
504,214	3863
504,425	3964
504,637	3983
504,849	3909
505,06	3854
505,272	3881
505,483	3697
505,695	3712
505,906	3680
506,118	3880
506,329	3735
506,541	3817
506,752	3750
506,963	3542
507,175	3191
507,386	3757
507,598	3626
507,809	3448
508,02	3514
508,232	3703
508,443	3553
508,654	3847
508,865	3544
509,077	3286
509,288	3364
509,499	3631
509,71	3388
509,922	3480
510,133	3465
510,344	3681
510,555	3355
510,766	3451
510,977	3404
511,188	3256
511,4	3348
511,611	3274
511,822	3295
512,033	3220
512,244	3247
512,455	3228
512,666	3236
512,877	3382
513,088	3219
513,299	2864
513,51	3250
513,721	2949
513,931	3159
514,142	3231
514,353	3243
514,564	2975
514,775	3061
514,986	3097
515,196	3252
515,407	3087
515,618	3199
515,829	3039
516,04	3244
516,25	3011
516,461	3036
516,672	3186
516,882	3054
517,093	3117
517,304	2755
517,514	2859
517,725	3105
517,936	2879
518,146	2827
518,357	3091
518,567	2943
518,778	3330
518,988	2986
519,199	3312
519,409	2907
519,62	3004
519,83	2979
520,041	2915
520,251	2974
520,462	3027
520,672	2861
520,882	2902
521,093	2987
521,303	3043
521,513	2933
521,724	4024
521,934	2653
522,144	2795
522,355	2829
522,565	3009
522,775	2816
522,985	2784
523,196	2760
523,406	2817
523,616	2977
523,826	2823
524,036	3158
524,246	2742
524,457	2748
524,667	2647
524,877	2850
525,087	2846
525,297	2890
525,507	2820
525,717	2640
525,927	2762
526,137	2890
526,347	2886
526,557	2695
526,767	2736
526,977	2973
527,187	2651
527,397	2645
527,607	2589
527,816	2754
528,026	2703
528,236	2811
528,446	2865
528,656	2881
528,865	3108
529,075	2724
529,285	2724
529,495	2795
529,704	2796
529,914	2685
530,124	2747
530,334	2670
530,543	2643
530,753	2689
530,963	3036
531,172	2552
531,382	2606
531,591	2931
531,801	2508
532,01	2679
532,22	2669
532,43	2710
532,639	3035
532,849	2712
533,058	2807
533,267	2979
533,477	2825
533,686	2664
533,896	2724
534,105	2805
534,315	2756
534,524	2675
534,733	2703
534,943	2813
535,152	2782
535,361	2614
535,57	2575
535,78	2680
535,989	2560
536,198	2536
536,407	2472
536,617	2729
536,826	2673
537,035	2729
537,244	2549
537,453	2398
537,662	2573
537,872	2770
538,081	2702
538,29	2621
538,499	2586
538,708	2616
538,917	2698
539,126	2713
539,335	2675
539,544	3081
539,753	2595
539,962	2842
540,171	2479
540,38	2837
540,589	2747
540,797	2893
541,006	2700
541,215	2641
541,424	2780
541,633	2710
541,842	2679
542,05	2854
542,259	2591
542,468	2835
542,677	2765
542,885	2793
543,094	2651
543,303	2706
543,512	2733
543,72	2852
543,929	2880
544,138	2740
544,346	2637
544,555	2798
544,763	2881
544,972	2743
545,18	2546
545,389	2731
545,598	2640
545,806	2721
546,015	2720
546,223	2715
546,431	2767
546,64	2669
546,848	2723
547,057	2767
547,265	2792
547,474	2788
547,682	2913
547,89	2997
548,099	2602
548,307	2736
548,515	2923
548,723	2855
548,932	2777
549,14	2696
549,348	2740
549,556	2671
549,765	2719
549,973	2577
550,181	2599
550,389	2842
550,597	2809
550,805	2633
551,014	2836
551,222	5941
551,43	2774
551,638	2861
551,846	2997
552,054	3042
552,262	3076
552,47	2755
552,678	2750
552,886	2802
553,094	2669
553,302	2881
553,51	2864
553,717	2935
553,925	2667
554,133	3063
554,341	2668
554,549	2803
554,757	2776
554,965	2827
555,172	2770
555,38	3164
555,588	2739
555,796	2882
556,003	2989
556,211	2783
556,419	2810
556,626	2819
556,834	2702
557,042	2829
557,249	2823
557,457	2613
557,664	2584
557,872	2765
558,08	2667
558,287	2777
558,495	2848
558,702	2376
558,91	2851
559,117	2736
559,325	2799
559,532	2861
559,74	3216
559,947	2924
560,154	3121
560,362	2836
560,569	2908
560,776	3008
560,984	2940
561,191	2976
561,398	2927
561,606	3361
561,813	3014
562,02	2765
562,227	2796
562,435	2809
562,642	3047
562,849	3054
563,056	3041
563,263	3000
563,471	3173
563,678	3130
563,885	3008
564,092	3156
564,299	3275
564,506	3223
564,713	3139
564,92	3193
565,127	3293
565,334	2857
565,541	3443
565,748	3325
565,955	3170
566,162	3388
566,369	3421
566,576	3477
566,783	3508
566,99	3470
567,196	3708
567,403	3551
567,61	3748
567,817	3544
568,024	3662
568,23	3756
568,437	3715
568,644	3778
568,851	3902
569,057	4294
569,264	4360
569,471	4238
569,677	4261
569,884	4282
570,091	4333
570,297	5287
570,504	4542
570,71	4391
570,917	4572
571,123	4433
571,33	4588
571,536	4677
571,743	4815
571,949	4485
572,156	4340
572,362	4419
572,569	4257
572,775	4586
572,982	4944
573,188	4804
573,394	4699
573,601	4703
573,807	4767
574,013	5178
574,22	5079
574,426	4874
574,632	4939
574,838	4936
575,045	4794
575,251	4743
575,457	4697
575,663	4877
575,869	4716
576,076	4974
576,282	5146
576,488	5063
576,694	5147
576,9	4945
577,106	5419
577,312	5549
577,518	5837
577,724	5781
577,93	5590
578,136	5375
578,342	5147
578,548	5006
578,754	4971
578,96	4974
579,166	5113
579,372	5540
579,578	5190
579,784	5413
579,989	5425
580,195	5359
580,401	5282
580,607	5262
580,813	5719
581,018	6390
581,224	6481
581,43	6309
581,636	6093
581,841	6071
582,047	5893
582,253	5656
582,458	5198
582,664	5212
582,869	5179
583,075	4925
583,281	5490
583,486	5095
583,692	5103
583,897	5472
584,103	5348
584,308	5378
584,514	5837
584,719	5878
584,925	5742
585,13	5554
585,335	5541
585,541	5449
585,746	5258
585,952	5068
586,157	5083
586,362	5025
586,568	5205
586,773	5350
586,978	5381
587,183	5302
587,389	5387
587,594	5154
587,799	5114
588,004	5231
588,21	5155
588,415	4915
588,62	4901
588,825	4880
589,03	4681
589,235	5247
589,44	4936
589,645	4731
589,85	4844
590,055	4949
590,26	4629
590,465	4649
590,67	4623
590,875	4750
591,08	4859
591,285	4625
591,49	4591
591,695	4442
591,9	4547
592,105	4554
592,31	4671
592,515	5060
592,719	4527
592,924	4676
593,129	4499
593,334	4617
593,539	4388
593,743	4580
593,948	4393
594,153	4608
594,357	4480
594,562	4314
594,767	4807
594,971	4227
595,176	4242
595,381	4294
595,585	4134
595,79	4304
595,994	4027
596,199	4509
596,403	3747
596,608	3940
596,812	4057
597,017	4158
597,221	4198
597,426	4079
597,63	4049
597,835	3783
598,039	3770
598,243	3898
598,448	4195
598,652	4070
598,856	3955
599,061	3902
599,265	3779
599,469	3872
599,673	3982
599,878	3920
600,082	3738
600,286	3801
600,49	3483
600,695	3563
600,899	3662
601,103	3696
601,307	3739
601,511	3621
601,715	3481
601,919	3482
602,123	3745
602,327	3549
602,531	3525
602,735	3520
602,939	3761
603,143	3428
603,347	3605
603,551	3472
603,755	3543
603,959	3431
604,163	3446
604,367	3361
604,571	3272
604,775	3437
604,978	3299
605,182	3293
605,386	3365
605,59	3373
605,793	3326
605,997	3370
606,201	3208
606,405	3262
606,608	3373
606,812	3262
607,016	3378
607,219	3126
607,423	3152
607,627	3346
607,83	3075
608,034	3083
608,237	3111
608,441	3055
608,644	3155
608,848	3109
609,051	3031
609,255	2871
609,458	3142
609,662	3092
609,865	3109
610,069	2799
610,272	2836
610,475	2931
610,679	2826
610,882	2925
611,085	3091
611,289	2920
611,492	2913
611,695	2793
611,898	2739
612,102	2953
612,305	2865
612,508	2837
612,711	2990
612,914	2754
613,118	2851
613,321	2847
613,524	2722
613,727	2711
613,93	2682
614,133	2772
614,336	2796
614,539	2725
614,742	2676
614,945	2662
615,148	2822
615,351	2712
615,554	2821
615,757	2561
615,96	2709
616,163	2582
616,366	2837
616,569	2453
616,772	2885
616,974	2717
617,177	2766
617,38	2569
617,583	2744
617,786	2555
617,988	2397
618,191	2690
618,394	2365
618,596	2336
618,799	2452
619,002	2555
619,204	2567
619,407	2451
619,61	2163
619,812	2517
620,015	2501
620,217	2529
620,42	2490
620,623	2437
620,825	2410
621,028	2554
621,23	2597
621,432	2534
621,635	2639
621,837	2498
622,04	2462
622,242	2387
622,445	2466
622,647	2491
622,849	2540
623,052	2259
623,254	2590
623,456	2234
623,658	2494
623,861	2551
624,063	2464
624,265	2464
624,467	2451
624,67	2266
624,872	2118
625,074	2533
625,276	2446
625,478	2394
625,68	2134
625,882	2242
626,084	2180
626,287	2468
626,489	2444
626,691	2317
626,893	2546
627,095	2326
627,297	2285
627,499	2234
627,7	2057
627,902	2027
628,104	2066
628,306	2174
628,508	2106
628,71	2210
628,912	2222
629,114	2380
629,315	2163
629,517	2068
629,719	2068
629,921	2136
630,122	2160
630,324	1979
630,526	2250
630,728	2147
630,929	2067
631,131	1991
631,332	2277
631,534	2299
631,736	2122
631,937	1937
632,139	2071
632,34	2075
632,542	2133
632,743	2106
632,945	1954
633,146	2023
633,348	2259
633,549	2072
633,751	1850
633,952	2032
634,154	1888
634,355	2050
634,556	1967
634,758	1927
634,959	1920
635,16	2132
635,362	1980
635,563	1995
635,764	1996
635,965	1983
636,167	1990
636,368	1853
636,569	2018
636,77	2109
636,971	1829
637,172	1913
637,374	1789
637,575	2075
637,776	1792
637,977	1737
638,178	1914
638,379	1839
638,58	1913
638,781	1717
638,982	1821
639,183	1790
639,384	1801
639,585	1798
639,786	1856
639,987	1700
640,187	1923
640,388	1889
640,589	1666
640,79	1738
640,991	1823
641,192	1955
641,392	1684
641,593	1947
641,794	1603
641,995	1689
642,195	1640
642,396	1732
642,597	1596
642,797	1705
642,998	1884
643,199	1676
643,399	1807
643,6	1618
643,8	1539
644,001	1773
644,202	1727
644,402	1674
644,603	1779
644,803	1598
645,004	1708
645,204	1555
645,404	1709
645,605	2004
645,805	1556
646,006	1611
646,206	2073
646,406	1639
646,607	1517
646,807	1418
647,007	-27
647,208	7
647,408	19
647,608	15
