200,697	914,83
200,927	-197,17
201,158	-9,17
201,388	50,83
201,618	1176,83
201,849	1074,83
202,079	1306,83
202,309	1203,83
202,539	1240,83
202,77	1250,83
203	1345,83
203,23	1224,83
203,46	1284,83
203,691	1301,83
203,921	1362,83
204,151	1226,83
204,381	1222,83
204,611	1404,83
204,841	1230,83
205,071	1280,83
205,302	1380,83
205,532	1359,83
205,762	3126,83
205,992	1228,83
206,222	1229,83
206,452	1314,83
206,682	1291,83
206,912	1328,83
207,142	1400,83
207,372	1308,83
207,602	1207,83
207,832	1293,83
208,062	1325,83
208,292	1336,83
208,522	1141,83
208,752	1309,83
208,982	1239,83
209,212	1432,83
209,442	1316,83
209,672	1064,83
209,902	1222,83
210,131	1386,83
210,361	1202,83
210,591	1379,83
210,821	1210,83
211,051	1405,83
211,281	1344,83
211,51	1315,83
211,74	1328,83
211,97	1231,83
212,2	1370,83
212,429	1577,83
212,659	1348,83
212,889	1311,83
213,119	1178,83
213,348	1315,83
213,578	1465,83
213,808	1469,83
214,037	1397,83
214,267	1307,83
214,497	1312,83
214,726	1281,83
214,956	1245,83
215,186	1318,83
215,415	1356,83
215,645	1277,83
215,874	1407,83
216,104	1313,83
216,333	1269,83
216,563	1319,83
216,792	1327,83
217,022	1409,83
217,251	1325,83
217,481	1265,83
217,71	1361,83
217,94	1303,83
218,169	1393,83
218,399	1561,83
218,628	1253,83
218,858	1454,83
219,087	1389,83
219,316	1420,83
219,546	1307,83
219,775	1301,83
220,004	1384,83
220,234	1166,83
220,463	1361,83
220,692	1359,83
220,922	1337,83
221,151	1396,83
221,38	1308,83
221,61	1681,83
221,839	1600,83
222,068	1360,83
222,297	1469,83
222,526	1366,83
222,756	1431,83
222,985	1408,83
223,214	1459,83
223,443	1262,83
223,672	1745,83
223,902	1308,83
224,131	1389,83
224,36	1397,83
224,589	1209,83
224,818	1376,83
225,047	1453,83
225,276	1318,83
225,505	1594,83
225,734	1395,83
225,963	1296,83
226,192	1320,83
226,421	1291,83
226,65	1390,83
226,879	1395,83
227,108	1520,83
227,337	1475,83
227,566	1521,83
227,795	1356,83
228,024	1145,83
228,253	1320,83
228,482	1312,83
228,711	1230,83
228,94	1323,83
229,168	1319,83
229,397	1331,83
229,626	1594,83
229,855	1476,83
230,084	1331,83
230,313	1150,83
230,541	1520,83
230,77	1399,83
230,999	1271,83
231,228	1637,83
231,456	1530,83
231,685	1300,83
231,914	1442,83
232,143	1364,83
232,371	1376,83
232,6	1398,83
232,829	1281,83
233,057	1445,83
233,286	1490,83
233,515	1412,83
233,743	1413,83
233,972	1343,83
234,2	1396,83
234,429	1394,83
234,658	1438,83
234,886	1370,83
235,115	1438,83
235,343	1465,83
235,572	1370,83
235,8	1472,83
236,029	1684,83
236,257	1344,83
236,486	1499,83
236,714	1521,83
236,943	1472,83
237,171	1536,83
237,399	1245,83
237,628	1535,83
237,856	1549,83
238,085	1501,83
238,313	1615,83
238,541	1533,83
238,77	1764,83
238,998	1330,83
239,226	1545,83
239,455	1470,83
239,683	1465,83
239,911	1422,83
240,14	1598,83
240,368	1563,83
240,596	1422,83
240,824	1549,83
241,053	1462,83
241,281	1482,83
241,509	1484,83
241,737	1427,83
241,965	1396,83
242,193	1409,83
242,422	1435,83
242,65	1476,83
242,878	1405,83
243,106	1480,83
243,334	1545,83
243,562	1563,83
243,79	1558,83
244,018	1546,83
244,246	1622,83
244,474	1717,83
244,702	1455,83
244,93	1562,83
245,158	1580,83
245,386	1498,83
245,614	1529,83
245,842	1795,83
246,07	1528,83
246,298	1677,83
246,526	1990,83
246,754	1512,83
246,982	1581,83
247,21	1685,83
247,438	1536,83
247,666	1566,83
247,893	1664,83
248,121	1541,83
248,349	1504,83
248,577	1651,83
248,805	1599,83
249,033	1543,83
249,26	1618,83
249,488	1521,83
249,716	1620,83
249,944	1578,83
250,171	1561,83
250,399	1617,83
250,627	1695,83
250,854	1666,83
251,082	1631,83
251,31	1498,83
251,537	1642,83
251,765	1833,83
251,993	1571,83
252,22	1829,83
252,448	1576,83
252,676	1671,83
252,903	1653,83
253,131	2008,83
253,358	1569,83
253,586	1559,83
253,813	1521,83
254,041	1672,83
254,268	1744,83
254,496	1504,83
254,723	1633,83
254,951	1678,83
255,178	1680,83
255,406	1632,83
255,633	1720,83
255,86	1850,83
256,088	1686,83
256,315	1616,83
256,543	1753,83
256,77	1683,83
256,997	1652,83
257,225	1947,83
257,452	1671,83
257,679	1684,83
257,907	1821,83
258,134	1601,83
258,361	1882,83
258,588	1523,83
258,816	1656,83
259,043	1671,83
259,27	1637,83
259,497	1742,83
259,725	1678,83
259,952	1558,83
260,179	1560,83
260,406	1744,83
260,633	1646,83
260,86	1711,83
261,088	1689,83
261,315	2020,83
261,542	1647,83
261,769	1606,83
261,996	1960,83
262,223	1856,83
262,45	1900,83
262,677	1618,83
262,904	1720,83
263,131	1764,83
263,358	1715,83
263,585	1769,83
263,812	1992,83
264,039	1872,83
264,266	1680,83
264,493	1709,83
264,72	1705,83
264,947	1739,83
265,174	1858,83
265,401	1896,83
265,627	1855,83
265,854	1566,83
266,081	1795,83
266,308	1780,83
266,535	1788,83
266,762	1587,83
266,988	1839,83
267,215	1674,83
267,442	1678,83
267,669	1815,83
267,896	1711,83
268,122	1821,83
268,349	1797,83
268,576	1616,83
268,802	1695,83
269,029	1684,83
269,256	1783,83
269,482	1733,83
269,709	1718,83
269,936	1785,83
270,162	1881,83
270,389	1687,83
270,616	1753,83
270,842	1879,83
271,069	1757,83
271,295	1783,83
271,522	1697,83
271,748	1725,83
271,975	1835,83
272,201	1875,83
272,428	1710,83
272,654	1790,83
272,881	1969,83
273,107	1663,83
273,334	1787,83
273,56	1855,83
273,787	1678,83
274,013	1860,83
274,239	2017,83
274,466	1701,83
274,692	1813,83
274,918	1788,83
275,145	1752,83
275,371	1682,83
275,597	1932,83
275,824	1791,83
276,05	1684,83
276,276	1768,83
276,503	1764,83
276,729	1794,83
276,955	1715,83
277,181	1970,83
277,407	1813,83
277,634	1875,83
277,86	1810,83
278,086	1867,83
278,312	1788,83
278,538	1727,83
278,764	1818,83
278,991	1935,83
279,217	1671,83
279,443	1688,83
279,669	1820,83
279,895	2015,83
280,121	1911,83
280,347	1735,83
280,573	1778,83
280,799	1693,83
281,025	1910,83
281,251	1849,83
281,477	1948,83
281,703	1711,83
281,929	1765,83
282,155	1764,83
282,381	1802,83
282,607	1805,83
282,833	1841,83
283,059	1896,83
283,285	1787,83
283,51	1780,83
283,736	1668,83
283,962	1796,83
284,188	1820,83
284,414	1796,83
284,64	1855,83
284,865	1943,83
285,091	1769,83
285,317	1914,83
285,543	1963,83
285,768	1864,83
285,994	1832,83
286,22	2030,83
286,446	1953,83
286,671	1614,83
286,897	1848,83
287,123	1887,83
287,348	1832,83
287,574	2238,83
287,799	1897,83
288,025	1745,83
288,251	2034,83
288,476	1992,83
288,702	1898,83
288,927	1868,83
289,153	1866,83
289,378	2125,83
289,604	1883,83
289,829	1856,83
290,055	1813,83
290,28	1877,83
290,506	1942,83
290,731	1820,83
290,957	1940,83
291,182	1959,83
291,408	1978,83
291,633	1910,83
291,858	1922,83
292,084	1936,83
292,309	1821,83
292,535	1904,83
292,76	1977,83
292,985	1938,83
293,211	1847,83
293,436	1809,83
293,661	1774,83
293,886	1804,83
294,112	1805,83
294,337	2002,83
294,562	1773,83
294,787	2073,83
295,013	2021,83
295,238	1810,83
295,463	1916,83
295,688	2092,83
295,913	1912,83
296,138	1944,83
296,364	1887,83
296,589	1972,83
296,814	1821,83
297,039	1891,83
297,264	2042,83
297,489	1959,83
297,714	1893,83
297,939	1863,83
298,164	1853,83
298,389	1972,83
298,614	1807,83
298,839	2017,83
299,064	2000,83
299,289	2026,83
299,514	2023,83
299,739	1948,83
299,964	1915,83
300,189	1947,83
300,414	2031,83
300,639	2097,83
300,863	1924,83
301,088	2138,83
301,313	1937,83
301,538	1938,83
301,763	1946,83
301,988	2018,83
302,212	2037,83
302,437	2274,83
302,662	1961,83
302,887	1996,83
303,111	1985,83
303,336	2082,83
303,561	2038,83
303,786	2016,83
304,01	1999,83
304,235	2193,83
304,46	1895,83
304,684	2050,83
304,909	2008,83
305,134	1867,83
305,358	2129,83
305,583	2061,83
305,807	2223,83
306,032	1892,83
306,256	2028,83
306,481	1974,83
306,706	1963,83
306,93	1969,83
307,155	2198,83
307,379	2070,83
307,604	1983,83
307,828	2039,83
308,052	2318,83
308,277	2050,83
308,501	2112,83
308,726	2160,83
308,95	2095,83
309,175	2042,83
309,399	2178,83
309,623	2010,83
309,848	2081,83
310,072	1960,83
310,296	2372,83
310,521	2099,83
310,745	2059,83
310,969	2285,83
311,193	2220,83
311,418	2188,83
311,642	2170,83
311,866	2241,83
312,09	2240,83
312,315	2240,83
312,539	2344,83
312,763	2238,83
312,987	2344,83
313,211	2257,83
313,435	2416,83
313,659	2157,83
313,884	2595,83
314,108	2519,83
314,332	2554,83
314,556	2442,83
314,78	2547,83
315,004	2802,83
315,228	2739,83
315,452	2690,83
315,676	2773,83
315,9	2731,83
316,124	2636,83
316,348	2931,83
316,572	2921,83
316,796	3061,83
317,02	2995,83
317,244	3041,83
317,468	3054,83
317,691	3324,83
317,915	3317,83
318,139	3259,83
318,363	3595,83
318,587	3458,83
318,811	3396,83
319,034	3442,83
319,258	3658,83
319,482	3836,83
319,706	3789,83
319,93	3771,83
320,153	3739,83
320,377	3932,83
320,601	3888,83
320,824	3900,83
321,048	4283,83
321,272	4265,83
321,495	4213,83
321,719	4319,83
321,943	4234,83
322,166	4352,83
322,39	4448,83
322,614	4626,83
322,837	4529,83
323,061	4550,83
323,284	4774,83
323,508	4848,83
323,731	4681,83
323,955	4849,83
324,178	4786,83
324,402	5009,83
324,625	5006,83
324,849	4930,83
325,072	5140,83
325,296	5162,83
325,519	5135,83
325,743	5182,83
325,966	5301,83
326,189	5339,83
326,413	5296,83
326,636	5588,83
326,859	5292,83
327,083	5554,83
327,306	5224,83
327,529	5249,83
327,753	5203,83
327,976	5474,83
328,199	5537,83
328,422	5402,83
328,646	5421,83
328,869	5246,83
329,092	5517,83
329,315	5693,83
329,538	5495,83
329,762	5737,83
329,985	5648,83
330,208	5576,83
330,431	5769,83
330,654	5863,83
330,877	5846,83
331,1	5891,83
331,323	5758,83
331,546	6032,83
331,769	5988,83
331,993	5756,83
332,216	6256,83
332,439	5987,83
332,662	5933,83
332,885	5919,83
333,107	5909,83
333,33	5807,83
333,553	6471,83
333,776	5893,83
333,999	5978,83
334,222	5957,83
334,445	5917,83
334,668	6012,83
334,891	6089,83
335,114	5908,83
335,336	6046,83
335,559	6063,83
335,782	6355,83
336,005	5977,83
336,228	5925,83
336,45	6100,83
336,673	6101,83
336,896	6118,83
337,119	6094,83
337,341	5941,83
337,564	6110,83
337,787	6142,83
338,009	6123,83
338,232	6136,83
338,455	6168,83
338,677	6181,83
338,9	6154,83
339,122	6236,83
339,345	6131,83
339,568	5914,83
339,79	6074,83
340,013	6165,83
340,235	6290,83
340,458	6173,83
340,68	6305,83
340,903	5854,83
341,125	6136,83
341,348	6181,83
341,57	5941,83
341,793	6325,83
342,015	6057,83
342,238	6086,83
342,46	6197,83
342,682	6201,83
342,905	6273,83
343,127	6156,83
343,349	6040,83
343,572	6150,83
343,794	6060,83
344,016	6095,83
344,239	6079,83
344,461	6004,83
344,683	6073,83
344,905	6125,83
345,128	6090,83
345,35	6155,83
345,572	6376,83
345,794	6422,83
346,017	6284,83
346,239	6416,83
346,461	6433,83
346,683	6428,83
346,905	6618,83
347,127	6489,83
347,349	6520,83
347,571	6450,83
347,793	6746,83
348,016	6554,83
348,238	6615,83
348,46	6634,83
348,682	6604,83
348,904	6720,83
349,126	6660,83
349,348	6657,83
349,57	6630,83
349,792	6680,83
350,014	6718,83
350,235	6553,83
350,457	6875,83
350,679	6546,83
350,901	6677,83
351,123	6601,83
351,345	6669,83
351,567	6699,83
351,789	6709,83
352,01	6458,83
352,232	6499,83
352,454	6572,83
352,676	6666,83
352,897	6722,83
353,119	6411,83
353,341	6405,83
353,563	6370,83
353,784	6287,83
354,006	6426,83
354,228	6330,83
354,449	6498,83
354,671	6639,83
354,893	6705,83
355,114	6729,83
355,336	6756,83
355,558	6833,83
355,779	6812,83
356,001	7073,83
356,222	6872,83
356,444	6919,83
356,665	7606,83
356,887	6830,83
357,108	6950,83
357,33	6992,83
357,551	7140,83
357,773	6997,83
357,994	7014,83
358,216	6976,83
358,437	7146,83
358,659	7117,83
358,88	7001,83
359,101	7054,83
359,323	7415,83
359,544	6997,83
359,765	7035,83
359,987	7322,83
360,208	7093,83
360,429	7218,83
360,651	7108,83
360,872	7331,83
361,093	7129,83
361,314	7205,83
361,536	7143,83
361,757	7168,83
361,978	7219,83
362,199	7169,83
362,42	7006,83
362,642	7109,83
362,863	7242,83
363,084	7203,83
363,305	7321,83
363,526	7343,83
363,747	7048,83
363,968	7215,83
364,189	7272,83
364,41	7141,83
364,631	7112,83
364,852	7183,83
365,073	7258,83
365,294	7239,83
365,515	7145,83
365,736	7380,83
365,957	7296,83
366,178	7366,83
366,399	7407,83
366,62	7421,83
366,841	7541,83
367,062	7545,83
367,283	7499,83
367,504	7661,83
367,724	7378,83
367,945	7419,83
368,166	7728,83
368,387	7621,83
368,608	7460,83
368,828	7676,83
369,049	7490,83
369,27	7440,83
369,491	7602,83
369,711	7705,83
369,932	7735,83
370,153	7611,83
370,373	7743,83
370,594	7682,83
370,815	7686,83
371,035	7736,83
371,256	7532,83
371,477	7591,83
371,697	7582,83
371,918	7430,83
372,138	7694,83
372,359	7892,83
372,579	7593,83
372,8	7613,83
373,02	7674,83
373,241	7661,83
373,461	7744,83
373,682	7687,83
373,902	7736,83
374,123	7691,83
374,343	7862,83
374,564	7757,83
374,784	7756,83
375,004	7822,83
375,225	7585,83
375,445	7414,83
375,666	7680,83
375,886	7401,83
376,106	7377,83
376,326	7492,83
376,547	7710,83
376,767	7737,83
376,987	7797,83
377,208	7693,83
377,428	7822,83
377,648	8213,83
377,868	8104,83
378,088	8326,83
378,309	8096,83
378,529	8468,83
378,749	8303,83
378,969	8211,83
379,189	8431,83
379,409	8245,83
379,629	8080,83
379,849	8004,83
380,069	8060,83
380,29	7974,83
380,51	8100,83
380,73	8078,83
380,95	8191,83
381,17	7960,83
381,39	7939,83
381,61	7892,83
381,829	8033,83
382,049	7995,83
382,269	7918,83
382,489	7990,83
382,709	7863,83
382,929	7997,83
383,149	7839,83
383,369	8154,83
383,589	7822,83
383,808	7842,83
384,028	7872,83
384,248	7939,83
384,468	7963,83
384,688	7943,83
384,907	7927,83
385,127	7963,83
385,347	7976,83
385,567	8019,83
385,786	8137,83
386,006	8143,83
386,226	8205,83
386,445	8457,83
386,665	8402,83
386,885	8524,83
387,104	8394,83
387,324	8576,83
387,543	8786,83
387,763	8596,83
387,982	8773,83
388,202	8690,83
388,422	8782,83
388,641	8628,83
388,861	8689,83
389,08	8523,83
389,3	8331,83
389,519	8704,83
389,738	8346,83
389,958	8416,83
390,177	8584,83
390,397	8494,83
390,616	8534,83
390,836	8807,83
391,055	8567,83
391,274	8711,83
391,494	8573,83
391,713	8694,83
391,932	8927,83
392,151	9103,83
392,371	9067,83
392,59	9128,83
392,809	9200,83
393,029	9070,83
393,248	8852,83
393,467	8426,83
393,686	8355,83
393,905	9333,83
394,124	8388,83
394,344	8458,83
394,563	8468,83
394,782	8444,83
395,001	8540,83
395,22	8487,83
395,439	8489,83
395,658	8471,83
395,877	8662,83
396,096	8617,83
396,315	8787,83
396,534	8727,83
396,753	8717,83
396,972	8866,83
397,191	9097,83
397,41	9267,83
397,629	9287,83
397,848	9482,83
398,067	9445,83
398,286	9767,83
398,505	9440,83
398,724	9355,83
398,943	9587,83
399,161	8820,83
399,38	9047,83
399,599	8838,83
399,818	8746,83
400,037	8842,83
400,255	8602,83
400,474	8578,83
400,693	9041,83
400,912	8758,83
401,13	8628,83
401,349	8547,83
401,568	8469,83
401,786	8538,83
402,005	8305,83
402,224	8266,83
402,442	8310,83
402,661	8268,83
402,88	8250,83
403,098	8171,83
403,317	8285,83
403,535	8236,83
403,754	8138,83
403,972	8366,83
404,191	8312,83
404,409	8237,83
404,628	9153,83
404,846	8557,83
405,065	8548,83
405,283	8673,83
405,502	8501,83
405,72	8528,83
405,938	8318,83
406,157	8094,83
406,375	8127,83
406,594	8115,83
406,812	8119,83
407,03	8024,83
407,249	7812,83
407,467	7890,83
407,685	8045,83
407,903	8091,83
408,122	8476,83
408,34	8455,83
408,558	8356,83
408,776	8273,83
408,995	8323,83
409,213	8377,83
409,431	8380,83
409,649	8376,83
409,867	8171,83
410,085	8233,83
410,303	8205,83
410,522	7901,83
410,74	7951,83
410,958	7966,83
411,176	8129,83
411,394	7791,83
411,612	7815,83
411,83	8248,83
412,048	8165,83
412,266	8142,83
412,484	8235,83
412,702	8508,83
412,92	8061,83
413,138	8249,83
413,356	8019,83
413,573	8142,83
413,791	8279,83
414,009	7873,83
414,227	7967,83
414,445	7720,83
414,663	7762,83
414,881	7712,83
415,098	7683,83
415,316	7846,83
415,534	8149,83
415,752	7795,83
415,969	7977,83
416,187	7749,83
416,405	7647,83
416,623	8022,83
416,84	7657,83
417,058	7765,83
417,276	7919,83
417,493	7879,83
417,711	7817,83
417,928	7891,83
418,146	7783,83
418,364	7711,83
418,581	7906,83
418,799	7946,83
419,016	7770,83
419,234	7894,83
419,451	8429,83
419,669	7841,83
419,886	7971,83
420,104	7952,83
420,321	8202,83
420,539	8302,83
420,756	8514,83
420,974	8593,83
421,191	8709,83
421,408	8953,83
421,626	8883,83
421,843	8689,83
422,06	8551,83
422,278	8398,83
422,495	8371,83
422,712	8208,83
422,93	8341,83
423,147	8270,83
423,364	8108,83
423,581	8202,83
423,799	7942,83
424,016	8054,83
424,233	7941,83
424,45	7957,83
424,667	8063,83
424,884	8101,83
425,102	8141,83
425,319	7863,83
425,536	8031,83
425,753	7858,83
425,97	7532,83
426,187	7689,83
426,404	7660,83
426,621	8032,83
426,838	8117,83
427,055	8108,83
427,272	8116,83
427,489	8027,83
427,706	8157,83
427,923	7798,83
428,14	7882,83
428,357	8023,83
428,574	8042,83
428,791	8121,83
429,008	8304,83
429,224	8613,83
429,441	8577,83
429,658	9158,83
429,875	9288,83
430,092	9178,83
430,308	9027,83
430,525	8830,83
430,742	8540,83
430,959	8363,83
431,175	8140,83
431,392	7675,83
431,609	7537,83
431,826	7623,83
432,042	7241,83
432,259	7260,83
432,476	7539,83
432,692	7290,83
432,909	7515,83
433,125	7953,83
433,342	8237,83
433,559	8443,83
433,775	8209,83
433,992	8037,83
434,208	7627,83
434,425	7462,83
434,641	7561,83
434,858	7847,83
435,074	7683,83
435,291	7475,83
435,507	7451,83
435,723	7679,83
435,94	7636,83
436,156	7715,83
436,373	7883,83
436,589	7692,83
436,805	7911,83
437,022	7746,83
437,238	7550,83
437,454	7525,83
437,671	7358,83
437,887	7482,83
438,103	7584,83
438,319	7523,83
438,536	7698,83
438,752	7724,83
438,968	7498,83
439,184	7583,83
439,4	7410,83
439,616	7246,83
439,833	7357,83
440,049	7312,83
440,265	7510,83
440,481	7651,83
440,697	7917,83
440,913	8318,83
441,129	8293,83
441,345	8538,83
441,561	8429,83
441,777	8263,83
441,993	7875,83
442,209	7868,83
442,425	7846,83
442,641	7856,83
442,857	7968,83
443,073	8070,83
443,289	8105,83
443,505	8114,83
443,721	7990,83
443,937	7844,83
444,152	7776,83
444,368	7683,83
444,584	7629,83
444,8	7824,83
445,016	7654,83
445,231	7374,83
445,447	7627,83
445,663	7621,83
445,879	7610,83
446,094	7516,83
446,31	7674,83
446,526	7627,83
446,742	7430,83
446,957	7506,83
447,173	7405,83
447,388	7373,83
447,604	7431,83
447,82	7311,83
448,035	7316,83
448,251	7160,83
448,466	7312,83
448,682	7276,83
448,897	7145,83
449,113	7381,83
449,328	7245,83
449,544	7169,83
449,759	7579,83
449,975	7064,83
450,19	7119,83
450,406	7068,83
450,621	6938,83
450,836	6957,83
451,052	6924,83
451,267	6838,83
451,483	6878,83
451,698	6661,83
451,913	6898,83
452,129	6898,83
452,344	6770,83
452,559	6710,83
452,774	6637,83
452,99	6430,83
453,205	6596,83
453,42	6530,83
453,635	6472,83
453,85	6338,83
454,066	6531,83
454,281	6465,83
454,496	6440,83
454,711	6773,83
454,926	6489,83
455,141	6664,83
455,356	6603,83
455,571	6405,83
455,786	6368,83
456,001	6326,83
456,217	6148,83
456,432	6354,83
456,647	6371,83
456,861	6440,83
457,076	6549,83
457,291	6635,83
457,506	6547,83
457,721	6532,83
457,936	6828,83
458,151	6698,83
458,366	6883,83
458,581	6679,83
458,796	6949,83
459,01	6784,83
459,225	6657,83
459,44	6568,83
459,655	6708,83
459,87	6500,83
460,084	6474,83
460,299	6336,83
460,514	6426,83
460,729	6839,83
460,943	6341,83
461,158	6201,83
461,373	6240,83
461,587	5914,83
461,802	5782,83
462,016	5915,83
462,231	5769,83
462,446	5822,83
462,66	5757,83
462,875	5967,83
463,089	6017,83
463,304	6120,83
463,518	6154,83
463,733	6346,83
463,947	6204,83
464,162	6226,83
464,376	6400,83
464,591	6865,83
464,805	6425,83
465,02	6714,83
465,234	6765,83
465,448	6896,83
465,663	6755,83
465,877	6442,83
466,091	6306,83
466,306	6155,83
466,52	6189,83
466,734	5787,83
466,949	5749,83
467,163	5700,83
467,377	5551,83
467,591	5786,83
467,806	5687,83
468,02	5561,83
468,234	5611,83
468,448	5512,83
468,662	5414,83
468,876	5581,83
469,091	5177,83
469,305	5186,83
469,519	5106,83
469,733	4990,83
469,947	5074,83
470,161	5266,83
470,375	4785,83
470,589	5035,83
470,803	4987,83
471,017	4966,83
471,231	4971,83
471,445	4967,83
471,659	4998,83
471,873	5008,83
472,087	4900,83
472,301	5170,83
472,515	5269,83
472,728	5208,83
472,942	5392,83
473,156	5357,83
473,37	5601,83
473,584	5228,83
473,798	5301,83
474,011	5277,83
474,225	5084,83
474,439	5391,83
474,653	5391,83
474,866	5450,83
475,08	5568,83
475,294	5520,83
475,507	5253,83
475,721	5305,83
475,935	5253,83
476,148	5305,83
476,362	4923,83
476,576	5077,83
476,789	4983,83
477,003	5086,83
477,216	4990,83
477,43	5182,83
477,643	5293,83
477,857	5433,83
478,07	5290,83
478,284	5273,83
478,497	5136,83
478,711	5074,83
478,924	5050,83
479,138	5133,83
479,351	5172,83
479,564	5273,83
479,778	5532,83
479,991	5356,83
480,204	5328,83
480,418	5371,83
480,631	5248,83
480,844	5431,83
481,058	5381,83
481,271	5473,83
481,484	5628,83
481,697	5445,83
481,911	5260,83
482,124	5275,83
482,337	5305,83
482,55	5063,83
482,763	5077,83
482,976	5328,83
483,19	5176,83
483,403	5235,83
483,616	5344,83
483,829	5507,83
484,042	5490,83
484,255	5632,83
484,468	5780,83
484,681	5675,83
484,894	6061,83
485,107	8842,83
485,32	13861,83
485,533	16397,83
485,746	15477,83
485,959	13603,83
486,172	11525,83
486,385	9204,83
486,598	7384,83
486,81	6228,83
487,023	5827,83
487,236	5705,83
487,449	5400,83
487,662	5106,83
487,875	4936,83
488,087	4899,83
488,3	4814,83
488,513	4637,83
488,726	4635,83
488,938	4869,83
489,151	4794,83
489,364	4823,83
489,576	4787,83
489,789	4848,83
490,002	4748,83
490,214	4923,83
490,427	4549,83
490,64	4536,83
490,852	4735,83
491,065	4621,83
491,277	4544,83
491,49	4576,83
491,702	4415,83
491,915	4680,83
492,127	4658,83
492,34	4520,83
492,552	4573,83
492,765	4693,83
492,977	4784,83
493,19	4613,83
493,402	4624,83
493,614	4591,83
493,827	4552,83
494,039	4472,83
494,251	4504,83
494,464	4521,83
494,676	4263,83
494,888	4170,83
495,101	4218,83
495,313	4285,83
495,525	4309,83
495,737	4804,83
495,95	4765,83
496,162	4805,83
496,374	4655,83
496,586	4535,83
496,798	4438,83
497,01	4241,83
497,222	4094,83
497,435	4134,83
497,647	4057,83
497,859	4092,83
498,071	4141,83
498,283	4212,83
498,495	4208,83
498,707	4492,83
498,919	4332,83
499,131	4544,83
499,343	4377,83
499,555	4334,83
499,767	4249,83
499,979	4255,83
500,191	4393,83
500,402	4064,83
500,614	4278,83
500,826	4415,83
501,038	4314,83
501,25	4294,83
501,462	4210,83
501,673	4341,83
501,885	4281,83
502,097	4481,83
502,309	4292,83
502,521	4426,83
502,732	4331,83
502,944	4269,83
503,156	4202,83
503,367	4242,83
503,579	4047,83
503,791	4191,83
504,002	3992,83
504,214	4056,83
504,425	4181,83
504,637	4159,83
504,849	4076,83
505,06	4007,83
505,272	4057,83
505,483	3955,83
505,695	3998,83
505,906	3908,83
506,118	4086,83
506,329	4052,83
506,541	3879,83
506,752	3913,83
506,963	3764,83
507,175	3550,83
507,386	3951,83
507,598	3910,83
507,809	3814,83
508,02	3866,83
508,232	3968,83
508,443	3720,83
508,654	3912,83
508,865	3970,83
509,077	3437,83
509,288	3637,83
509,499	3843,83
509,71	3576,83
509,922	3703,83
510,133	3598,83
510,344	3764,83
510,555	3666,83
510,766	3593,83
510,977	3571,83
511,188	3557,83
511,4	3522,83
511,611	3363,83
511,822	3326,83
512,033	3285,83
512,244	3444,83
512,455	3519,83
512,666	3350,83
512,877	3526,83
513,088	3379,83
513,299	3355,83
513,51	3429,83
513,721	3291,83
513,931	3357,83
514,142	3376,83
514,353	3420,83
514,564	3185,83
514,775	3214,83
514,986	3222,83
515,196	3316,83
515,407	3256,83
515,618	3282,83
515,829	3269,83
516,04	3262,83
516,25	3180,83
516,461	3337,83
516,672	3260,83
516,882	3209,83
517,093	3371,83
517,304	2888,83
517,514	3105,83
517,725	3111,83
517,936	3061,83
518,146	3122,83
518,357	3208,83
518,567	3111,83
518,778	3600,83
518,988	3257,83
519,199	3399,83
519,409	3152,83
519,62	3127,83
519,83	3046,83
520,041	3029,83
520,251	3085,83
520,462	3049,83
520,672	3079,83
520,882	3150,83
521,093	3164,83
521,303	3264,83
521,513	3057,83
521,724	3784,83
521,934	2915,83
522,144	2981,83
522,355	2920,83
522,565	3027,83
522,775	2984,83
522,985	2973,83
523,196	2927,83
523,406	3039,83
523,616	3156,83
523,826	3065,83
524,036	3701,83
524,246	2933,83
524,457	2883,83
524,667	2811,83
524,877	2990,83
525,087	2960,83
525,297	3010,83
525,507	2996,83
525,717	2909,83
525,927	2774,83
526,137	2733,83
526,347	3041,83
526,557	2670,83
526,767	2856,83
526,977	3179,83
527,187	2899,83
527,397	2768,83
527,607	2753,83
527,816	2858,83
528,026	2867,83
528,236	3079,83
528,446	3209,83
528,656	3090,83
528,865	3247,83
529,075	2954,83
529,285	2939,83
529,495	2978,83
529,704	3025,83
529,914	2901,83
530,124	2894,83
530,334	2835,83
530,543	2775,83
530,753	3029,83
530,963	3245,83
531,172	2789,83
531,382	2763,83
531,591	3038,83
531,801	2645,83
532,01	2785,83
532,22	2813,83
532,43	2848,83
532,639	3197,83
532,849	3043,83
533,058	3022,83
533,267	3134,83
533,477	2903,83
533,686	2860,83
533,896	2895,83
534,105	2845,83
534,315	2996,83
534,524	2898,83
534,733	2939,83
534,943	2933,83
535,152	2943,83
535,361	2876,83
535,57	2707,83
535,78	2732,83
535,989	2626,83
536,198	2637,83
536,407	2536,83
536,617	2582,83
536,826	2545,83
537,035	2705,83
537,244	2614,83
537,453	2569,83
537,662	2824,83
537,872	2883,83
538,081	2735,83
538,29	2672,83
538,499	2655,83
538,708	2490,83
538,917	2767,83
539,126	2847,83
539,335	2771,83
539,544	3139,83
539,753	2620,83
539,962	2670,83
540,171	2623,83
540,38	2823,83
540,589	2746,83
540,797	2894,83
541,006	2740,83
541,215	2669,83
541,424	2910,83
541,633	2752,83
541,842	2732,83
542,05	2929,83
542,259	2777,83
542,468	2809,83
542,677	2757,83
542,885	2728,83
543,094	2846,83
543,303	2714,83
543,512	2617,83
543,72	2943,83
543,929	3020,83
544,138	2694,83
544,346	2771,83
544,555	2674,83
544,763	2921,83
544,972	2759,83
545,18	2591,83
545,389	2720,83
545,598	2562,83
545,806	2657,83
546,015	2543,83
546,223	2588,83
546,431	2622,83
546,64	2583,83
546,848	2609,83
547,057	2769,83
547,265	2801,83
547,474	2966,83
547,682	3001,83
547,89	2989,83
548,099	2802,83
548,307	2671,83
548,515	2799,83
548,723	2689,83
548,932	2429,83
549,14	2496,83
549,348	2566,83
549,556	2481,83
549,765	2492,83
549,973	2406,83
550,181	2537,83
550,389	2506,83
550,597	2552,83
550,805	2314,83
551,014	2510,83
551,222	5822,83
551,43	2337,83
551,638	2700,83
551,846	2867,83
552,054	2832,83
552,262	2672,83
552,47	2501,83
552,678	2507,83
552,886	2586,83
553,094	2414,83
553,302	2585,83
553,51	2521,83
553,717	2620,83
553,925	2325,83
554,133	2613,83
554,341	2265,83
554,549	2432,83
554,757	2448,83
554,965	2571,83
555,172	2492,83
555,38	2765,83
555,588	2409,83
555,796	2647,83
556,003	2627,83
556,211	2275,83
556,419	2374,83
556,626	2444,83
556,834	2264,83
557,042	2333,83
557,249	2334,83
557,457	2406,83
557,664	2216,83
557,872	2264,83
558,08	2193,83
558,287	2277,83
558,495	2325,83
558,702	2061,83
558,91	2275,83
559,117	2140,83
559,325	2185,83
559,532	2229,83
559,74	2497,83
559,947	2180,83
560,154	2455,83
560,362	2290,83
560,569	2355,83
560,776	2033,83
560,984	2382,83
561,191	2292,83
561,398	1975,83
561,606	2524,83
561,813	2195,83
562,02	2009,83
562,227	2006,83
562,435	2121,83
562,642	2210,83
562,849	2206,83
563,056	2174,83
563,263	2139,83
563,471	2329,83
563,678	2357,83
563,885	2205,83
564,092	2321,83
564,299	2164,83
564,506	2274,83
564,713	2089,83
564,92	2309,83
565,127	2281,83
565,334	2117,83
565,541	2438,83
565,748	2209,83
565,955	2132,83
566,162	2172,83
566,369	2244,83
566,576	2378,83
566,783	2444,83
566,99	2407,83
567,196	2460,83
567,403	2500,83
567,61	2528,83
567,817	2367,83
568,024	2519,83
568,23	2564,83
568,437	2547,83
568,644	2816,83
568,851	2710,83
569,057	3073,83
569,264	3093,83
569,471	3225,83
569,677	3147,83
569,884	3119,83
570,091	3242,83
570,297	3830,83
570,504	3333,83
570,71	3210,83
570,917	3195,83
571,123	3080,83
571,33	3176,83
571,536	3339,83
571,743	3467,83
571,949	2989,83
572,156	2794,83
572,362	2774,83
572,569	2644,83
572,775	2978,83
572,982	3404,83
573,188	3288,83
573,394	3153,83
573,601	3096,83
573,807	3275,83
574,013	3712,83
574,22	3293,83
574,426	3074,83
574,632	3308,83
574,838	3152,83
575,045	2853,83
575,251	2780,83
575,457	2723,83
575,663	2824,83
575,869	2815,83
576,076	3013,83
576,282	3129,83
576,488	3132,83
576,694	3163,83
576,9	2880,83
577,106	3218,83
577,312	3713,83
577,518	3964,83
577,724	3711,83
577,93	3304,83
578,136	2986,83
578,342	2900,83
578,548	2616,83
578,754	2667,83
578,96	2566,83
579,166	2786,83
579,372	3143,83
579,578	2916,83
579,784	3017,83
579,989	2986,83
580,195	2828,83
580,401	2830,83
580,607	2871,83
580,813	3507,83
581,018	4245,83
581,224	4365,83
581,43	4021,83
581,636	3676,83
581,841	3722,83
582,047	3291,83
582,253	3088,83
582,458	2844,83
582,664	2515,83
582,869	2431,83
583,075	2206,83
583,281	2527,83
583,486	2313,83
583,692	2451,83
583,897	2658,83
584,103	2567,83
584,308	2683,83
584,514	2869,83
584,719	3061,83
584,925	3012,83
585,13	2840,83
585,335	2773,83
585,541	2742,83
585,746	2786,83
585,952	2318,83
586,157	2254,83
586,362	2219,83
586,568	2543,83
586,773	2597,83
586,978	2517,83
587,183	2750,83
587,389	2492,83
587,594	2278,83
587,799	2345,83
588,004	2387,83
588,21	2291,83
588,415	2047,83
588,62	2130,83
588,825	2106,83
589,03	1927,83
589,235	2272,83
589,44	2126,83
589,645	1969,83
589,85	1992,83
590,055	2127,83
590,26	1864,83
590,465	1810,83
590,67	1899,83
590,875	1887,83
591,08	1846,83
591,285	1818,83
591,49	1811,83
591,695	1773,83
591,9	1820,83
592,105	1883,83
592,31	2061,83
592,515	2411,83
592,719	2040,83
592,924	2012,83
593,129	1961,83
593,334	1947,83
593,539	1826,83
593,743	1932,83
593,948	1681,83
594,153	1704,83
594,357	2016,83
594,562	1835,83
594,767	2248,83
594,971	1766,83
595,176	1630,83
595,381	1810,83
595,585	1642,83
595,79	1770,83
595,994	1578,83
596,199	2012,83
596,403	1365,83
596,608	1611,83
596,812	1627,83
597,017	1793,83
597,221	1847,83
597,426	1748,83
597,63	1660,83
597,835	1553,83
598,039	1542,83
598,243	1617,83
598,448	1945,83
598,652	1883,83
598,856	1724,83
599,061	1818,83
599,265	1606,83
599,469	1695,83
599,673	1731,83
599,878	1794,83
600,082	1643,83
600,286	1676,83
600,49	1654,83
600,695	1530,83
600,899	1682,83
601,103	1630,83
601,307	1696,83
601,511	1650,83
601,715	1530,83
601,919	1484,83
602,123	1743,83
602,327	1628,83
602,531	1608,83
602,735	1758,83
602,939	1700,83
603,143	1634,83
603,347	1711,83
603,551	1797,83
603,755	1697,83
603,959	1611,83
604,163	1650,83
604,367	1395,83
604,571	1487,83
604,775	1675,83
604,978	1581,83
605,182	1529,83
605,386	1678,83
605,59	1557,83
605,793	1571,83
605,997	1739,83
606,201	1522,83
606,405	1589,83
606,608	1679,83
606,812	1612,83
607,016	1699,83
607,219	1488,83
607,423	1564,83
607,627	1628,83
607,83	1504,83
608,034	1494,83
608,237	1584,83
608,441	1453,83
608,644	1621,83
608,848	1560,83
609,051	1550,83
609,255	1461,83
609,458	1699,83
609,662	1588,83
609,865	1624,83
610,069	1499,83
610,272	1375,83
610,475	1449,83
610,679	1463,83
610,882	1452,83
611,085	1535,83
611,289	1480,83
611,492	1443,83
611,695	1460,83
611,898	1613,83
612,102	1573,83
612,305	1521,83
612,508	1514,83
612,711	1631,83
612,914	1594,83
613,118	1552,83
613,321	1636,83
613,524	1466,83
613,727	1460,83
613,93	1416,83
614,133	1530,83
614,336	1578,83
614,539	1527,83
614,742	1398,83
614,945	1464,83
615,148	1562,83
615,351	1463,83
615,554	1625,83
615,757	1460,83
615,96	1444,83
616,163	1456,83
616,366	1592,83
616,569	1465,83
616,772	1563,83
616,974	1462,83
617,177	1626,83
617,38	1505,83
617,583	1553,83
617,786	1471,83
617,988	1390,83
618,191	1557,83
618,394	1430,83
618,596	1400,83
618,799	1454,83
619,002	1472,83
619,204	1525,83
619,407	1461,83
619,61	1204,83
619,812	1446,83
620,015	1392,83
620,217	1577,83
620,42	1435,83
620,623	1476,83
620,825	1377,83
621,028	1624,83
621,23	1499,83
621,432	1613,83
621,635	1604,83
621,837	1514,83
622,04	1463,83
622,242	1439,83
622,445	1466,83
622,647	1475,83
622,849	1577,83
623,052	1345,83
623,254	1514,83
623,456	1317,83
623,658	1618,83
623,861	1585,83
624,063	1553,83
624,265	1479,83
624,467	1609,83
624,67	1377,83
624,872	1540,83
625,074	1651,83
625,276	1569,83
625,478	1585,83
625,68	1325,83
625,882	1284,83
626,084	1464,83
626,287	1619,83
626,489	1545,83
626,691	1475,83
626,893	1494,83
627,095	1549,83
627,297	1477,83
627,499	1448,83
627,7	1293,83
627,902	1391,83
628,104	1365,83
628,306	1400,83
628,508	1352,83
628,71	1500,83
628,912	1363,83
629,114	1483,83
629,315	1576,83
629,517	1340,83
629,719	1534,83
629,921	1406,83
630,122	1467,83
630,324	1425,83
630,526	1553,83
630,728	1478,83
630,929	1375,83
631,131	1350,83
631,332	1659,83
631,534	1520,83
631,736	1462,83
631,937	1367,83
632,139	1512,83
632,34	1427,83
632,542	1416,83
632,743	1521,83
632,945	1338,83
633,146	1444,83
633,348	1514,83
633,549	1444,83
633,751	1338,83
633,952	1344,83
634,154	1246,83
634,355	1329,83
634,556	1363,83
634,758	1428,83
634,959	1342,83
635,16	1489,83
635,362	1344,83
635,563	1481,83
635,764	1434,83
635,965	1489,83
636,167	1403,83
636,368	1443,83
636,569	1359,83
636,77	1512,83
636,971	1315,83
637,172	1254,83
637,374	1249,83
637,575	1503,83
637,776	1268,83
637,977	1339,83
638,178	1559,83
638,379	1492,83
638,58	1481,83
638,781	1248,83
638,982	1369,83
639,183	1383,83
639,384	1339,83
639,585	1305,83
639,786	1299,83
639,987	1351,83
640,187	1512,83
640,388	1424,83
640,589	1309,83
640,79	1381,83
640,991	1334,83
641,192	1580,83
641,392	1321,83
641,593	1333,83
641,794	1213,83
641,995	1319,83
642,195	1185,83
642,396	1316,83
642,597	1233,83
642,797	1328,83
642,998	1435,83
643,199	1316,83
643,399	1406,83
643,6	1269,83
643,8	1221,83
644,001	1343,83
644,202	1392,83
644,402	1317,83
644,603	1387,83
644,803	1266,83
645,004	1374,83
645,204	1214,83
645,404	1309,83
645,605	1809,83
645,805	1275,83
646,006	1459,83
646,206	1727,83
646,406	1305,83
646,607	973,83
646,807	1000,83
647,007	-11,17
647,208	-14,17
647,408	-2,17
647,608	-14,17
