200,697	865,17
200,927	-22,83
201,158	17,17
201,388	-13,83
201,618	1530,17
201,849	1405,17
202,079	1697,17
202,309	1545,17
202,539	1642,17
202,77	1538,17
203	1678,17
203,23	1650,17
203,46	1670,17
203,691	1716,17
203,921	1721,17
204,151	1650,17
204,381	1583,17
204,611	1732,17
204,841	1552,17
205,071	1708,17
205,302	1812,17
205,532	1647,17
205,762	3802,17
205,992	1619,17
206,222	1598,17
206,452	1655,17
206,682	1583,17
206,912	1704,17
207,142	1714,17
207,372	1668,17
207,602	1602,17
207,832	1577,17
208,062	1708,17
208,292	1753,17
208,522	1513,17
208,752	1642,17
208,982	1575,17
209,212	1837,17
209,442	1630,17
209,672	1599,17
209,902	1590,17
210,131	2020,17
210,361	1525,17
210,591	1655,17
210,821	1622,17
211,051	1781,17
211,281	1692,17
211,51	1703,17
211,74	1713,17
211,97	1628,17
212,2	1698,17
212,429	1940,17
212,659	1740,17
212,889	1693,17
213,119	1536,17
213,348	1576,17
213,578	1802,17
213,808	1833,17
214,037	1776,17
214,267	1771,17
214,497	1652,17
214,726	1599,17
214,956	1470,17
215,186	1593,17
215,415	1697,17
215,645	1689,17
215,874	1781,17
216,104	1809,17
216,333	1702,17
216,563	1815,17
216,792	1729,17
217,022	1815,17
217,251	1772,17
217,481	1607,17
217,71	1710,17
217,94	1635,17
218,169	1698,17
218,399	1730,17
218,628	1608,17
218,858	1792,17
219,087	1748,17
219,316	1801,17
219,546	1710,17
219,775	1742,17
220,004	2108,17
220,234	1630,17
220,463	1706,17
220,692	1675,17
220,922	1752,17
221,151	1859,17
221,38	1672,17
221,61	2066,17
221,839	1891,17
222,068	1756,17
222,297	1864,17
222,526	1785,17
222,756	1809,17
222,985	1824,17
223,214	1721,17
223,443	1695,17
223,672	2143,17
223,902	1586,17
224,131	1807,17
224,36	1865,17
224,589	1639,17
224,818	1689,17
225,047	1805,17
225,276	1652,17
225,505	2038,17
225,734	1738,17
225,963	1607,17
226,192	1705,17
226,421	1740,17
226,65	1797,17
226,879	1760,17
227,108	1850,17
227,337	1841,17
227,566	1978,17
227,795	1777,17
228,024	1759,17
228,253	1686,17
228,482	1680,17
228,711	1783,17
228,94	1610,17
229,168	1961,17
229,397	1837,17
229,626	1797,17
229,855	1695,17
230,084	1695,17
230,313	1601,17
230,541	1910,17
230,77	1645,17
230,999	1521,17
231,228	1949,17
231,456	1857,17
231,685	1684,17
231,914	1863,17
232,143	1753,17
232,371	1803,17
232,6	1782,17
232,829	1721,17
233,057	1789,17
233,286	1787,17
233,515	1618,17
233,743	1724,17
233,972	1636,17
234,2	1820,17
234,429	1721,17
234,658	1799,17
234,886	1708,17
235,115	1745,17
235,343	1623,17
235,572	1689,17
235,8	1819,17
236,029	2097,17
236,257	1710,17
236,486	1820,17
236,714	1934,17
236,943	1878,17
237,171	1691,17
237,399	1786,17
237,628	1848,17
237,856	1913,17
238,085	1814,17
238,313	1646,17
238,541	1851,17
238,77	2029,17
238,998	1683,17
239,226	1801,17
239,455	1795,17
239,683	1881,17
239,911	1725,17
240,14	1910,17
240,368	1903,17
240,596	1794,17
240,824	1846,17
241,053	1767,17
241,281	1752,17
241,509	1830,17
241,737	1713,17
241,965	1645,17
242,193	1730,17
242,422	1724,17
242,65	1755,17
242,878	1808,17
243,106	1841,17
243,334	1788,17
243,562	1840,17
243,79	1891,17
244,018	1951,17
244,246	1803,17
244,474	1823,17
244,702	1790,17
244,93	1845,17
245,158	1844,17
245,386	1805,17
245,614	1788,17
245,842	1953,17
246,07	1757,17
246,298	1900,17
246,526	2312,17
246,754	1806,17
246,982	1824,17
247,21	1885,17
247,438	1816,17
247,666	1816,17
247,893	1878,17
248,121	1952,17
248,349	1817,17
248,577	1849,17
248,805	1939,17
249,033	1735,17
249,26	1877,17
249,488	1808,17
249,716	1863,17
249,944	1822,17
250,171	1804,17
250,399	1831,17
250,627	1991,17
250,854	1829,17
251,082	1782,17
251,31	1919,17
251,537	1837,17
251,765	2093,17
251,993	1761,17
252,22	2185,17
252,448	1691,17
252,676	1982,17
252,903	1941,17
253,131	2150,17
253,358	1742,17
253,586	1707,17
253,813	1654,17
254,041	1941,17
254,268	1735,17
254,496	1831,17
254,723	1831,17
254,951	1876,17
255,178	1869,17
255,406	1826,17
255,633	1825,17
255,86	2033,17
256,088	1898,17
256,315	1821,17
256,543	1964,17
256,77	1907,17
256,997	1880,17
257,225	1950,17
257,452	1873,17
257,679	1830,17
257,907	1983,17
258,134	2070,17
258,361	1990,17
258,588	1815,17
258,816	1914,17
259,043	1842,17
259,27	1897,17
259,497	1994,17
259,725	1801,17
259,952	1838,17
260,179	1776,17
260,406	1967,17
260,633	1903,17
260,86	1885,17
261,088	1855,17
261,315	2122,17
261,542	1811,17
261,769	1918,17
261,996	2162,17
262,223	2045,17
262,45	2064,17
262,677	1786,17
262,904	1790,17
263,131	1941,17
263,358	1966,17
263,585	1859,17
263,812	2100,17
264,039	2017,17
264,266	1895,17
264,493	1937,17
264,72	1809,17
264,947	1945,17
265,174	2171,17
265,401	2043,17
265,627	2095,17
265,854	1917,17
266,081	1965,17
266,308	1951,17
266,535	1799,17
266,762	1856,17
266,988	2142,17
267,215	1981,17
267,442	1952,17
267,669	2001,17
267,896	2000,17
268,122	2087,17
268,349	1978,17
268,576	1712,17
268,802	1836,17
269,029	1836,17
269,256	1903,17
269,482	1891,17
269,709	1847,17
269,936	1927,17
270,162	2150,17
270,389	1953,17
270,616	2001,17
270,842	2044,17
271,069	1953,17
271,295	1957,17
271,522	1873,17
271,748	1915,17
271,975	2169,17
272,201	2079,17
272,428	1990,17
272,654	1955,17
272,881	2173,17
273,107	1917,17
273,334	2203,17
273,56	2091,17
273,787	1862,17
274,013	1929,17
274,239	2257,17
274,466	1961,17
274,692	1974,17
274,918	2048,17
275,145	2082,17
275,371	1934,17
275,597	2148,17
275,824	2007,17
276,05	1987,17
276,276	2072,17
276,503	1903,17
276,729	1979,17
276,955	1971,17
277,181	1947,17
277,407	1928,17
277,634	2109,17
277,86	1925,17
278,086	2005,17
278,312	1982,17
278,538	1926,17
278,764	2064,17
278,991	2045,17
279,217	1883,17
279,443	1925,17
279,669	1918,17
279,895	2062,17
280,121	1955,17
280,347	1960,17
280,573	1951,17
280,799	1934,17
281,025	2149,17
281,251	1945,17
281,477	1938,17
281,703	1896,17
281,929	1924,17
282,155	1953,17
282,381	2049,17
282,607	2013,17
282,833	2206,17
283,059	2007,17
283,285	1917,17
283,51	1951,17
283,736	1854,17
283,962	1953,17
284,188	2005,17
284,414	1917,17
284,64	2016,17
284,865	2064,17
285,091	1976,17
285,317	2008,17
285,543	2135,17
285,768	2048,17
285,994	2039,17
286,22	2163,17
286,446	1976,17
286,671	1916,17
286,897	1976,17
287,123	1962,17
287,348	1966,17
287,574	2599,17
287,799	2034,17
288,025	1926,17
288,251	2204,17
288,476	2009,17
288,702	2067,17
288,927	1965,17
289,153	1902,17
289,378	2208,17
289,604	2094,17
289,829	1988,17
290,055	1972,17
290,28	2053,17
290,506	2150,17
290,731	1790,17
290,957	2167,17
291,182	2087,17
291,408	2212,17
291,633	2095,17
291,858	1989,17
292,084	2099,17
292,309	1885,17
292,535	2035,17
292,76	2173,17
292,985	2173,17
293,211	2035,17
293,436	1849,17
293,661	1944,17
293,886	1942,17
294,112	2057,17
294,337	2020,17
294,562	1830,17
294,787	2176,17
295,013	2080,17
295,238	1939,17
295,463	2027,17
295,688	2232,17
295,913	2107,17
296,138	2143,17
296,364	2053,17
296,589	2119,17
296,814	1930,17
297,039	2027,17
297,264	2175,17
297,489	2072,17
297,714	2097,17
297,939	2001,17
298,164	2056,17
298,389	2171,17
298,614	2007,17
298,839	2055,17
299,064	2170,17
299,289	2087,17
299,514	2173,17
299,739	2106,17
299,964	2015,17
300,189	2290,17
300,414	2189,17
300,639	2232,17
300,863	2041,17
301,088	2504,17
301,313	2095,17
301,538	2122,17
301,763	1964,17
301,988	2167,17
302,212	2150,17
302,437	2514,17
302,662	2031,17
302,887	2130,17
303,111	2179,17
303,336	2178,17
303,561	2177,17
303,786	2057,17
304,01	2210,17
304,235	2201,17
304,46	1792,17
304,684	2121,17
304,909	2058,17
305,134	2003,17
305,358	2204,17
305,583	2068,17
305,807	2398,17
306,032	1910,17
306,256	2121,17
306,481	2127,17
306,706	2066,17
306,93	2009,17
307,155	2345,17
307,379	2119,17
307,604	2102,17
307,828	2043,17
308,052	2301,17
308,277	2189,17
308,501	2241,17
308,726	2197,17
308,95	2166,17
309,175	2033,17
309,399	2236,17
309,623	2003,17
309,848	1981,17
310,072	1986,17
310,296	2490,17
310,521	2095,17
310,745	2033,17
310,969	2373,17
311,193	2230,17
311,418	2159,17
311,642	2129,17
311,866	2176,17
312,09	2128,17
312,315	2118,17
312,539	2238,17
312,763	2088,17
312,987	2208,17
313,211	2076,17
313,435	2244,17
313,659	2048,17
313,884	2729,17
314,108	2205,17
314,332	2230,17
314,556	2125,17
314,78	2313,17
315,004	2247,17
315,228	2278,17
315,452	2214,17
315,676	2266,17
315,9	2172,17
316,124	1925,17
316,348	2122,17
316,572	2190,17
316,796	2174,17
317,02	2074,17
317,244	2153,17
317,468	1973,17
317,691	2341,17
317,915	2106,17
318,139	2082,17
318,363	2491,17
318,587	2118,17
318,811	1865,17
319,034	2020,17
319,258	2211,17
319,482	2266,17
319,706	2141,17
319,93	2027,17
320,153	2106,17
320,377	1954,17
320,601	2111,17
320,824	1922,17
321,048	2240,17
321,272	2163,17
321,495	2144,17
321,719	2048,17
321,943	2065,17
322,166	2077,17
322,39	2082,17
322,614	2201,17
322,837	2337,17
323,061	2098,17
323,284	2129,17
323,508	2154,17
323,731	2004,17
323,955	1885,17
324,178	2111,17
324,402	2167,17
324,625	2101,17
324,849	1956,17
325,072	2142,17
325,296	2224,17
325,519	2134,17
325,743	2052,17
325,966	2203,17
326,189	2229,17
326,413	2076,17
326,636	2472,17
326,859	2133,17
327,083	2542,17
327,306	1968,17
327,529	2029,17
327,753	1943,17
327,976	2263,17
328,199	2367,17
328,422	2125,17
328,646	2175,17
328,869	1952,17
329,092	2171,17
329,315	2268,17
329,538	2029,17
329,762	2070,17
329,985	2043,17
330,208	2018,17
330,431	2107,17
330,654	2226,17
330,877	2235,17
331,1	2142,17
331,323	2093,17
331,546	2230,17
331,769	2170,17
331,993	2025,17
332,216	2101,17
332,439	2066,17
332,662	2134,17
332,885	2152,17
333,107	1963,17
333,33	1965,17
333,553	2285,17
333,776	2013,17
333,999	2101,17
334,222	1987,17
334,445	2023,17
334,668	2087,17
334,891	2098,17
335,114	2015,17
335,336	2095,17
335,559	2177,17
335,782	2415,17
336,005	2046,17
336,228	2028,17
336,45	1966,17
336,673	1988,17
336,896	2125,17
337,119	2116,17
337,341	2001,17
337,564	1955,17
337,787	2143,17
338,009	2013,17
338,232	2194,17
338,455	2242,17
338,677	2089,17
338,9	2088,17
339,122	2395,17
339,345	1933,17
339,568	1960,17
339,79	2113,17
340,013	2176,17
340,235	2263,17
340,458	2019,17
340,68	2250,17
340,903	2016,17
341,125	2024,17
341,348	2081,17
341,57	2039,17
341,793	2211,17
342,015	1942,17
342,238	2067,17
342,46	2089,17
342,682	2456,17
342,905	2063,17
343,127	2144,17
343,349	2046,17
343,572	2128,17
343,794	1963,17
344,016	2001,17
344,239	2151,17
344,461	1984,17
344,683	1957,17
344,905	2023,17
345,128	1963,17
345,35	2102,17
345,572	2173,17
345,794	2244,17
346,017	2054,17
346,239	2081,17
346,461	1984,17
346,683	1977,17
346,905	2179,17
347,127	2017,17
347,349	1908,17
347,571	1991,17
347,793	2241,17
348,016	2095,17
348,238	2043,17
348,46	2278,17
348,682	2030,17
348,904	2101,17
349,126	2100,17
349,348	2071,17
349,57	1939,17
349,792	2078,17
350,014	2118,17
350,235	2023,17
350,457	2915,17
350,679	2075,17
350,901	1766,17
351,123	1922,17
351,345	2005,17
351,567	2120,17
351,789	2117,17
352,01	2063,17
352,232	2026,17
352,454	1980,17
352,676	2161,17
352,897	2045,17
353,119	1990,17
353,341	2044,17
353,563	1993,17
353,784	1972,17
354,006	2068,17
354,228	2016,17
354,449	1970,17
354,671	2166,17
354,893	2230,17
355,114	2115,17
355,336	2052,17
355,558	2017,17
355,779	2079,17
356,001	2116,17
356,222	2053,17
356,444	2051,17
356,665	2799,17
356,887	2026,17
357,108	2001,17
357,33	2050,17
357,551	2273,17
357,773	2063,17
357,994	2041,17
358,216	1942,17
358,437	2097,17
358,659	2215,17
358,88	2017,17
359,101	2079,17
359,323	2027,17
359,544	2005,17
359,765	1982,17
359,987	2051,17
360,208	2078,17
360,429	2083,17
360,651	1979,17
360,872	2213,17
361,093	2099,17
361,314	2027,17
361,536	1996,17
361,757	2045,17
361,978	1961,17
362,199	1941,17
362,42	1865,17
362,642	1993,17
362,863	2183,17
363,084	2025,17
363,305	2081,17
363,526	2026,17
363,747	1977,17
363,968	1943,17
364,189	2185,17
364,41	1972,17
364,631	1977,17
364,852	2173,17
365,073	1924,17
365,294	2034,17
365,515	1942,17
365,736	2027,17
365,957	2041,17
366,178	2062,17
366,399	2030,17
366,62	2091,17
366,841	1955,17
367,062	2179,17
367,283	2025,17
367,504	2076,17
367,724	2088,17
367,945	1869,17
368,166	2189,17
368,387	2057,17
368,608	2028,17
368,828	2171,17
369,049	1978,17
369,27	1966,17
369,491	1984,17
369,711	2079,17
369,932	2151,17
370,153	2028,17
370,373	1971,17
370,594	2273,17
370,815	2065,17
371,035	2235,17
371,256	1887,17
371,477	1941,17
371,697	2061,17
371,918	1989,17
372,138	2083,17
372,359	2302,17
372,579	1975,17
372,8	2001,17
373,02	2142,17
373,241	2159,17
373,461	2119,17
373,682	2033,17
373,902	2132,17
374,123	1968,17
374,343	2305,17
374,564	1957,17
374,784	2036,17
375,004	2145,17
375,225	1967,17
375,445	1975,17
375,666	2297,17
375,886	1961,17
376,106	2278,17
376,326	2042,17
376,547	2122,17
376,767	2156,17
376,987	2033,17
377,208	2063,17
377,428	1955,17
377,648	2090,17
377,868	2118,17
378,088	2249,17
378,309	2175,17
378,529	2350,17
378,749	2259,17
378,969	2006,17
379,189	2123,17
379,409	2150,17
379,629	2237,17
379,849	2144,17
380,069	2065,17
380,29	2030,17
380,51	2040,17
380,73	2157,17
380,95	2324,17
381,17	2085,17
381,39	2102,17
381,61	1951,17
381,829	2063,17
382,049	2074,17
382,269	1964,17
382,489	2136,17
382,709	2018,17
382,929	2136,17
383,149	2146,17
383,369	2432,17
383,589	1871,17
383,808	2114,17
384,028	2116,17
384,248	2126,17
384,468	2075,17
384,688	2072,17
384,907	2134,17
385,127	2115,17
385,347	2088,17
385,567	2094,17
385,786	2228,17
386,006	2038,17
386,226	2154,17
386,445	2117,17
386,665	2104,17
386,885	2206,17
387,104	2124,17
387,324	2123,17
387,543	2191,17
387,763	2096,17
387,982	2228,17
388,202	2184,17
388,422	2131,17
388,641	2055,17
388,861	2294,17
389,08	2231,17
389,3	2171,17
389,519	2305,17
389,738	2124,17
389,958	2115,17
390,177	2107,17
390,397	2233,17
390,616	2126,17
390,836	2262,17
391,055	2178,17
391,274	2260,17
391,494	2122,17
391,713	2161,17
391,932	2331,17
392,151	2239,17
392,371	2073,17
392,59	2214,17
392,809	2537,17
393,029	2279,17
393,248	2254,17
393,467	2109,17
393,686	2138,17
393,905	3242,17
394,124	2132,17
394,344	2246,17
394,563	2201,17
394,782	2096,17
395,001	2258,17
395,22	2099,17
395,439	2204,17
395,658	2086,17
395,877	2221,17
396,096	2098,17
396,315	2279,17
396,534	2170,17
396,753	2152,17
396,972	2066,17
397,191	2243,17
397,41	2168,17
397,629	2262,17
397,848	2229,17
398,067	2208,17
398,286	2192,17
398,505	2189,17
398,724	2291,17
398,943	2790,17
399,161	2126,17
399,38	2181,17
399,599	2262,17
399,818	2155,17
400,037	2249,17
400,255	2113,17
400,474	2132,17
400,693	2248,17
400,912	2311,17
401,13	2139,17
401,349	2227,17
401,568	2134,17
401,786	2369,17
402,005	2287,17
402,224	2142,17
402,442	2209,17
402,661	2235,17
402,88	2166,17
403,098	2096,17
403,317	2219,17
403,535	2240,17
403,754	2052,17
403,972	2265,17
404,191	2047,17
404,409	2092,17
404,628	2872,17
404,846	2198,17
405,065	2269,17
405,283	2246,17
405,502	2094,17
405,72	2147,17
405,938	2052,17
406,157	2098,17
406,375	2035,17
406,594	2248,17
406,812	2103,17
407,03	1974,17
407,249	1971,17
407,467	2212,17
407,685	2209,17
407,903	2056,17
408,122	2327,17
408,34	2205,17
408,558	2201,17
408,776	2105,17
408,995	2121,17
409,213	2146,17
409,431	2302,17
409,649	2217,17
409,867	2121,17
410,085	2184,17
410,303	2375,17
410,522	2066,17
410,74	2003,17
410,958	2068,17
411,176	2177,17
411,394	2020,17
411,612	2080,17
411,83	2318,17
412,048	2155,17
412,266	2155,17
412,484	2075,17
412,702	2346,17
412,92	2025,17
413,138	2264,17
413,356	2094,17
413,573	2264,17
413,791	2511,17
414,009	2214,17
414,227	2351,17
414,445	2151,17
414,663	2121,17
414,881	2006,17
415,098	2224,17
415,316	2150,17
415,534	2829,17
415,752	2107,17
415,969	2325,17
416,187	2031,17
416,405	2120,17
416,623	2239,17
416,84	1911,17
417,058	2127,17
417,276	2266,17
417,493	2208,17
417,711	2051,17
417,928	2187,17
418,146	2066,17
418,364	2201,17
418,581	2166,17
418,799	2053,17
419,016	2027,17
419,234	2109,17
419,451	2864,17
419,669	2157,17
419,886	2202,17
420,104	2074,17
420,321	2141,17
420,539	2217,17
420,756	2292,17
420,974	2183,17
421,191	2098,17
421,408	2279,17
421,626	2258,17
421,843	2175,17
422,06	2130,17
422,278	2084,17
422,495	2202,17
422,712	2150,17
422,93	2214,17
423,147	2248,17
423,364	2092,17
423,581	2253,17
423,799	2075,17
424,016	2416,17
424,233	2156,17
424,45	2197,17
424,667	2028,17
424,884	2095,17
425,102	2233,17
425,319	2279,17
425,536	2083,17
425,753	2217,17
425,97	2143,17
426,187	2170,17
426,404	2109,17
426,621	2405,17
426,838	2259,17
427,055	2189,17
427,272	2203,17
427,489	2104,17
427,706	2076,17
427,923	2082,17
428,14	2164,17
428,357	2532,17
428,574	2099,17
428,791	2213,17
429,008	2182,17
429,224	2053,17
429,441	2078,17
429,658	2257,17
429,875	2398,17
430,092	2256,17
430,308	2364,17
430,525	2295,17
430,742	2140,17
430,959	2170,17
431,175	2137,17
431,392	2070,17
431,609	2228,17
431,826	2199,17
432,042	2003,17
432,259	2071,17
432,476	2436,17
432,692	1984,17
432,909	2230,17
433,125	2116,17
433,342	2178,17
433,559	2357,17
433,775	2105,17
433,992	1960,17
434,208	1993,17
434,425	1996,17
434,641	2236,17
434,858	2270,17
435,074	2190,17
435,291	2122,17
435,507	2096,17
435,723	2137,17
435,94	2116,17
436,156	2194,17
436,373	2403,17
436,589	2130,17
436,805	2219,17
437,022	2096,17
437,238	2074,17
437,454	2118,17
437,671	2164,17
437,887	2162,17
438,103	2103,17
438,319	2083,17
438,536	2223,17
438,752	2197,17
438,968	2167,17
439,184	2181,17
439,4	2037,17
439,616	1967,17
439,833	2231,17
440,049	2101,17
440,265	2306,17
440,481	2150,17
440,697	2212,17
440,913	2266,17
441,129	2175,17
441,345	2257,17
441,561	2273,17
441,777	2133,17
441,993	2165,17
442,209	2116,17
442,425	2276,17
442,641	2209,17
442,857	2311,17
443,073	2171,17
443,289	2222,17
443,505	2180,17
443,721	2267,17
443,937	2211,17
444,152	2118,17
444,368	2148,17
444,584	2119,17
444,8	2343,17
445,016	2145,17
445,231	2174,17
445,447	2296,17
445,663	2218,17
445,879	2111,17
446,094	2328,17
446,31	2290,17
446,526	2088,17
446,742	2241,17
446,957	2120,17
447,173	2230,17
447,388	2279,17
447,604	2291,17
447,82	2175,17
448,035	2168,17
448,251	2090,17
448,466	2228,17
448,682	2060,17
448,897	2050,17
449,113	2124,17
449,328	2250,17
449,544	1995,17
449,759	2429,17
449,975	2039,17
450,19	2097,17
450,406	2134,17
450,621	2067,17
450,836	2023,17
451,052	1951,17
451,267	2006,17
451,483	2055,17
451,698	2110,17
451,913	2105,17
452,129	2169,17
452,344	1887,17
452,559	2271,17
452,774	2104,17
452,99	2042,17
453,205	2182,17
453,42	2179,17
453,635	2162,17
453,85	2035,17
454,066	2203,17
454,281	2181,17
454,496	2167,17
454,711	2222,17
454,926	2137,17
455,141	1979,17
455,356	2066,17
455,571	2213,17
455,786	2008,17
456,001	2007,17
456,217	1916,17
456,432	2060,17
456,647	2132,17
456,861	2102,17
457,076	2067,17
457,291	2251,17
457,506	2075,17
457,721	2100,17
457,936	2063,17
458,151	2035,17
458,366	2242,17
458,581	2077,17
458,796	2315,17
459,01	2096,17
459,225	2149,17
459,44	1893,17
459,655	2131,17
459,87	1780,17
460,084	2151,17
460,299	1988,17
460,514	2166,17
460,729	2303,17
460,943	1947,17
461,158	1860,17
461,373	2195,17
461,587	2011,17
461,802	1915,17
462,016	2144,17
462,231	1972,17
462,446	2105,17
462,66	2001,17
462,875	2051,17
463,089	2065,17
463,304	2062,17
463,518	2057,17
463,733	2077,17
463,947	2094,17
464,162	2045,17
464,376	2117,17
464,591	2162,17
464,805	2049,17
465,02	2278,17
465,234	2154,17
465,448	2141,17
465,663	2191,17
465,877	2088,17
466,091	2036,17
466,306	2070,17
466,52	2355,17
466,734	2026,17
466,949	2038,17
467,163	2111,17
467,377	1948,17
467,591	2096,17
467,806	1999,17
468,02	1908,17
468,234	1900,17
468,448	2124,17
468,662	2027,17
468,876	2476,17
469,091	1999,17
469,305	1849,17
469,519	1892,17
469,733	1746,17
469,947	1987,17
470,161	2206,17
470,375	2019,17
470,589	2045,17
470,803	1991,17
471,017	1973,17
471,231	1918,17
471,445	1908,17
471,659	1976,17
471,873	2017,17
472,087	1875,17
472,301	2068,17
472,515	1889,17
472,728	1943,17
472,942	1887,17
473,156	1925,17
473,37	1815,17
473,584	1894,17
473,798	2005,17
474,011	1971,17
474,225	1928,17
474,439	2138,17
474,653	2040,17
474,866	1987,17
475,08	2097,17
475,294	2064,17
475,507	1870,17
475,721	1946,17
475,935	2071,17
476,148	1949,17
476,362	1822,17
476,576	1895,17
476,789	1943,17
477,003	2039,17
477,216	1983,17
477,43	1949,17
477,643	2060,17
477,857	2077,17
478,07	1929,17
478,284	2172,17
478,497	1784,17
478,711	2080,17
478,924	1908,17
479,138	1963,17
479,351	1850,17
479,564	1928,17
479,778	1938,17
479,991	1895,17
480,204	1923,17
480,418	2027,17
480,631	2010,17
480,844	2124,17
481,058	1953,17
481,271	2096,17
481,484	2007,17
481,697	1906,17
481,911	1966,17
482,124	1974,17
482,337	2039,17
482,55	2029,17
482,763	1965,17
482,976	2065,17
483,19	1887,17
483,403	1988,17
483,616	2096,17
483,829	2034,17
484,042	2023,17
484,255	2038,17
484,468	2054,17
484,681	1925,17
484,894	2112,17
485,107	2675,17
485,32	2879,17
485,533	2838,17
485,746	2803,17
485,959	2494,17
486,172	2384,17
486,385	2075,17
486,598	2008,17
486,81	1935,17
487,023	1673,17
487,236	2109,17
487,449	2139,17
487,662	1914,17
487,875	2040,17
488,087	2147,17
488,3	1899,17
488,513	1825,17
488,726	1833,17
488,938	2055,17
489,151	2017,17
489,364	1925,17
489,576	1961,17
489,789	2013,17
490,002	2035,17
490,214	1940,17
490,427	1830,17
490,64	2009,17
490,852	1965,17
491,065	1907,17
491,277	2129,17
491,49	1954,17
491,702	1773,17
491,915	2008,17
492,127	2000,17
492,34	1906,17
492,552	1968,17
492,765	2031,17
492,977	2104,17
493,19	1907,17
493,402	2115,17
493,614	2011,17
493,827	1828,17
494,039	1925,17
494,251	1919,17
494,464	2001,17
494,676	1814,17
494,888	1953,17
495,101	1860,17
495,313	1951,17
495,525	1985,17
495,737	1971,17
495,95	2037,17
496,162	1910,17
496,374	2057,17
496,586	1933,17
496,798	1941,17
497,01	1705,17
497,222	1815,17
497,435	2015,17
497,647	1873,17
497,859	1858,17
498,071	1852,17
498,283	1894,17
498,495	1901,17
498,707	2115,17
498,919	1821,17
499,131	2079,17
499,343	1788,17
499,555	1801,17
499,767	1986,17
499,979	1891,17
500,191	2093,17
500,402	1855,17
500,614	1911,17
500,826	1994,17
501,038	1728,17
501,25	1841,17
501,462	1836,17
501,673	1934,17
501,885	1829,17
502,097	2099,17
502,309	1954,17
502,521	2041,17
502,732	1912,17
502,944	1880,17
503,156	1843,17
503,367	1882,17
503,579	1793,17
503,791	1897,17
504,002	1815,17
504,214	2075,17
504,425	2134,17
504,637	1843,17
504,849	1819,17
505,06	1922,17
505,272	1788,17
505,483	1881,17
505,695	1871,17
505,906	1765,17
506,118	1912,17
506,329	1817,17
506,541	1719,17
506,752	1964,17
506,963	1920,17
507,175	1713,17
507,386	2049,17
507,598	2010,17
507,809	1720,17
508,02	1810,17
508,232	2015,17
508,443	1746,17
508,654	2095,17
508,865	1907,17
509,077	1741,17
509,288	1907,17
509,499	2081,17
509,71	1760,17
509,922	1984,17
510,133	1806,17
510,344	2047,17
510,555	1885,17
510,766	1869,17
510,977	1874,17
511,188	1832,17
511,4	1822,17
511,611	1812,17
511,822	1857,17
512,033	1884,17
512,244	1908,17
512,455	1911,17
512,666	1840,17
512,877	2009,17
513,088	1877,17
513,299	1766,17
513,51	1997,17
513,721	1815,17
513,931	1905,17
514,142	2047,17
514,353	2112,17
514,564	1760,17
514,775	1913,17
514,986	1924,17
515,196	1981,17
515,407	1781,17
515,618	1817,17
515,829	1806,17
516,04	1934,17
516,25	1770,17
516,461	1763,17
516,672	1799,17
516,882	1638,17
517,093	1954,17
517,304	1716,17
517,514	1725,17
517,725	1873,17
517,936	1764,17
518,146	1694,17
518,357	1873,17
518,567	1723,17
518,778	2102,17
518,988	1813,17
519,199	2045,17
519,409	1710,17
519,62	1966,17
519,83	1833,17
520,041	1863,17
520,251	1882,17
520,462	1899,17
520,672	1839,17
520,882	1870,17
521,093	1978,17
521,303	1943,17
521,513	1753,17
521,724	2898,17
521,934	1605,17
522,144	1640,17
522,355	1738,17
522,565	1817,17
522,775	1766,17
522,985	1863,17
523,196	1799,17
523,406	1806,17
523,616	1807,17
523,826	1822,17
524,036	2689,17
524,246	1793,17
524,457	1752,17
524,667	1668,17
524,877	1807,17
525,087	1738,17
525,297	1876,17
525,507	1870,17
525,717	1642,17
525,927	1799,17
526,137	1703,17
526,347	1989,17
526,557	1679,17
526,767	1777,17
526,977	2069,17
527,187	1812,17
527,397	1622,17
527,607	1720,17
527,816	1833,17
528,026	1803,17
528,236	1842,17
528,446	1854,17
528,656	1858,17
528,865	2057,17
529,075	1668,17
529,285	1796,17
529,495	1854,17
529,704	1810,17
529,914	1724,17
530,124	1811,17
530,334	1713,17
530,543	1709,17
530,753	2119,17
530,963	2323,17
531,172	1730,17
531,382	1742,17
531,591	2121,17
531,801	1692,17
532,01	1801,17
532,22	1881,17
532,43	1779,17
532,639	2118,17
532,849	1825,17
533,058	1840,17
533,267	1982,17
533,477	1716,17
533,686	1756,17
533,896	1787,17
534,105	1783,17
534,315	1935,17
534,524	1819,17
534,733	1792,17
534,943	2004,17
535,152	1759,17
535,361	1686,17
535,57	1737,17
535,78	1764,17
535,989	1799,17
536,198	1832,17
536,407	1816,17
536,617	1901,17
536,826	1868,17
537,035	1906,17
537,244	1750,17
537,453	1635,17
537,662	1818,17
537,872	1946,17
538,081	1789,17
538,29	1703,17
538,499	1735,17
538,708	1724,17
538,917	1842,17
539,126	1837,17
539,335	1777,17
539,544	2315,17
539,753	1764,17
539,962	1796,17
540,171	1762,17
540,38	2102,17
540,589	1793,17
540,797	1886,17
541,006	1637,17
541,215	1788,17
541,424	1961,17
541,633	1754,17
541,842	1713,17
542,05	2025,17
542,259	1823,17
542,468	1756,17
542,677	1916,17
542,885	1780,17
543,094	1814,17
543,303	1735,17
543,512	1808,17
543,72	1845,17
543,929	2066,17
544,138	1726,17
544,346	1640,17
544,555	1762,17
544,763	1865,17
544,972	1693,17
545,18	1679,17
545,389	1764,17
545,598	1716,17
545,806	1890,17
546,015	1744,17
546,223	1744,17
546,431	1824,17
546,64	1678,17
546,848	1786,17
547,057	1875,17
547,265	1725,17
547,474	1766,17
547,682	1847,17
547,89	1879,17
548,099	1681,17
548,307	1815,17
548,515	1975,17
548,723	1966,17
548,932	1808,17
549,14	1665,17
549,348	1872,17
549,556	1700,17
549,765	1648,17
549,973	1656,17
550,181	1836,17
550,389	1883,17
550,597	1875,17
550,805	1712,17
551,014	1957,17
551,222	4296,17
551,43	1658,17
551,638	1809,17
551,846	1905,17
552,054	1942,17
552,262	1990,17
552,47	1670,17
552,678	1605,17
552,886	1700,17
553,094	1679,17
553,302	1804,17
553,51	1830,17
553,717	1909,17
553,925	1613,17
554,133	2096,17
554,341	1713,17
554,549	1870,17
554,757	1689,17
554,965	1743,17
555,172	1793,17
555,38	2127,17
555,588	1633,17
555,796	1750,17
556,003	1920,17
556,211	1665,17
556,419	1824,17
556,626	1832,17
556,834	1969,17
557,042	1780,17
557,249	1855,17
557,457	1776,17
557,664	1575,17
557,872	1642,17
558,08	1728,17
558,287	1869,17
558,495	2097,17
558,702	1721,17
558,91	1900,17
559,117	1753,17
559,325	1740,17
559,532	1721,17
559,74	1962,17
559,947	1675,17
560,154	1885,17
560,362	1735,17
560,569	1729,17
560,776	1740,17
560,984	1749,17
561,191	1874,17
561,398	1780,17
561,606	2051,17
561,813	1772,17
562,02	1617,17
562,227	1630,17
562,435	1737,17
562,642	1856,17
562,849	1765,17
563,056	1809,17
563,263	1728,17
563,471	1856,17
563,678	1829,17
563,885	1719,17
564,092	1787,17
564,299	1885,17
564,506	1915,17
564,713	1764,17
564,92	1761,17
565,127	1862,17
565,334	1802,17
565,541	2065,17
565,748	1902,17
565,955	1719,17
566,162	1772,17
566,369	1756,17
566,576	1997,17
566,783	1877,17
566,99	1723,17
567,196	1960,17
567,403	1756,17
567,61	1964,17
567,817	1775,17
568,024	1895,17
568,23	1830,17
568,437	1748,17
568,644	1751,17
568,851	1870,17
569,057	2108,17
569,264	2006,17
569,471	1759,17
569,677	1812,17
569,884	1831,17
570,091	1963,17
570,297	2916,17
570,504	2083,17
570,71	1896,17
570,917	1899,17
571,123	1863,17
571,33	1931,17
571,536	1832,17
571,743	2059,17
571,949	1767,17
572,156	1842,17
572,362	2066,17
572,569	1785,17
572,775	1879,17
572,982	1993,17
573,188	1851,17
573,394	1823,17
573,601	1848,17
573,807	1762,17
574,013	1949,17
574,22	1882,17
574,426	1781,17
574,632	1976,17
574,838	1858,17
575,045	1783,17
575,251	1904,17
575,457	1813,17
575,663	2009,17
575,869	1821,17
576,076	1789,17
576,282	1895,17
576,488	1838,17
576,694	1938,17
576,9	1698,17
577,106	1850,17
577,312	1934,17
577,518	2011,17
577,724	1952,17
577,93	1915,17
578,136	1787,17
578,342	1916,17
578,548	1836,17
578,754	1846,17
578,96	1807,17
579,166	1805,17
579,372	2140,17
579,578	1907,17
579,784	1922,17
579,989	1815,17
580,195	1816,17
580,401	1879,17
580,607	1961,17
580,813	2001,17
581,018	2154,17
581,224	1992,17
581,43	1985,17
581,636	1916,17
581,841	1965,17
582,047	1848,17
582,253	1945,17
582,458	1942,17
582,664	1636,17
582,869	1870,17
583,075	1669,17
583,281	2165,17
583,486	1909,17
583,692	1933,17
583,897	1955,17
584,103	1967,17
584,308	2054,17
584,514	1963,17
584,719	2048,17
584,925	2001,17
585,13	1904,17
585,335	1925,17
585,541	1902,17
585,746	1929,17
585,952	1786,17
586,157	1793,17
586,362	1831,17
586,568	1903,17
586,773	2018,17
586,978	1831,17
587,183	1857,17
587,389	1832,17
587,594	1775,17
587,799	1899,17
588,004	1993,17
588,21	1923,17
588,415	1740,17
588,62	1894,17
588,825	1981,17
589,03	1816,17
589,235	2356,17
589,44	1987,17
589,645	1788,17
589,85	1902,17
590,055	2082,17
590,26	1810,17
590,465	1843,17
590,67	1939,17
590,875	2043,17
591,08	1939,17
591,285	1963,17
591,49	1916,17
591,695	1814,17
591,9	1818,17
592,105	1797,17
592,31	1984,17
592,515	2139,17
592,719	1765,17
592,924	1830,17
593,129	1830,17
593,334	1895,17
593,539	1745,17
593,743	1848,17
593,948	1767,17
594,153	1716,17
594,357	2098,17
594,562	1802,17
594,767	2335,17
594,971	1692,17
595,176	1770,17
595,381	2003,17
595,585	1803,17
595,79	2039,17
595,994	1663,17
596,199	2243,17
596,403	1610,17
596,608	1700,17
596,812	1828,17
597,017	1879,17
597,221	2009,17
597,426	2047,17
597,63	1833,17
597,835	1748,17
598,039	1721,17
598,243	1736,17
598,448	2071,17
598,652	1859,17
598,856	1744,17
599,061	1946,17
599,265	1754,17
599,469	1774,17
599,673	2262,17
599,878	1876,17
600,082	1831,17
600,286	1880,17
600,49	1869,17
600,695	1647,17
600,899	1556,17
601,103	1815,17
601,307	1990,17
601,511	1737,17
601,715	1651,17
601,919	1689,17
602,123	1942,17
602,327	1790,17
602,531	1763,17
602,735	1884,17
602,939	1942,17
603,143	1705,17
603,347	1864,17
603,551	1731,17
603,755	1719,17
603,959	1832,17
604,163	1805,17
604,367	1747,17
604,571	1715,17
604,775	1826,17
604,978	1763,17
605,182	1667,17
605,386	1803,17
605,59	1753,17
605,793	1817,17
605,997	1885,17
606,201	1858,17
606,405	1787,17
606,608	1946,17
606,812	1791,17
607,016	1903,17
607,219	1709,17
607,423	1698,17
607,627	1939,17
607,83	1831,17
608,034	1725,17
608,237	1476,17
608,441	1687,17
608,644	1866,17
608,848	1812,17
609,051	1773,17
609,255	1674,17
609,458	1814,17
609,662	1837,17
609,865	1843,17
610,069	1655,17
610,272	1469,17
610,475	1724,17
610,679	1806,17
610,882	1727,17
611,085	1756,17
611,289	1780,17
611,492	1737,17
611,695	1689,17
611,898	1743,17
612,102	1802,17
612,305	1822,17
612,508	1737,17
612,711	1907,17
612,914	1721,17
613,118	1820,17
613,321	1801,17
613,524	1700,17
613,727	1743,17
613,93	1682,17
614,133	1804,17
614,336	1887,17
614,539	1736,17
614,742	1702,17
614,945	1740,17
615,148	1937,17
615,351	1764,17
615,554	1865,17
615,757	1647,17
615,96	1835,17
616,163	1694,17
616,366	1864,17
616,569	1481,17
616,772	2149,17
616,974	1747,17
617,177	1876,17
617,38	1743,17
617,583	1758,17
617,786	1620,17
617,988	1750,17
618,191	1929,17
618,394	1786,17
618,596	1615,17
618,799	1618,17
619,002	1808,17
619,204	1719,17
619,407	1676,17
619,61	1660,17
619,812	1693,17
620,015	1718,17
620,217	1922,17
620,42	1645,17
620,623	1900,17
620,825	1851,17
621,028	1868,17
621,23	1892,17
621,432	1822,17
621,635	1948,17
621,837	1850,17
622,04	1681,17
622,242	1663,17
622,445	1788,17
622,647	1795,17
622,849	1887,17
623,052	1557,17
623,254	1801,17
623,456	1598,17
623,658	1911,17
623,861	1966,17
624,063	1760,17
624,265	1706,17
624,467	1840,17
624,67	1618,17
624,872	1795,17
625,074	2507,17
625,276	1836,17
625,478	1888,17
625,68	1578,17
625,882	1603,17
626,084	1765,17
626,287	1886,17
626,489	1997,17
626,691	1751,17
626,893	1598,17
627,095	1791,17
627,297	1768,17
627,499	1650,17
627,7	1534,17
627,902	1562,17
628,104	1574,17
628,306	1619,17
628,508	1652,17
628,71	1757,17
628,912	1737,17
629,114	2048,17
629,315	1848,17
629,517	1560,17
629,719	1662,17
629,921	1734,17
630,122	1763,17
630,324	1682,17
630,526	1822,17
630,728	1750,17
630,929	1751,17
631,131	1675,17
631,332	1901,17
631,534	1842,17
631,736	1782,17
631,937	1694,17
632,139	1718,17
632,34	1791,17
632,542	1803,17
632,743	1751,17
632,945	1662,17
633,146	1613,17
633,348	1819,17
633,549	1434,17
633,751	1615,17
633,952	1653,17
634,154	1611,17
634,355	1613,17
634,556	1684,17
634,758	1720,17
634,959	1603,17
635,16	1794,17
635,362	1692,17
635,563	1825,17
635,764	1730,17
635,965	1754,17
636,167	1796,17
636,368	1691,17
636,569	1677,17
636,77	1899,17
636,971	1632,17
637,172	1820,17
637,374	1633,17
637,575	1906,17
637,776	1535,17
637,977	1597,17
638,178	1820,17
638,379	1763,17
638,58	1764,17
638,781	1586,17
638,982	1654,17
639,183	1681,17
639,384	1683,17
639,585	1630,17
639,786	1611,17
639,987	1665,17
640,187	1814,17
640,388	1807,17
640,589	1561,17
640,79	1665,17
640,991	1695,17
641,192	1822,17
641,392	1607,17
641,593	1675,17
641,794	1488,17
641,995	1798,17
642,195	1485,17
642,396	1605,17
642,597	1536,17
642,797	1619,17
642,998	1797,17
643,199	1842,17
643,399	1707,17
643,6	1600,17
643,8	1552,17
644,001	1697,17
644,202	1713,17
644,402	1552,17
644,603	1785,17
644,803	1552,17
645,004	1721,17
645,204	1518,17
645,404	1566,17
645,605	1997,17
645,805	1601,17
646,006	1783,17
646,206	2111,17
646,406	1684,17
646,607	1531,17
646,807	1422,17
647,007	-6,83
647,208	-0,83
647,408	-1,83
647,608	6,17
