200,697	968,5
200,927	-1,5
201,158	8,5
201,388	19,5
201,618	1544,5
201,849	1401,5
202,079	1691,5
202,309	1527,5
202,539	1703,5
202,77	1553,5
203	1743,5
203,23	1625,5
203,46	1617,5
203,691	1711,5
203,921	1738,5
204,151	1640,5
204,381	1630,5
204,611	1785,5
204,841	1614,5
205,071	1523,5
205,302	1772,5
205,532	1784,5
205,762	3803,5
205,992	1596,5
206,222	1594,5
206,452	1739,5
206,682	1639,5
206,912	1759,5
207,142	1774,5
207,372	1589,5
207,602	1428,5
207,832	1636,5
208,062	1737,5
208,292	1719,5
208,522	1531,5
208,752	1529,5
208,982	1545,5
209,212	1842,5
209,442	1662,5
209,672	1647,5
209,902	1678,5
210,131	1719,5
210,361	1614,5
210,591	1689,5
210,821	1556,5
211,051	1768,5
211,281	1690,5
211,51	1648,5
211,74	1604,5
211,97	1710,5
212,2	1823,5
212,429	1959,5
212,659	1671,5
212,889	1709,5
213,119	1578,5
213,348	1633,5
213,578	1838,5
213,808	1784,5
214,037	1775,5
214,267	1707,5
214,497	1696,5
214,726	1627,5
214,956	1573,5
215,186	1672,5
215,415	1651,5
215,645	1710,5
215,874	1790,5
216,104	1630,5
216,333	1689,5
216,563	1712,5
216,792	1770,5
217,022	1934,5
217,251	1736,5
217,481	1596,5
217,71	1754,5
217,94	1734,5
218,169	1739,5
218,399	1550,5
218,628	1668,5
218,858	1747,5
219,087	1764,5
219,316	1817,5
219,546	1764,5
219,775	1709,5
220,004	1822,5
220,234	1628,5
220,463	1755,5
220,692	1726,5
220,922	1714,5
221,151	1829,5
221,38	1660,5
221,61	2050,5
221,839	1959,5
222,068	1731,5
222,297	1865,5
222,526	1788,5
222,756	1824,5
222,985	1858,5
223,214	1764,5
223,443	1763,5
223,672	2233,5
223,902	1667,5
224,131	1739,5
224,36	1891,5
224,589	1583,5
224,818	1755,5
225,047	1867,5
225,276	1712,5
225,505	1978,5
225,734	1779,5
225,963	1639,5
226,192	1610,5
226,421	1420,5
226,65	1705,5
226,879	1814,5
227,108	1760,5
227,337	1818,5
227,566	1909,5
227,795	1714,5
228,024	1872,5
228,253	1791,5
228,482	1611,5
228,711	1785,5
228,94	1645,5
229,168	1660,5
229,397	1750,5
229,626	1761,5
229,855	1706,5
230,084	1694,5
230,313	1611,5
230,541	1872,5
230,77	1615,5
230,999	1621,5
231,228	1985,5
231,456	1824,5
231,685	1660,5
231,914	1770,5
232,143	1699,5
232,371	1828,5
232,6	1793,5
232,829	1780,5
233,057	1847,5
233,286	1711,5
233,515	1683,5
233,743	1740,5
233,972	1622,5
234,2	1836,5
234,429	1692,5
234,658	1816,5
234,886	1640,5
235,115	1733,5
235,343	1769,5
235,572	1651,5
235,8	1904,5
236,029	2080,5
236,257	1941,5
236,486	1869,5
236,714	1847,5
236,943	1841,5
237,171	1697,5
237,399	1640,5
237,628	1875,5
237,856	1826,5
238,085	1790,5
238,313	1668,5
238,541	1715,5
238,77	2060,5
238,998	1629,5
239,226	1789,5
239,455	1673,5
239,683	1885,5
239,911	1664,5
240,14	1928,5
240,368	1843,5
240,596	1709,5
240,824	1741,5
241,053	1683,5
241,281	1727,5
241,509	1725,5
241,737	1703,5
241,965	1626,5
242,193	1614,5
242,422	1653,5
242,65	1683,5
242,878	1705,5
243,106	1734,5
243,334	1704,5
243,562	1800,5
243,79	1799,5
244,018	1777,5
244,246	1707,5
244,474	1704,5
244,702	1653,5
244,93	1764,5
245,158	1777,5
245,386	1737,5
245,614	1888,5
245,842	1873,5
246,07	1678,5
246,298	1856,5
246,526	2190,5
246,754	1623,5
246,982	1841,5
247,21	1682,5
247,438	1687,5
247,666	1819,5
247,893	1782,5
248,121	1757,5
248,349	1581,5
248,577	1723,5
248,805	1890,5
249,033	1661,5
249,26	1744,5
249,488	1659,5
249,716	1655,5
249,944	1715,5
250,171	1649,5
250,399	1734,5
250,627	1863,5
250,854	1772,5
251,082	1657,5
251,31	1784,5
251,537	1801,5
251,765	1954,5
251,993	1632,5
252,22	2050,5
252,448	1614,5
252,676	1898,5
252,903	1789,5
253,131	2023,5
253,358	1694,5
253,586	1657,5
253,813	1566,5
254,041	1801,5
254,268	1759,5
254,496	1502,5
254,723	1865,5
254,951	1777,5
255,178	1718,5
255,406	1722,5
255,633	1758,5
255,86	1878,5
256,088	1745,5
256,315	1617,5
256,543	2111,5
256,77	1741,5
256,997	1784,5
257,225	1779,5
257,452	1678,5
257,679	1709,5
257,907	1828,5
258,134	1651,5
258,361	1845,5
258,588	1667,5
258,816	1786,5
259,043	1690,5
259,27	1658,5
259,497	1839,5
259,725	1622,5
259,952	1759,5
260,179	1654,5
260,406	1767,5
260,633	1705,5
260,86	1829,5
261,088	1684,5
261,315	1975,5
261,542	1619,5
261,769	1585,5
261,996	2044,5
262,223	1834,5
262,45	2040,5
262,677	1603,5
262,904	1678,5
263,131	1821,5
263,358	1765,5
263,585	1801,5
263,812	2069,5
264,039	1926,5
264,266	1731,5
264,493	1727,5
264,72	1603,5
264,947	1663,5
265,174	1854,5
265,401	1853,5
265,627	1910,5
265,854	1788,5
266,081	1839,5
266,308	1753,5
266,535	1715,5
266,762	1707,5
266,988	1737,5
267,215	1834,5
267,442	1701,5
267,669	1891,5
267,896	1853,5
268,122	1975,5
268,349	1800,5
268,576	1664,5
268,802	1703,5
269,029	1623,5
269,256	1747,5
269,482	1752,5
269,709	1670,5
269,936	1797,5
270,162	1945,5
270,389	1747,5
270,616	1803,5
270,842	1898,5
271,069	1801,5
271,295	1838,5
271,522	1667,5
271,748	1762,5
271,975	1850,5
272,201	1920,5
272,428	1747,5
272,654	1712,5
272,881	1981,5
273,107	1644,5
273,334	1768,5
273,56	2019,5
273,787	1686,5
274,013	2010,5
274,239	2131,5
274,466	1813,5
274,692	1810,5
274,918	1718,5
275,145	1833,5
275,371	1725,5
275,597	1639,5
275,824	1801,5
276,05	1786,5
276,276	1871,5
276,503	1684,5
276,729	1766,5
276,955	1676,5
277,181	1787,5
277,407	1713,5
277,634	1838,5
277,86	1774,5
278,086	1834,5
278,312	1699,5
278,538	1741,5
278,764	1825,5
278,991	1892,5
279,217	1681,5
279,443	1724,5
279,669	1774,5
279,895	1835,5
280,121	1730,5
280,347	1735,5
280,573	1704,5
280,799	1723,5
281,025	1926,5
281,251	1617,5
281,477	1846,5
281,703	1674,5
281,929	1648,5
282,155	1673,5
282,381	1851,5
282,607	1711,5
282,833	1720,5
283,059	1800,5
283,285	1736,5
283,51	1598,5
283,736	1599,5
283,962	1735,5
284,188	1764,5
284,414	1725,5
284,64	1794,5
284,865	1785,5
285,091	1555,5
285,317	1830,5
285,543	1831,5
285,768	1750,5
285,994	1795,5
286,22	2004,5
286,446	1820,5
286,671	1639,5
286,897	1799,5
287,123	1733,5
287,348	1763,5
287,574	2270,5
287,799	1847,5
288,025	1751,5
288,251	2015,5
288,476	1763,5
288,702	1781,5
288,927	1709,5
289,153	1631,5
289,378	1975,5
289,604	1809,5
289,829	1668,5
290,055	1706,5
290,28	1745,5
290,506	1905,5
290,731	1688,5
290,957	1809,5
291,182	1828,5
291,408	1912,5
291,633	1802,5
291,858	1712,5
292,084	1812,5
292,309	1798,5
292,535	1721,5
292,76	1802,5
292,985	1949,5
293,211	1739,5
293,436	1561,5
293,661	1620,5
293,886	1723,5
294,112	1756,5
294,337	1719,5
294,562	1722,5
294,787	1905,5
295,013	1683,5
295,238	1714,5
295,463	1868,5
295,688	1972,5
295,913	1761,5
296,138	1857,5
296,364	1716,5
296,589	1881,5
296,814	1657,5
297,039	1678,5
297,264	1823,5
297,489	1755,5
297,714	1807,5
297,939	1720,5
298,164	1768,5
298,389	1836,5
298,614	1695,5
298,839	1739,5
299,064	1861,5
299,289	1751,5
299,514	1858,5
299,739	1788,5
299,964	1671,5
300,189	1701,5
300,414	1833,5
300,639	1862,5
300,863	1699,5
301,088	2059,5
301,313	1798,5
301,538	1695,5
301,763	1529,5
301,988	1763,5
302,212	1924,5
302,437	1968,5
302,662	1683,5
302,887	1763,5
303,111	1824,5
303,336	1987,5
303,561	1806,5
303,786	1667,5
304,01	1845,5
304,235	1790,5
304,46	1565,5
304,684	1705,5
304,909	1760,5
305,134	1693,5
305,358	1793,5
305,583	1764,5
305,807	2020,5
306,032	1731,5
306,256	1818,5
306,481	1807,5
306,706	1703,5
306,93	1666,5
307,155	2033,5
307,379	1693,5
307,604	1726,5
307,828	1658,5
308,052	1914,5
308,277	1787,5
308,501	1778,5
308,726	1871,5
308,95	1801,5
309,175	1696,5
309,399	1807,5
309,623	1688,5
309,848	1641,5
310,072	1558,5
310,296	2153,5
310,521	1753,5
310,745	1608,5
310,969	2027,5
311,193	1893,5
311,418	1787,5
311,642	1517,5
311,866	1820,5
312,09	1778,5
312,315	1826,5
312,539	1843,5
312,763	1678,5
312,987	1818,5
313,211	1717,5
313,435	1837,5
313,659	1719,5
313,884	2009,5
314,108	1854,5
314,332	1940,5
314,556	1733,5
314,78	2001,5
315,004	1864,5
315,228	1834,5
315,452	1831,5
315,676	1802,5
315,9	1834,5
316,124	1679,5
316,348	1736,5
316,572	1820,5
316,796	1795,5
317,02	1731,5
317,244	1771,5
317,468	1625,5
317,691	1908,5
317,915	1832,5
318,139	1772,5
318,363	2252,5
318,587	1652,5
318,811	1685,5
319,034	1650,5
319,258	1879,5
319,482	1941,5
319,706	1861,5
319,93	1752,5
320,153	1690,5
320,377	1663,5
320,601	1657,5
320,824	1498,5
321,048	1989,5
321,272	1901,5
321,495	1707,5
321,719	1774,5
321,943	1667,5
322,166	1730,5
322,39	1741,5
322,614	2031,5
322,837	1963,5
323,061	1692,5
323,284	1726,5
323,508	1797,5
323,731	1611,5
323,955	1804,5
324,178	1755,5
324,402	1835,5
324,625	1811,5
324,849	1533,5
325,072	1816,5
325,296	1682,5
325,519	1758,5
325,743	1773,5
325,966	1806,5
326,189	1896,5
326,413	1693,5
326,636	2096,5
326,859	1805,5
327,083	2067,5
327,306	1623,5
327,529	1661,5
327,753	1570,5
327,976	1869,5
328,199	1897,5
328,422	1788,5
328,646	1774,5
328,869	1591,5
329,092	1790,5
329,315	1901,5
329,538	1617,5
329,762	1828,5
329,985	1638,5
330,208	1768,5
330,431	1897,5
330,654	1953,5
330,877	1809,5
331,1	1861,5
331,323	1696,5
331,546	1908,5
331,769	1836,5
331,993	1729,5
332,216	1819,5
332,439	1687,5
332,662	1723,5
332,885	1792,5
333,107	1608,5
333,33	1686,5
333,553	1901,5
333,776	1576,5
333,999	1755,5
334,222	1604,5
334,445	1668,5
334,668	1806,5
334,891	1808,5
335,114	1649,5
335,336	1724,5
335,559	1779,5
335,782	2061,5
336,005	1718,5
336,228	1705,5
336,45	1722,5
336,673	1691,5
336,896	1759,5
337,119	1666,5
337,341	1659,5
337,564	1710,5
337,787	1771,5
338,009	1712,5
338,232	1847,5
338,455	1777,5
338,677	1805,5
338,9	1781,5
339,122	1742,5
339,345	1547,5
339,568	1404,5
339,79	1498,5
340,013	1714,5
340,235	1809,5
340,458	1631,5
340,68	1788,5
340,903	1667,5
341,125	1699,5
341,348	1445,5
341,57	1560,5
341,793	1906,5
342,015	1528,5
342,238	1872,5
342,46	1733,5
342,682	1843,5
342,905	1727,5
343,127	1711,5
343,349	1737,5
343,572	1821,5
343,794	1708,5
344,016	1731,5
344,239	1739,5
344,461	1588,5
344,683	1668,5
344,905	1623,5
345,128	1646,5
345,35	1734,5
345,572	1803,5
345,794	1971,5
346,017	1704,5
346,239	1775,5
346,461	1693,5
346,683	1708,5
346,905	1791,5
347,127	1755,5
347,349	1678,5
347,571	1696,5
347,793	1919,5
348,016	1745,5
348,238	1784,5
348,46	1757,5
348,682	1651,5
348,904	1805,5
349,126	1691,5
349,348	1803,5
349,57	1633,5
349,792	1623,5
350,014	1795,5
350,235	1705,5
350,457	2003,5
350,679	1771,5
350,901	1617,5
351,123	1711,5
351,345	1697,5
351,567	1680,5
351,789	1745,5
352,01	1809,5
352,232	1830,5
352,454	1549,5
352,676	1825,5
352,897	1808,5
353,119	1661,5
353,341	1808,5
353,563	1712,5
353,784	1652,5
354,006	1764,5
354,228	1683,5
354,449	1702,5
354,671	1852,5
354,893	1860,5
355,114	1781,5
355,336	1738,5
355,558	1752,5
355,779	1628,5
356,001	1754,5
356,222	1742,5
356,444	1632,5
356,665	2478,5
356,887	1652,5
357,108	1665,5
357,33	1835,5
357,551	1786,5
357,773	1754,5
357,994	1803,5
358,216	1558,5
358,437	1837,5
358,659	1803,5
358,88	1632,5
359,101	1783,5
359,323	1775,5
359,544	1612,5
359,765	1606,5
359,987	1681,5
360,208	1671,5
360,429	1768,5
360,651	1659,5
360,872	1880,5
361,093	1689,5
361,314	1763,5
361,536	1652,5
361,757	1722,5
361,978	1634,5
362,199	1567,5
362,42	1634,5
362,642	1666,5
362,863	1913,5
363,084	1685,5
363,305	1750,5
363,526	1717,5
363,747	1651,5
363,968	1695,5
364,189	1858,5
364,41	1639,5
364,631	1530,5
364,852	1735,5
365,073	1748,5
365,294	1751,5
365,515	1675,5
365,736	1874,5
365,957	1709,5
366,178	1704,5
366,399	1714,5
366,62	1517,5
366,841	1820,5
367,062	1765,5
367,283	1755,5
367,504	1925,5
367,724	1565,5
367,945	1581,5
368,166	1826,5
368,387	1732,5
368,608	1643,5
368,828	1801,5
369,049	1677,5
369,27	1734,5
369,491	1705,5
369,711	1764,5
369,932	1753,5
370,153	1726,5
370,373	1761,5
370,594	1999,5
370,815	1737,5
371,035	1849,5
371,256	1616,5
371,477	1677,5
371,697	1581,5
371,918	1492,5
372,138	1772,5
372,359	1917,5
372,579	1660,5
372,8	1692,5
373,02	1733,5
373,241	1763,5
373,461	1704,5
373,682	1623,5
373,902	1743,5
374,123	1564,5
374,343	1824,5
374,564	1653,5
374,784	1591,5
375,004	1737,5
375,225	1649,5
375,445	1684,5
375,666	1860,5
375,886	1635,5
376,106	1622,5
376,326	1705,5
376,547	1649,5
376,767	1853,5
376,987	1599,5
377,208	1646,5
377,428	1555,5
377,648	1731,5
377,868	1785,5
378,088	1845,5
378,309	1797,5
378,529	1849,5
378,749	1707,5
378,969	1588,5
379,189	1702,5
379,409	1693,5
379,629	1590,5
379,849	1757,5
380,069	1602,5
380,29	1606,5
380,51	1646,5
380,73	1791,5
380,95	1934,5
381,17	1751,5
381,39	1737,5
381,61	1580,5
381,829	1648,5
382,049	1670,5
382,269	1683,5
382,489	1751,5
382,709	1701,5
382,929	1760,5
383,149	1853,5
383,369	2056,5
383,589	1629,5
383,808	1818,5
384,028	1717,5
384,248	1744,5
384,468	1664,5
384,688	1697,5
384,907	1770,5
385,127	1632,5
385,347	1789,5
385,567	1736,5
385,786	1800,5
386,006	1270,5
386,226	1639,5
386,445	1610,5
386,665	1680,5
386,885	1695,5
387,104	1589,5
387,324	1772,5
387,543	1565,5
387,763	1688,5
387,982	1765,5
388,202	1658,5
388,422	1702,5
388,641	1634,5
388,861	1793,5
389,08	1779,5
389,3	1642,5
389,519	1883,5
389,738	1679,5
389,958	1651,5
390,177	1731,5
390,397	1700,5
390,616	1658,5
390,836	1764,5
391,055	1628,5
391,274	1662,5
391,494	1641,5
391,713	1653,5
391,932	1749,5
392,151	1638,5
392,371	1664,5
392,59	1756,5
392,809	1805,5
393,029	1867,5
393,248	1791,5
393,467	1512,5
393,686	1685,5
393,905	2690,5
394,124	1757,5
394,344	1837,5
394,563	1720,5
394,782	1644,5
395,001	1787,5
395,22	1738,5
395,439	1758,5
395,658	1605,5
395,877	1717,5
396,096	1576,5
396,315	1847,5
396,534	1630,5
396,753	1736,5
396,972	1614,5
397,191	1738,5
397,41	1723,5
397,629	1647,5
397,848	1507,5
398,067	1751,5
398,286	1668,5
398,505	1607,5
398,724	1812,5
398,943	2184,5
399,161	1460,5
399,38	1517,5
399,599	1834,5
399,818	1649,5
400,037	1801,5
400,255	1657,5
400,474	1643,5
400,693	1736,5
400,912	1869,5
401,13	1724,5
401,349	1716,5
401,568	1521,5
401,786	1857,5
402,005	1728,5
402,224	1676,5
402,442	1744,5
402,661	1763,5
402,88	1651,5
403,098	1790,5
403,317	1707,5
403,535	1737,5
403,754	1597,5
403,972	1681,5
404,191	1540,5
404,409	1752,5
404,628	2336,5
404,846	1693,5
405,065	1782,5
405,283	1732,5
405,502	1691,5
405,72	1691,5
405,938	1633,5
406,157	1547,5
406,375	1652,5
406,594	1702,5
406,812	1711,5
407,03	1619,5
407,249	1510,5
407,467	1874,5
407,685	1862,5
407,903	1571,5
408,122	2020,5
408,34	1726,5
408,558	1954,5
408,776	1669,5
408,995	1632,5
409,213	1665,5
409,431	1839,5
409,649	1769,5
409,867	1595,5
410,085	1656,5
410,303	1757,5
410,522	1592,5
410,74	1578,5
410,958	1589,5
411,176	1688,5
411,394	1634,5
411,612	1613,5
411,83	1889,5
412,048	1704,5
412,266	1489,5
412,484	1793,5
412,702	1969,5
412,92	1513,5
413,138	1746,5
413,356	1795,5
413,573	1710,5
413,791	2043,5
414,009	1801,5
414,227	1944,5
414,445	1735,5
414,663	1664,5
414,881	1726,5
415,098	1782,5
415,316	1669,5
415,534	2048,5
415,752	1696,5
415,969	1878,5
416,187	1577,5
416,405	1649,5
416,623	1774,5
416,84	1547,5
417,058	1679,5
417,276	1793,5
417,493	1519,5
417,711	1715,5
417,928	1711,5
418,146	1579,5
418,364	1756,5
418,581	1689,5
418,799	1567,5
419,016	1492,5
419,234	1587,5
419,451	2289,5
419,669	1781,5
419,886	1668,5
420,104	1653,5
420,321	1719,5
420,539	1657,5
420,756	1796,5
420,974	1628,5
421,191	1535,5
421,408	1866,5
421,626	1438,5
421,843	1632,5
422,06	1729,5
422,278	1585,5
422,495	1768,5
422,712	1695,5
422,93	1775,5
423,147	1748,5
423,364	1695,5
423,581	1800,5
423,799	1655,5
424,016	1723,5
424,233	1655,5
424,45	1704,5
424,667	1657,5
424,884	1556,5
425,102	1789,5
425,319	1571,5
425,536	1658,5
425,753	1785,5
425,97	1674,5
426,187	1747,5
426,404	1615,5
426,621	2224,5
426,838	1716,5
427,055	1805,5
427,272	1722,5
427,489	1602,5
427,706	1596,5
427,923	1601,5
428,14	1735,5
428,357	1976,5
428,574	1745,5
428,791	1692,5
429,008	1684,5
429,224	1562,5
429,441	1467,5
429,658	1711,5
429,875	1891,5
430,092	1754,5
430,308	1857,5
430,525	1746,5
430,742	1810,5
430,959	1748,5
431,175	1666,5
431,392	1613,5
431,609	1477,5
431,826	1709,5
432,042	1569,5
432,259	1640,5
432,476	1966,5
432,692	1636,5
432,909	1674,5
433,125	1733,5
433,342	1567,5
433,559	1609,5
433,775	1690,5
433,992	1644,5
434,208	1549,5
434,425	1674,5
434,641	1853,5
434,858	1881,5
435,074	1774,5
435,291	1581,5
435,507	1472,5
435,723	1634,5
435,94	1696,5
436,156	1642,5
436,373	1800,5
436,589	1658,5
436,805	1746,5
437,022	1649,5
437,238	1687,5
437,454	1716,5
437,671	1631,5
437,887	1696,5
438,103	1632,5
438,319	1617,5
438,536	1810,5
438,752	1723,5
438,968	1737,5
439,184	1717,5
439,4	1593,5
439,616	1728,5
439,833	1750,5
440,049	1598,5
440,265	1751,5
440,481	1600,5
440,697	1819,5
440,913	1834,5
441,129	1687,5
441,345	1693,5
441,561	1736,5
441,777	1671,5
441,993	1704,5
442,209	1629,5
442,425	1750,5
442,641	1675,5
442,857	1632,5
443,073	1652,5
443,289	1698,5
443,505	1790,5
443,721	1765,5
443,937	1696,5
444,152	1675,5
444,368	1731,5
444,584	1623,5
444,8	1795,5
445,016	1660,5
445,231	1726,5
445,447	1821,5
445,663	1711,5
445,879	1677,5
446,094	1817,5
446,31	1839,5
446,526	1709,5
446,742	1811,5
446,957	1680,5
447,173	1672,5
447,388	1696,5
447,604	1900,5
447,82	1669,5
448,035	1721,5
448,251	1567,5
448,466	1786,5
448,682	1544,5
448,897	1598,5
449,113	1679,5
449,328	1811,5
449,544	1531,5
449,759	2089,5
449,975	1535,5
450,19	1599,5
450,406	1703,5
450,621	1635,5
450,836	1644,5
451,052	1710,5
451,267	1593,5
451,483	1686,5
451,698	1563,5
451,913	1699,5
452,129	1684,5
452,344	1572,5
452,559	1849,5
452,774	1703,5
452,99	1638,5
453,205	1688,5
453,42	1582,5
453,635	1851,5
453,85	1897,5
454,066	1771,5
454,281	1789,5
454,496	1781,5
454,711	1687,5
454,926	1724,5
455,141	1626,5
455,356	1618,5
455,571	1568,5
455,786	1755,5
456,001	1662,5
456,217	1562,5
456,432	1758,5
456,647	1707,5
456,861	1743,5
457,076	1679,5
457,291	1832,5
457,506	1629,5
457,721	1707,5
457,936	1711,5
458,151	1642,5
458,366	1859,5
458,581	1836,5
458,796	1880,5
459,01	1725,5
459,225	1705,5
459,44	1585,5
459,655	1715,5
459,87	1569,5
460,084	1649,5
460,299	1697,5
460,514	1745,5
460,729	2240,5
460,943	1514,5
461,158	1459,5
461,373	1801,5
461,587	1682,5
461,802	1666,5
462,016	1752,5
462,231	1709,5
462,446	1727,5
462,66	1645,5
462,875	1511,5
463,089	1643,5
463,304	1766,5
463,518	1670,5
463,733	1677,5
463,947	1719,5
464,162	1668,5
464,376	1636,5
464,591	1832,5
464,805	1621,5
465,02	1834,5
465,234	1712,5
465,448	1752,5
465,663	1830,5
465,877	1776,5
466,091	1657,5
466,306	1923,5
466,52	1989,5
466,734	1744,5
466,949	1623,5
467,163	1729,5
467,377	1631,5
467,591	1827,5
467,806	1654,5
468,02	1593,5
468,234	1534,5
468,448	1843,5
468,662	1747,5
468,876	1880,5
469,091	1666,5
469,305	1760,5
469,519	1595,5
469,733	1562,5
469,947	1644,5
470,161	1863,5
470,375	1542,5
470,589	1787,5
470,803	1671,5
471,017	1773,5
471,231	1512,5
471,445	1613,5
471,659	1752,5
471,873	1657,5
472,087	1578,5
472,301	1819,5
472,515	1584,5
472,728	1607,5
472,942	1602,5
473,156	1721,5
473,37	1613,5
473,584	1576,5
473,798	1691,5
474,011	1645,5
474,225	1697,5
474,439	1836,5
474,653	1745,5
474,866	1761,5
475,08	1803,5
475,294	1728,5
475,507	1710,5
475,721	1776,5
475,935	1736,5
476,148	1638,5
476,362	1531,5
476,576	1286,5
476,789	1650,5
477,003	1768,5
477,216	1729,5
477,43	1660,5
477,643	1684,5
477,857	1795,5
478,07	1676,5
478,284	1734,5
478,497	1668,5
478,711	1663,5
478,924	1662,5
479,138	1665,5
479,351	1657,5
479,564	1576,5
479,778	1619,5
479,991	1548,5
480,204	1558,5
480,418	1769,5
480,631	1433,5
480,844	1701,5
481,058	1582,5
481,271	1690,5
481,484	1765,5
481,697	1641,5
481,911	1671,5
482,124	1734,5
482,337	1743,5
482,55	1593,5
482,763	1647,5
482,976	1776,5
483,19	1618,5
483,403	1686,5
483,616	1788,5
483,829	1801,5
484,042	1580,5
484,255	1637,5
484,468	1560,5
484,681	1600,5
484,894	1675,5
485,107	1779,5
485,32	1597,5
485,533	1744,5
485,746	1856,5
485,959	1595,5
486,172	1666,5
486,385	1534,5
486,598	1719,5
486,81	1561,5
487,023	1658,5
487,236	1866,5
487,449	1755,5
487,662	1630,5
487,875	1719,5
488,087	1760,5
488,3	1703,5
488,513	1507,5
488,726	1660,5
488,938	1591,5
489,151	1713,5
489,364	1652,5
489,576	1726,5
489,789	1719,5
490,002	1782,5
490,214	1761,5
490,427	1503,5
490,64	1680,5
490,852	1681,5
491,065	1579,5
491,277	1692,5
491,49	1747,5
491,702	1523,5
491,915	1729,5
492,127	1750,5
492,34	1713,5
492,552	1720,5
492,765	1758,5
492,977	1866,5
493,19	1666,5
493,402	1794,5
493,614	1761,5
493,827	1683,5
494,039	1737,5
494,251	1632,5
494,464	1889,5
494,676	1561,5
494,888	1624,5
495,101	1648,5
495,313	1678,5
495,525	1664,5
495,737	1826,5
495,95	1686,5
496,162	1753,5
496,374	1636,5
496,586	1621,5
496,798	1686,5
497,01	1732,5
497,222	1619,5
497,435	1844,5
497,647	1586,5
497,859	1628,5
498,071	1673,5
498,283	1666,5
498,495	1867,5
498,707	1941,5
498,919	1615,5
499,131	1809,5
499,343	1579,5
499,555	1620,5
499,767	1806,5
499,979	1653,5
500,191	1789,5
500,402	1589,5
500,614	1722,5
500,826	1866,5
501,038	1545,5
501,25	1711,5
501,462	1663,5
501,673	1819,5
501,885	1621,5
502,097	1901,5
502,309	1706,5
502,521	1813,5
502,732	1629,5
502,944	1602,5
503,156	1747,5
503,367	1569,5
503,579	1583,5
503,791	1666,5
504,002	1700,5
504,214	1793,5
504,425	2001,5
504,637	1858,5
504,849	1695,5
505,06	1755,5
505,272	1817,5
505,483	1674,5
505,695	1654,5
505,906	1559,5
506,118	1709,5
506,329	1700,5
506,541	1440,5
506,752	1847,5
506,963	1708,5
507,175	1494,5
507,386	1706,5
507,598	1789,5
507,809	1581,5
508,02	1663,5
508,232	1760,5
508,443	1608,5
508,654	1947,5
508,865	1786,5
509,077	1564,5
509,288	1678,5
509,499	1868,5
509,71	1624,5
509,922	1786,5
510,133	1629,5
510,344	1830,5
510,555	1443,5
510,766	1756,5
510,977	1550,5
511,188	1669,5
511,4	1687,5
511,611	1636,5
511,822	1736,5
512,033	1771,5
512,244	1774,5
512,455	1723,5
512,666	1715,5
512,877	1757,5
513,088	1729,5
513,299	1765,5
513,51	1680,5
513,721	1737,5
513,931	1669,5
514,142	1779,5
514,353	1844,5
514,564	1579,5
514,775	1746,5
514,986	1769,5
515,196	1781,5
515,407	1751,5
515,618	1671,5
515,829	1669,5
516,04	1754,5
516,25	1522,5
516,461	1633,5
516,672	1745,5
516,882	1649,5
517,093	1811,5
517,304	1565,5
517,514	1511,5
517,725	1769,5
517,936	1550,5
518,146	1586,5
518,357	1718,5
518,567	1566,5
518,778	1965,5
518,988	1644,5
519,199	1824,5
519,409	1667,5
519,62	1649,5
519,83	1729,5
520,041	1785,5
520,251	1753,5
520,462	1805,5
520,672	1588,5
520,882	1398,5
521,093	1734,5
521,303	1790,5
521,513	1619,5
521,724	2790,5
521,934	1584,5
522,144	1716,5
522,355	1636,5
522,565	1726,5
522,775	1659,5
522,985	1689,5
523,196	1676,5
523,406	1643,5
523,616	1806,5
523,826	1617,5
524,036	2324,5
524,246	1668,5
524,457	1624,5
524,667	1520,5
524,877	1531,5
525,087	1694,5
525,297	1713,5
525,507	1797,5
525,717	1550,5
525,927	1702,5
526,137	1659,5
526,347	1676,5
526,557	1570,5
526,767	1660,5
526,977	1972,5
527,187	1660,5
527,397	1568,5
527,607	1647,5
527,816	1662,5
528,026	1827,5
528,236	1688,5
528,446	1731,5
528,656	1715,5
528,865	1923,5
529,075	1649,5
529,285	1697,5
529,495	1772,5
529,704	1893,5
529,914	1708,5
530,124	1747,5
530,334	1589,5
530,543	1634,5
530,753	2052,5
530,963	2113,5
531,172	1671,5
531,382	1605,5
531,591	1930,5
531,801	1573,5
532,01	1693,5
532,22	1731,5
532,43	1777,5
532,639	2000,5
532,849	1824,5
533,058	1635,5
533,267	1840,5
533,477	1557,5
533,686	1547,5
533,896	1669,5
534,105	1702,5
534,315	1814,5
534,524	1661,5
534,733	1722,5
534,943	1823,5
535,152	1846,5
535,361	1597,5
535,57	1619,5
535,78	1684,5
535,989	1660,5
536,198	1672,5
536,407	1632,5
536,617	1742,5
536,826	1716,5
537,035	1882,5
537,244	1565,5
537,453	1519,5
537,662	1736,5
537,872	1931,5
538,081	1647,5
538,29	1596,5
538,499	1721,5
538,708	1608,5
538,917	1747,5
539,126	1732,5
539,335	1764,5
539,544	2256,5
539,753	1662,5
539,962	1704,5
540,171	1592,5
540,38	1869,5
540,589	1695,5
540,797	1844,5
541,006	1715,5
541,215	1581,5
541,424	1883,5
541,633	1710,5
541,842	1579,5
542,05	1796,5
542,259	1689,5
542,468	1909,5
542,677	1802,5
542,885	1711,5
543,094	1767,5
543,303	1621,5
543,512	1762,5
543,72	1766,5
543,929	1758,5
544,138	1691,5
544,346	1607,5
544,555	1636,5
544,763	1755,5
544,972	1625,5
545,18	1592,5
545,389	1735,5
545,598	1674,5
545,806	1716,5
546,015	1701,5
546,223	1657,5
546,431	1699,5
546,64	1622,5
546,848	1671,5
547,057	1787,5
547,265	1592,5
547,474	1621,5
547,682	1674,5
547,89	1803,5
548,099	1771,5
548,307	1697,5
548,515	1822,5
548,723	1803,5
548,932	1680,5
549,14	1780,5
549,348	1843,5
549,556	1662,5
549,765	1624,5
549,973	1697,5
550,181	1979,5
550,389	1769,5
550,597	1853,5
550,805	1645,5
551,014	1819,5
551,222	4171,5
551,43	1527,5
551,638	1639,5
551,846	1810,5
552,054	1826,5
552,262	1834,5
552,47	1621,5
552,678	1608,5
552,886	1608,5
553,094	1593,5
553,302	1755,5
553,51	1645,5
553,717	1791,5
553,925	1542,5
554,133	1992,5
554,341	1637,5
554,549	1780,5
554,757	1637,5
554,965	1687,5
555,172	1679,5
555,38	1998,5
555,588	1587,5
555,796	1759,5
556,003	1877,5
556,211	1642,5
556,419	1767,5
556,626	1737,5
556,834	1641,5
557,042	1698,5
557,249	1729,5
557,457	1671,5
557,664	1510,5
557,872	1666,5
558,08	1609,5
558,287	1736,5
558,495	1740,5
558,702	1697,5
558,91	1671,5
559,117	1735,5
559,325	1744,5
559,532	1571,5
559,74	1969,5
559,947	1569,5
560,154	1858,5
560,362	1660,5
560,569	1659,5
560,776	1559,5
560,984	1724,5
561,191	1751,5
561,398	1705,5
561,606	2104,5
561,813	1787,5
562,02	1582,5
562,227	1523,5
562,435	1701,5
562,642	1799,5
562,849	1805,5
563,056	1722,5
563,263	1644,5
563,471	1845,5
563,678	1787,5
563,885	1654,5
564,092	1767,5
564,299	1786,5
564,506	1618,5
564,713	1654,5
564,92	1684,5
565,127	1830,5
565,334	1720,5
565,541	2011,5
565,748	1760,5
565,955	1658,5
566,162	1669,5
566,369	1781,5
566,576	1846,5
566,783	1787,5
566,99	1618,5
567,196	1923,5
567,403	1587,5
567,61	1816,5
567,817	1663,5
568,024	1757,5
568,23	1747,5
568,437	1601,5
568,644	1689,5
568,851	1660,5
569,057	1917,5
569,264	1795,5
569,471	1581,5
569,677	1671,5
569,884	1747,5
570,091	1855,5
570,297	2779,5
570,504	1925,5
570,71	1722,5
570,917	1721,5
571,123	1697,5
571,33	1773,5
571,536	1637,5
571,743	1989,5
571,949	1662,5
572,156	1625,5
572,362	1988,5
572,569	1695,5
572,775	1719,5
572,982	1837,5
573,188	1755,5
573,394	1648,5
573,601	1713,5
573,807	1602,5
574,013	1934,5
574,22	1764,5
574,426	1586,5
574,632	1757,5
574,838	1697,5
575,045	1690,5
575,251	1729,5
575,457	1733,5
575,663	1879,5
575,869	1629,5
576,076	1577,5
576,282	1699,5
576,488	1587,5
576,694	1827,5
576,9	1601,5
577,106	1445,5
577,312	1625,5
577,518	1687,5
577,724	1753,5
577,93	1723,5
578,136	1673,5
578,342	1711,5
578,548	1683,5
578,754	1641,5
578,96	1683,5
579,166	1648,5
579,372	1971,5
579,578	1733,5
579,784	1739,5
579,989	1532,5
580,195	1682,5
580,401	1615,5
580,607	1736,5
580,813	1763,5
581,018	1750,5
581,224	1706,5
581,43	1693,5
581,636	1624,5
581,841	1919,5
582,047	1794,5
582,253	1803,5
582,458	1681,5
582,664	1638,5
582,869	1642,5
583,075	1577,5
583,281	1984,5
583,486	1810,5
583,692	1594,5
583,897	1880,5
584,103	1763,5
584,308	1789,5
584,514	1622,5
584,719	1887,5
584,925	1773,5
585,13	1579,5
585,335	1690,5
585,541	1753,5
585,746	1730,5
585,952	1632,5
586,157	1721,5
586,362	1633,5
586,568	1704,5
586,773	1825,5
586,978	1671,5
587,183	1700,5
587,389	1779,5
587,594	1664,5
587,799	1762,5
588,004	1866,5
588,21	1789,5
588,415	1587,5
588,62	1905,5
588,825	1895,5
589,03	1711,5
589,235	2184,5
589,44	1892,5
589,645	1671,5
589,85	1773,5
590,055	1967,5
590,26	1644,5
590,465	1779,5
590,67	1767,5
590,875	1875,5
591,08	1852,5
591,285	1800,5
591,49	1883,5
591,695	1710,5
591,9	1749,5
592,105	1703,5
592,31	1669,5
592,515	2032,5
592,719	1697,5
592,924	1526,5
593,129	1950,5
593,334	1801,5
593,539	1693,5
593,743	1915,5
593,948	1701,5
594,153	1699,5
594,357	2181,5
594,562	1685,5
594,767	2160,5
594,971	1629,5
595,176	1669,5
595,381	1801,5
595,585	1691,5
595,79	1935,5
595,994	1662,5
596,199	2158,5
596,403	1507,5
596,608	1648,5
596,812	1710,5
597,017	1897,5
597,221	1991,5
597,426	1899,5
597,63	1682,5
597,835	1731,5
598,039	1724,5
598,243	1597,5
598,448	1949,5
598,652	1740,5
598,856	1866,5
599,061	1834,5
599,265	1658,5
599,469	1617,5
599,673	1641,5
599,878	1912,5
600,082	1651,5
600,286	1746,5
600,49	1706,5
600,695	1475,5
600,899	1663,5
601,103	1777,5
601,307	1739,5
601,511	1833,5
601,715	1456,5
601,919	1574,5
602,123	1872,5
602,327	1690,5
602,531	1747,5
602,735	1816,5
602,939	1888,5
603,143	1571,5
603,347	1784,5
603,551	1737,5
603,755	1768,5
603,959	1712,5
604,163	1715,5
604,367	1714,5
604,571	1747,5
604,775	1769,5
604,978	1718,5
605,182	1597,5
605,386	1755,5
605,59	1723,5
605,793	1671,5
605,997	1764,5
606,201	1752,5
606,405	1776,5
606,608	1793,5
606,812	1720,5
607,016	1833,5
607,219	1681,5
607,423	1399,5
607,627	1850,5
607,83	1643,5
608,034	1650,5
608,237	1931,5
608,441	1624,5
608,644	1843,5
608,848	1758,5
609,051	1714,5
609,255	1614,5
609,458	1819,5
609,662	1796,5
609,865	1691,5
610,069	1416,5
610,272	1583,5
610,475	1621,5
610,679	1617,5
610,882	1736,5
611,085	1735,5
611,289	1861,5
611,492	1567,5
611,695	1582,5
611,898	1714,5
612,102	1856,5
612,305	1711,5
612,508	1718,5
612,711	1871,5
612,914	1680,5
613,118	1859,5
613,321	1744,5
613,524	1622,5
613,727	1668,5
613,93	1670,5
614,133	1824,5
614,336	1746,5
614,539	1738,5
614,742	1593,5
614,945	1686,5
615,148	1783,5
615,351	1742,5
615,554	1854,5
615,757	1569,5
615,96	1822,5
616,163	1658,5
616,366	1794,5
616,569	1779,5
616,772	1935,5
616,974	1683,5
617,177	1834,5
617,38	1731,5
617,583	1776,5
617,786	1619,5
617,988	1594,5
618,191	1629,5
618,394	1678,5
618,596	1848,5
618,799	1711,5
619,002	1713,5
619,204	1765,5
619,407	1737,5
619,61	1568,5
619,812	1722,5
620,015	1660,5
620,217	1873,5
620,42	1772,5
620,623	1683,5
620,825	1708,5
621,028	1887,5
621,23	1811,5
621,432	1718,5
621,635	1889,5
621,837	1795,5
622,04	1684,5
622,242	1686,5
622,445	1753,5
622,647	1741,5
622,849	1827,5
623,052	1578,5
623,254	1791,5
623,456	1535,5
623,658	1814,5
623,861	1886,5
624,063	1757,5
624,265	1790,5
624,467	1767,5
624,67	1535,5
624,872	1797,5
625,074	1974,5
625,276	1801,5
625,478	1797,5
625,68	1526,5
625,882	1635,5
626,084	1752,5
626,287	1864,5
626,489	1806,5
626,691	1710,5
626,893	1821,5
627,095	1681,5
627,297	1806,5
627,499	1686,5
627,7	1548,5
627,902	1678,5
628,104	1514,5
628,306	1499,5
628,508	1698,5
628,71	1614,5
628,912	1741,5
629,114	1969,5
629,315	1704,5
629,517	1693,5
629,719	1794,5
629,921	1640,5
630,122	1731,5
630,324	1616,5
630,526	1824,5
630,728	1871,5
630,929	1683,5
631,131	1542,5
631,332	1871,5
631,534	1869,5
631,736	1783,5
631,937	1573,5
632,139	1769,5
632,34	1778,5
632,542	1833,5
632,743	1935,5
632,945	1690,5
633,146	1789,5
633,348	1817,5
633,549	1635,5
633,751	1600,5
633,952	1701,5
634,154	1612,5
634,355	1579,5
634,556	1730,5
634,758	1671,5
634,959	1547,5
635,16	1852,5
635,362	1477,5
635,563	1742,5
635,764	1674,5
635,965	1788,5
636,167	1815,5
636,368	1664,5
636,569	1662,5
636,77	1771,5
636,971	1662,5
637,172	1695,5
637,374	1627,5
637,575	1920,5
637,776	1553,5
637,977	1548,5
638,178	1816,5
638,379	1720,5
638,58	1771,5
638,781	1539,5
638,982	1701,5
639,183	1723,5
639,384	1670,5
639,585	1714,5
639,786	1600,5
639,987	1647,5
640,187	1786,5
640,388	1787,5
640,589	1557,5
640,79	1715,5
640,991	1713,5
641,192	1865,5
641,392	1578,5
641,593	1614,5
641,794	1572,5
641,995	1638,5
642,195	1558,5
642,396	1583,5
642,597	1527,5
642,797	1654,5
642,998	1745,5
643,199	1634,5
643,399	1705,5
643,6	1606,5
643,8	1717,5
644,001	1683,5
644,202	1731,5
644,402	1595,5
644,603	1782,5
644,803	1541,5
645,004	1704,5
645,204	1615,5
645,404	1722,5
645,605	2047,5
645,805	1600,5
646,006	1562,5
646,206	2126,5
646,406	1530,5
646,607	1438,5
646,807	1367,5
647,007	0,5
647,208	19,5
647,408	16,5
647,608	-64,5
