200,697	983,17
200,927	-173,83
201,158	-18,83
201,388	67,17
201,618	1352,17
201,849	1416,17
202,079	1670,17
202,309	1517,17
202,539	1719,17
202,77	1522,17
203	1657,17
203,23	1645,17
203,46	1664,17
203,691	1646,17
203,921	1716,17
204,151	1665,17
204,381	1609,17
204,611	1627,17
204,841	1572,17
205,071	1537,17
205,302	1727,17
205,532	1650,17
205,762	3866,17
205,992	1396,17
206,222	1515,17
206,452	1394,17
206,682	1569,17
206,912	1743,17
207,142	1733,17
207,372	1697,17
207,602	1541,17
207,832	1710,17
208,062	1720,17
208,292	1643,17
208,522	1539,17
208,752	1700,17
208,982	1599,17
209,212	1784,17
209,442	1528,17
209,672	1583,17
209,902	1703,17
210,131	1797,17
210,361	1463,17
210,591	1654,17
210,821	1586,17
211,051	1810,17
211,281	1621,17
211,51	1671,17
211,74	1683,17
211,97	1619,17
212,2	1702,17
212,429	1952,17
212,659	1730,17
212,889	1591,17
213,119	1657,17
213,348	1605,17
213,578	1814,17
213,808	1794,17
214,037	1795,17
214,267	1832,17
214,497	1703,17
214,726	1630,17
214,956	1601,17
215,186	1705,17
215,415	1689,17
215,645	1639,17
215,874	1762,17
216,104	1745,17
216,333	1713,17
216,563	1724,17
216,792	1750,17
217,022	1819,17
217,251	1723,17
217,481	1581,17
217,71	1726,17
217,94	1730,17
218,169	1729,17
218,399	1755,17
218,628	1670,17
218,858	1759,17
219,087	1841,17
219,316	1824,17
219,546	1691,17
219,775	1774,17
220,004	1866,17
220,234	1588,17
220,463	1847,17
220,692	1741,17
220,922	1789,17
221,151	1773,17
221,38	1683,17
221,61	2151,17
221,839	1999,17
222,068	1761,17
222,297	1842,17
222,526	1857,17
222,756	1865,17
222,985	1779,17
223,214	1809,17
223,443	1751,17
223,672	2328,17
223,902	1635,17
224,131	1737,17
224,36	1910,17
224,589	1609,17
224,818	1757,17
225,047	1627,17
225,276	1685,17
225,505	1961,17
225,734	1762,17
225,963	1705,17
226,192	1721,17
226,421	1743,17
226,65	1837,17
226,879	1814,17
227,108	1933,17
227,337	1947,17
227,566	1898,17
227,795	1800,17
228,024	1848,17
228,253	1785,17
228,482	1689,17
228,711	1912,17
228,94	1791,17
229,168	1813,17
229,397	1805,17
229,626	1923,17
229,855	1804,17
230,084	1680,17
230,313	1736,17
230,541	2164,17
230,77	1778,17
230,999	1711,17
231,228	2109,17
231,456	1807,17
231,685	1849,17
231,914	1892,17
232,143	1835,17
232,371	1893,17
232,6	1869,17
232,829	1900,17
233,057	1952,17
233,286	2062,17
233,515	1855,17
233,743	1987,17
233,972	1846,17
234,2	1925,17
234,429	2033,17
234,658	2001,17
234,886	1791,17
235,115	2206,17
235,343	2004,17
235,572	1927,17
235,8	2100,17
236,029	2277,17
236,257	1920,17
236,486	2028,17
236,714	2132,17
236,943	2193,17
237,171	1947,17
237,399	2029,17
237,628	2149,17
237,856	2269,17
238,085	2023,17
238,313	1903,17
238,541	2102,17
238,77	2445,17
238,998	2027,17
239,226	2166,17
239,455	2081,17
239,683	2200,17
239,911	2118,17
240,14	2260,17
240,368	2342,17
240,596	2209,17
240,824	2194,17
241,053	2278,17
241,281	2138,17
241,509	2180,17
241,737	2263,17
241,965	2145,17
242,193	2167,17
242,422	2228,17
242,65	2371,17
242,878	2271,17
243,106	2301,17
243,334	2326,17
243,562	2430,17
243,79	2369,17
244,018	2218,17
244,246	2356,17
244,474	2331,17
244,702	2203,17
244,93	2372,17
245,158	2457,17
245,386	2389,17
245,614	2484,17
245,842	2572,17
246,07	2376,17
246,298	2603,17
246,526	2934,17
246,754	2399,17
246,982	2538,17
247,21	2652,17
247,438	2447,17
247,666	2600,17
247,893	2513,17
248,121	2485,17
248,349	2530,17
248,577	2536,17
248,805	2709,17
249,033	2676,17
249,26	2683,17
249,488	2478,17
249,716	2731,17
249,944	2636,17
250,171	2652,17
250,399	2695,17
250,627	2862,17
250,854	2764,17
251,082	2599,17
251,31	2819,17
251,537	2807,17
251,765	2980,17
251,993	2652,17
252,22	3145,17
252,448	2739,17
252,676	2941,17
252,903	2944,17
253,131	3148,17
253,358	2755,17
253,586	2745,17
253,813	2647,17
254,041	2934,17
254,268	2650,17
254,496	2774,17
254,723	2837,17
254,951	2971,17
255,178	2901,17
255,406	2919,17
255,633	3014,17
255,86	3074,17
256,088	2995,17
256,315	2965,17
256,543	3089,17
256,77	3052,17
256,997	2979,17
257,225	3157,17
257,452	3051,17
257,679	3025,17
257,907	3231,17
258,134	3087,17
258,361	3186,17
258,588	3060,17
258,816	3182,17
259,043	3130,17
259,27	3143,17
259,497	3213,17
259,725	3098,17
259,952	3144,17
260,179	3108,17
260,406	3262,17
260,633	3145,17
260,86	3225,17
261,088	3195,17
261,315	3406,17
261,542	3261,17
261,769	3099,17
261,996	3484,17
262,223	3434,17
262,45	3415,17
262,677	3166,17
262,904	3078,17
263,131	3241,17
263,358	3252,17
263,585	3324,17
263,812	3730,17
264,039	3465,17
264,266	3259,17
264,493	3283,17
264,72	3247,17
264,947	3329,17
265,174	3552,17
265,401	3389,17
265,627	3503,17
265,854	3339,17
266,081	3403,17
266,308	3311,17
266,535	3232,17
266,762	3234,17
266,988	3398,17
267,215	3403,17
267,442	3272,17
267,669	3401,17
267,896	3314,17
268,122	3515,17
268,349	3406,17
268,576	3197,17
268,802	3311,17
269,029	3243,17
269,256	3471,17
269,482	3293,17
269,709	3277,17
269,936	3456,17
270,162	3615,17
270,389	3325,17
270,616	3472,17
270,842	3572,17
271,069	3506,17
271,295	3527,17
271,522	3344,17
271,748	3545,17
271,975	3550,17
272,201	3583,17
272,428	3564,17
272,654	3459,17
272,881	3690,17
273,107	3392,17
273,334	3551,17
273,56	3712,17
273,787	3561,17
274,013	3693,17
274,239	3883,17
274,466	3610,17
274,692	3606,17
274,918	3681,17
275,145	3632,17
275,371	3680,17
275,597	3846,17
275,824	3817,17
276,05	3743,17
276,276	3789,17
276,503	3724,17
276,729	3690,17
276,955	3492,17
277,181	3812,17
277,407	3745,17
277,634	3846,17
277,86	3823,17
278,086	3902,17
278,312	3630,17
278,538	3702,17
278,764	3756,17
278,991	3961,17
279,217	3707,17
279,443	3710,17
279,669	3780,17
279,895	3814,17
280,121	3702,17
280,347	3788,17
280,573	3903,17
280,799	3831,17
281,025	4079,17
281,251	3819,17
281,477	4038,17
281,703	3864,17
281,929	3941,17
282,155	3926,17
282,381	4121,17
282,607	4239,17
282,833	3982,17
283,059	4186,17
283,285	4109,17
283,51	4167,17
283,736	4028,17
283,962	4191,17
284,188	4215,17
284,414	4228,17
284,64	4280,17
284,865	4232,17
285,091	4271,17
285,317	4246,17
285,543	4395,17
285,768	4358,17
285,994	4447,17
286,22	4646,17
286,446	4445,17
286,671	4238,17
286,897	4501,17
287,123	4357,17
287,348	4320,17
287,574	4982,17
287,799	4460,17
288,025	4423,17
288,251	4651,17
288,476	4487,17
288,702	4492,17
288,927	4464,17
289,153	4507,17
289,378	4788,17
289,604	4562,17
289,829	4629,17
290,055	4521,17
290,28	4659,17
290,506	4732,17
290,731	4712,17
290,957	4829,17
291,182	4921,17
291,408	4920,17
291,633	4907,17
291,858	4714,17
292,084	4904,17
292,309	4766,17
292,535	4854,17
292,76	5008,17
292,985	4869,17
293,211	4921,17
293,436	4885,17
293,661	4843,17
293,886	5036,17
294,112	5039,17
294,337	4951,17
294,562	4804,17
294,787	5180,17
295,013	5017,17
295,238	5076,17
295,463	5128,17
295,688	5326,17
295,913	5190,17
296,138	5229,17
296,364	5008,17
296,589	5099,17
296,814	4972,17
297,039	4972,17
297,264	5036,17
297,489	5125,17
297,714	4989,17
297,939	5056,17
298,164	5123,17
298,389	5200,17
298,614	5083,17
298,839	5295,17
299,064	5369,17
299,289	5376,17
299,514	5247,17
299,739	5467,17
299,964	5369,17
300,189	5425,17
300,414	5734,17
300,639	5668,17
300,863	5385,17
301,088	5941,17
301,313	5454,17
301,538	5323,17
301,763	5550,17
301,988	5645,17
302,212	5562,17
302,437	6081,17
302,662	5583,17
302,887	5630,17
303,111	5696,17
303,336	5822,17
303,561	5674,17
303,786	5706,17
304,01	5793,17
304,235	5746,17
304,46	5492,17
304,684	5595,17
304,909	5540,17
305,134	5406,17
305,358	5632,17
305,583	5528,17
305,807	5669,17
306,032	5323,17
306,256	5527,17
306,481	5607,17
306,706	5538,17
306,93	5513,17
307,155	5781,17
307,379	5597,17
307,604	5851,17
307,828	5627,17
308,052	5902,17
308,277	5817,17
308,501	5875,17
308,726	5838,17
308,95	5870,17
309,175	5720,17
309,399	6015,17
309,623	5807,17
309,848	5735,17
310,072	5739,17
310,296	6245,17
310,521	5806,17
310,745	5731,17
310,969	6174,17
311,193	6057,17
311,418	5897,17
311,642	5865,17
311,866	5992,17
312,09	5915,17
312,315	5933,17
312,539	6013,17
312,763	5792,17
312,987	6048,17
313,211	5880,17
313,435	5882,17
313,659	5801,17
313,884	6115,17
314,108	6034,17
314,332	5969,17
314,556	5822,17
314,78	6180,17
315,004	5937,17
315,228	6037,17
315,452	5919,17
315,676	5953,17
315,9	5927,17
316,124	5665,17
316,348	5849,17
316,572	5891,17
316,796	5946,17
317,02	5769,17
317,244	5924,17
317,468	5677,17
317,691	5885,17
317,915	5776,17
318,139	5809,17
318,363	6187,17
318,587	5756,17
318,811	5706,17
319,034	5664,17
319,258	5863,17
319,482	5976,17
319,706	5885,17
319,93	5660,17
320,153	5623,17
320,377	5928,17
320,601	5534,17
320,824	5603,17
321,048	5892,17
321,272	5897,17
321,495	5660,17
321,719	5854,17
321,943	5807,17
322,166	5741,17
322,39	5811,17
322,614	5895,17
322,837	6008,17
323,061	5782,17
323,284	5945,17
323,508	5919,17
323,731	5756,17
323,955	5807,17
324,178	5751,17
324,402	5880,17
324,625	5874,17
324,849	5679,17
325,072	5829,17
325,296	5853,17
325,519	5711,17
325,743	5751,17
325,966	5963,17
326,189	5955,17
326,413	5695,17
326,636	6110,17
326,859	5803,17
327,083	5991,17
327,306	5698,17
327,529	5406,17
327,753	5500,17
327,976	5759,17
328,199	5834,17
328,422	5486,17
328,646	5659,17
328,869	5613,17
329,092	5807,17
329,315	5810,17
329,538	5790,17
329,762	5739,17
329,985	5702,17
330,208	5805,17
330,431	5838,17
330,654	5970,17
330,877	5890,17
331,1	5884,17
331,323	5851,17
331,546	5972,17
331,769	5883,17
331,993	5763,17
332,216	5818,17
332,439	5803,17
332,662	5823,17
332,885	5824,17
333,107	5619,17
333,33	5788,17
333,553	5870,17
333,776	5743,17
333,999	5823,17
334,222	5714,17
334,445	5774,17
334,668	5774,17
334,891	5866,17
335,114	5666,17
335,336	5863,17
335,559	5836,17
335,782	6115,17
336,005	5891,17
336,228	5795,17
336,45	5803,17
336,673	5807,17
336,896	5926,17
337,119	5858,17
337,341	5738,17
337,564	5759,17
337,787	5934,17
338,009	5747,17
338,232	5766,17
338,455	5918,17
338,677	5803,17
338,9	6024,17
339,122	5836,17
339,345	5653,17
339,568	5654,17
339,79	5785,17
340,013	5798,17
340,235	5699,17
340,458	5694,17
340,68	5900,17
340,903	5722,17
341,125	5710,17
341,348	5706,17
341,57	5621,17
341,793	5828,17
342,015	5576,17
342,238	5623,17
342,46	5567,17
342,682	5650,17
342,905	5467,17
343,127	5613,17
343,349	5547,17
343,572	5599,17
343,794	5444,17
344,016	5424,17
344,239	5610,17
344,461	5425,17
344,683	5571,17
344,905	5551,17
345,128	5498,17
345,35	5545,17
345,572	5662,17
345,794	5959,17
346,017	5791,17
346,239	5677,17
346,461	5669,17
346,683	5776,17
346,905	6094,17
347,127	5712,17
347,349	5713,17
347,571	5783,17
347,793	5929,17
348,016	5725,17
348,238	5797,17
348,46	5719,17
348,682	5656,17
348,904	5699,17
349,126	5841,17
349,348	5747,17
349,57	5619,17
349,792	5718,17
350,014	5923,17
350,235	5638,17
350,457	6143,17
350,679	5685,17
350,901	5555,17
351,123	5680,17
351,345	5624,17
351,567	5824,17
351,789	5640,17
352,01	5653,17
352,232	5679,17
352,454	5537,17
352,676	5592,17
352,897	5379,17
353,119	5407,17
353,341	5342,17
353,563	5256,17
353,784	5335,17
354,006	5476,17
354,228	5477,17
354,449	5398,17
354,671	5703,17
354,893	5761,17
355,114	5799,17
355,336	5729,17
355,558	5747,17
355,779	5630,17
356,001	5808,17
356,222	5536,17
356,444	5680,17
356,665	6458,17
356,887	5618,17
357,108	5595,17
357,33	5655,17
357,551	5516,17
357,773	5667,17
357,994	5782,17
358,216	5577,17
358,437	5868,17
358,659	5833,17
358,88	5646,17
359,101	5791,17
359,323	5904,17
359,544	5634,17
359,765	5639,17
359,987	5671,17
360,208	5728,17
360,429	5691,17
360,651	5646,17
360,872	5972,17
361,093	5816,17
361,314	5784,17
361,536	5748,17
361,757	5722,17
361,978	5664,17
362,199	5666,17
362,42	5451,17
362,642	5745,17
362,863	5880,17
363,084	5665,17
363,305	5805,17
363,526	5674,17
363,747	5616,17
363,968	5730,17
364,189	5960,17
364,41	5654,17
364,631	5425,17
364,852	5862,17
365,073	5650,17
365,294	5553,17
365,515	5735,17
365,736	5785,17
365,957	5728,17
366,178	5773,17
366,399	5874,17
366,62	5925,17
366,841	5977,17
367,062	5910,17
367,283	5911,17
367,504	5834,17
367,724	5803,17
367,945	5730,17
368,166	6089,17
368,387	5824,17
368,608	6030,17
368,828	6107,17
369,049	5812,17
369,27	5928,17
369,491	5806,17
369,711	5929,17
369,932	6117,17
370,153	5885,17
370,373	6155,17
370,594	6125,17
370,815	5969,17
371,035	6094,17
371,256	5953,17
371,477	5892,17
371,697	6021,17
371,918	5870,17
372,138	6102,17
372,359	6145,17
372,579	5843,17
372,8	6016,17
373,02	6145,17
373,241	6004,17
373,461	6246,17
373,682	6150,17
373,902	6169,17
374,123	5994,17
374,343	6282,17
374,564	6209,17
374,784	5974,17
375,004	6132,17
375,225	6078,17
375,445	5999,17
375,666	6137,17
375,886	5786,17
376,106	6076,17
376,326	6091,17
376,547	6363,17
376,767	6390,17
376,987	6156,17
377,208	6311,17
377,428	6427,17
377,648	6465,17
377,868	6516,17
378,088	6757,17
378,309	6740,17
378,529	6782,17
378,749	6749,17
378,969	6691,17
379,189	6747,17
379,409	6645,17
379,629	6617,17
379,849	6636,17
380,069	6540,17
380,29	6579,17
380,51	6662,17
380,73	6683,17
380,95	6817,17
381,17	6615,17
381,39	6587,17
381,61	6475,17
381,829	6642,17
382,049	6723,17
382,269	6609,17
382,489	6756,17
382,709	6516,17
382,929	6676,17
383,149	6559,17
383,369	6870,17
383,589	6538,17
383,808	6503,17
384,028	6663,17
384,248	6690,17
384,468	6742,17
384,688	6773,17
384,907	6757,17
385,127	6780,17
385,347	7027,17
385,567	6860,17
385,786	7151,17
386,006	7044,17
386,226	7212,17
386,445	7188,17
386,665	7132,17
386,885	7426,17
387,104	7333,17
387,324	7511,17
387,543	7447,17
387,763	7645,17
387,982	7666,17
388,202	7706,17
388,422	7825,17
388,641	7545,17
388,861	7523,17
389,08	7641,17
389,3	7344,17
389,519	7721,17
389,738	7543,17
389,958	7639,17
390,177	7558,17
390,397	7792,17
390,616	7809,17
390,836	7825,17
391,055	7742,17
391,274	7957,17
391,494	8068,17
391,713	8176,17
391,932	8365,17
392,151	8363,17
392,371	8502,17
392,59	8462,17
392,809	8381,17
393,029	8327,17
393,248	8143,17
393,467	7677,17
393,686	7827,17
393,905	8891,17
394,124	7800,17
394,344	8099,17
394,563	8046,17
394,782	7974,17
395,001	8073,17
395,22	7963,17
395,439	8217,17
395,658	8016,17
395,877	8436,17
396,096	8204,17
396,315	8478,17
396,534	8397,17
396,753	8551,17
396,972	8531,17
397,191	8805,17
397,41	8913,17
397,629	8927,17
397,848	9063,17
398,067	9166,17
398,286	9105,17
398,505	9062,17
398,724	8840,17
398,943	9381,17
399,161	8509,17
399,38	8674,17
399,599	8521,17
399,818	8414,17
400,037	8647,17
400,255	8387,17
400,474	8323,17
400,693	8755,17
400,912	8600,17
401,13	8280,17
401,349	8042,17
401,568	8151,17
401,786	8316,17
402,005	8461,17
402,224	8082,17
402,442	8250,17
402,661	8131,17
402,88	8099,17
403,098	8126,17
403,317	8103,17
403,535	8298,17
403,754	8051,17
403,972	8263,17
404,191	8122,17
404,409	8368,17
404,628	9104,17
404,846	8322,17
405,065	8673,17
405,283	8567,17
405,502	8374,17
405,72	8310,17
405,938	8101,17
406,157	7972,17
406,375	8124,17
406,594	7954,17
406,812	8013,17
407,03	7770,17
407,249	7669,17
407,467	8043,17
407,685	8179,17
407,903	8109,17
408,122	8465,17
408,34	8361,17
408,558	8270,17
408,776	8120,17
408,995	7951,17
409,213	8137,17
409,431	8278,17
409,649	8223,17
409,867	7875,17
410,085	8045,17
410,303	7776,17
410,522	7771,17
410,74	7739,17
410,958	7822,17
411,176	7633,17
411,394	7771,17
411,612	7960,17
411,83	8223,17
412,048	8248,17
412,266	8235,17
412,484	8102,17
412,702	8097,17
412,92	7996,17
413,138	7963,17
413,356	7972,17
413,573	7983,17
413,791	8075,17
414,009	7641,17
414,227	7909,17
414,445	7657,17
414,663	7681,17
414,881	7701,17
415,098	7708,17
415,316	7793,17
415,534	8119,17
415,752	7747,17
415,969	8034,17
416,187	7588,17
416,405	7641,17
416,623	7823,17
416,84	7609,17
417,058	7799,17
417,276	7893,17
417,493	7639,17
417,711	7671,17
417,928	7768,17
418,146	7662,17
418,364	7827,17
418,581	7812,17
418,799	7768,17
419,016	7636,17
419,234	7829,17
419,451	8435,17
419,669	7927,17
419,886	8013,17
420,104	7937,17
420,321	8385,17
420,539	8361,17
420,756	8510,17
420,974	8574,17
421,191	8677,17
421,408	8800,17
421,626	8796,17
421,843	8254,17
422,06	8264,17
422,278	8163,17
422,495	8380,17
422,712	8272,17
422,93	8386,17
423,147	8287,17
423,364	8114,17
423,581	8069,17
423,799	7844,17
424,016	8045,17
424,233	8060,17
424,45	8082,17
424,667	8188,17
424,884	7956,17
425,102	8057,17
425,319	7703,17
425,536	7576,17
425,753	7773,17
425,97	7562,17
426,187	7659,17
426,404	7626,17
426,621	8181,17
426,838	8255,17
427,055	8272,17
427,272	8264,17
427,489	7980,17
427,706	7812,17
427,923	7700,17
428,14	7837,17
428,357	8120,17
428,574	8174,17
428,791	8274,17
429,008	8442,17
429,224	8874,17
429,441	8831,17
429,658	9120,17
429,875	9214,17
430,092	9103,17
430,308	8926,17
430,525	8671,17
430,742	8453,17
430,959	8295,17
431,175	7874,17
431,392	7627,17
431,609	7503,17
431,826	7193,17
432,042	7286,17
432,259	7267,17
432,476	7546,17
432,692	7247,17
432,909	7685,17
433,125	8261,17
433,342	8441,17
433,559	8448,17
433,775	8184,17
433,992	7732,17
434,208	7472,17
434,425	7441,17
434,641	7743,17
434,858	7870,17
435,074	7716,17
435,291	7488,17
435,507	7646,17
435,723	7643,17
435,94	7752,17
436,156	7884,17
436,373	7886,17
436,589	7791,17
436,805	7490,17
437,022	7508,17
437,238	7425,17
437,454	7457,17
437,671	7343,17
437,887	7744,17
438,103	7625,17
438,319	7463,17
438,536	7789,17
438,752	7687,17
438,968	7582,17
439,184	7581,17
439,4	7447,17
439,616	7157,17
439,833	7403,17
440,049	7495,17
440,265	7778,17
440,481	7939,17
440,697	8409,17
440,913	8579,17
441,129	8694,17
441,345	8665,17
441,561	8423,17
441,777	8186,17
441,993	8081,17
442,209	7840,17
442,425	8003,17
442,641	7992,17
442,857	8130,17
443,073	8254,17
443,289	8188,17
443,505	8168,17
443,721	8106,17
443,937	7930,17
444,152	7821,17
444,368	7884,17
444,584	7850,17
444,8	7981,17
445,016	7637,17
445,231	7641,17
445,447	7819,17
445,663	7676,17
445,879	7875,17
446,094	7933,17
446,31	7995,17
446,526	7732,17
446,742	7767,17
446,957	7508,17
447,173	7498,17
447,388	7604,17
447,604	7616,17
447,82	7414,17
448,035	7451,17
448,251	7473,17
448,466	7594,17
448,682	7411,17
448,897	7603,17
449,113	7555,17
449,328	7526,17
449,544	7385,17
449,759	7497,17
449,975	7258,17
450,19	7197,17
450,406	7229,17
450,621	7138,17
450,836	6993,17
451,052	7040,17
451,267	7033,17
451,483	7100,17
451,698	6965,17
451,913	7214,17
452,129	7051,17
452,344	6850,17
452,559	7027,17
452,774	6790,17
452,99	6692,17
453,205	6778,17
453,42	6758,17
453,635	6693,17
453,85	6559,17
454,066	6657,17
454,281	6665,17
454,496	6846,17
454,711	6948,17
454,926	7070,17
455,141	6873,17
455,356	6781,17
455,571	6421,17
455,786	6681,17
456,001	6486,17
456,217	6418,17
456,432	6609,17
456,647	6635,17
456,861	6690,17
457,076	6868,17
457,291	7068,17
457,506	6854,17
457,721	6961,17
457,936	6752,17
458,151	6963,17
458,366	7103,17
458,581	6839,17
458,796	7306,17
459,01	7014,17
459,225	6966,17
459,44	6835,17
459,655	6897,17
459,87	6675,17
460,084	6712,17
460,299	6775,17
460,514	6836,17
460,729	7164,17
460,943	6562,17
461,158	6346,17
461,373	6294,17
461,587	5985,17
461,802	5931,17
462,016	6117,17
462,231	5926,17
462,446	6112,17
462,66	6219,17
462,875	6297,17
463,089	6395,17
463,304	6422,17
463,518	6564,17
463,733	6754,17
463,947	6547,17
464,162	6709,17
464,376	6815,17
464,591	7004,17
464,805	6754,17
465,02	7160,17
465,234	7160,17
465,448	7087,17
465,663	6904,17
465,877	6679,17
466,091	6330,17
466,306	6285,17
466,52	6327,17
466,734	6014,17
466,949	5891,17
467,163	5958,17
467,377	6033,17
467,591	6047,17
467,806	5864,17
468,02	5899,17
468,234	5660,17
468,448	5677,17
468,662	5654,17
468,876	5745,17
469,091	5369,17
469,305	5571,17
469,519	5260,17
469,733	5204,17
469,947	5243,17
470,161	5423,17
470,375	5174,17
470,589	5409,17
470,803	5185,17
471,017	5377,17
471,231	5321,17
471,445	5165,17
471,659	5283,17
471,873	5433,17
472,087	5181,17
472,301	5463,17
472,515	5451,17
472,728	5357,17
472,942	5613,17
473,156	5585,17
473,37	5527,17
473,584	5341,17
473,798	5414,17
474,011	5298,17
474,225	5259,17
474,439	5673,17
474,653	5784,17
474,866	5716,17
475,08	5752,17
475,294	5700,17
475,507	5415,17
475,721	5401,17
475,935	5468,17
476,148	5425,17
476,362	5241,17
476,576	5192,17
476,789	5271,17
477,003	5303,17
477,216	5469,17
477,43	5633,17
477,643	5690,17
477,857	5823,17
478,07	5601,17
478,284	5530,17
478,497	5317,17
478,711	5433,17
478,924	5381,17
479,138	5390,17
479,351	5508,17
479,564	5593,17
479,778	5790,17
479,991	5661,17
480,204	5549,17
480,418	5661,17
480,631	5494,17
480,844	5649,17
481,058	5695,17
481,271	5726,17
481,484	5662,17
481,697	5749,17
481,911	5537,17
482,124	5396,17
482,337	5392,17
482,55	5287,17
482,763	5385,17
482,976	5543,17
483,19	5415,17
483,403	5557,17
483,616	5709,17
483,829	5791,17
484,042	5850,17
484,255	5957,17
484,468	5940,17
484,681	5897,17
484,894	7215,17
485,107	12287,17
485,32	17043,17
485,533	16819,17
485,746	14567,17
485,959	11978,17
486,172	9366,17
486,385	7284,17
486,598	6629,17
486,81	6012,17
487,023	5784,17
487,236	5724,17
487,449	5449,17
487,662	5083,17
487,875	5092,17
488,087	5097,17
488,3	5006,17
488,513	4938,17
488,726	4964,17
488,938	5026,17
489,151	5088,17
489,364	4941,17
489,576	5064,17
489,789	4964,17
490,002	4835,17
490,214	4914,17
490,427	4789,17
490,64	4892,17
490,852	4804,17
491,065	4709,17
491,277	4425,17
491,49	4887,17
491,702	4593,17
491,915	4820,17
492,127	4871,17
492,34	4759,17
492,552	4688,17
492,765	4918,17
492,977	5000,17
493,19	4802,17
493,402	4750,17
493,614	4796,17
493,827	4742,17
494,039	4769,17
494,251	4666,17
494,464	4794,17
494,676	4344,17
494,888	4414,17
495,101	4285,17
495,313	4487,17
495,525	4783,17
495,737	5082,17
495,95	5100,17
496,162	4969,17
496,374	4771,17
496,586	4443,17
496,798	4401,17
497,01	4278,17
497,222	4138,17
497,435	4414,17
497,647	4303,17
497,859	4259,17
498,071	4331,17
498,283	4570,17
498,495	4441,17
498,707	4681,17
498,919	4495,17
499,131	4826,17
499,343	4575,17
499,555	4438,17
499,767	4499,17
499,979	4284,17
500,191	4586,17
500,402	4348,17
500,614	4544,17
500,826	4693,17
501,038	4512,17
501,25	4471,17
501,462	4403,17
501,673	4536,17
501,885	4395,17
502,097	4649,17
502,309	4478,17
502,521	4599,17
502,732	4435,17
502,944	4619,17
503,156	4455,17
503,367	4245,17
503,579	4205,17
503,791	4269,17
504,002	4118,17
504,214	4285,17
504,425	4463,17
504,637	4343,17
504,849	4108,17
505,06	4331,17
505,272	4598,17
505,483	4158,17
505,695	4174,17
505,906	4143,17
506,118	4328,17
506,329	4107,17
506,541	3909,17
506,752	3945,17
506,963	3900,17
507,175	3889,17
507,386	4272,17
507,598	4127,17
507,809	3873,17
508,02	4134,17
508,232	4014,17
508,443	3817,17
508,654	4015,17
508,865	3918,17
509,077	3766,17
509,288	3723,17
509,499	3910,17
509,71	3701,17
509,922	3916,17
510,133	3783,17
510,344	3908,17
510,555	3711,17
510,766	3782,17
510,977	3703,17
511,188	3662,17
511,4	3616,17
511,611	3418,17
511,822	3608,17
512,033	3521,17
512,244	3614,17
512,455	3555,17
512,666	3512,17
512,877	3624,17
513,088	3479,17
513,299	3492,17
513,51	3561,17
513,721	3419,17
513,931	3527,17
514,142	3478,17
514,353	3550,17
514,564	3294,17
514,775	3311,17
514,986	3502,17
515,196	3479,17
515,407	3319,17
515,618	3408,17
515,829	3395,17
516,04	3425,17
516,25	3329,17
516,461	3315,17
516,672	3406,17
516,882	3114,17
517,093	3379,17
517,304	3128,17
517,514	3129,17
517,725	3521,17
517,936	2998,17
518,146	3139,17
518,357	3409,17
518,567	3310,17
518,778	3619,17
518,988	3284,17
519,199	3508,17
519,409	3160,17
519,62	3216,17
519,83	3161,17
520,041	3083,17
520,251	3152,17
520,462	3320,17
520,672	3128,17
520,882	3233,17
521,093	3230,17
521,303	3241,17
521,513	3103,17
521,724	4150,17
521,934	3006,17
522,144	3081,17
522,355	2948,17
522,565	3146,17
522,775	3227,17
522,985	3031,17
523,196	3071,17
523,406	3058,17
523,616	3165,17
523,826	3033,17
524,036	3968,17
524,246	2996,17
524,457	3006,17
524,667	2764,17
524,877	2976,17
525,087	2963,17
525,297	3150,17
525,507	3110,17
525,717	2881,17
525,927	3037,17
526,137	2960,17
526,347	3070,17
526,557	2722,17
526,767	3028,17
526,977	3259,17
527,187	2960,17
527,397	2793,17
527,607	2818,17
527,816	2905,17
528,026	3007,17
528,236	3121,17
528,446	3178,17
528,656	3171,17
528,865	3291,17
529,075	2855,17
529,285	3018,17
529,495	3033,17
529,704	2916,17
529,914	2929,17
530,124	2877,17
530,334	2830,17
530,543	2804,17
530,753	3170,17
530,963	3211,17
531,172	2913,17
531,382	2632,17
531,591	3013,17
531,801	2745,17
532,01	2835,17
532,22	2875,17
532,43	2914,17
532,639	3213,17
532,849	3079,17
533,058	2925,17
533,267	3155,17
533,477	2949,17
533,686	2874,17
533,896	2893,17
534,105	2880,17
534,315	2911,17
534,524	2778,17
534,733	2811,17
534,943	3040,17
535,152	2914,17
535,361	2783,17
535,57	2819,17
535,78	2719,17
535,989	2762,17
536,198	2641,17
536,407	2630,17
536,617	2711,17
536,826	2789,17
537,035	2857,17
537,244	2714,17
537,453	2600,17
537,662	2875,17
537,872	3055,17
538,081	2773,17
538,29	2686,17
538,499	2793,17
538,708	2728,17
538,917	2817,17
539,126	2892,17
539,335	2861,17
539,544	3318,17
539,753	2630,17
539,962	2743,17
540,171	2902,17
540,38	3219,17
540,589	2922,17
540,797	2980,17
541,006	2795,17
541,215	2808,17
541,424	2994,17
541,633	2804,17
541,842	2780,17
542,05	3060,17
542,259	2822,17
542,468	2775,17
542,677	2947,17
542,885	2736,17
543,094	2955,17
543,303	2768,17
543,512	2923,17
543,72	3072,17
543,929	2961,17
544,138	2895,17
544,346	2770,17
544,555	2877,17
544,763	2864,17
544,972	2733,17
545,18	2622,17
545,389	2729,17
545,598	2664,17
545,806	2773,17
546,015	2707,17
546,223	2686,17
546,431	2770,17
546,64	2687,17
546,848	2794,17
547,057	2942,17
547,265	2838,17
547,474	2983,17
547,682	3011,17
547,89	2918,17
548,099	2869,17
548,307	2699,17
548,515	2830,17
548,723	2611,17
548,932	2608,17
549,14	2563,17
549,348	2751,17
549,556	2532,17
549,765	2594,17
549,973	2515,17
550,181	2679,17
550,389	2734,17
550,597	2762,17
550,805	2441,17
551,014	2746,17
551,222	4625,17
551,43	2655,17
551,638	2875,17
551,846	2949,17
552,054	2835,17
552,262	2873,17
552,47	2604,17
552,678	2676,17
552,886	2627,17
553,094	2544,17
553,302	2699,17
553,51	2642,17
553,717	2702,17
553,925	2384,17
554,133	2774,17
554,341	2468,17
554,549	2705,17
554,757	2643,17
554,965	2740,17
555,172	2646,17
555,38	2988,17
555,588	2597,17
555,796	2659,17
556,003	2733,17
556,211	2404,17
556,419	2580,17
556,626	2621,17
556,834	2546,17
557,042	2477,17
557,249	2629,17
557,457	2547,17
557,664	2302,17
557,872	2387,17
558,08	2416,17
558,287	2541,17
558,495	2581,17
558,702	2323,17
558,91	2570,17
559,117	2457,17
559,325	2499,17
559,532	2515,17
559,74	2752,17
559,947	2530,17
560,154	2693,17
560,362	2497,17
560,569	2553,17
560,776	2575,17
560,984	2624,17
561,191	2516,17
561,398	2294,17
561,606	2790,17
561,813	2473,17
562,02	2279,17
562,227	2323,17
562,435	2431,17
562,642	2567,17
562,849	2570,17
563,056	2454,17
563,263	2472,17
563,471	2742,17
563,678	2645,17
563,885	2447,17
564,092	2573,17
564,299	2618,17
564,506	2560,17
564,713	2480,17
564,92	2617,17
565,127	2623,17
565,334	2558,17
565,541	2851,17
565,748	2582,17
565,955	2300,17
566,162	2549,17
566,369	2520,17
566,576	2795,17
566,783	2813,17
566,99	2633,17
567,196	2865,17
567,403	2769,17
567,61	2909,17
567,817	2689,17
568,024	2849,17
568,23	2934,17
568,437	2846,17
568,644	2874,17
568,851	3232,17
569,057	3519,17
569,264	3525,17
569,471	3242,17
569,677	3278,17
569,884	3254,17
570,091	3471,17
570,297	4441,17
570,504	3643,17
570,71	3549,17
570,917	3334,17
571,123	3415,17
571,33	3641,17
571,536	3595,17
571,743	3656,17
571,949	3166,17
572,156	3049,17
572,362	3351,17
572,569	3337,17
572,775	3644,17
572,982	3756,17
573,188	3622,17
573,394	3629,17
573,601	3707,17
573,807	3751,17
574,013	3914,17
574,22	3749,17
574,426	3534,17
574,632	3621,17
574,838	3576,17
575,045	3465,17
575,251	3402,17
575,457	3403,17
575,663	3561,17
575,869	3679,17
576,076	3691,17
576,282	3766,17
576,488	3752,17
576,694	3790,17
576,9	3650,17
577,106	4239,17
577,312	4462,17
577,518	4347,17
577,724	4245,17
577,93	3873,17
578,136	3752,17
578,342	3645,17
578,548	3506,17
578,754	3418,17
578,96	3688,17
579,166	3801,17
579,372	4076,17
579,578	3829,17
579,784	4078,17
579,989	3977,17
580,195	3774,17
580,401	3757,17
580,607	4221,17
580,813	5125,17
581,018	5390,17
581,224	5027,17
581,43	4758,17
581,636	4561,17
581,841	4561,17
582,047	4188,17
582,253	4000,17
582,458	3830,17
582,664	3587,17
582,869	3495,17
583,075	3219,17
583,281	3846,17
583,486	3628,17
583,692	3723,17
583,897	3951,17
584,103	3843,17
584,308	4081,17
584,514	4277,17
584,719	4406,17
584,925	4260,17
585,13	4134,17
585,335	4103,17
585,541	3910,17
585,746	3706,17
585,952	3427,17
586,157	3617,17
586,362	3718,17
586,568	3873,17
586,773	4040,17
586,978	3903,17
587,183	3941,17
587,389	3981,17
587,594	3587,17
587,799	3795,17
588,004	3824,17
588,21	3749,17
588,415	3426,17
588,62	3496,17
588,825	3558,17
589,03	3459,17
589,235	3918,17
589,44	3625,17
589,645	3423,17
589,85	3536,17
590,055	3605,17
590,26	3312,17
590,465	3294,17
590,67	3329,17
590,875	3488,17
591,08	3403,17
591,285	3318,17
591,49	3314,17
591,695	3158,17
591,9	3243,17
592,105	3571,17
592,31	3615,17
592,515	3934,17
592,719	3401,17
592,924	3285,17
593,129	3384,17
593,334	3428,17
593,539	3228,17
593,743	3360,17
593,948	3125,17
594,153	3084,17
594,357	3591,17
594,562	3422,17
594,767	3812,17
594,971	3168,17
595,176	3117,17
595,381	3339,17
595,585	3134,17
595,79	3244,17
595,994	2849,17
596,199	3526,17
596,403	2773,17
596,608	2999,17
596,812	3075,17
597,017	3181,17
597,221	3344,17
597,426	3256,17
597,63	2971,17
597,835	2932,17
598,039	2967,17
598,243	3075,17
598,448	3437,17
598,652	3258,17
598,856	3066,17
599,061	3042,17
599,265	2977,17
599,469	3041,17
599,673	3163,17
599,878	3128,17
600,082	2663,17
600,286	2982,17
600,49	3019,17
600,695	2721,17
600,899	3021,17
601,103	2876,17
601,307	3050,17
601,511	2948,17
601,715	2706,17
601,919	2806,17
602,123	3063,17
602,327	2899,17
602,531	2893,17
602,735	3089,17
602,939	3132,17
603,143	2829,17
603,347	2995,17
603,551	2850,17
603,755	2878,17
603,959	2799,17
604,163	2914,17
604,367	2643,17
604,571	2708,17
604,775	2930,17
604,978	2811,17
605,182	2659,17
605,386	2925,17
605,59	2828,17
605,793	2773,17
605,997	2777,17
606,201	2783,17
606,405	2838,17
606,608	2837,17
606,812	2779,17
607,016	2764,17
607,219	2658,17
607,423	2618,17
607,627	2936,17
607,83	2611,17
608,034	2495,17
608,237	2687,17
608,441	2526,17
608,644	2637,17
608,848	2588,17
609,051	2550,17
609,255	2422,17
609,458	2739,17
609,662	2662,17
609,865	2631,17
610,069	2450,17
610,272	2368,17
610,475	2462,17
610,679	2469,17
610,882	2468,17
611,085	2531,17
611,289	2574,17
611,492	2425,17
611,695	2402,17
611,898	2430,17
612,102	2621,17
612,305	2459,17
612,508	2485,17
612,711	2616,17
612,914	2355,17
613,118	2542,17
613,321	2521,17
613,524	2326,17
613,727	2350,17
613,93	2354,17
614,133	2467,17
614,336	2507,17
614,539	2243,17
614,742	2238,17
614,945	2398,17
615,148	2452,17
615,351	2383,17
615,554	2457,17
615,757	2301,17
615,96	2350,17
616,163	2204,17
616,366	2411,17
616,569	2305,17
616,772	2504,17
616,974	2155,17
617,177	2418,17
617,38	2309,17
617,583	2303,17
617,786	2454,17
617,988	2129,17
618,191	2418,17
618,394	2168,17
618,596	2124,17
618,799	2169,17
619,002	2278,17
619,204	2399,17
619,407	2269,17
619,61	2214,17
619,812	2263,17
620,015	2149,17
620,217	2313,17
620,42	2143,17
620,623	2182,17
620,825	2254,17
621,028	2335,17
621,23	2394,17
621,432	2463,17
621,635	2413,17
621,837	2325,17
622,04	2199,17
622,242	2191,17
622,445	2263,17
622,647	2303,17
622,849	2341,17
623,052	2060,17
623,254	2269,17
623,456	2088,17
623,658	2318,17
623,861	2341,17
624,063	2225,17
624,265	2222,17
624,467	2289,17
624,67	1991,17
624,872	2248,17
625,074	2422,17
625,276	2259,17
625,478	2350,17
625,68	1985,17
625,882	1897,17
626,084	2171,17
626,287	2241,17
626,489	2139,17
626,691	2134,17
626,893	2157,17
627,095	2234,17
627,297	2216,17
627,499	1986,17
627,7	1868,17
627,902	1919,17
628,104	1899,17
628,306	1970,17
628,508	2049,17
628,71	1971,17
628,912	2071,17
629,114	2325,17
629,315	2023,17
629,517	1921,17
629,719	1944,17
629,921	2103,17
630,122	2027,17
630,324	1942,17
630,526	2184,17
630,728	2027,17
630,929	1958,17
631,131	1921,17
631,332	2215,17
631,534	2108,17
631,736	1985,17
631,937	1835,17
632,139	1970,17
632,34	1935,17
632,542	2080,17
632,743	2075,17
632,945	1759,17
633,146	2005,17
633,348	2020,17
633,549	1985,17
633,751	1679,17
633,952	1954,17
634,154	1728,17
634,355	1737,17
634,556	1987,17
634,758	1733,17
634,959	1816,17
635,16	2015,17
635,362	1787,17
635,563	1922,17
635,764	1953,17
635,965	1946,17
636,167	1882,17
636,368	1875,17
636,569	1786,17
636,77	2237,17
636,971	1833,17
637,172	1918,17
637,374	1809,17
637,575	2055,17
637,776	1702,17
637,977	1719,17
638,178	1846,17
638,379	1695,17
638,58	1859,17
638,781	1674,17
638,982	1810,17
639,183	1809,17
639,384	1770,17
639,585	1795,17
639,786	1689,17
639,987	1747,17
640,187	1876,17
640,388	1908,17
640,589	1679,17
640,79	1751,17
640,991	1807,17
641,192	1765,17
641,392	1681,17
641,593	1750,17
641,794	1585,17
641,995	1688,17
642,195	1769,17
642,396	1728,17
642,597	1662,17
642,797	1746,17
642,998	1696,17
643,199	1882,17
643,399	1788,17
643,6	1542,17
643,8	1579,17
644,001	1781,17
644,202	1737,17
644,402	1723,17
644,603	1827,17
644,803	1662,17
645,004	1755,17
645,204	1431,17
645,404	1731,17
645,605	2055,17
645,805	1655,17
646,006	1591,17
646,206	2130,17
646,406	1671,17
646,607	1510,17
646,807	1417,17
647,007	-19,83
647,208	-14,83
647,408	33,17
647,608	-46,83
