200,697	923,17
200,927	-301,83
201,158	-45,83
201,388	-21,83
201,618	1484,17
201,849	1449,17
202,079	1693,17
202,309	1510,17
202,539	1656,17
202,77	1586,17
203	1670,17
203,23	1623,17
203,46	1584,17
203,691	1654,17
203,921	1758,17
204,151	1670,17
204,381	1578,17
204,611	1733,17
204,841	1538,17
205,071	1568,17
205,302	1934,17
205,532	1715,17
205,762	3876,17
205,992	1545,17
206,222	1582,17
206,452	1695,17
206,682	1635,17
206,912	1667,17
207,142	1723,17
207,372	1705,17
207,602	1540,17
207,832	1627,17
208,062	1731,17
208,292	1716,17
208,522	1466,17
208,752	1619,17
208,982	1632,17
209,212	1755,17
209,442	1618,17
209,672	1729,17
209,902	1522,17
210,131	1757,17
210,361	1621,17
210,591	1705,17
210,821	1599,17
211,051	1792,17
211,281	1655,17
211,51	1632,17
211,74	1721,17
211,97	1611,17
212,2	1589,17
212,429	2028,17
212,659	1762,17
212,889	1625,17
213,119	1493,17
213,348	1529,17
213,578	1790,17
213,808	1711,17
214,037	1832,17
214,267	1723,17
214,497	1722,17
214,726	1529,17
214,956	1602,17
215,186	1649,17
215,415	1657,17
215,645	1706,17
215,874	1767,17
216,104	1628,17
216,333	1639,17
216,563	1747,17
216,792	1728,17
217,022	1758,17
217,251	1746,17
217,481	1590,17
217,71	1712,17
217,94	1692,17
218,169	1599,17
218,399	1693,17
218,628	1701,17
218,858	1774,17
219,087	1749,17
219,316	1542,17
219,546	1620,17
219,775	1756,17
220,004	1776,17
220,234	1806,17
220,463	1731,17
220,692	1722,17
220,922	1892,17
221,151	1784,17
221,38	1697,17
221,61	2107,17
221,839	1997,17
222,068	1707,17
222,297	1888,17
222,526	1804,17
222,756	1834,17
222,985	1868,17
223,214	1732,17
223,443	1762,17
223,672	2259,17
223,902	1697,17
224,131	1752,17
224,36	1971,17
224,589	1603,17
224,818	1741,17
225,047	1849,17
225,276	1778,17
225,505	1965,17
225,734	1775,17
225,963	1572,17
226,192	1704,17
226,421	1729,17
226,65	1780,17
226,879	1826,17
227,108	1859,17
227,337	1827,17
227,566	2018,17
227,795	1767,17
228,024	1810,17
228,253	1756,17
228,482	1780,17
228,711	1830,17
228,94	1837,17
229,168	1765,17
229,397	1802,17
229,626	1759,17
229,855	1626,17
230,084	1801,17
230,313	1628,17
230,541	2000,17
230,77	1864,17
230,999	1598,17
231,228	2095,17
231,456	1899,17
231,685	1754,17
231,914	1920,17
232,143	1875,17
232,371	1903,17
232,6	1866,17
232,829	1816,17
233,057	1932,17
233,286	1921,17
233,515	1878,17
233,743	1941,17
233,972	1821,17
234,2	1946,17
234,429	1894,17
234,658	1933,17
234,886	1780,17
235,115	1928,17
235,343	1987,17
235,572	1876,17
235,8	2012,17
236,029	2206,17
236,257	1861,17
236,486	2005,17
236,714	2059,17
236,943	2043,17
237,171	1890,17
237,399	1998,17
237,628	2004,17
237,856	2200,17
238,085	1917,17
238,313	2146,17
238,541	2003,17
238,77	2353,17
238,998	1933,17
239,226	2297,17
239,455	1976,17
239,683	2202,17
239,911	2062,17
240,14	1849,17
240,368	2179,17
240,596	2027,17
240,824	2142,17
241,053	2193,17
241,281	1977,17
241,509	2123,17
241,737	2108,17
241,965	2014,17
242,193	2021,17
242,422	2062,17
242,65	2066,17
242,878	2135,17
243,106	2130,17
243,334	2259,17
243,562	2185,17
243,79	2276,17
244,018	2283,17
244,246	2173,17
244,474	2223,17
244,702	2095,17
244,93	2263,17
245,158	2252,17
245,386	2154,17
245,614	2262,17
245,842	2428,17
246,07	2229,17
246,298	2399,17
246,526	2727,17
246,754	2200,17
246,982	2432,17
247,21	2372,17
247,438	2182,17
247,666	2345,17
247,893	2079,17
248,121	2299,17
248,349	2265,17
248,577	2434,17
248,805	2631,17
249,033	2464,17
249,26	2431,17
249,488	2356,17
249,716	2575,17
249,944	2451,17
250,171	2394,17
250,399	2454,17
250,627	2630,17
250,854	2468,17
251,082	2427,17
251,31	2572,17
251,537	2438,17
251,765	2779,17
251,993	2480,17
252,22	2858,17
252,448	2445,17
252,676	2639,17
252,903	2619,17
253,131	2917,17
253,358	2581,17
253,586	2484,17
253,813	2421,17
254,041	2692,17
254,268	2715,17
254,496	2558,17
254,723	2662,17
254,951	2659,17
255,178	2587,17
255,406	2806,17
255,633	2710,17
255,86	2879,17
256,088	2715,17
256,315	2694,17
256,543	2932,17
256,77	2844,17
256,997	2914,17
257,225	2870,17
257,452	2851,17
257,679	2760,17
257,907	2935,17
258,134	2805,17
258,361	2658,17
258,588	2799,17
258,816	2908,17
259,043	2750,17
259,27	2943,17
259,497	2995,17
259,725	2814,17
259,952	2902,17
260,179	2867,17
260,406	3028,17
260,633	2971,17
260,86	3060,17
261,088	2850,17
261,315	3240,17
261,542	3005,17
261,769	3001,17
261,996	3341,17
262,223	3243,17
262,45	3265,17
262,677	3032,17
262,904	2992,17
263,131	3221,17
263,358	3112,17
263,585	3186,17
263,812	3488,17
264,039	3354,17
264,266	3156,17
264,493	3179,17
264,72	3187,17
264,947	3174,17
265,174	3372,17
265,401	3275,17
265,627	3422,17
265,854	3239,17
266,081	3347,17
266,308	3360,17
266,535	3191,17
266,762	3466,17
266,988	3279,17
267,215	3417,17
267,442	3330,17
267,669	3473,17
267,896	3302,17
268,122	3500,17
268,349	3465,17
268,576	3287,17
268,802	3199,17
269,029	3428,17
269,256	3542,17
269,482	3246,17
269,709	3349,17
269,936	3342,17
270,162	3538,17
270,389	3394,17
270,616	3433,17
270,842	3557,17
271,069	3451,17
271,295	3480,17
271,522	3416,17
271,748	3465,17
271,975	3594,17
272,201	3545,17
272,428	3524,17
272,654	3468,17
272,881	3907,17
273,107	3434,17
273,334	3590,17
273,56	3644,17
273,787	3538,17
274,013	3642,17
274,239	3865,17
274,466	3661,17
274,692	3628,17
274,918	3684,17
275,145	3786,17
275,371	3750,17
275,597	3835,17
275,824	3573,17
276,05	3733,17
276,276	3719,17
276,503	3808,17
276,729	3727,17
276,955	3716,17
277,181	3822,17
277,407	3938,17
277,634	3867,17
277,86	3783,17
278,086	4065,17
278,312	3776,17
278,538	3777,17
278,764	3818,17
278,991	3911,17
279,217	3693,17
279,443	3766,17
279,669	3770,17
279,895	3923,17
280,121	3819,17
280,347	3766,17
280,573	3773,17
280,799	3778,17
281,025	4119,17
281,251	3821,17
281,477	4108,17
281,703	3963,17
281,929	4003,17
282,155	4017,17
282,381	4269,17
282,607	4162,17
282,833	4147,17
283,059	4412,17
283,285	4142,17
283,51	4253,17
283,736	4158,17
283,962	4413,17
284,188	4469,17
284,414	4369,17
284,64	4518,17
284,865	4541,17
285,091	4407,17
285,317	4727,17
285,543	4713,17
285,768	4727,17
285,994	4638,17
286,22	4898,17
286,446	4749,17
286,671	4552,17
286,897	4723,17
287,123	4637,17
287,348	4587,17
287,574	5213,17
287,799	4775,17
288,025	4672,17
288,251	4910,17
288,476	4764,17
288,702	4831,17
288,927	4844,17
289,153	4678,17
289,378	5031,17
289,604	4941,17
289,829	4816,17
290,055	4902,17
290,28	4916,17
290,506	4902,17
290,731	5079,17
290,957	5228,17
291,182	5431,17
291,408	5446,17
291,633	5460,17
291,858	5463,17
292,084	5642,17
292,309	5570,17
292,535	5736,17
292,76	5967,17
292,985	5973,17
293,211	6041,17
293,436	6061,17
293,661	6125,17
293,886	6424,17
294,112	6509,17
294,337	6595,17
294,562	6697,17
294,787	6892,17
295,013	6953,17
295,238	6870,17
295,463	7108,17
295,688	7206,17
295,913	7138,17
296,138	7259,17
296,364	6885,17
296,589	7177,17
296,814	7210,17
297,039	6969,17
297,264	7323,17
297,489	7249,17
297,714	7221,17
297,939	7282,17
298,164	7408,17
298,389	7549,17
298,614	7452,17
298,839	7726,17
299,064	7806,17
299,289	7960,17
299,514	7956,17
299,739	8013,17
299,964	7930,17
300,189	8155,17
300,414	8250,17
300,639	8364,17
300,863	8236,17
301,088	8704,17
301,313	8326,17
301,538	8385,17
301,763	8442,17
301,988	8523,17
302,212	8509,17
302,437	8909,17
302,662	8433,17
302,887	8538,17
303,111	8556,17
303,336	8669,17
303,561	8568,17
303,786	8589,17
304,01	8354,17
304,235	8718,17
304,46	8501,17
304,684	8433,17
304,909	8480,17
305,134	8310,17
305,358	8472,17
305,583	8517,17
305,807	8612,17
306,032	8144,17
306,256	8311,17
306,481	8385,17
306,706	8132,17
306,93	8279,17
307,155	8740,17
307,379	8489,17
307,604	8527,17
307,828	8563,17
308,052	8881,17
308,277	8817,17
308,501	8886,17
308,726	8897,17
308,95	8990,17
309,175	8660,17
309,399	9036,17
309,623	8960,17
309,848	8794,17
310,072	8729,17
310,296	9479,17
310,521	9003,17
310,745	8664,17
310,969	9214,17
311,193	9082,17
311,418	9099,17
311,642	9055,17
311,866	9013,17
312,09	9001,17
312,315	9128,17
312,539	9072,17
312,763	8921,17
312,987	9118,17
313,211	8956,17
313,435	9274,17
313,659	8949,17
313,884	9477,17
314,108	9184,17
314,332	9084,17
314,556	8958,17
314,78	9189,17
315,004	9084,17
315,228	9116,17
315,452	9015,17
315,676	8996,17
315,9	9205,17
316,124	8738,17
316,348	8863,17
316,572	8987,17
316,796	8958,17
317,02	9004,17
317,244	9008,17
317,468	8934,17
317,691	9023,17
317,915	9095,17
318,139	8943,17
318,363	9062,17
318,587	8978,17
318,811	8891,17
319,034	8715,17
319,258	8995,17
319,482	9110,17
319,706	8898,17
319,93	8864,17
320,153	8816,17
320,377	8907,17
320,601	8871,17
320,824	8793,17
321,048	9118,17
321,272	9044,17
321,495	8936,17
321,719	9080,17
321,943	9026,17
322,166	9068,17
322,39	9040,17
322,614	9238,17
322,837	9192,17
323,061	9234,17
323,284	9211,17
323,508	9218,17
323,731	9049,17
323,955	9158,17
324,178	9027,17
324,402	9016,17
324,625	9182,17
324,849	9133,17
325,072	9277,17
325,296	9416,17
325,519	9125,17
325,743	9130,17
325,966	9219,17
326,189	9284,17
326,413	9135,17
326,636	9353,17
326,859	9116,17
327,083	9375,17
327,306	8918,17
327,529	8983,17
327,753	8856,17
327,976	9054,17
328,199	8992,17
328,422	9059,17
328,646	8961,17
328,869	8868,17
329,092	9063,17
329,315	9156,17
329,538	9034,17
329,762	9145,17
329,985	9105,17
330,208	9006,17
330,431	9236,17
330,654	9297,17
330,877	9343,17
331,1	9383,17
331,323	9172,17
331,546	9314,17
331,769	9374,17
331,993	9130,17
332,216	9367,17
332,439	9185,17
332,662	9262,17
332,885	9214,17
333,107	9033,17
333,33	9071,17
333,553	9317,17
333,776	9357,17
333,999	9209,17
334,222	9262,17
334,445	9389,17
334,668	9184,17
334,891	9261,17
335,114	9202,17
335,336	9044,17
335,559	9248,17
335,782	9541,17
336,005	9085,17
336,228	9228,17
336,45	9109,17
336,673	9172,17
336,896	9156,17
337,119	9215,17
337,341	9081,17
337,564	9103,17
337,787	9240,17
338,009	9178,17
338,232	9366,17
338,455	9198,17
338,677	9096,17
338,9	9109,17
339,122	9268,17
339,345	8956,17
339,568	8882,17
339,79	9105,17
340,013	9174,17
340,235	9062,17
340,458	8967,17
340,68	9162,17
340,903	8944,17
341,125	9013,17
341,348	9100,17
341,57	8796,17
341,793	9317,17
342,015	8745,17
342,238	8820,17
342,46	8930,17
342,682	8840,17
342,905	8713,17
343,127	8779,17
343,349	8574,17
343,572	8531,17
343,794	8463,17
344,016	8422,17
344,239	8662,17
344,461	8497,17
344,683	8494,17
344,905	8584,17
345,128	8564,17
345,35	8747,17
345,572	8812,17
345,794	8901,17
346,017	8673,17
346,239	9057,17
346,461	8789,17
346,683	8686,17
346,905	8958,17
347,127	8855,17
347,349	8810,17
347,571	8905,17
347,793	9068,17
348,016	8992,17
348,238	8940,17
348,46	8825,17
348,682	8722,17
348,904	8764,17
349,126	8889,17
349,348	8776,17
349,57	8726,17
349,792	8834,17
350,014	8890,17
350,235	8783,17
350,457	9038,17
350,679	8624,17
350,901	8731,17
351,123	8621,17
351,345	8676,17
351,567	8793,17
351,789	8694,17
352,01	8581,17
352,232	8683,17
352,454	8531,17
352,676	8496,17
352,897	8189,17
353,119	8183,17
353,341	8241,17
353,563	7976,17
353,784	8137,17
354,006	8076,17
354,228	8072,17
354,449	8112,17
354,671	8352,17
354,893	8540,17
355,114	8547,17
355,336	8380,17
355,558	8614,17
355,779	8444,17
356,001	8598,17
356,222	8657,17
356,444	8541,17
356,665	9350,17
356,887	8592,17
357,108	8565,17
357,33	8562,17
357,551	8596,17
357,773	8672,17
357,994	8621,17
358,216	8524,17
358,437	8762,17
358,659	8682,17
358,88	8499,17
359,101	8710,17
359,323	8665,17
359,544	8614,17
359,765	8679,17
359,987	8534,17
360,208	8449,17
360,429	8610,17
360,651	8336,17
360,872	8669,17
361,093	8610,17
361,314	8678,17
361,536	8488,17
361,757	8542,17
361,978	8548,17
362,199	8442,17
362,42	8544,17
362,642	8418,17
362,863	8616,17
363,084	8408,17
363,305	8602,17
363,526	8459,17
363,747	8426,17
363,968	8346,17
364,189	8726,17
364,41	8395,17
364,631	8229,17
364,852	8497,17
365,073	8390,17
365,294	8303,17
365,515	8260,17
365,736	8540,17
365,957	8351,17
366,178	8340,17
366,399	8607,17
366,62	8556,17
366,841	8595,17
367,062	8548,17
367,283	8584,17
367,504	8677,17
367,724	8430,17
367,945	8421,17
368,166	8811,17
368,387	8591,17
368,608	8655,17
368,828	8771,17
369,049	8294,17
369,27	8598,17
369,491	8638,17
369,711	8672,17
369,932	8639,17
370,153	8669,17
370,373	8646,17
370,594	8734,17
370,815	8571,17
371,035	8728,17
371,256	8477,17
371,477	8535,17
371,697	8559,17
371,918	8398,17
372,138	8687,17
372,359	8729,17
372,579	8473,17
372,8	8513,17
373,02	8449,17
373,241	8565,17
373,461	8624,17
373,682	8519,17
373,902	8620,17
374,123	8477,17
374,343	8773,17
374,564	8485,17
374,784	8520,17
375,004	8678,17
375,225	8383,17
375,445	8460,17
375,666	8597,17
375,886	8283,17
376,106	8222,17
376,326	8214,17
376,547	8584,17
376,767	8571,17
376,987	8565,17
377,208	8720,17
377,428	8813,17
377,648	9086,17
377,868	9016,17
378,088	9149,17
378,309	9156,17
378,529	9318,17
378,749	9258,17
378,969	9162,17
379,189	9322,17
379,409	9151,17
379,629	9165,17
379,849	9063,17
380,069	8889,17
380,29	9009,17
380,51	9064,17
380,73	9123,17
380,95	9157,17
381,17	8847,17
381,39	8900,17
381,61	8733,17
381,829	8780,17
382,049	8837,17
382,269	8916,17
382,489	8896,17
382,709	8727,17
382,929	8978,17
383,149	8400,17
383,369	9076,17
383,589	8686,17
383,808	8800,17
384,028	8690,17
384,248	8702,17
384,468	8688,17
384,688	8783,17
384,907	8811,17
385,127	8933,17
385,347	8947,17
385,567	8884,17
385,786	9224,17
386,006	9008,17
386,226	9030,17
386,445	9080,17
386,665	9166,17
386,885	9561,17
387,104	9427,17
387,324	9385,17
387,543	9697,17
387,763	9705,17
387,982	9743,17
388,202	9702,17
388,422	9718,17
388,641	9748,17
388,861	9580,17
389,08	9488,17
389,3	9248,17
389,519	9521,17
389,738	9430,17
389,958	9364,17
390,177	9584,17
390,397	9558,17
390,616	9500,17
390,836	9774,17
391,055	9606,17
391,274	9685,17
391,494	9782,17
391,713	9714,17
391,932	9748,17
392,151	10061,17
392,371	10537,17
392,59	10291,17
392,809	10326,17
393,029	10230,17
393,248	9928,17
393,467	9382,17
393,686	9339,17
393,905	10415,17
394,124	9285,17
394,344	9370,17
394,563	9349,17
394,782	9462,17
395,001	9354,17
395,22	9480,17
395,439	9431,17
395,658	9352,17
395,877	9624,17
396,096	9568,17
396,315	9882,17
396,534	9702,17
396,753	9947,17
396,972	9814,17
397,191	10035,17
397,41	10129,17
397,629	10189,17
397,848	10347,17
398,067	10389,17
398,286	10395,17
398,505	10400,17
398,724	10361,17
398,943	10693,17
399,161	9528,17
399,38	9841,17
399,599	9678,17
399,818	9544,17
400,037	9672,17
400,255	9472,17
400,474	9338,17
400,693	9551,17
400,912	9600,17
401,13	9316,17
401,349	8883,17
401,568	8833,17
401,786	9076,17
402,005	9176,17
402,224	8836,17
402,442	9006,17
402,661	9014,17
402,88	8824,17
403,098	8758,17
403,317	8868,17
403,535	8836,17
403,754	8739,17
403,972	8922,17
404,191	8778,17
404,409	8877,17
404,628	9617,17
404,846	9035,17
405,065	9211,17
405,283	9199,17
405,502	9053,17
405,72	9019,17
405,938	8561,17
406,157	8503,17
406,375	8503,17
406,594	8497,17
406,812	8365,17
407,03	8372,17
407,249	8092,17
407,467	8463,17
407,685	8414,17
407,903	8234,17
408,122	8681,17
408,34	8583,17
408,558	8595,17
408,776	8574,17
408,995	8449,17
409,213	8459,17
409,431	8460,17
409,649	8415,17
409,867	8244,17
410,085	8262,17
410,303	7946,17
410,522	7994,17
410,74	7962,17
410,958	7867,17
411,176	8010,17
411,394	7964,17
411,612	7932,17
411,83	8179,17
412,048	8109,17
412,266	8161,17
412,484	8087,17
412,702	8349,17
412,92	7986,17
413,138	8114,17
413,356	7932,17
413,573	7993,17
413,791	8074,17
414,009	7968,17
414,227	7727,17
414,445	7494,17
414,663	7515,17
414,881	7519,17
415,098	7560,17
415,316	7517,17
415,534	7815,17
415,752	7500,17
415,969	7766,17
416,187	7378,17
416,405	7422,17
416,623	7567,17
416,84	7279,17
417,058	7595,17
417,276	7581,17
417,493	7425,17
417,711	7392,17
417,928	7440,17
418,146	7379,17
418,364	7443,17
418,581	7448,17
418,799	7379,17
419,016	7372,17
419,234	7221,17
419,451	7918,17
419,669	7519,17
419,886	7440,17
420,104	7412,17
420,321	7441,17
420,539	7695,17
420,756	8102,17
420,974	7917,17
421,191	7901,17
421,408	8214,17
421,626	8290,17
421,843	7944,17
422,06	7806,17
422,278	7609,17
422,495	7558,17
422,712	7659,17
422,93	7560,17
423,147	7340,17
423,364	7319,17
423,581	7366,17
423,799	7339,17
424,016	7203,17
424,233	7303,17
424,45	7363,17
424,667	7340,17
424,884	7226,17
425,102	7363,17
425,319	6997,17
425,536	6937,17
425,753	7004,17
425,97	6751,17
426,187	6966,17
426,404	6746,17
426,621	7230,17
426,838	7190,17
427,055	7326,17
427,272	7282,17
427,489	7222,17
427,706	7036,17
427,923	6925,17
428,14	6956,17
428,357	6966,17
428,574	6994,17
428,791	7349,17
429,008	7314,17
429,224	7354,17
429,441	7392,17
429,658	7873,17
429,875	7995,17
430,092	7943,17
430,308	7871,17
430,525	7578,17
430,742	7446,17
430,959	7312,17
431,175	7077,17
431,392	6669,17
431,609	6683,17
431,826	6366,17
432,042	6204,17
432,259	6236,17
432,476	6640,17
432,692	6268,17
432,909	6384,17
433,125	6709,17
433,342	6971,17
433,559	7036,17
433,775	6950,17
433,992	6821,17
434,208	6559,17
434,425	6330,17
434,641	6449,17
434,858	6561,17
435,074	6507,17
435,291	6282,17
435,507	6288,17
435,723	6442,17
435,94	6458,17
436,156	6506,17
436,373	6625,17
436,589	6384,17
436,805	6514,17
437,022	6327,17
437,238	6166,17
437,454	6303,17
437,671	6410,17
437,887	6184,17
438,103	6271,17
438,319	6326,17
438,536	6406,17
438,752	6336,17
438,968	6284,17
439,184	6202,17
439,4	6089,17
439,616	6011,17
439,833	6084,17
440,049	5993,17
440,265	6272,17
440,481	6222,17
440,697	6478,17
440,913	6799,17
441,129	6812,17
441,345	6994,17
441,561	6871,17
441,777	6752,17
441,993	6585,17
442,209	6421,17
442,425	6464,17
442,641	6366,17
442,857	6525,17
443,073	6460,17
443,289	6611,17
443,505	6596,17
443,721	6580,17
443,937	6490,17
444,152	6316,17
444,368	6323,17
444,584	6300,17
444,8	6478,17
445,016	6301,17
445,231	6191,17
445,447	6313,17
445,663	6187,17
445,879	6112,17
446,094	6496,17
446,31	6428,17
446,526	5986,17
446,742	5996,17
446,957	6063,17
447,173	6004,17
447,388	6019,17
447,604	6036,17
447,82	6014,17
448,035	6044,17
448,251	6028,17
448,466	6071,17
448,682	6066,17
448,897	5757,17
449,113	6040,17
449,328	6059,17
449,544	5982,17
449,759	6182,17
449,975	5767,17
450,19	6000,17
450,406	5825,17
450,621	5565,17
450,836	5667,17
451,052	5644,17
451,267	5592,17
451,483	5651,17
451,698	5543,17
451,913	5747,17
452,129	5672,17
452,344	5538,17
452,559	5696,17
452,774	5529,17
452,99	5406,17
453,205	5482,17
453,42	5541,17
453,635	5412,17
453,85	5344,17
454,066	5519,17
454,281	5362,17
454,496	5384,17
454,711	5548,17
454,926	5690,17
455,141	5496,17
455,356	5470,17
455,571	5460,17
455,786	5496,17
456,001	5206,17
456,217	5133,17
456,432	5458,17
456,647	5327,17
456,861	5367,17
457,076	5382,17
457,291	5690,17
457,506	5529,17
457,721	5584,17
457,936	5564,17
458,151	5638,17
458,366	5775,17
458,581	5578,17
458,796	5822,17
459,01	5608,17
459,225	5479,17
459,44	5504,17
459,655	5558,17
459,87	5408,17
460,084	5400,17
460,299	5448,17
460,514	5416,17
460,729	5821,17
460,943	5402,17
461,158	5195,17
461,373	5279,17
461,587	5115,17
461,802	4826,17
462,016	5162,17
462,231	4908,17
462,446	4912,17
462,66	5048,17
462,875	5010,17
463,089	5084,17
463,304	5269,17
463,518	5251,17
463,733	5438,17
463,947	5668,17
464,162	5403,17
464,376	5234,17
464,591	5665,17
464,805	5203,17
465,02	5740,17
465,234	5763,17
465,448	5808,17
465,663	5713,17
465,877	5558,17
466,091	5353,17
466,306	5406,17
466,52	5426,17
466,734	5058,17
466,949	4968,17
467,163	5010,17
467,377	4985,17
467,591	5067,17
467,806	5026,17
468,02	5001,17
468,234	4920,17
468,448	4949,17
468,662	4753,17
468,876	5002,17
469,091	4622,17
469,305	4746,17
469,519	4536,17
469,733	4394,17
469,947	4605,17
470,161	4714,17
470,375	4476,17
470,589	4553,17
470,803	4514,17
471,017	4623,17
471,231	4594,17
471,445	4545,17
471,659	4614,17
471,873	4584,17
472,087	4524,17
472,301	4852,17
472,515	4724,17
472,728	4743,17
472,942	4944,17
473,156	4879,17
473,37	4987,17
473,584	4900,17
473,798	4827,17
474,011	4882,17
474,225	4781,17
474,439	4972,17
474,653	4953,17
474,866	5151,17
475,08	5215,17
475,294	5265,17
475,507	4872,17
475,721	5061,17
475,935	5082,17
476,148	4933,17
476,362	4876,17
476,576	4824,17
476,789	4878,17
477,003	5054,17
477,216	4966,17
477,43	5034,17
477,643	5231,17
477,857	5358,17
478,07	5208,17
478,284	5218,17
478,497	5010,17
478,711	5147,17
478,924	5060,17
479,138	5065,17
479,351	5146,17
479,564	5178,17
479,778	5469,17
479,991	5401,17
480,204	5376,17
480,418	5496,17
480,631	5334,17
480,844	5438,17
481,058	5393,17
481,271	5516,17
481,484	5656,17
481,697	5809,17
481,911	5565,17
482,124	5412,17
482,337	5335,17
482,55	5217,17
482,763	5144,17
482,976	5516,17
483,19	5341,17
483,403	5386,17
483,616	5672,17
483,829	5793,17
484,042	5885,17
484,255	5913,17
484,468	6054,17
484,681	6008,17
484,894	6258,17
485,107	8758,17
485,32	13594,17
485,533	16861,17
485,746	16032,17
485,959	13557,17
486,172	11884,17
486,385	9820,17
486,598	8026,17
486,81	6806,17
487,023	6299,17
487,236	6248,17
487,449	5942,17
487,662	5616,17
487,875	5408,17
488,087	5446,17
488,3	5327,17
488,513	5084,17
488,726	5321,17
488,938	5467,17
489,151	5400,17
489,364	5334,17
489,576	5364,17
489,789	5354,17
490,002	5314,17
490,214	5281,17
490,427	5218,17
490,64	5367,17
490,852	5225,17
491,065	5183,17
491,277	5025,17
491,49	5484,17
491,702	4998,17
491,915	5290,17
492,127	5364,17
492,34	5126,17
492,552	5235,17
492,765	5290,17
492,977	5440,17
493,19	5376,17
493,402	5299,17
493,614	5168,17
493,827	5363,17
494,039	5247,17
494,251	5270,17
494,464	5361,17
494,676	4936,17
494,888	5207,17
495,101	4902,17
495,313	4872,17
495,525	5168,17
495,737	5531,17
495,95	5533,17
496,162	5481,17
496,374	5410,17
496,586	5247,17
496,798	5132,17
497,01	4989,17
497,222	4792,17
497,435	4868,17
497,647	4742,17
497,859	4777,17
498,071	4849,17
498,283	4933,17
498,495	5053,17
498,707	5175,17
498,919	5036,17
499,131	5187,17
499,343	5165,17
499,555	5094,17
499,767	5154,17
499,979	4997,17
500,191	5069,17
500,402	4638,17
500,614	5013,17
500,826	5187,17
501,038	5009,17
501,25	5049,17
501,462	5003,17
501,673	5168,17
501,885	5080,17
502,097	5255,17
502,309	4973,17
502,521	5063,17
502,732	5032,17
502,944	4979,17
503,156	4989,17
503,367	4999,17
503,579	4799,17
503,791	4901,17
504,002	4772,17
504,214	4878,17
504,425	5007,17
504,637	4888,17
504,849	4724,17
505,06	4811,17
505,272	4844,17
505,483	4648,17
505,695	4627,17
505,906	4666,17
506,118	4818,17
506,329	4622,17
506,541	4572,17
506,752	4557,17
506,963	4356,17
507,175	4246,17
507,386	4590,17
507,598	4615,17
507,809	4345,17
508,02	4582,17
508,232	4486,17
508,443	4195,17
508,654	4717,17
508,865	4218,17
509,077	4118,17
509,288	4207,17
509,499	4533,17
509,71	4248,17
509,922	4411,17
510,133	4221,17
510,344	4349,17
510,555	4154,17
510,766	4212,17
510,977	4144,17
511,188	4033,17
511,4	4068,17
511,611	3977,17
511,822	4041,17
512,033	3978,17
512,244	4012,17
512,455	3890,17
512,666	4010,17
512,877	4012,17
513,088	3945,17
513,299	3937,17
513,51	3924,17
513,721	3857,17
513,931	3895,17
514,142	3989,17
514,353	3938,17
514,564	3667,17
514,775	3662,17
514,986	3757,17
515,196	3841,17
515,407	3771,17
515,618	3826,17
515,829	3812,17
516,04	3818,17
516,25	3743,17
516,461	3750,17
516,672	3765,17
516,882	3664,17
517,093	3715,17
517,304	3774,17
517,514	3558,17
517,725	3835,17
517,936	3205,17
518,146	3530,17
518,357	3598,17
518,567	3529,17
518,778	4037,17
518,988	3628,17
519,199	3844,17
519,409	3540,17
519,62	3640,17
519,83	3470,17
520,041	3525,17
520,251	3476,17
520,462	3493,17
520,672	3431,17
520,882	3445,17
521,093	3444,17
521,303	3706,17
521,513	3494,17
521,724	4563,17
521,934	3234,17
522,144	3351,17
522,355	3302,17
522,565	3388,17
522,775	3313,17
522,985	3341,17
523,196	3309,17
523,406	3344,17
523,616	3536,17
523,826	3392,17
524,036	3637,17
524,246	3320,17
524,457	3177,17
524,667	3127,17
524,877	3262,17
525,087	3187,17
525,297	3356,17
525,507	3388,17
525,717	2990,17
525,927	3348,17
526,137	3215,17
526,347	3278,17
526,557	3312,17
526,767	3304,17
526,977	3509,17
527,187	3256,17
527,397	3220,17
527,607	3061,17
527,816	3144,17
528,026	3191,17
528,236	3291,17
528,446	3429,17
528,656	3375,17
528,865	3525,17
529,075	3293,17
529,285	3215,17
529,495	3315,17
529,704	3215,17
529,914	3067,17
530,124	3158,17
530,334	3037,17
530,543	3126,17
530,753	3383,17
530,963	3458,17
531,172	3059,17
531,382	3044,17
531,591	3312,17
531,801	2984,17
532,01	3081,17
532,22	3054,17
532,43	3180,17
532,639	3505,17
532,849	3273,17
533,058	3247,17
533,267	3443,17
533,477	3188,17
533,686	3086,17
533,896	3288,17
534,105	3243,17
534,315	3100,17
534,524	3143,17
534,733	3212,17
534,943	3332,17
535,152	3358,17
535,361	2902,17
535,57	2955,17
535,78	3039,17
535,989	2961,17
536,198	2919,17
536,407	2894,17
536,617	2963,17
536,826	3014,17
537,035	3040,17
537,244	2948,17
537,453	2876,17
537,662	3017,17
537,872	3343,17
538,081	3100,17
538,29	3033,17
538,499	3100,17
538,708	2997,17
538,917	3130,17
539,126	3165,17
539,335	3142,17
539,544	3638,17
539,753	2999,17
539,962	3090,17
540,171	3053,17
540,38	3250,17
540,589	3164,17
540,797	3308,17
541,006	3236,17
541,215	3039,17
541,424	3261,17
541,633	3105,17
541,842	3099,17
542,05	3415,17
542,259	3248,17
542,468	3316,17
542,677	3207,17
542,885	3229,17
543,094	3362,17
543,303	3157,17
543,512	3276,17
543,72	3434,17
543,929	3562,17
544,138	3323,17
544,346	3160,17
544,555	3333,17
544,763	3371,17
544,972	3238,17
545,18	3093,17
545,389	3189,17
545,598	3060,17
545,806	3221,17
546,015	3224,17
546,223	3149,17
546,431	3162,17
546,64	3157,17
546,848	3216,17
547,057	3343,17
547,265	3226,17
547,474	3369,17
547,682	3531,17
547,89	3516,17
548,099	3448,17
548,307	3293,17
548,515	3447,17
548,723	3283,17
548,932	3167,17
549,14	3213,17
549,348	3247,17
549,556	3173,17
549,765	3131,17
549,973	3061,17
550,181	3292,17
550,389	3225,17
550,597	3232,17
550,805	3020,17
551,014	3270,17
551,222	7252,17
551,43	3127,17
551,638	3481,17
551,846	3641,17
552,054	3573,17
552,262	3532,17
552,47	3263,17
552,678	3093,17
552,886	3301,17
553,094	3313,17
553,302	3367,17
553,51	3359,17
553,717	3453,17
553,925	3191,17
554,133	3584,17
554,341	3184,17
554,549	3318,17
554,757	3330,17
554,965	3401,17
555,172	3424,17
555,38	3719,17
555,588	3413,17
555,796	3569,17
556,003	3513,17
556,211	3309,17
556,419	3359,17
556,626	3362,17
556,834	3309,17
557,042	3357,17
557,249	3342,17
557,457	3383,17
557,664	3196,17
557,872	3281,17
558,08	3236,17
558,287	3314,17
558,495	3367,17
558,702	3244,17
558,91	3356,17
559,117	3294,17
559,325	3353,17
559,532	3346,17
559,74	3691,17
559,947	3568,17
560,154	3583,17
560,362	3549,17
560,569	3557,17
560,776	3720,17
560,984	3585,17
561,191	3648,17
561,398	3422,17
561,606	3837,17
561,813	3590,17
562,02	3306,17
562,227	3358,17
562,435	3543,17
562,642	3636,17
562,849	3707,17
563,056	3800,17
563,263	3699,17
563,471	3867,17
563,678	3843,17
563,885	3686,17
564,092	3868,17
564,299	3939,17
564,506	4010,17
564,713	3866,17
564,92	3875,17
565,127	3952,17
565,334	3980,17
565,541	4240,17
565,748	4079,17
565,955	3927,17
566,162	3925,17
566,369	4111,17
566,576	4268,17
566,783	4386,17
566,99	4333,17
567,196	4522,17
567,403	4485,17
567,61	4563,17
567,817	4479,17
568,024	4472,17
568,23	4724,17
568,437	4686,17
568,644	4778,17
568,851	4917,17
569,057	5178,17
569,264	5448,17
569,471	5440,17
569,677	5570,17
569,884	5616,17
570,091	5811,17
570,297	6754,17
570,504	5815,17
570,71	5987,17
570,917	5910,17
571,123	5782,17
571,33	5973,17
571,536	6103,17
571,743	6382,17
571,949	5842,17
572,156	5568,17
572,362	5714,17
572,569	5620,17
572,775	6016,17
572,982	6392,17
573,188	6340,17
573,394	6269,17
573,601	6264,17
573,807	6476,17
574,013	6827,17
574,22	6739,17
574,426	6554,17
574,632	6606,17
574,838	6630,17
575,045	6408,17
575,251	6239,17
575,457	6207,17
575,663	6353,17
575,869	6408,17
576,076	6612,17
576,282	6940,17
576,488	6808,17
576,694	7002,17
576,9	6708,17
577,106	7062,17
577,312	7585,17
577,518	7789,17
577,724	8003,17
577,93	7552,17
578,136	7116,17
578,342	7008,17
578,548	6747,17
578,754	6760,17
578,96	6522,17
579,166	6947,17
579,372	7429,17
579,578	7228,17
579,784	7340,17
579,989	7216,17
580,195	7294,17
580,401	7240,17
580,607	7139,17
580,813	7906,17
581,018	8768,17
581,224	9061,17
581,43	8682,17
581,636	8519,17
581,841	8499,17
582,047	8131,17
582,253	7674,17
582,458	7332,17
582,664	7097,17
582,869	7048,17
583,075	6654,17
583,281	7203,17
583,486	6842,17
583,692	7042,17
583,897	7434,17
584,103	7319,17
584,308	7382,17
584,514	7570,17
584,719	7958,17
584,925	7857,17
585,13	7761,17
585,335	7557,17
585,541	7566,17
585,746	7230,17
585,952	6981,17
586,157	7230,17
586,362	6985,17
586,568	6983,17
586,773	7364,17
586,978	7360,17
587,183	7343,17
587,389	7439,17
587,594	6926,17
587,799	7068,17
588,004	7035,17
588,21	7068,17
588,415	6715,17
588,62	6708,17
588,825	6606,17
589,03	6420,17
589,235	6949,17
589,44	6780,17
589,645	6553,17
589,85	6633,17
590,055	6547,17
590,26	6243,17
590,465	6260,17
590,67	6207,17
590,875	6327,17
591,08	6091,17
591,285	6189,17
591,49	6233,17
591,695	6064,17
591,9	5970,17
592,105	6083,17
592,31	6448,17
592,515	6807,17
592,719	6276,17
592,924	6182,17
593,129	6107,17
593,334	6178,17
593,539	6015,17
593,743	6118,17
593,948	5878,17
594,153	5662,17
594,357	6071,17
594,562	5915,17
594,767	6226,17
594,971	5514,17
595,176	5773,17
595,381	5686,17
595,585	5598,17
595,79	5795,17
595,994	5203,17
596,199	6017,17
596,403	5084,17
596,608	5357,17
596,812	5422,17
597,017	5467,17
597,221	5524,17
597,426	5352,17
597,63	5278,17
597,835	5074,17
598,039	5083,17
598,243	5098,17
598,448	5635,17
598,652	5337,17
598,856	5282,17
599,061	5137,17
599,265	5058,17
599,469	4991,17
599,673	5128,17
599,878	5235,17
600,082	4899,17
600,286	4921,17
600,49	5038,17
600,695	4759,17
600,899	4976,17
601,103	4871,17
601,307	4918,17
601,511	4767,17
601,715	4648,17
601,919	4550,17
602,123	4865,17
602,327	4666,17
602,531	4685,17
602,735	4736,17
602,939	4830,17
603,143	4394,17
603,347	4644,17
603,551	4596,17
603,755	4493,17
603,959	4467,17
604,163	4510,17
604,367	4234,17
604,571	4356,17
604,775	4292,17
604,978	4375,17
605,182	4191,17
605,386	4414,17
605,59	4227,17
605,793	4307,17
605,997	4195,17
606,201	4234,17
606,405	4192,17
606,608	4196,17
606,812	4137,17
607,016	4189,17
607,219	3988,17
607,423	4050,17
607,627	4138,17
607,83	3977,17
608,034	3951,17
608,237	3900,17
608,441	3899,17
608,644	3981,17
608,848	3872,17
609,051	3817,17
609,255	3730,17
609,458	3928,17
609,662	3859,17
609,865	3822,17
610,069	3616,17
610,272	3534,17
610,475	3547,17
610,679	3557,17
610,882	3633,17
611,085	3610,17
611,289	3680,17
611,492	3512,17
611,695	3741,17
611,898	3533,17
612,102	3569,17
612,305	3530,17
612,508	3542,17
612,711	3666,17
612,914	3148,17
613,118	3696,17
613,321	3463,17
613,524	3345,17
613,727	3366,17
613,93	3345,17
614,133	3317,17
614,336	3407,17
614,539	3313,17
614,742	3145,17
614,945	3235,17
615,148	3410,17
615,351	3325,17
615,554	3425,17
615,757	3128,17
615,96	3200,17
616,163	3152,17
616,366	3241,17
616,569	3105,17
616,772	3318,17
616,974	3155,17
617,177	3334,17
617,38	3142,17
617,583	3203,17
617,786	3060,17
617,988	2919,17
618,191	3219,17
618,394	3047,17
618,596	2922,17
618,799	2988,17
619,002	2956,17
619,204	3089,17
619,407	2972,17
619,61	2948,17
619,812	2909,17
620,015	3012,17
620,217	3005,17
620,42	2883,17
620,623	2826,17
620,825	2991,17
621,028	2992,17
621,23	3013,17
621,432	3133,17
621,635	2761,17
621,837	2942,17
622,04	2903,17
622,242	2837,17
622,445	2952,17
622,647	2982,17
622,849	2997,17
623,052	2689,17
623,254	2942,17
623,456	2684,17
623,658	2889,17
623,861	3051,17
624,063	2872,17
624,265	2904,17
624,467	2845,17
624,67	2684,17
624,872	2860,17
625,074	2975,17
625,276	2896,17
625,478	2932,17
625,68	2545,17
625,882	2614,17
626,084	2753,17
626,287	2814,17
626,489	2768,17
626,691	2580,17
626,893	2567,17
627,095	2664,17
627,297	2678,17
627,499	2505,17
627,7	2379,17
627,902	2484,17
628,104	2285,17
628,306	2382,17
628,508	2183,17
628,71	2482,17
628,912	2439,17
629,114	2726,17
629,315	2503,17
629,517	2399,17
629,719	2312,17
629,921	2712,17
630,122	2350,17
630,324	2346,17
630,526	2553,17
630,728	2374,17
630,929	2411,17
631,131	2299,17
631,332	2508,17
631,534	2458,17
631,736	2341,17
631,937	2203,17
632,139	2288,17
632,34	2309,17
632,542	2425,17
632,743	2300,17
632,945	2164,17
633,146	2281,17
633,348	2083,17
633,549	2254,17
633,751	2071,17
633,952	2137,17
634,154	2138,17
634,355	2041,17
634,556	2093,17
634,758	2137,17
634,959	2056,17
635,16	2204,17
635,362	2082,17
635,563	2157,17
635,764	2110,17
635,965	2203,17
636,167	2102,17
636,368	2080,17
636,569	1991,17
636,77	2233,17
636,971	2291,17
637,172	1833,17
637,374	2000,17
637,575	2119,17
637,776	1902,17
637,977	1874,17
638,178	1960,17
638,379	1847,17
638,58	2171,17
638,781	1742,17
638,982	1946,17
639,183	1909,17
639,384	1919,17
639,585	1918,17
639,786	1771,17
639,987	1857,17
640,187	1971,17
640,388	1972,17
640,589	1849,17
640,79	1894,17
640,991	1886,17
641,192	2011,17
641,392	1763,17
641,593	1765,17
641,794	1699,17
641,995	1776,17
642,195	1605,17
642,396	1790,17
642,597	1673,17
642,797	1822,17
642,998	1911,17
643,199	1721,17
643,399	1811,17
643,6	1576,17
643,8	1710,17
644,001	1720,17
644,202	1830,17
644,402	1729,17
644,603	1813,17
644,803	1648,17
645,004	1784,17
645,204	1659,17
645,404	1606,17
645,605	2299,17
645,805	1747,17
646,006	1628,17
646,206	2092,17
646,406	1622,17
646,607	1463,17
646,807	1214,17
647,007	2,17
647,208	29,17
647,408	11,17
647,608	25,17
