200,697	999,83
200,927	35,83
201,158	-36,17
201,388	34,83
201,618	1607,83
201,849	1373,83
202,079	1641,83
202,309	1663,83
202,539	1703,83
202,77	1577,83
203	1818,83
203,23	1652,83
203,46	1651,83
203,691	1719,83
203,921	1759,83
204,151	1658,83
204,381	1644,83
204,611	1707,83
204,841	1583,83
205,071	1662,83
205,302	1775,83
205,532	1743,83
205,762	3778,83
205,992	1596,83
206,222	1682,83
206,452	1737,83
206,682	1716,83
206,912	1787,83
207,142	1786,83
207,372	1682,83
207,602	1634,83
207,832	1630,83
208,062	1812,83
208,292	1737,83
208,522	1532,83
208,752	1722,83
208,982	1635,83
209,212	1858,83
209,442	1628,83
209,672	1649,83
209,902	1662,83
210,131	1743,83
210,361	1678,83
210,591	1690,83
210,821	1755,83
211,051	1905,83
211,281	1655,83
211,51	1767,83
211,74	1955,83
211,97	1578,83
212,2	1764,83
212,429	2014,83
212,659	1765,83
212,889	1756,83
213,119	1549,83
213,348	1593,83
213,578	1824,83
213,808	1831,83
214,037	1833,83
214,267	1814,83
214,497	1743,83
214,726	1694,83
214,956	1627,83
215,186	1703,83
215,415	1740,83
215,645	1727,83
215,874	1789,83
216,104	1624,83
216,333	1577,83
216,563	1769,83
216,792	1841,83
217,022	1815,83
217,251	1762,83
217,481	1613,83
217,71	1803,83
217,94	1686,83
218,169	1895,83
218,399	1725,83
218,628	1705,83
218,858	1908,83
219,087	1659,83
219,316	1835,83
219,546	1739,83
219,775	1755,83
220,004	1876,83
220,234	1821,83
220,463	1729,83
220,692	1855,83
220,922	1674,83
221,151	1813,83
221,38	1833,83
221,61	2137,83
221,839	1990,83
222,068	1781,83
222,297	1896,83
222,526	1819,83
222,756	1851,83
222,985	1865,83
223,214	1766,83
223,443	1776,83
223,672	2264,83
223,902	1638,83
224,131	1771,83
224,36	1917,83
224,589	1562,83
224,818	1789,83
225,047	1980,83
225,276	1666,83
225,505	2010,83
225,734	1897,83
225,963	1692,83
226,192	1867,83
226,421	1765,83
226,65	1775,83
226,879	1881,83
227,108	1917,83
227,337	1896,83
227,566	2004,83
227,795	1782,83
228,024	1840,83
228,253	1768,83
228,482	1685,83
228,711	1867,83
228,94	1641,83
229,168	1769,83
229,397	1760,83
229,626	1845,83
229,855	1498,83
230,084	1722,83
230,313	1558,83
230,541	1958,83
230,77	1765,83
230,999	1451,83
231,228	1959,83
231,456	1821,83
231,685	1731,83
231,914	1849,83
232,143	1833,83
232,371	1903,83
232,6	1752,83
232,829	1808,83
233,057	1840,83
233,286	1845,83
233,515	1891,83
233,743	1879,83
233,972	1733,83
234,2	1889,83
234,429	1869,83
234,658	1837,83
234,886	1749,83
235,115	1858,83
235,343	1816,83
235,572	1903,83
235,8	1848,83
236,029	2176,83
236,257	1789,83
236,486	1957,83
236,714	2004,83
236,943	1963,83
237,171	1813,83
237,399	1882,83
237,628	1930,83
237,856	2019,83
238,085	1941,83
238,313	1827,83
238,541	1947,83
238,77	2281,83
238,998	1829,83
239,226	1836,83
239,455	2036,83
239,683	1810,83
239,911	1861,83
240,14	2090,83
240,368	1994,83
240,596	1760,83
240,824	2025,83
241,053	1922,83
241,281	1933,83
241,509	1966,83
241,737	1954,83
241,965	1845,83
242,193	1854,83
242,422	1995,83
242,65	1852,83
242,878	1939,83
243,106	1997,83
243,334	1990,83
243,562	2045,83
243,79	2025,83
244,018	2023,83
244,246	1976,83
244,474	2063,83
244,702	1833,83
244,93	2027,83
245,158	2107,83
245,386	2008,83
245,614	2053,83
245,842	2201,83
246,07	2032,83
246,298	2072,83
246,526	2437,83
246,754	1987,83
246,982	2036,83
247,21	2092,83
247,438	2054,83
247,666	1995,83
247,893	2025,83
248,121	2008,83
248,349	1989,83
248,577	2105,83
248,805	2369,83
249,033	2018,83
249,26	2119,83
249,488	2007,83
249,716	1965,83
249,944	1945,83
250,171	2100,83
250,399	2061,83
250,627	2219,83
250,854	2129,83
251,082	1971,83
251,31	2096,83
251,537	2081,83
251,765	2332,83
251,993	1973,83
252,22	2353,83
252,448	1982,83
252,676	2161,83
252,903	2105,83
253,131	2413,83
253,358	2193,83
253,586	1977,83
253,813	1933,83
254,041	2306,83
254,268	2100,83
254,496	2018,83
254,723	2084,83
254,951	2109,83
255,178	2108,83
255,406	2098,83
255,633	2127,83
255,86	2313,83
256,088	2110,83
256,315	2064,83
256,543	2285,83
256,77	2135,83
256,997	2084,83
257,225	2188,83
257,452	2035,83
257,679	2107,83
257,907	2289,83
258,134	2057,83
258,361	2211,83
258,588	2158,83
258,816	2238,83
259,043	2212,83
259,27	2032,83
259,497	2193,83
259,725	2136,83
259,952	2128,83
260,179	2012,83
260,406	2232,83
260,633	2175,83
260,86	2151,83
261,088	2137,83
261,315	2375,83
261,542	2072,83
261,769	2214,83
261,996	2512,83
262,223	2255,83
262,45	2397,83
262,677	2036,83
262,904	2143,83
263,131	2231,83
263,358	2217,83
263,585	2225,83
263,812	2551,83
264,039	2311,83
264,266	2119,83
264,493	2235,83
264,72	2149,83
264,947	2162,83
265,174	2353,83
265,401	2356,83
265,627	2329,83
265,854	2180,83
266,081	2241,83
266,308	2199,83
266,535	2138,83
266,762	2159,83
266,988	2179,83
267,215	2225,83
267,442	2109,83
267,669	2313,83
267,896	2330,83
268,122	2299,83
268,349	2195,83
268,576	1902,83
268,802	2320,83
269,029	2351,83
269,256	2195,83
269,482	2191,83
269,709	2195,83
269,936	2237,83
270,162	2364,83
270,389	2125,83
270,616	2229,83
270,842	2336,83
271,069	2318,83
271,295	2209,83
271,522	2122,83
271,748	2169,83
271,975	2321,83
272,201	2404,83
272,428	2220,83
272,654	2208,83
272,881	2557,83
273,107	2121,83
273,334	2255,83
273,56	2299,83
273,787	2247,83
274,013	2286,83
274,239	2560,83
274,466	2280,83
274,692	2192,83
274,918	2270,83
275,145	2244,83
275,371	2203,83
275,597	2394,83
275,824	2234,83
276,05	2339,83
276,276	2351,83
276,503	2201,83
276,729	2291,83
276,955	2169,83
277,181	2329,83
277,407	2283,83
277,634	2335,83
277,86	2386,83
278,086	2211,83
278,312	2251,83
278,538	2298,83
278,764	2288,83
278,991	2390,83
279,217	2212,83
279,443	2199,83
279,669	2246,83
279,895	2326,83
280,121	2206,83
280,347	2200,83
280,573	2177,83
280,799	2210,83
281,025	2441,83
281,251	2175,83
281,477	2504,83
281,703	2138,83
281,929	2193,83
282,155	2297,83
282,381	2312,83
282,607	2351,83
282,833	2326,83
283,059	2332,83
283,285	2284,83
283,51	2282,83
283,736	2128,83
283,962	2297,83
284,188	2314,83
284,414	2295,83
284,64	2355,83
284,865	2346,83
285,091	2260,83
285,317	2397,83
285,543	2443,83
285,768	2373,83
285,994	2402,83
286,22	2604,83
286,446	2460,83
286,671	2263,83
286,897	2425,83
287,123	2313,83
287,348	2437,83
287,574	2897,83
287,799	2392,83
288,025	2149,83
288,251	2535,83
288,476	2376,83
288,702	2419,83
288,927	2282,83
289,153	2263,83
289,378	2577,83
289,604	2403,83
289,829	2419,83
290,055	2350,83
290,28	2336,83
290,506	2483,83
290,731	2321,83
290,957	2505,83
291,182	2435,83
291,408	2511,83
291,633	2542,83
291,858	2402,83
292,084	2468,83
292,309	2325,83
292,535	2397,83
292,76	2506,83
292,985	2418,83
293,211	2354,83
293,436	2281,83
293,661	2253,83
293,886	2380,83
294,112	2447,83
294,337	2471,83
294,562	2251,83
294,787	2532,83
295,013	2432,83
295,238	2340,83
295,463	2404,83
295,688	2617,83
295,913	2533,83
296,138	2448,83
296,364	2317,83
296,589	2441,83
296,814	2259,83
297,039	2360,83
297,264	2466,83
297,489	2355,83
297,714	2399,83
297,939	2323,83
298,164	2381,83
298,389	2476,83
298,614	2335,83
298,839	2464,83
299,064	2505,83
299,289	2455,83
299,514	2516,83
299,739	2461,83
299,964	2392,83
300,189	2385,83
300,414	2447,83
300,639	2549,83
300,863	2374,83
301,088	2800,83
301,313	2399,83
301,538	2493,83
301,763	2418,83
301,988	2459,83
302,212	2487,83
302,437	2896,83
302,662	2357,83
302,887	2453,83
303,111	2549,83
303,336	2607,83
303,561	2525,83
303,786	2412,83
304,01	2543,83
304,235	2578,83
304,46	2383,83
304,684	2410,83
304,909	2448,83
305,134	2347,83
305,358	2564,83
305,583	2407,83
305,807	2626,83
306,032	2504,83
306,256	2306,83
306,481	2460,83
306,706	2315,83
306,93	2450,83
307,155	2715,83
307,379	2370,83
307,604	2420,83
307,828	2355,83
308,052	2639,83
308,277	2502,83
308,501	2479,83
308,726	2506,83
308,95	2514,83
309,175	2379,83
309,399	2598,83
309,623	2387,83
309,848	2236,83
310,072	2241,83
310,296	2804,83
310,521	2450,83
310,745	2349,83
310,969	2653,83
311,193	2540,83
311,418	2423,83
311,642	2425,83
311,866	2498,83
312,09	2444,83
312,315	2509,83
312,539	2484,83
312,763	2320,83
312,987	2517,83
313,211	2360,83
313,435	2537,83
313,659	2360,83
313,884	2684,83
314,108	2509,83
314,332	2573,83
314,556	2333,83
314,78	2671,83
315,004	2485,83
315,228	2589,83
315,452	2485,83
315,676	2617,83
315,9	2467,83
316,124	2170,83
316,348	2454,83
316,572	2480,83
316,796	2513,83
317,02	2383,83
317,244	2442,83
317,468	2220,83
317,691	2668,83
317,915	2476,83
318,139	2307,83
318,363	2784,83
318,587	2440,83
318,811	2310,83
319,034	2237,83
319,258	2508,83
319,482	2447,83
319,706	2472,83
319,93	2405,83
320,153	2314,83
320,377	2471,83
320,601	2344,83
320,824	2195,83
321,048	2564,83
321,272	2479,83
321,495	2344,83
321,719	2374,83
321,943	2373,83
322,166	2410,83
322,39	2366,83
322,614	2476,83
322,837	2579,83
323,061	2317,83
323,284	2429,83
323,508	2434,83
323,731	2386,83
323,955	2352,83
324,178	2316,83
324,402	2460,83
324,625	2575,83
324,849	2345,83
325,072	2474,83
325,296	2327,83
325,519	2479,83
325,743	2264,83
325,966	2498,83
326,189	2527,83
326,413	2390,83
326,636	2756,83
326,859	2345,83
327,083	2727,83
327,306	2247,83
327,529	2311,83
327,753	2233,83
327,976	2465,83
328,199	2389,83
328,422	2386,83
328,646	2396,83
328,869	2275,83
329,092	2377,83
329,315	2495,83
329,538	2332,83
329,762	2407,83
329,985	2203,83
330,208	2225,83
330,431	2369,83
330,654	2514,83
330,877	2460,83
331,1	2421,83
331,323	2234,83
331,546	2537,83
331,769	2451,83
331,993	2273,83
332,216	2349,83
332,439	2331,83
332,662	2410,83
332,885	2344,83
333,107	2164,83
333,33	2282,83
333,553	2580,83
333,776	2368,83
333,999	2243,83
334,222	2316,83
334,445	2268,83
334,668	2355,83
334,891	2589,83
335,114	2195,83
335,336	2354,83
335,559	2411,83
335,782	2645,83
336,005	2424,83
336,228	2355,83
336,45	2279,83
336,673	2288,83
336,896	2418,83
337,119	2410,83
337,341	2248,83
337,564	2210,83
337,787	2400,83
338,009	2144,83
338,232	2425,83
338,455	2437,83
338,677	2316,83
338,9	2357,83
339,122	2395,83
339,345	2218,83
339,568	2181,83
339,79	2281,83
340,013	2373,83
340,235	2450,83
340,458	2203,83
340,68	2434,83
340,903	2235,83
341,125	2285,83
341,348	2273,83
341,57	2193,83
341,793	2459,83
342,015	2162,83
342,238	2245,83
342,46	2319,83
342,682	2330,83
342,905	2261,83
343,127	2423,83
343,349	2279,83
343,572	2262,83
343,794	2186,83
344,016	2190,83
344,239	2287,83
344,461	2253,83
344,683	2198,83
344,905	2186,83
345,128	2068,83
345,35	2297,83
345,572	2420,83
345,794	2404,83
346,017	2254,83
346,239	2291,83
346,461	2247,83
346,683	2179,83
346,905	2400,83
347,127	2380,83
347,349	2271,83
347,571	2270,83
347,793	2431,83
348,016	2308,83
348,238	2295,83
348,46	2316,83
348,682	2211,83
348,904	2315,83
349,126	2327,83
349,348	2345,83
349,57	2185,83
349,792	2270,83
350,014	2363,83
350,235	2244,83
350,457	3076,83
350,679	2319,83
350,901	2153,83
351,123	2209,83
351,345	2310,83
351,567	2312,83
351,789	2162,83
352,01	2392,83
352,232	2373,83
352,454	2140,83
352,676	2375,83
352,897	2397,83
353,119	2276,83
353,341	2245,83
353,563	2206,83
353,784	2181,83
354,006	2304,83
354,228	2282,83
354,449	2196,83
354,671	2330,83
354,893	2392,83
355,114	2351,83
355,336	2287,83
355,558	2235,83
355,779	2207,83
356,001	2289,83
356,222	2218,83
356,444	2072,83
356,665	2745,83
356,887	2220,83
357,108	2165,83
357,33	2221,83
357,551	2360,83
357,773	2313,83
357,994	2236,83
358,216	2112,83
358,437	2381,83
358,659	2262,83
358,88	2141,83
359,101	2303,83
359,323	2391,83
359,544	2185,83
359,765	2145,83
359,987	2173,83
360,208	2260,83
360,429	2309,83
360,651	2175,83
360,872	2379,83
361,093	2407,83
361,314	2314,83
361,536	2203,83
361,757	2281,83
361,978	2204,83
362,199	2016,83
362,42	2057,83
362,642	2295,83
362,863	2288,83
363,084	2190,83
363,305	2252,83
363,526	2108,83
363,747	2222,83
363,968	2218,83
364,189	2364,83
364,41	2159,83
364,631	2071,83
364,852	2314,83
365,073	2114,83
365,294	2180,83
365,515	2224,83
365,736	2309,83
365,957	2268,83
366,178	2193,83
366,399	2191,83
366,62	2294,83
366,841	2309,83
367,062	2197,83
367,283	2193,83
367,504	2238,83
367,724	2124,83
367,945	2090,83
368,166	2312,83
368,387	2191,83
368,608	2175,83
368,828	2353,83
369,049	2153,83
369,27	2168,83
369,491	2159,83
369,711	2279,83
369,932	2315,83
370,153	2248,83
370,373	2089,83
370,594	2487,83
370,815	2194,83
371,035	2379,83
371,256	1988,83
371,477	2168,83
371,697	2252,83
371,918	2068,83
372,138	2249,83
372,359	2389,83
372,579	2101,83
372,8	2177,83
373,02	2286,83
373,241	2187,83
373,461	2259,83
373,682	2268,83
373,902	2241,83
374,123	2047,83
374,343	2369,83
374,564	2144,83
374,784	2060,83
375,004	2296,83
375,225	2119,83
375,445	2091,83
375,666	2398,83
375,886	2106,83
376,106	2157,83
376,326	2226,83
376,547	2379,83
376,767	2357,83
376,987	2155,83
377,208	2176,83
377,428	2183,83
377,648	2272,83
377,868	2315,83
378,088	2359,83
378,309	2355,83
378,529	2352,83
378,749	2337,83
378,969	2131,83
379,189	2212,83
379,409	2204,83
379,629	2348,83
379,849	2167,83
380,069	2221,83
380,29	2157,83
380,51	2159,83
380,73	2334,83
380,95	2384,83
381,17	2380,83
381,39	2275,83
381,61	2131,83
381,829	2255,83
382,049	2080,83
382,269	2199,83
382,489	2318,83
382,709	2233,83
382,929	2302,83
383,149	2221,83
383,369	2529,83
383,589	2221,83
383,808	2371,83
384,028	2202,83
384,248	2268,83
384,468	2239,83
384,688	2266,83
384,907	2209,83
385,127	2232,83
385,347	2329,83
385,567	2129,83
385,786	2447,83
386,006	2206,83
386,226	2319,83
386,445	2137,83
386,665	2239,83
386,885	2344,83
387,104	2218,83
387,324	2282,83
387,543	2237,83
387,763	2309,83
387,982	2330,83
388,202	2325,83
388,422	2296,83
388,641	2442,83
388,861	2301,83
389,08	2332,83
389,3	2265,83
389,519	2431,83
389,738	2514,83
389,958	2308,83
390,177	2247,83
390,397	2391,83
390,616	2352,83
390,836	2398,83
391,055	2321,83
391,274	2382,83
391,494	2253,83
391,713	2237,83
391,932	2420,83
392,151	2373,83
392,371	2247,83
392,59	2283,83
392,809	2391,83
393,029	2479,83
393,248	2464,83
393,467	2186,83
393,686	2210,83
393,905	3358,83
394,124	2243,83
394,344	2298,83
394,563	2430,83
394,782	2335,83
395,001	2387,83
395,22	1992,83
395,439	2352,83
395,658	2238,83
395,877	2383,83
396,096	2253,83
396,315	2463,83
396,534	2311,83
396,753	2405,83
396,972	2227,83
397,191	2389,83
397,41	2433,83
397,629	2353,83
397,848	2326,83
398,067	2216,83
398,286	2319,83
398,505	2245,83
398,724	2468,83
398,943	2902,83
399,161	2172,83
399,38	2287,83
399,599	2395,83
399,818	2356,83
400,037	2419,83
400,255	2287,83
400,474	2271,83
400,693	2382,83
400,912	2499,83
401,13	2288,83
401,349	2273,83
401,568	2180,83
401,786	2454,83
402,005	2408,83
402,224	2223,83
402,442	2447,83
402,661	2260,83
402,88	2163,83
403,098	2180,83
403,317	2302,83
403,535	2294,83
403,754	2158,83
403,972	2305,83
404,191	2227,83
404,409	2250,83
404,628	2949,83
404,846	2308,83
405,065	2382,83
405,283	2326,83
405,502	2272,83
405,72	2290,83
405,938	2191,83
406,157	1956,83
406,375	2210,83
406,594	2296,83
406,812	2258,83
407,03	2242,83
407,249	1958,83
407,467	2261,83
407,685	2275,83
407,903	2107,83
408,122	2426,83
408,34	2267,83
408,558	2250,83
408,776	2201,83
408,995	2228,83
409,213	2300,83
409,431	2392,83
409,649	2331,83
409,867	2136,83
410,085	2280,83
410,303	2308,83
410,522	2126,83
410,74	2119,83
410,958	2152,83
411,176	2300,83
411,394	2173,83
411,612	2117,83
411,83	2457,83
412,048	2294,83
412,266	2230,83
412,484	2233,83
412,702	2475,83
412,92	2109,83
413,138	2324,83
413,356	2172,83
413,573	2407,83
413,791	2508,83
414,009	2291,83
414,227	2427,83
414,445	2101,83
414,663	2203,83
414,881	2264,83
415,098	2257,83
415,316	2293,83
415,534	2585,83
415,752	2197,83
415,969	2335,83
416,187	1881,83
416,405	2202,83
416,623	2285,83
416,84	2058,83
417,058	2163,83
417,276	2266,83
417,493	2151,83
417,711	2173,83
417,928	2228,83
418,146	2173,83
418,364	2235,83
418,581	2188,83
418,799	2113,83
419,016	2027,83
419,234	2084,83
419,451	2696,83
419,669	2190,83
419,886	2206,83
420,104	2092,83
420,321	2109,83
420,539	1975,83
420,756	2389,83
420,974	2201,83
421,191	2056,83
421,408	2245,83
421,626	2250,83
421,843	2192,83
422,06	2240,83
422,278	2058,83
422,495	2270,83
422,712	2215,83
422,93	2276,83
423,147	2235,83
423,364	2203,83
423,581	2295,83
423,799	2113,83
424,016	2156,83
424,233	2301,83
424,45	2135,83
424,667	2208,83
424,884	2067,83
425,102	2277,83
425,319	2176,83
425,536	2121,83
425,753	2227,83
425,97	2089,83
426,187	2421,83
426,404	2042,83
426,621	2381,83
426,838	2295,83
427,055	2278,83
427,272	2240,83
427,489	2165,83
427,706	1988,83
427,923	2181,83
428,14	2147,83
428,357	2293,83
428,574	2166,83
428,791	2186,83
429,008	2140,83
429,224	2176,83
429,441	2049,83
429,658	2325,83
429,875	2380,83
430,092	2181,83
430,308	2364,83
430,525	2294,83
430,742	2182,83
430,959	2178,83
431,175	2137,83
431,392	2106,83
431,609	2232,83
431,826	2179,83
432,042	2049,83
432,259	2091,83
432,476	2405,83
432,692	2090,83
432,909	2103,83
433,125	2213,83
433,342	2297,83
433,559	2227,83
433,775	2231,83
433,992	1979,83
434,208	1914,83
434,425	2072,83
434,641	2272,83
434,858	2414,83
435,074	2163,83
435,291	1985,83
435,507	2174,83
435,723	2135,83
435,94	2115,83
436,156	2155,83
436,373	2313,83
436,589	2099,83
436,805	2163,83
437,022	2091,83
437,238	2098,83
437,454	2113,83
437,671	2103,83
437,887	2182,83
438,103	2051,83
438,319	2088,83
438,536	2171,83
438,752	2104,83
438,968	2135,83
439,184	2180,83
439,4	2070,83
439,616	2015,83
439,833	2176,83
440,049	2078,83
440,265	2262,83
440,481	2135,83
440,697	2257,83
440,913	2205,83
441,129	2106,83
441,345	2271,83
441,561	2263,83
441,777	2208,83
441,993	2212,83
442,209	2173,83
442,425	2061,83
442,641	2128,83
442,857	2197,83
443,073	2173,83
443,289	2459,83
443,505	2251,83
443,721	2245,83
443,937	2186,83
444,152	2027,83
444,368	2200,83
444,584	2109,83
444,8	2279,83
445,016	2159,83
445,231	2146,83
445,447	2304,83
445,663	2187,83
445,879	2129,83
446,094	2316,83
446,31	2285,83
446,526	2211,83
446,742	2261,83
446,957	2144,83
447,173	2236,83
447,388	2237,83
447,604	2166,83
447,82	2162,83
448,035	2279,83
448,251	2093,83
448,466	2204,83
448,682	2107,83
448,897	2061,83
449,113	2119,83
449,328	2210,83
449,544	2045,83
449,759	2475,83
449,975	2033,83
450,19	2051,83
450,406	2107,83
450,621	2061,83
450,836	2065,83
451,052	2085,83
451,267	1979,83
451,483	2227,83
451,698	1942,83
451,913	2125,83
452,129	2198,83
452,344	1895,83
452,559	2278,83
452,774	2174,83
452,99	2051,83
453,205	2084,83
453,42	2150,83
453,635	2175,83
453,85	2059,83
454,066	2109,83
454,281	2123,83
454,496	2182,83
454,711	2102,83
454,926	2184,83
455,141	1971,83
455,356	2056,83
455,571	1996,83
455,786	2131,83
456,001	1977,83
456,217	1865,83
456,432	2165,83
456,647	1949,83
456,861	2152,83
457,076	2021,83
457,291	2183,83
457,506	2039,83
457,721	2030,83
457,936	2088,83
458,151	2041,83
458,366	2278,83
458,581	2083,83
458,796	2374,83
459,01	2078,83
459,225	2106,83
459,44	1959,83
459,655	2125,83
459,87	2016,83
460,084	1992,83
460,299	2137,83
460,514	2083,83
460,729	2605,83
460,943	2013,83
461,158	1951,83
461,373	2153,83
461,587	2051,83
461,802	1933,83
462,016	2144,83
462,231	2219,83
462,446	2159,83
462,66	2033,83
462,875	2056,83
463,089	2053,83
463,304	2094,83
463,518	2068,83
463,733	2061,83
463,947	2115,83
464,162	2021,83
464,376	2032,83
464,591	2270,83
464,805	2122,83
465,02	2252,83
465,234	2229,83
465,448	2051,83
465,663	2360,83
465,877	2230,83
466,091	2098,83
466,306	2238,83
466,52	2377,83
466,734	2108,83
466,949	2021,83
467,163	2207,83
467,377	1989,83
467,591	2058,83
467,806	2059,83
468,02	1948,83
468,234	1860,83
468,448	2163,83
468,662	2037,83
468,876	2206,83
469,091	2059,83
469,305	2192,83
469,519	2008,83
469,733	1943,83
469,947	2034,83
470,161	2164,83
470,375	1887,83
470,589	2139,83
470,803	2055,83
471,017	2049,83
471,231	1945,83
471,445	1965,83
471,659	2055,83
471,873	2117,83
472,087	1922,83
472,301	2137,83
472,515	1990,83
472,728	2023,83
472,942	1983,83
473,156	2097,83
473,37	2023,83
473,584	2001,83
473,798	2050,83
474,011	2095,83
474,225	2334,83
474,439	2212,83
474,653	2253,83
474,866	2033,83
475,08	2208,83
475,294	2206,83
475,507	2026,83
475,721	2153,83
475,935	2151,83
476,148	2077,83
476,362	1991,83
476,576	2018,83
476,789	2111,83
477,003	2220,83
477,216	2141,83
477,43	2121,83
477,643	2226,83
477,857	2290,83
478,07	2115,83
478,284	2195,83
478,497	2115,83
478,711	2177,83
478,924	1952,83
479,138	2119,83
479,351	2180,83
479,564	2090,83
479,778	2234,83
479,991	2089,83
480,204	2149,83
480,418	2331,83
480,631	2115,83
480,844	2290,83
481,058	2163,83
481,271	2267,83
481,484	2362,83
481,697	2110,83
481,911	2172,83
482,124	2245,83
482,337	2234,83
482,55	2196,83
482,763	2128,83
482,976	2379,83
483,19	2083,83
483,403	2334,83
483,616	2293,83
483,829	2431,83
484,042	2280,83
484,255	2298,83
484,468	2350,83
484,681	2244,83
484,894	2487,83
485,107	3277,83
485,32	3693,83
485,533	3647,83
485,746	3518,83
485,959	3041,83
486,172	2817,83
486,385	2362,83
486,598	2389,83
486,81	2251,83
487,023	2254,83
487,236	2601,83
487,449	2324,83
487,662	2276,83
487,875	2375,83
488,087	2286,83
488,3	2299,83
488,513	2035,83
488,726	2153,83
488,938	2217,83
489,151	2297,83
489,364	2221,83
489,576	2213,83
489,789	2371,83
490,002	2321,83
490,214	2265,83
490,427	2076,83
490,64	2293,83
490,852	2328,83
491,065	2185,83
491,277	2296,83
491,49	2373,83
491,702	2129,83
491,915	2531,83
492,127	2317,83
492,34	2228,83
492,552	2379,83
492,765	2314,83
492,977	2460,83
493,19	2261,83
493,402	2207,83
493,614	2282,83
493,827	2304,83
494,039	2312,83
494,251	2363,83
494,464	2347,83
494,676	2045,83
494,888	2315,83
495,101	2236,83
495,313	2231,83
495,525	2285,83
495,737	2475,83
495,95	2514,83
496,162	2318,83
496,374	2310,83
496,586	2225,83
496,798	2302,83
497,01	2241,83
497,222	2073,83
497,435	2406,83
497,647	2167,83
497,859	2363,83
498,071	2240,83
498,283	2257,83
498,495	2261,83
498,707	2462,83
498,919	2199,83
499,131	2403,83
499,343	2121,83
499,555	2240,83
499,767	2350,83
499,979	2234,83
500,191	2304,83
500,402	2115,83
500,614	2479,83
500,826	2246,83
501,038	2130,83
501,25	2276,83
501,462	2185,83
501,673	2269,83
501,885	2146,83
502,097	2391,83
502,309	2317,83
502,521	2406,83
502,732	2197,83
502,944	2235,83
503,156	2133,83
503,367	2177,83
503,579	2166,83
503,791	2279,83
504,002	2226,83
504,214	2333,83
504,425	2531,83
504,637	2446,83
504,849	2057,83
505,06	2273,83
505,272	2309,83
505,483	2358,83
505,695	2285,83
505,906	2169,83
506,118	2254,83
506,329	2187,83
506,541	2093,83
506,752	2359,83
506,963	2175,83
507,175	2047,83
507,386	2376,83
507,598	2346,83
507,809	2139,83
508,02	2141,83
508,232	2252,83
508,443	2147,83
508,654	2379,83
508,865	2269,83
509,077	2030,83
509,288	2162,83
509,499	2649,83
509,71	2089,83
509,922	2320,83
510,133	2450,83
510,344	2359,83
510,555	2174,83
510,766	2215,83
510,977	2199,83
511,188	2138,83
511,4	2141,83
511,611	2113,83
511,822	2196,83
512,033	2171,83
512,244	2262,83
512,455	2156,83
512,666	2167,83
512,877	2267,83
513,088	2130,83
513,299	2181,83
513,51	2206,83
513,721	2132,83
513,931	2189,83
514,142	2319,83
514,353	2170,83
514,564	2044,83
514,775	2073,83
514,986	2222,83
515,196	2232,83
515,407	2077,83
515,618	2039,83
515,829	2104,83
516,04	2170,83
516,25	1996,83
516,461	2078,83
516,672	2128,83
516,882	2020,83
517,093	2162,83
517,304	1985,83
517,514	1933,83
517,725	2129,83
517,936	2002,83
518,146	2059,83
518,357	2066,83
518,567	1964,83
518,778	2407,83
518,988	1838,83
519,199	2249,83
519,409	1975,83
519,62	2093,83
519,83	2037,83
520,041	2103,83
520,251	2131,83
520,462	2107,83
520,672	2031,83
520,882	2055,83
521,093	2200,83
521,303	2255,83
521,513	2062,83
521,724	3188,83
521,934	1953,83
522,144	2082,83
522,355	2118,83
522,565	2035,83
522,775	2046,83
522,985	1932,83
523,196	2023,83
523,406	1995,83
523,616	2103,83
523,826	2049,83
524,036	2882,83
524,246	1937,83
524,457	1972,83
524,667	1901,83
524,877	2063,83
525,087	1990,83
525,297	2112,83
525,507	2059,83
525,717	1890,83
525,927	2109,83
526,137	2058,83
526,347	2129,83
526,557	1879,83
526,767	2057,83
526,977	2450,83
527,187	1980,83
527,397	1982,83
527,607	2019,83
527,816	2023,83
528,026	2013,83
528,236	2062,83
528,446	2059,83
528,656	2128,83
528,865	2238,83
529,075	2020,83
529,285	1984,83
529,495	2119,83
529,704	2071,83
529,914	2045,83
530,124	2057,83
530,334	1922,83
530,543	2002,83
530,753	2343,83
530,963	2416,83
531,172	1866,83
531,382	1908,83
531,591	2314,83
531,801	2084,83
532,01	2000,83
532,22	2018,83
532,43	2106,83
532,639	2338,83
532,849	2107,83
533,058	1960,83
533,267	2163,83
533,477	2013,83
533,686	2007,83
533,896	2037,83
534,105	1989,83
534,315	2079,83
534,524	2095,83
534,733	1983,83
534,943	2121,83
535,152	2154,83
535,361	1950,83
535,57	2021,83
535,78	1874,83
535,989	1950,83
536,198	2036,83
536,407	1787,83
536,617	2046,83
536,826	2038,83
537,035	2155,83
537,244	1959,83
537,453	1817,83
537,662	2064,83
537,872	2218,83
538,081	2015,83
538,29	1915,83
538,499	1925,83
538,708	1946,83
538,917	2003,83
539,126	2083,83
539,335	2039,83
539,544	2555,83
539,753	1877,83
539,962	2086,83
540,171	2003,83
540,38	2161,83
540,589	1952,83
540,797	2193,83
541,006	2056,83
541,215	1924,83
541,424	2175,83
541,633	1950,83
541,842	2152,83
542,05	2135,83
542,259	2066,83
542,468	2043,83
542,677	2040,83
542,885	2009,83
543,094	2051,83
543,303	1905,83
543,512	2045,83
543,72	2077,83
543,929	2073,83
544,138	1977,83
544,346	1811,83
544,555	1962,83
544,763	2081,83
544,972	1879,83
545,18	1989,83
545,389	2008,83
545,598	1970,83
545,806	2026,83
546,015	1967,83
546,223	1984,83
546,431	1997,83
546,64	1866,83
546,848	1892,83
547,057	2039,83
547,265	1972,83
547,474	1952,83
547,682	2036,83
547,89	2019,83
548,099	2013,83
548,307	1971,83
548,515	2154,83
548,723	2103,83
548,932	1942,83
549,14	2002,83
549,348	2080,83
549,556	1894,83
549,765	1890,83
549,973	1824,83
550,181	1959,83
550,389	2022,83
550,597	1999,83
550,805	1850,83
551,014	2079,83
551,222	5875,83
551,43	1851,83
551,638	1914,83
551,846	2126,83
552,054	2060,83
552,262	2133,83
552,47	1879,83
552,678	1837,83
552,886	1881,83
553,094	1695,83
553,302	2011,83
553,51	1974,83
553,717	2094,83
553,925	1905,83
554,133	2235,83
554,341	1889,83
554,549	1962,83
554,757	1872,83
554,965	1918,83
555,172	1939,83
555,38	2215,83
555,588	1821,83
555,796	1976,83
556,003	2081,83
556,211	1870,83
556,419	1994,83
556,626	2027,83
556,834	1936,83
557,042	1936,83
557,249	1908,83
557,457	1905,83
557,664	1734,83
557,872	1680,83
558,08	1795,83
558,287	2012,83
558,495	1963,83
558,702	1781,83
558,91	1909,83
559,117	1897,83
559,325	1859,83
559,532	1950,83
559,74	2193,83
559,947	1892,83
560,154	1991,83
560,362	1878,83
560,569	1868,83
560,776	1866,83
560,984	1950,83
561,191	1933,83
561,398	1988,83
561,606	2116,83
561,813	1975,83
562,02	1713,83
562,227	1741,83
562,435	1852,83
562,642	1899,83
562,849	1913,83
563,056	1880,83
563,263	1851,83
563,471	2063,83
563,678	1991,83
563,885	1877,83
564,092	1966,83
564,299	1977,83
564,506	1971,83
564,713	1872,83
564,92	1939,83
565,127	1956,83
565,334	1991,83
565,541	2232,83
565,748	1962,83
565,955	1902,83
566,162	1876,83
566,369	1873,83
566,576	2092,83
566,783	2010,83
566,99	1835,83
567,196	1999,83
567,403	1889,83
567,61	2079,83
567,817	1783,83
568,024	2005,83
568,23	1974,83
568,437	1863,83
568,644	1879,83
568,851	1960,83
569,057	2266,83
569,264	2209,83
569,471	1997,83
569,677	2027,83
569,884	2049,83
570,091	2134,83
570,297	3267,83
570,504	2290,83
570,71	2063,83
570,917	2111,83
571,123	2081,83
571,33	2055,83
571,536	2065,83
571,743	2294,83
571,949	2005,83
572,156	1926,83
572,362	2159,83
572,569	1993,83
572,775	2076,83
572,982	2188,83
573,188	2109,83
573,394	1990,83
573,601	1983,83
573,807	1972,83
574,013	2253,83
574,22	2132,83
574,426	1924,83
574,632	2139,83
574,838	2010,83
575,045	2028,83
575,251	2021,83
575,457	2056,83
575,663	2139,83
575,869	1998,83
576,076	1976,83
576,282	2075,83
576,488	1877,83
576,694	2083,83
576,9	1843,83
577,106	2003,83
577,312	2088,83
577,518	2171,83
577,724	2110,83
577,93	2074,83
578,136	1958,83
578,342	1932,83
578,548	1950,83
578,754	2035,83
578,96	1820,83
579,166	1901,83
579,372	2250,83
579,578	1982,83
579,784	2028,83
579,989	2011,83
580,195	1947,83
580,401	1977,83
580,607	2089,83
580,813	2204,83
581,018	2303,83
581,224	2122,83
581,43	2106,83
581,636	2055,83
581,841	2124,83
582,047	2028,83
582,253	2009,83
582,458	1978,83
582,664	1885,83
582,869	1877,83
583,075	1806,83
583,281	2214,83
583,486	1921,83
583,692	1682,83
583,897	1986,83
584,103	1987,83
584,308	2025,83
584,514	1991,83
584,719	2110,83
584,925	2018,83
585,13	2032,83
585,335	1926,83
585,541	2006,83
585,746	1993,83
585,952	1838,83
586,157	1877,83
586,362	1907,83
586,568	1883,83
586,773	1995,83
586,978	1897,83
587,183	1922,83
587,389	1898,83
587,594	1800,83
587,799	1958,83
588,004	2134,83
588,21	1983,83
588,415	1643,83
588,62	1884,83
588,825	1954,83
589,03	1828,83
589,235	2313,83
589,44	2015,83
589,645	1823,83
589,85	1899,83
590,055	2044,83
590,26	1840,83
590,465	1821,83
590,67	1905,83
590,875	2004,83
591,08	1964,83
591,285	1790,83
591,49	1867,83
591,695	1876,83
591,9	1903,83
592,105	1745,83
592,31	1736,83
592,515	2158,83
592,719	1736,83
592,924	1766,83
593,129	1787,83
593,334	1895,83
593,539	1787,83
593,743	2064,83
593,948	1780,83
594,153	1774,83
594,357	2056,83
594,562	1818,83
594,767	2276,83
594,971	1695,83
595,176	1748,83
595,381	1942,83
595,585	1829,83
595,79	2000,83
595,994	1718,83
596,199	2166,83
596,403	1620,83
596,608	1618,83
596,812	1804,83
597,017	1979,83
597,221	2024,83
597,426	2048,83
597,63	1797,83
597,835	1716,83
598,039	1801,83
598,243	1713,83
598,448	1986,83
598,652	1882,83
598,856	1854,83
599,061	1861,83
599,265	1721,83
599,469	1751,83
599,673	1876,83
599,878	1881,83
600,082	1828,83
600,286	1852,83
600,49	1845,83
600,695	1594,83
600,899	1781,83
601,103	1879,83
601,307	1923,83
601,511	1795,83
601,715	1721,83
601,919	1633,83
602,123	1963,83
602,327	1761,83
602,531	1777,83
602,735	1945,83
602,939	1940,83
603,143	1743,83
603,347	1875,83
603,551	1762,83
603,755	1848,83
603,959	1798,83
604,163	1882,83
604,367	1704,83
604,571	1756,83
604,775	1910,83
604,978	1780,83
605,182	1725,83
605,386	1822,83
605,59	1927,83
605,793	1788,83
605,997	1898,83
606,201	1883,83
606,405	1834,83
606,608	1861,83
606,812	1780,83
607,016	1906,83
607,219	1703,83
607,423	1783,83
607,627	1958,83
607,83	1763,83
608,034	1703,83
608,237	1863,83
608,441	1703,83
608,644	1838,83
608,848	1883,83
609,051	1823,83
609,255	1551,83
609,458	1880,83
609,662	1748,83
609,865	1860,83
610,069	1668,83
610,272	1635,83
610,475	1699,83
610,679	1723,83
610,882	1747,83
611,085	1731,83
611,289	1907,83
611,492	1775,83
611,695	1686,83
611,898	1734,83
612,102	1760,83
612,305	1807,83
612,508	1787,83
612,711	1966,83
612,914	1788,83
613,118	1882,83
613,321	1903,83
613,524	1592,83
613,727	1719,83
613,93	1738,83
614,133	1756,83
614,336	1831,83
614,539	1720,83
614,742	1670,83
614,945	1754,83
615,148	1905,83
615,351	1797,83
615,554	1890,83
615,757	1612,83
615,96	1801,83
616,163	1727,83
616,366	1859,83
616,569	1731,83
616,772	1976,83
616,974	1807,83
617,177	1929,83
617,38	1795,83
617,583	1795,83
617,786	1629,83
617,988	1661,83
618,191	1907,83
618,394	1723,83
618,596	1628,83
618,799	1673,83
619,002	1763,83
619,204	1747,83
619,407	1777,83
619,61	1626,83
619,812	1708,83
620,015	1718,83
620,217	1917,83
620,42	1764,83
620,623	1775,83
620,825	1791,83
621,028	1909,83
621,23	1882,83
621,432	1753,83
621,635	1901,83
621,837	1780,83
622,04	1712,83
622,242	1702,83
622,445	1848,83
622,647	1670,83
622,849	1834,83
623,052	1621,83
623,254	1814,83
623,456	1574,83
623,658	1959,83
623,861	1877,83
624,063	1721,83
624,265	1756,83
624,467	1870,83
624,67	1641,83
624,872	1829,83
625,074	1954,83
625,276	1891,83
625,478	1862,83
625,68	1612,83
625,882	1656,83
626,084	1772,83
626,287	1890,83
626,489	1830,83
626,691	1792,83
626,893	1840,83
627,095	1831,83
627,297	1844,83
627,499	1721,83
627,7	1588,83
627,902	1665,83
628,104	1601,83
628,306	1691,83
628,508	1685,83
628,71	1777,83
628,912	1776,83
629,114	1997,83
629,315	1799,83
629,517	1688,83
629,719	1573,83
629,921	1811,83
630,122	1771,83
630,324	1540,83
630,526	1817,83
630,728	1787,83
630,929	1632,83
631,131	1712,83
631,332	1936,83
631,534	1872,83
631,736	1805,83
631,937	1630,83
632,139	1818,83
632,34	1794,83
632,542	1979,83
632,743	1816,83
632,945	1629,83
633,146	1826,83
633,348	1831,83
633,549	1779,83
633,751	1790,83
633,952	1756,83
634,154	1583,83
634,355	1617,83
634,556	1690,83
634,758	1686,83
634,959	1707,83
635,16	1884,83
635,362	1713,83
635,563	1829,83
635,764	1824,83
635,965	1827,83
636,167	1961,83
636,368	1716,83
636,569	1705,83
636,77	1884,83
636,971	1726,83
637,172	1810,83
637,374	1662,83
637,575	1897,83
637,776	1604,83
637,977	1621,83
638,178	2012,83
638,379	1802,83
638,58	1748,83
638,781	1652,83
638,982	1777,83
639,183	1668,83
639,384	1534,83
639,585	1691,83
639,786	1597,83
639,987	1688,83
640,187	1924,83
640,388	1839,83
640,589	1595,83
640,79	1724,83
640,991	1780,83
641,192	1922,83
641,392	1646,83
641,593	1657,83
641,794	1598,83
641,995	1713,83
642,195	1488,83
642,396	1637,83
642,597	1575,83
642,797	1709,83
642,998	1733,83
643,199	1681,83
643,399	1760,83
643,6	1580,83
643,8	1593,83
644,001	1665,83
644,202	1783,83
644,402	1700,83
644,603	1668,83
644,803	1597,83
645,004	1670,83
645,204	1650,83
645,404	1795,83
645,605	2026,83
645,805	1630,83
646,006	1619,83
646,206	2023,83
646,406	1662,83
646,607	1451,83
646,807	1420,83
647,007	-93,17
647,208	36,83
647,408	30,83
647,608	26,83
