200,697	952
200,927	3
201,158	3
201,388	32
201,618	1626
201,849	1382
202,079	1680
202,309	1556
202,539	1664
202,77	1521
203	1657
203,23	1455
203,46	1667
203,691	1756
203,921	1754
204,151	1643
204,381	1578
204,611	1716
204,841	1591
205,071	1569
205,302	1728
205,532	1730
205,762	3754
205,992	1546
206,222	1638
206,452	1688
206,682	1629
206,912	1723
207,142	1720
207,372	1667
207,602	1673
207,832	1660
208,062	1781
208,292	1717
208,522	1492
208,752	1708
208,982	1613
209,212	1847
209,442	1664
209,672	1616
209,902	1606
210,131	1734
210,361	1602
210,591	1668
210,821	1558
211,051	1791
211,281	1658
211,51	1651
211,74	1787
211,97	1592
212,2	1737
212,429	1897
212,659	1727
212,889	1680
213,119	1565
213,348	1301
213,578	1798
213,808	1754
214,037	1819
214,267	1729
214,497	1713
214,726	1628
214,956	1605
215,186	1615
215,415	1636
215,645	1686
215,874	1699
216,104	1594
216,333	1733
216,563	1719
216,792	1779
217,022	1647
217,251	1714
217,481	1655
217,71	1567
217,94	1629
218,169	1721
218,399	1803
218,628	1595
218,858	1813
219,087	1818
219,316	1729
219,546	1733
219,775	1675
220,004	1817
220,234	1578
220,463	1753
220,692	1729
220,922	1731
221,151	1779
221,38	1676
221,61	2167
221,839	1959
222,068	1697
222,297	1629
222,526	1729
222,756	1823
222,985	1899
223,214	1779
223,443	1748
223,672	2215
223,902	1639
224,131	1677
224,36	1843
224,589	1607
224,818	1655
225,047	1781
225,276	1667
225,505	2001
225,734	1817
225,963	1603
226,192	1686
226,421	1630
226,65	1870
226,879	1818
227,108	1750
227,337	1915
227,566	1910
227,795	1761
228,024	1718
228,253	1688
228,482	1634
228,711	1737
228,94	1597
229,168	1736
229,397	1682
229,626	1733
229,855	1683
230,084	1663
230,313	1582
230,541	1819
230,77	1668
230,999	1585
231,228	1771
231,456	1801
231,685	1591
231,914	1842
232,143	1665
232,371	1812
232,6	1683
232,829	1812
233,057	1852
233,286	1709
233,515	1689
233,743	1730
233,972	1687
234,2	1764
234,429	1673
234,658	1796
234,886	1651
235,115	1731
235,343	1805
235,572	1646
235,8	1815
236,029	1811
236,257	1617
236,486	1825
236,714	1627
236,943	1854
237,171	1656
237,399	1724
237,628	1785
237,856	1857
238,085	1739
238,313	1637
238,541	1765
238,77	2066
238,998	1649
239,226	1778
239,455	1701
239,683	1785
239,911	1604
240,14	1913
240,368	1833
240,596	1711
240,824	1792
241,053	1647
241,281	1610
241,509	1699
241,737	1666
241,965	1707
242,193	1636
242,422	1619
242,65	1635
242,878	1671
243,106	1725
243,334	1759
243,562	1760
243,79	1765
244,018	1749
244,246	1719
244,474	1741
244,702	1702
244,93	1724
245,158	1741
245,386	1519
245,614	1784
245,842	1827
246,07	1654
246,298	1981
246,526	2197
246,754	1701
246,982	1732
247,21	1734
247,438	1733
247,666	1693
247,893	1694
248,121	1602
248,349	1616
248,577	1775
248,805	1843
249,033	1681
249,26	1741
249,488	1694
249,716	1729
249,944	1657
250,171	1717
250,399	1710
250,627	1813
250,854	1768
251,082	1624
251,31	1668
251,537	1517
251,765	1902
251,993	1621
252,22	2057
252,448	1647
252,676	1742
252,903	1786
253,131	2034
253,358	1699
253,586	1630
253,813	1545
254,041	1888
254,268	1665
254,496	1571
254,723	1719
254,951	1496
255,178	1808
255,406	1610
255,633	1721
255,86	2036
256,088	1736
256,315	1645
256,543	1845
256,77	1753
256,997	1753
257,225	1756
257,452	1702
257,679	1687
257,907	1829
258,134	1645
258,361	1754
258,588	1739
258,816	1759
259,043	1658
259,27	1694
259,497	1793
259,725	1622
259,952	1701
260,179	1753
260,406	1725
260,633	1667
260,86	1704
261,088	1856
261,315	2041
261,542	1620
261,769	1610
261,996	2012
262,223	1901
262,45	2025
262,677	1531
262,904	1705
263,131	1763
263,358	1736
263,585	1738
263,812	2009
264,039	1860
264,266	1550
264,493	1673
264,72	1672
264,947	1673
265,174	1943
265,401	1817
265,627	1837
265,854	1740
266,081	1779
266,308	1762
266,535	1717
266,762	1719
266,988	1794
267,215	1773
267,442	1695
267,669	1891
267,896	1795
268,122	1914
268,349	1764
268,576	1634
268,802	1686
269,029	1693
269,256	1807
269,482	1783
269,709	1711
269,936	1779
270,162	1964
270,389	1632
270,616	1849
270,842	1883
271,069	1829
271,295	1761
271,522	1644
271,748	1765
271,975	1845
272,201	1899
272,428	1771
272,654	1674
272,881	1992
273,107	1654
273,334	1736
273,56	1853
273,787	1795
274,013	1740
274,239	1984
274,466	1741
274,692	1884
274,918	1713
275,145	1822
275,371	1663
275,597	1933
275,824	1815
276,05	1753
276,276	1811
276,503	1666
276,729	1795
276,955	1677
277,181	1787
277,407	1660
277,634	1848
277,86	1725
278,086	1819
278,312	1747
278,538	1645
278,764	1733
278,991	2071
279,217	1645
279,443	1711
279,669	1795
279,895	1933
280,121	1721
280,347	1753
280,573	1672
280,799	1674
281,025	1957
281,251	1622
281,477	1810
281,703	1703
281,929	1664
282,155	1696
282,381	1773
282,607	1709
282,833	1741
283,059	1796
283,285	1621
283,51	1676
283,736	1566
283,962	1725
284,188	1661
284,414	1724
284,64	1760
284,865	1802
285,091	1665
285,317	1807
285,543	1797
285,768	1771
285,994	1725
286,22	1964
286,446	1831
286,671	1574
286,897	1735
287,123	1683
287,348	1659
287,574	2229
287,799	1721
288,025	1685
288,251	1935
288,476	1470
288,702	1759
288,927	1693
289,153	1655
289,378	1950
289,604	1695
289,829	1686
290,055	1744
290,28	1731
290,506	1869
290,731	1633
290,957	1836
291,182	1863
291,408	1870
291,633	1828
291,858	1675
292,084	1805
292,309	1672
292,535	1903
292,76	1877
292,985	1811
293,211	1688
293,436	1589
293,661	1372
293,886	1733
294,112	1699
294,337	1729
294,562	1512
294,787	1830
295,013	1714
295,238	1690
295,463	1781
295,688	1910
295,913	1768
296,138	1847
296,364	1689
296,589	1843
296,814	1578
297,039	1698
297,264	1842
297,489	1807
297,714	1723
297,939	1698
298,164	1687
298,389	1850
298,614	1673
298,839	1744
299,064	1852
299,289	1745
299,514	1833
299,739	1765
299,964	1699
300,189	1673
300,414	1818
300,639	1898
300,863	1691
301,088	2155
301,313	1760
301,538	1691
301,763	1663
301,988	1659
302,212	1746
302,437	2190
302,662	1659
302,887	1757
303,111	1827
303,336	1844
303,561	1844
303,786	1722
304,01	1851
304,235	1849
304,46	1679
304,684	1762
304,909	1755
305,134	1605
305,358	1827
305,583	1773
305,807	1969
306,032	1596
306,256	1799
306,481	1757
306,706	1644
306,93	1657
307,155	2094
307,379	1707
307,604	1704
307,828	1600
308,052	1871
308,277	1866
308,501	1784
308,726	1832
308,95	1756
309,175	1665
309,399	1903
309,623	1755
309,848	1624
310,072	1561
310,296	2111
310,521	1713
310,745	1619
310,969	2036
311,193	1708
311,418	1755
311,642	1658
311,866	1813
312,09	1664
312,315	1784
312,539	2020
312,763	1646
312,987	1886
313,211	1682
313,435	1831
313,659	1746
313,884	1915
314,108	1834
314,332	1900
314,556	1680
314,78	2013
315,004	1738
315,228	1901
315,452	1792
315,676	1793
315,9	1841
316,124	1573
316,348	1695
316,572	1855
316,796	1807
317,02	1723
317,244	1783
317,468	1702
317,691	1914
317,915	1841
318,139	1691
318,363	2088
318,587	1714
318,811	1666
319,034	1630
319,258	1872
319,482	1910
319,706	1819
319,93	1750
320,153	1695
320,377	1709
320,601	2020
320,824	1588
321,048	1866
321,272	1871
321,495	1816
321,719	1862
321,943	1727
322,166	1641
322,39	1725
322,614	1793
322,837	1907
323,061	1661
323,284	1781
323,508	1769
323,731	1615
323,955	1714
324,178	1664
324,402	1866
324,625	1677
324,849	1604
325,072	1824
325,296	1802
325,519	1731
325,743	1789
325,966	1814
326,189	1885
326,413	1734
326,636	2075
326,859	1957
327,083	2086
327,306	1618
327,529	1645
327,753	1659
327,976	1825
328,199	1870
328,422	1803
328,646	1701
328,869	1667
329,092	1799
329,315	1929
329,538	1750
329,762	1747
329,985	1511
330,208	1668
330,431	1781
330,654	1855
330,877	1689
331,1	1875
331,323	1539
331,546	1894
331,769	1840
331,993	1634
332,216	1793
332,439	1788
332,662	1728
332,885	1733
333,107	1605
333,33	1558
333,553	1874
333,776	1646
333,999	1688
334,222	1615
334,445	1671
334,668	1703
334,891	1893
335,114	1351
335,336	1713
335,559	1752
335,782	1954
336,005	1732
336,228	1500
336,45	1642
336,673	1631
336,896	1789
337,119	1743
337,341	1670
337,564	1655
337,787	1750
338,009	1697
338,232	1749
338,455	1823
338,677	1750
338,9	1767
339,122	1604
339,345	1504
339,568	1594
339,79	1686
340,013	1783
340,235	1796
340,458	1646
340,68	1778
340,903	1682
341,125	1671
341,348	1687
341,57	1552
341,793	1888
342,015	1581
342,238	1689
342,46	1793
342,682	1755
342,905	1656
343,127	1791
343,349	1715
343,572	1789
343,794	1625
344,016	1686
344,239	1709
344,461	1741
344,683	1594
344,905	1639
345,128	1647
345,35	1691
345,572	1807
345,794	1892
346,017	1727
346,239	1701
346,461	1617
346,683	1680
346,905	1747
347,127	1723
347,349	1643
347,571	1680
347,793	1893
348,016	1723
348,238	1683
348,46	1916
348,682	1549
348,904	1749
349,126	1767
349,348	1761
349,57	1596
349,792	1442
350,014	1840
350,235	1690
350,457	2483
350,679	1706
350,901	1561
351,123	1652
351,345	1679
351,567	1685
351,789	1694
352,01	1795
352,232	1792
352,454	1611
352,676	1779
352,897	1702
353,119	1676
353,341	1709
353,563	1800
353,784	1635
354,006	1708
354,228	1757
354,449	1679
354,671	1741
354,893	1916
355,114	1724
355,336	1702
355,558	1714
355,779	1601
356,001	1793
356,222	1725
356,444	1629
356,665	2298
356,887	1605
357,108	1644
357,33	1729
357,551	1863
357,773	1656
357,994	1704
358,216	1542
358,437	1709
358,659	1777
358,88	1623
359,101	1675
359,323	1758
359,544	1620
359,765	1628
359,987	1680
360,208	1691
360,429	1693
360,651	1621
360,872	1888
361,093	1682
361,314	1709
361,536	1621
361,757	1694
361,978	1643
362,199	1548
362,42	1581
362,642	1673
362,863	1745
363,084	1678
363,305	1694
363,526	1772
363,747	1636
363,968	1783
364,189	1850
364,41	1639
364,631	1582
364,852	1808
365,073	1669
365,294	1718
365,515	1604
365,736	1778
365,957	1703
366,178	1705
366,399	1648
366,62	1802
366,841	1565
367,062	1771
367,283	1653
367,504	1752
367,724	1656
367,945	1524
368,166	1790
368,387	1867
368,608	1687
368,828	1860
369,049	1575
369,27	1662
369,491	1736
369,711	1726
369,932	1879
370,153	1751
370,373	1735
370,594	1898
370,815	1711
371,035	1829
371,256	1549
371,477	1644
371,697	1666
371,918	1559
372,138	1751
372,359	1858
372,579	1601
372,8	1660
373,02	1747
373,241	1789
373,461	1792
373,682	1661
373,902	1645
374,123	1611
374,343	1833
374,564	1621
374,784	1625
375,004	1751
375,225	1591
375,445	1713
375,666	1859
375,886	1588
376,106	1799
376,326	1723
376,547	1943
376,767	1733
376,987	1579
377,208	1659
377,428	1579
377,648	1930
377,868	1738
378,088	1822
378,309	1797
378,529	1807
378,749	1705
378,969	1506
379,189	1783
379,409	1681
379,629	1644
379,849	1720
380,069	1589
380,29	1567
380,51	1613
380,73	1755
380,95	1889
381,17	1741
381,39	1662
381,61	1570
381,829	1618
382,049	1660
382,269	1618
382,489	1528
382,709	1659
382,929	1762
383,149	1679
383,369	2035
383,589	1627
383,808	1742
384,028	1667
384,248	1683
384,468	1652
384,688	1666
384,907	1666
385,127	1703
385,347	1636
385,567	1611
385,786	1808
386,006	1731
386,226	1679
386,445	1612
386,665	1692
386,885	1736
387,104	1610
387,324	1659
387,543	1602
387,763	1638
387,982	1761
388,202	1643
388,422	1650
388,641	1649
388,861	1756
389,08	1761
389,3	1635
389,519	1857
389,738	1668
389,958	1714
390,177	1652
390,397	1799
390,616	1685
390,836	1841
391,055	1694
391,274	1683
391,494	1632
391,713	1700
391,932	1777
392,151	1592
392,371	1594
392,59	1699
392,809	1776
393,029	1796
393,248	1819
393,467	1530
393,686	1579
393,905	2713
394,124	1616
394,344	1531
394,563	1809
394,782	1556
395,001	1727
395,22	1559
395,439	1717
395,658	1581
395,877	1764
396,096	1442
396,315	1781
396,534	1616
396,753	1773
396,972	1552
397,191	1733
397,41	1683
397,629	1614
397,848	1669
398,067	1719
398,286	1599
398,505	1650
398,724	1805
398,943	2259
399,161	1492
399,38	1891
399,599	1716
399,818	1717
400,037	1833
400,255	1692
400,474	1621
400,693	1590
400,912	1902
401,13	1634
401,349	1678
401,568	1474
401,786	1803
402,005	1774
402,224	1646
402,442	1705
402,661	1724
402,88	1675
403,098	1596
403,317	1701
403,535	1922
403,754	1675
403,972	1719
404,191	1600
404,409	1614
404,628	2294
404,846	1749
405,065	1805
405,283	1630
405,502	1647
405,72	1717
405,938	1651
406,157	1530
406,375	1661
406,594	1723
406,812	1673
407,03	1643
407,249	1487
407,467	1759
407,685	1794
407,903	1571
408,122	1796
408,34	1723
408,558	1423
408,776	1604
408,995	1635
409,213	1654
409,431	1751
409,649	1754
409,867	1819
410,085	1597
410,303	1722
410,522	1614
410,74	1643
410,958	1538
411,176	1646
411,394	1547
411,612	1579
411,83	1839
412,048	1691
412,266	1655
412,484	1663
412,702	1777
412,92	1509
413,138	1773
413,356	1614
413,573	1803
413,791	1957
414,009	1714
414,227	1780
414,445	1673
414,663	1709
414,881	1695
415,098	1615
415,316	1654
415,534	2105
415,752	1688
415,969	1832
416,187	1547
416,405	1616
416,623	1786
416,84	1459
417,058	1709
417,276	1759
417,493	1598
417,711	1649
417,928	1726
418,146	1582
418,364	1655
418,581	1641
418,799	1574
419,016	1531
419,234	1548
419,451	2168
419,669	1667
419,886	1638
420,104	1571
420,321	1658
420,539	1629
420,756	1803
420,974	1694
421,191	1589
421,408	1700
421,626	1639
421,843	1755
422,06	1601
422,278	1457
422,495	1740
422,712	1649
422,93	1725
423,147	1756
423,364	1611
423,581	1745
423,799	1661
424,016	1739
424,233	1698
424,45	1707
424,667	1672
424,884	1595
425,102	1825
425,319	1531
425,536	1620
425,753	1810
425,97	1631
426,187	1684
426,404	1598
426,621	2023
426,838	1755
427,055	1716
427,272	1710
427,489	1629
427,706	1643
427,923	1599
428,14	1434
428,357	1881
428,574	1562
428,791	1675
429,008	1607
429,224	1581
429,441	1529
429,658	1685
429,875	1807
430,092	1734
430,308	1805
430,525	1737
430,742	1757
430,959	1748
431,175	1699
431,392	1644
431,609	1756
431,826	1773
432,042	1604
432,259	1576
432,476	1939
432,692	1543
432,909	1666
433,125	1723
433,342	1608
433,559	1681
433,775	1655
433,992	1521
434,208	1471
434,425	1630
434,641	1812
434,858	1877
435,074	1685
435,291	1638
435,507	1717
435,723	1565
435,94	1671
436,156	1667
436,373	1851
436,589	1635
436,805	1674
437,022	1656
437,238	1780
437,454	1693
437,671	1697
437,887	1636
438,103	1643
438,319	1611
438,536	1730
438,752	1692
438,968	1730
439,184	1699
439,4	1578
439,616	1541
439,833	1748
440,049	1601
440,265	1798
440,481	1611
440,697	1710
440,913	1708
441,129	1626
441,345	1702
441,561	1732
441,777	1476
441,993	1809
442,209	1706
442,425	1694
442,641	1653
442,857	1722
443,073	1651
443,289	1667
443,505	1728
443,721	1796
443,937	1681
444,152	1578
444,368	1656
444,584	1587
444,8	1820
445,016	1679
445,231	1632
445,447	1831
445,663	1779
445,879	1645
446,094	1733
446,31	1895
446,526	1686
446,742	1702
446,957	1630
447,173	1730
447,388	1733
447,604	1833
447,82	1690
448,035	1739
448,251	1675
448,466	1750
448,682	1649
448,897	1591
449,113	1709
449,328	1886
449,544	1588
449,759	2005
449,975	1579
450,19	1566
450,406	1859
450,621	1601
450,836	1478
451,052	1667
451,267	1596
451,483	1619
451,698	1531
451,913	1724
452,129	1613
452,344	1557
452,559	1849
452,774	1679
452,99	1618
453,205	1665
453,42	1746
453,635	1746
453,85	1636
454,066	1746
454,281	1683
454,496	1836
454,711	1747
454,926	1755
455,141	1779
455,356	1535
455,571	1640
455,786	1755
456,001	1590
456,217	1551
456,432	1737
456,647	1702
456,861	1706
457,076	1660
457,291	1760
457,506	1703
457,721	1506
457,936	1636
458,151	1625
458,366	1761
458,581	1678
458,796	1984
459,01	1658
459,225	1707
459,44	1515
459,655	1780
459,87	1503
460,084	1659
460,299	1716
460,514	1719
460,729	2094
460,943	1607
461,158	1532
461,373	1739
461,587	1685
461,802	1639
462,016	1764
462,231	1652
462,446	1763
462,66	1671
462,875	1651
463,089	1717
463,304	1686
463,518	1647
463,733	1662
463,947	1745
464,162	1642
464,376	1611
464,591	1782
464,805	1606
465,02	1856
465,234	1706
465,448	1797
465,663	1775
465,877	1577
466,091	1711
466,306	1780
466,52	1955
466,734	1663
466,949	1643
467,163	1745
467,377	1595
467,591	1741
467,806	1624
468,02	1612
468,234	1551
468,448	1725
468,662	1763
468,876	1940
469,091	1653
469,305	1715
469,519	1651
469,733	1597
469,947	1671
470,161	1847
470,375	1559
470,589	1777
470,803	1719
471,017	1706
471,231	1527
471,445	1746
471,659	1703
471,873	1713
472,087	1491
472,301	1745
472,515	1639
472,728	1563
472,942	1602
473,156	1411
473,37	1646
473,584	1585
473,798	1692
474,011	1676
474,225	1628
474,439	1751
474,653	1705
474,866	1583
475,08	1673
475,294	1777
475,507	1551
475,721	1651
475,935	1716
476,148	1581
476,362	1498
476,576	1574
476,789	1689
477,003	1728
477,216	1709
477,43	1633
477,643	1636
477,857	1765
478,07	1690
478,284	1703
478,497	1640
478,711	1601
478,924	1585
479,138	1640
479,351	1629
479,564	1509
479,778	1694
479,991	1415
480,204	1762
480,418	1520
480,631	1591
480,844	1725
481,058	1607
481,271	1742
481,484	1737
481,697	1631
481,911	1653
482,124	1822
482,337	1740
482,55	1611
482,763	1553
482,976	1716
483,19	1626
483,403	1642
483,616	1774
483,829	1904
484,042	1566
484,255	1673
484,468	1613
484,681	1618
484,894	1527
485,107	1842
485,32	1620
485,533	1518
485,746	1797
485,959	1589
486,172	1654
486,385	1504
486,598	1692
486,81	1616
487,023	1645
487,236	1867
487,449	1697
487,662	1682
487,875	1707
488,087	1802
488,3	1709
488,513	1473
488,726	1536
488,938	1779
489,151	1648
489,364	1734
489,576	1664
489,789	1708
490,002	1770
490,214	1689
490,427	1496
490,64	1673
490,852	1608
491,065	1674
491,277	1713
491,49	1699
491,702	1452
491,915	1708
492,127	1740
492,34	1631
492,552	1698
492,765	1644
492,977	1912
493,19	1622
493,402	1646
493,614	1654
493,827	1821
494,039	1636
494,251	1654
494,464	1742
494,676	1481
494,888	1679
495,101	1598
495,313	1607
495,525	1648
495,737	1840
495,95	1681
496,162	1692
496,374	1666
496,586	1626
496,798	1692
497,01	1675
497,222	1572
497,435	1786
497,647	1716
497,859	1487
498,071	1801
498,283	1651
498,495	1609
498,707	1919
498,919	1605
499,131	1759
499,343	1552
499,555	1672
499,767	1953
499,979	1559
500,191	1820
500,402	1644
500,614	1757
500,826	1794
501,038	1597
501,25	1691
501,462	1646
501,673	1762
501,885	1579
502,097	1816
502,309	1698
502,521	1707
502,732	1619
502,944	1586
503,156	1538
503,367	1618
503,579	1540
503,791	1698
504,002	1686
504,214	1811
504,425	2039
504,637	1826
504,849	1586
505,06	1734
505,272	1722
505,483	1674
505,695	1661
505,906	1555
506,118	1675
506,329	1651
506,541	1613
506,752	1811
506,963	1555
507,175	1527
507,386	1848
507,598	1797
507,809	1657
508,02	1703
508,232	1672
508,443	1573
508,654	1874
508,865	1714
509,077	1510
509,288	1633
509,499	1893
509,71	1594
509,922	1763
510,133	1634
510,344	1851
510,555	1728
510,766	1737
510,977	1660
511,188	1614
511,4	1781
511,611	1686
511,822	1722
512,033	1630
512,244	1755
512,455	1706
512,666	1684
512,877	1760
513,088	1702
513,299	1720
513,51	1709
513,721	1695
513,931	1703
514,142	1782
514,353	1838
514,564	1688
514,775	1647
514,986	1738
515,196	1968
515,407	1531
515,618	1758
515,829	1736
516,04	1659
516,25	1663
516,461	1620
516,672	1667
516,882	1592
517,093	1814
517,304	1502
517,514	1147
517,725	1759
517,936	1582
518,146	1603
518,357	1784
518,567	1529
518,778	1928
518,988	1650
519,199	1865
519,409	1483
519,62	1743
519,83	1660
520,041	1745
520,251	1675
520,462	1763
520,672	1676
520,882	1677
521,093	1757
521,303	1791
521,513	1643
521,724	2857
521,934	1593
522,144	1642
522,355	1618
522,565	1721
522,775	1674
522,985	1589
523,196	1678
523,406	1611
523,616	1802
523,826	1667
524,036	2615
524,246	1702
524,457	1686
524,667	1603
524,877	1720
525,087	1675
525,297	1748
525,507	1748
525,717	1562
525,927	1690
526,137	1644
526,347	1727
526,557	1623
526,767	1648
526,977	1943
527,187	1717
527,397	1500
527,607	1565
527,816	1713
528,026	1512
528,236	1666
528,446	1635
528,656	1766
528,865	2004
529,075	1612
529,285	1687
529,495	1743
529,704	1717
529,914	1670
530,124	1683
530,334	1592
530,543	1689
530,753	1984
530,963	2152
531,172	1661
531,382	1528
531,591	1991
531,801	1688
532,01	1676
532,22	1706
532,43	1746
532,639	2120
532,849	1703
533,058	1671
533,267	1701
533,477	1641
533,686	1595
533,896	1629
534,105	1662
534,315	1791
534,524	1707
534,733	1686
534,943	1693
535,152	1843
535,361	1579
535,57	1670
535,78	1724
535,989	1705
536,198	1693
536,407	1619
536,617	1731
536,826	1901
537,035	1843
537,244	1738
537,453	1533
537,662	1643
537,872	1891
538,081	1624
538,29	1650
538,499	1617
538,708	1634
538,917	1743
539,126	1700
539,335	1751
539,544	2160
539,753	1563
539,962	1727
540,171	1640
540,38	1834
540,589	1676
540,797	1802
541,006	1644
541,215	1588
541,424	2008
541,633	1647
541,842	1228
542,05	1875
542,259	1656
542,468	1683
542,677	1739
542,885	1684
543,094	1682
543,303	1559
543,512	1678
543,72	1807
543,929	1762
544,138	1632
544,346	1564
544,555	1591
544,763	1699
544,972	1650
545,18	1540
545,389	1669
545,598	1576
545,806	1745
546,015	1740
546,223	1674
546,431	1709
546,64	1594
546,848	1636
547,057	1733
547,265	1622
547,474	1594
547,682	1668
547,89	1778
548,099	1727
548,307	1628
548,515	1812
548,723	1815
548,932	1670
549,14	1707
549,348	1787
549,556	1620
549,765	1616
549,973	1740
550,181	1698
550,389	1752
550,597	2021
550,805	1658
551,014	1909
551,222	5607
551,43	1471
551,638	1641
551,846	1810
552,054	1821
552,262	1819
552,47	1468
552,678	1580
552,886	1613
553,094	1513
553,302	1781
553,51	1594
553,717	1792
553,925	1570
554,133	1951
554,341	1629
554,549	1744
554,757	1654
554,965	1557
555,172	1625
555,38	1962
555,588	1569
555,796	1692
556,003	1813
556,211	1644
556,419	1770
556,626	1733
556,834	1617
557,042	1699
557,249	1797
557,457	1642
557,664	1523
557,872	1720
558,08	1613
558,287	1754
558,495	1801
558,702	1720
558,91	1778
559,117	1592
559,325	1586
559,532	1643
559,74	1850
559,947	1643
560,154	1859
560,362	1634
560,569	1613
560,776	1649
560,984	1661
561,191	1781
561,398	1735
561,606	2084
561,813	1770
562,02	1506
562,227	1622
562,435	1709
562,642	1814
562,849	1670
563,056	1697
563,263	1536
563,471	1738
563,678	1783
563,885	1625
564,092	1689
564,299	1744
564,506	1827
564,713	1724
564,92	1659
565,127	1785
565,334	1765
565,541	2012
565,748	1746
565,955	1646
566,162	1685
566,369	1771
566,576	1823
566,783	1756
566,99	1615
567,196	1940
567,403	1677
567,61	1857
567,817	1847
568,024	1705
568,23	1752
568,437	1664
568,644	1608
568,851	1596
569,057	1918
569,264	1766
569,471	1573
569,677	1708
569,884	1675
570,091	1824
570,297	2812
570,504	1848
570,71	1649
570,917	1672
571,123	1641
571,33	1723
571,536	1675
571,743	1902
571,949	1708
572,156	1571
572,362	1931
572,569	1667
572,775	1752
572,982	1783
573,188	1722
573,394	1549
573,601	1600
573,807	1540
574,013	1892
574,22	1754
574,426	1606
574,632	1752
574,838	1692
575,045	1655
575,251	1737
575,457	1757
575,663	1805
575,869	1773
576,076	1662
576,282	1761
576,488	1681
576,694	1755
576,9	1483
577,106	1566
577,312	1555
577,518	1727
577,724	1766
577,93	1718
578,136	1679
578,342	1741
578,548	1698
578,754	1673
578,96	1602
579,166	1700
579,372	1959
579,578	1699
579,784	1724
579,989	1677
580,195	1607
580,401	1709
580,607	1653
580,813	1744
581,018	1705
581,224	1686
581,43	1666
581,636	1664
581,841	1797
582,047	1721
582,253	1743
582,458	1676
582,664	1706
582,869	1711
583,075	1559
583,281	2058
583,486	1732
583,692	1585
583,897	1771
584,103	1723
584,308	1976
584,514	1700
584,719	1849
584,925	1822
585,13	1259
585,335	1650
585,541	1725
585,746	1674
585,952	1622
586,157	1621
586,362	1633
586,568	1674
586,773	1789
586,978	1677
587,183	1654
587,389	1706
587,594	1659
587,799	1701
588,004	1829
588,21	1756
588,415	1563
588,62	1741
588,825	1806
589,03	1728
589,235	2148
589,44	1802
589,645	1641
589,85	1892
590,055	1906
590,26	1671
590,465	1690
590,67	1750
590,875	1910
591,08	1838
591,285	1699
591,49	1744
591,695	1685
591,9	1714
592,105	1667
592,31	1635
592,515	1953
592,719	1609
592,924	1696
593,129	1679
593,334	1762
593,539	1629
593,743	2047
593,948	1698
594,153	1674
594,357	1871
594,562	1687
594,767	2192
594,971	1549
595,176	1729
595,381	1857
595,585	1665
595,79	1916
595,994	1575
596,199	2142
596,403	1465
596,608	1594
596,812	1699
597,017	1802
597,221	2005
597,426	1903
597,63	1579
597,835	1615
598,039	1645
598,243	1638
598,448	1945
598,652	1741
598,856	1675
599,061	1799
599,265	1654
599,469	1613
599,673	1768
599,878	1849
600,082	1504
600,286	1770
600,49	1711
600,695	1531
600,899	1652
601,103	1765
601,307	1950
601,511	1672
601,715	1592
601,919	1423
602,123	1831
602,327	1855
602,531	1601
602,735	1869
602,939	1843
603,143	1631
603,347	1697
603,551	1699
603,755	1787
603,959	1700
604,163	1752
604,367	1650
604,571	1619
604,775	1775
604,978	1718
605,182	1581
605,386	1755
605,59	1687
605,793	1697
605,997	1861
606,201	1762
606,405	1670
606,608	1952
606,812	1659
607,016	1799
607,219	1610
607,423	1673
607,627	1828
607,83	1655
608,034	1611
608,237	1792
608,441	1575
608,644	1749
608,848	1841
609,051	1649
609,255	1675
609,458	1806
609,662	1681
609,865	1572
610,069	1679
610,272	1756
610,475	1541
610,679	1739
610,882	1657
611,085	1726
611,289	1844
611,492	1656
611,695	1589
611,898	1609
612,102	1784
612,305	1708
612,508	1698
612,711	1844
612,914	1631
613,118	1785
613,321	1799
613,524	1645
613,727	1651
613,93	1700
614,133	1727
614,336	1773
614,539	1675
614,742	1581
614,945	1983
615,148	1874
615,351	1629
615,554	1765
615,757	1679
615,96	1747
616,163	1661
616,366	1814
616,569	1638
616,772	1869
616,974	1740
617,177	1862
617,38	1714
617,583	1753
617,786	1617
617,988	1571
618,191	1829
618,394	1570
618,596	1594
618,799	1524
619,002	1797
619,204	1927
619,407	1701
619,61	1593
619,812	1619
620,015	1654
620,217	1896
620,42	1687
620,623	1750
620,825	1667
621,028	1829
621,23	1856
621,432	1749
621,635	2015
621,837	1762
622,04	1627
622,242	1648
622,445	1750
622,647	1662
622,849	1816
623,052	1538
623,254	1613
623,456	1550
623,658	1837
623,861	1795
624,063	1682
624,265	1702
624,467	1755
624,67	1583
624,872	1724
625,074	1935
625,276	1820
625,478	1839
625,68	1539
625,882	1569
626,084	1710
626,287	1861
626,489	1831
626,691	1644
626,893	1737
627,095	1943
627,297	1790
627,499	1644
627,7	1371
627,902	1596
628,104	1624
628,306	1584
628,508	1618
628,71	1698
628,912	1683
629,114	1951
629,315	1713
629,517	1632
629,719	1655
629,921	1662
630,122	1708
630,324	1599
630,526	1842
630,728	1740
630,929	1635
631,131	1595
631,332	1883
631,534	1834
631,736	1692
631,937	1576
632,139	1709
632,34	1689
632,542	1816
632,743	1781
632,945	1622
633,146	1716
633,348	1857
633,549	1767
633,751	1573
633,952	1721
634,154	1461
634,355	1562
634,556	1759
634,758	1607
634,959	1627
635,16	1905
635,362	1615
635,563	1786
635,764	1733
635,965	1768
636,167	1491
636,368	1648
636,569	1662
636,77	1824
636,971	1669
637,172	1744
637,374	1607
637,575	1916
637,776	1550
637,977	1587
638,178	1773
638,379	1674
638,58	1728
638,781	1512
638,982	1701
639,183	1662
639,384	1672
639,585	1548
639,786	1579
639,987	1480
640,187	1787
640,388	1702
640,589	1496
640,79	1584
640,991	1684
641,192	1851
641,392	1609
641,593	1577
641,794	1550
641,995	1600
642,195	1455
642,396	1631
642,597	1611
642,797	1676
642,998	1755
643,199	1625
643,399	1886
643,6	1512
643,8	1655
644,001	1692
644,202	1678
644,402	1630
644,603	1798
644,803	1617
645,004	1714
645,204	1541
645,404	1654
645,605	1993
645,805	1549
646,006	1448
646,206	2104
646,406	1568
646,607	1613
646,807	1339
647,007	-106
647,208	49
647,408	31
647,608	-9
