200,697	949
200,927	31
201,158	-12
201,388	2
201,618	1698
201,849	1349
202,079	1687
202,309	1619
202,539	1632
202,77	1527
203	1655
203,23	1718
203,46	1649
203,691	1678
203,921	1702
204,151	1719
204,381	1555
204,611	1723
204,841	1578
205,071	1589
205,302	1753
205,532	1738
205,762	3722
205,992	1474
206,222	1610
206,452	1712
206,682	1651
206,912	1772
207,142	1760
207,372	1687
207,602	1505
207,832	1695
208,062	1719
208,292	1688
208,522	1521
208,752	1711
208,982	1613
209,212	1819
209,442	1623
209,672	1669
209,902	1642
210,131	1744
210,361	1518
210,591	1710
210,821	1620
211,051	1737
211,281	1880
211,51	1763
211,74	1620
211,97	1663
212,2	1669
212,429	1994
212,659	1732
212,889	1569
213,119	1542
213,348	1598
213,578	1797
213,808	1694
214,037	1819
214,267	1742
214,497	1678
214,726	1589
214,956	1622
215,186	1614
215,415	1610
215,645	1717
215,874	1745
216,104	1605
216,333	1758
216,563	1645
216,792	1700
217,022	1813
217,251	1742
217,481	1556
217,71	1670
217,94	1640
218,169	1680
218,399	1755
218,628	1655
218,858	1866
219,087	1736
219,316	1748
219,546	1715
219,775	1754
220,004	1834
220,234	1608
220,463	1718
220,692	1882
220,922	1730
221,151	1827
221,38	1756
221,61	2085
221,839	1922
222,068	1742
222,297	1727
222,526	1758
222,756	1819
222,985	1787
223,214	1711
223,443	1755
223,672	2288
223,902	1615
224,131	1738
224,36	1859
224,589	1590
224,818	1711
225,047	1851
225,276	1753
225,505	1969
225,734	1773
225,963	1747
226,192	1730
226,421	1710
226,65	1755
226,879	1890
227,108	1960
227,337	1887
227,566	1912
227,795	1797
228,024	1570
228,253	1728
228,482	1688
228,711	1833
228,94	1720
229,168	1705
229,397	1793
229,626	1832
229,855	1770
230,084	1743
230,313	1822
230,541	1915
230,77	1516
230,999	1679
231,228	2072
231,456	1954
231,685	1805
231,914	2042
232,143	1817
232,371	1878
232,6	1910
232,829	1852
233,057	1845
233,286	1870
233,515	1865
233,743	1962
233,972	1774
234,2	1971
234,429	1902
234,658	1993
234,886	1786
235,115	1909
235,343	1967
235,572	1887
235,8	1987
236,029	2197
236,257	2036
236,486	1927
236,714	2170
236,943	2080
237,171	1963
237,399	2034
237,628	2078
237,856	2087
238,085	2060
238,313	1944
238,541	2004
238,77	2352
238,998	1915
239,226	2144
239,455	2022
239,683	2293
239,911	2000
240,14	2208
240,368	2314
240,596	2132
240,824	2151
241,053	2134
241,281	2026
241,509	2111
241,737	2135
241,965	2006
242,193	2028
242,422	2040
242,65	2064
242,878	2187
243,106	2088
243,334	2163
243,562	2163
243,79	2200
244,018	2295
244,246	2178
244,474	2221
244,702	2179
244,93	2233
245,158	2232
245,386	2174
245,614	2262
245,842	2144
246,07	2225
246,298	2398
246,526	2745
246,754	2168
246,982	2295
247,21	2415
247,438	2224
247,666	2289
247,893	2353
248,121	2296
248,349	2255
248,577	2389
248,805	2485
249,033	2266
249,26	2538
249,488	2250
249,716	2347
249,944	2316
250,171	2312
250,399	2380
250,627	2551
250,854	2456
251,082	2295
251,31	2403
251,537	2404
251,765	2713
251,993	2372
252,22	2674
252,448	2322
252,676	2520
252,903	2460
253,131	2846
253,358	2406
253,586	2234
253,813	2275
254,041	2519
254,268	2503
254,496	2363
254,723	2418
254,951	2539
255,178	2372
255,406	2586
255,633	2419
255,86	2593
256,088	2522
256,315	2425
256,543	2797
256,77	2517
256,997	2575
257,225	2603
257,452	2420
257,679	2524
257,907	2709
258,134	2509
258,361	2678
258,588	2652
258,816	2643
259,043	2567
259,27	2787
259,497	2592
259,725	2519
259,952	2525
260,179	2507
260,406	2544
260,633	2546
260,86	2642
261,088	2507
261,315	2759
261,542	2437
261,769	2472
261,996	2878
262,223	2750
262,45	2818
262,677	2391
262,904	2555
263,131	2731
263,358	2589
263,585	2616
263,812	2856
264,039	2735
264,266	2541
264,493	2591
264,72	2538
264,947	2566
265,174	2834
265,401	2736
265,627	2757
265,854	2584
266,081	2680
266,308	2633
266,535	2576
266,762	2526
266,988	2592
267,215	2624
267,442	2605
267,669	2738
267,896	2617
268,122	2888
268,349	2641
268,576	2410
268,802	2522
269,029	2593
269,256	2635
269,482	2511
269,709	2456
269,936	2688
270,162	2782
270,389	2538
270,616	2640
270,842	2815
271,069	2676
271,295	2652
271,522	2562
271,748	2610
271,975	2651
272,201	2756
272,428	2732
272,654	2508
272,881	2931
273,107	2556
273,334	2647
273,56	2806
273,787	2605
274,013	2723
274,239	3080
274,466	2735
274,692	2725
274,918	2699
275,145	2746
275,371	2734
275,597	2673
275,824	2742
276,05	2742
276,276	2743
276,503	2645
276,729	2714
276,955	2688
277,181	2762
277,407	2952
277,634	2784
277,86	2779
278,086	2864
278,312	2502
278,538	2690
278,764	2772
278,991	2782
279,217	2675
279,443	2615
279,669	2680
279,895	2769
280,121	2686
280,347	2703
280,573	2631
280,799	2663
281,025	2883
281,251	2692
281,477	2846
281,703	2717
281,929	2695
282,155	2688
282,381	2883
282,607	2763
282,833	2766
283,059	2866
283,285	2743
283,51	3088
283,736	2586
283,962	2837
284,188	2902
284,414	2815
284,64	2857
284,865	2825
285,091	2894
285,317	2946
285,543	2963
285,768	2946
285,994	2901
286,22	3084
286,446	2924
286,671	2769
286,897	2818
287,123	2868
287,348	2872
287,574	3309
287,799	2954
288,025	2904
288,251	3150
288,476	2870
288,702	2917
288,927	2885
289,153	2888
289,378	3125
289,604	2913
289,829	2932
290,055	2874
290,28	2920
290,506	3017
290,731	2926
290,957	3051
291,182	3022
291,408	3259
291,633	3005
291,858	2954
292,084	3052
292,309	2915
292,535	3032
292,76	3023
292,985	2856
293,211	3039
293,436	2903
293,661	2866
293,886	3005
294,112	3033
294,337	3084
294,562	2902
294,787	3030
295,013	3001
295,238	3024
295,463	3065
295,688	3152
295,913	3038
296,138	3160
296,364	2874
296,589	2998
296,814	2847
297,039	2842
297,264	3053
297,489	2960
297,714	2976
297,939	3011
298,164	2935
298,389	3092
298,614	2902
298,839	3048
299,064	3104
299,289	3022
299,514	3173
299,739	3072
299,964	3003
300,189	2945
300,414	3142
300,639	3227
300,863	3005
301,088	3437
301,313	3092
301,538	3080
301,763	3098
301,988	3124
302,212	3037
302,437	3570
302,662	2950
302,887	3043
303,111	3056
303,336	3239
303,561	3097
303,786	3067
304,01	3159
304,235	3135
304,46	3003
304,684	2999
304,909	3100
305,134	2941
305,358	3029
305,583	2749
305,807	3144
306,032	2763
306,256	3047
306,481	3214
306,706	2874
306,93	2943
307,155	3225
307,379	2888
307,604	3014
307,828	2920
308,052	3188
308,277	3008
308,501	3044
308,726	3179
308,95	3099
309,175	2905
309,399	3144
309,623	2976
309,848	2954
310,072	2884
310,296	3304
310,521	3065
310,745	2940
310,969	3244
311,193	3106
311,418	3083
311,642	3037
311,866	3077
312,09	3092
312,315	3038
312,539	3048
312,763	2938
312,987	3059
313,211	2973
313,435	3088
313,659	2929
313,884	3222
314,108	3132
314,332	3115
314,556	2846
314,78	3126
315,004	3144
315,228	3013
315,452	2986
315,676	2968
315,9	3113
316,124	2767
316,348	2824
316,572	3049
316,796	3057
317,02	2894
317,244	2883
317,468	2811
317,691	3154
317,915	2944
318,139	2874
318,363	3301
318,587	2940
318,811	2755
319,034	2728
319,258	3060
319,482	2984
319,706	2943
319,93	2878
320,153	2840
320,377	2957
320,601	2821
320,824	2757
321,048	2856
321,272	3030
321,495	2822
321,719	2900
321,943	2820
322,166	2863
322,39	2846
322,614	2722
322,837	3047
323,061	2833
323,284	2966
323,508	2963
323,731	2849
323,955	2885
324,178	3052
324,402	2992
324,625	2842
324,849	2741
325,072	2986
325,296	2704
325,519	2830
325,743	2862
325,966	2824
326,189	2916
326,413	2818
326,636	3184
326,859	2933
327,083	3158
327,306	2728
327,529	2692
327,753	2667
327,976	2885
328,199	2931
328,422	2850
328,646	2821
328,869	2751
329,092	2886
329,315	3016
329,538	2810
329,762	2876
329,985	2708
330,208	2683
330,431	2944
330,654	2912
330,877	2801
331,1	3000
331,323	2790
331,546	2956
331,769	2937
331,993	2786
332,216	2810
332,439	2813
332,662	2881
332,885	2810
333,107	2664
333,33	2694
333,553	3038
333,776	2761
333,999	2842
334,222	2685
334,445	2752
334,668	2839
334,891	2842
335,114	2574
335,336	2773
335,559	2872
335,782	3033
336,005	2733
336,228	2829
336,45	2727
336,673	2838
336,896	2834
337,119	2875
337,341	2687
337,564	2718
337,787	2786
338,009	2722
338,232	2890
338,455	2823
338,677	2751
338,9	2816
339,122	2816
339,345	2600
339,568	2687
339,79	2788
340,013	2886
340,235	2819
340,458	2701
340,68	2823
340,903	2680
341,125	2604
341,348	2786
341,57	2582
341,793	2872
342,015	2549
342,238	2622
342,46	2725
342,682	2827
342,905	2558
343,127	2759
343,349	2719
343,572	2792
343,794	2561
344,016	2738
344,239	2719
344,461	2495
344,683	2503
344,905	2581
345,128	2513
345,35	2671
345,572	2693
345,794	2811
346,017	2626
346,239	2620
346,461	2605
346,683	2634
346,905	2785
347,127	2684
347,349	2649
347,571	2658
347,793	2829
348,016	2705
348,238	2685
348,46	2616
348,682	2698
348,904	2584
349,126	2750
349,348	2743
349,57	2626
349,792	2618
350,014	2653
350,235	2705
350,457	3617
350,679	2634
350,901	2496
351,123	2645
351,345	2660
351,567	2752
351,789	2620
352,01	2483
352,232	2655
352,454	2487
352,676	2719
352,897	2592
353,119	2552
353,341	2568
353,563	2405
353,784	2578
354,006	2576
354,228	2599
354,449	2588
354,671	2733
354,893	2714
355,114	2719
355,336	2596
355,558	2620
355,779	2528
356,001	2743
356,222	2727
356,444	2593
356,665	3079
356,887	2558
357,108	2495
357,33	2574
357,551	2772
357,773	2742
357,994	2594
358,216	2581
358,437	2693
358,659	2696
358,88	2592
359,101	2661
359,323	2673
359,544	2587
359,765	2467
359,987	2620
360,208	2543
360,429	2589
360,651	2572
360,872	2748
361,093	2538
361,314	2800
361,536	2568
361,757	2610
361,978	2522
362,199	2455
362,42	2628
362,642	2443
362,863	2741
363,084	2583
363,305	2645
363,526	2572
363,747	2588
363,968	2553
364,189	2633
364,41	2602
364,631	2411
364,852	2615
365,073	2538
365,294	2533
365,515	2470
365,736	2593
365,957	2585
366,178	2556
366,399	2596
366,62	2632
366,841	2655
367,062	2602
367,283	2641
367,504	2668
367,724	2502
367,945	2387
368,166	2716
368,387	2625
368,608	2530
368,828	2657
369,049	2274
369,27	2567
369,491	2552
369,711	2602
369,932	2651
370,153	2589
370,373	2807
370,594	2687
370,815	2706
371,035	2784
371,256	2431
371,477	2532
371,697	2568
371,918	2287
372,138	2603
372,359	2664
372,579	2452
372,8	2574
373,02	2620
373,241	2550
373,461	2581
373,682	2645
373,902	2558
374,123	2462
374,343	2721
374,564	2494
374,784	2561
375,004	2633
375,225	2473
375,445	2468
375,666	2772
375,886	2438
376,106	2422
376,326	2606
376,547	2475
376,767	2596
376,987	2543
377,208	2657
377,428	2379
377,648	2621
377,868	2745
378,088	2808
378,309	2880
378,529	2748
378,749	2698
378,969	2620
379,189	2724
379,409	2695
379,629	2312
379,849	2674
380,069	2587
380,29	2550
380,51	2586
380,73	2671
380,95	2627
381,17	2685
381,39	2550
381,61	2531
381,829	2587
382,049	2625
382,269	2547
382,489	2662
382,709	2536
382,929	2720
383,149	2655
383,369	3041
383,589	2610
383,808	2654
384,028	2623
384,248	2750
384,468	2528
384,688	2592
384,907	2667
385,127	2638
385,347	2739
385,567	2560
385,786	2864
386,006	2585
386,226	2720
386,445	2670
386,665	2705
386,885	2858
387,104	2722
387,324	2750
387,543	2757
387,763	2727
387,982	2851
388,202	2804
388,422	2764
388,641	2680
388,861	2975
389,08	2846
389,3	2696
389,519	2922
389,738	2704
389,958	2740
390,177	2592
390,397	2986
390,616	2807
390,836	2911
391,055	2813
391,274	2874
391,494	2727
391,713	2838
391,932	2924
392,151	2921
392,371	2965
392,59	2960
392,809	3023
393,029	3042
393,248	2981
393,467	2707
393,686	2765
393,905	3892
394,124	2686
394,344	2818
394,563	2944
394,782	2880
395,001	2905
395,22	2824
395,439	2905
395,658	2848
395,877	2922
396,096	2814
396,315	3035
396,534	2991
396,753	3004
396,972	2853
397,191	3039
397,41	2948
397,629	2961
397,848	3148
398,067	3062
398,286	3008
398,505	2951
398,724	3004
398,943	3565
399,161	2684
399,38	3225
399,599	2920
399,818	2819
400,037	3065
400,255	2866
400,474	2830
400,693	2848
400,912	3043
401,13	2823
401,349	2806
401,568	2609
401,786	2961
402,005	2903
402,224	2700
402,442	2851
402,661	2812
402,88	2743
403,098	2740
403,317	2831
403,535	2741
403,754	2693
403,972	2422
404,191	2688
404,409	2751
404,628	3505
404,846	2789
405,065	2898
405,283	2811
405,502	2744
405,72	2791
405,938	2679
406,157	2634
406,375	2717
406,594	2716
406,812	2657
407,03	2417
407,249	2464
407,467	2675
407,685	2816
407,903	2574
408,122	2868
408,34	2660
408,558	2733
408,776	2638
408,995	2654
409,213	2718
409,431	2778
409,649	2740
409,867	2638
410,085	2654
410,303	2747
410,522	2587
410,74	2588
410,958	2597
411,176	2675
411,394	2594
411,612	2591
411,83	2848
412,048	2773
412,266	2715
412,484	2640
412,702	2849
412,92	2482
413,138	2762
413,356	2633
413,573	2748
413,791	2941
414,009	2715
414,227	2836
414,445	2600
414,663	2600
414,881	2541
415,098	2578
415,316	2528
415,534	2969
415,752	2551
415,969	2659
416,187	2680
416,405	2532
416,623	2735
416,84	2416
417,058	2606
417,276	2713
417,493	2862
417,711	2548
417,928	2638
418,146	2517
418,364	2643
418,581	2516
418,799	2438
419,016	2416
419,234	2536
419,451	3084
419,669	2600
419,886	2610
420,104	2566
420,321	2534
420,539	2624
420,756	2783
420,974	2604
421,191	2567
421,408	2730
421,626	2685
421,843	2555
422,06	2801
422,278	2421
422,495	2664
422,712	2562
422,93	2696
423,147	2654
423,364	2545
423,581	2631
423,799	2463
424,016	2484
424,233	2580
424,45	2602
424,667	2604
424,884	2421
425,102	2813
425,319	2329
425,536	2433
425,753	2532
425,97	2384
426,187	2458
426,404	2369
426,621	2831
426,838	2624
427,055	2546
427,272	2566
427,489	2471
427,706	2429
427,923	2408
428,14	2445
428,357	2731
428,574	2506
428,791	2510
429,008	2565
429,224	2515
429,441	2433
429,658	2616
429,875	2757
430,092	2590
430,308	2702
430,525	2589
430,742	2578
430,959	2514
431,175	2282
431,392	2317
431,609	2506
431,826	2424
432,042	2287
432,259	2385
432,476	2684
432,692	2325
432,909	2310
433,125	2502
433,342	2400
433,559	2535
433,775	2462
433,992	2236
434,208	1998
434,425	2369
434,641	2524
434,858	2654
435,074	2434
435,291	2383
435,507	2498
435,723	2294
435,94	2416
436,156	2401
436,373	2548
436,589	2414
436,805	2468
437,022	2320
437,238	2363
437,454	2398
437,671	2367
437,887	2305
438,103	2312
438,319	2338
438,536	2480
438,752	2425
438,968	2443
439,184	2496
439,4	2307
439,616	2295
439,833	2502
440,049	2343
440,265	2740
440,481	2441
440,697	2594
440,913	2531
441,129	2578
441,345	2602
441,561	2531
441,777	2408
441,993	2578
442,209	2399
442,425	2604
442,641	2464
442,857	2481
443,073	2480
443,289	2675
443,505	2582
443,721	2579
443,937	2482
444,152	2389
444,368	2436
444,584	2440
444,8	2350
445,016	2449
445,231	2438
445,447	2637
445,663	2465
445,879	2426
446,094	2656
446,31	2639
446,526	2541
446,742	2531
446,957	2440
447,173	2529
447,388	2596
447,604	2588
447,82	2424
448,035	2496
448,251	2442
448,466	2542
448,682	2385
448,897	2307
449,113	2656
449,328	2438
449,544	2354
449,759	2834
449,975	2296
450,19	2393
450,406	2402
450,621	2319
450,836	2369
451,052	2488
451,267	2323
451,483	2415
451,698	2237
451,913	2327
452,129	2546
452,344	2238
452,559	2458
452,774	2399
452,99	2329
453,205	2400
453,42	2603
453,635	2410
453,85	2405
454,066	2406
454,281	2347
454,496	2439
454,711	2276
454,926	2362
455,141	2261
455,356	2258
455,571	2258
455,786	2338
456,001	2278
456,217	2105
456,432	2331
456,647	2369
456,861	2372
457,076	2290
457,291	2454
457,506	2312
457,721	2339
457,936	2354
458,151	2238
458,366	2385
458,581	2274
458,796	2582
459,01	2357
459,225	2369
459,44	2165
459,655	2349
459,87	2213
460,084	2264
460,299	2305
460,514	2361
460,729	2753
460,943	2231
461,158	2011
461,373	2312
461,587	2184
461,802	2192
462,016	2350
462,231	2203
462,446	2296
462,66	2383
462,875	2212
463,089	2280
463,304	2311
463,518	2159
463,733	2307
463,947	2293
464,162	2234
464,376	2357
464,591	2516
464,805	2325
465,02	2501
465,234	2442
465,448	2450
465,663	2479
465,877	2383
466,091	2293
466,306	2378
466,52	2606
466,734	2252
466,949	2292
467,163	2564
467,377	2308
467,591	2397
467,806	2272
468,02	2126
468,234	2135
468,448	2335
468,662	2310
468,876	2255
469,091	2175
469,305	2300
469,519	2153
469,733	2322
469,947	2309
470,161	2517
470,375	2170
470,589	2386
470,803	2290
471,017	2284
471,231	2388
471,445	2263
471,659	2255
471,873	2390
472,087	2198
472,301	2457
472,515	2288
472,728	2367
472,942	2344
473,156	2445
473,37	2379
473,584	2383
473,798	2417
474,011	2391
474,225	2389
474,439	2571
474,653	2590
474,866	2553
475,08	2572
475,294	2655
475,507	2400
475,721	2614
475,935	2790
476,148	2481
476,362	2455
476,576	2494
476,789	2557
477,003	2616
477,216	2675
477,43	2684
477,643	2686
477,857	2820
478,07	2645
478,284	2737
478,497	2633
478,711	2618
478,924	2635
479,138	2660
479,351	2678
479,564	2728
479,778	2860
479,991	2790
480,204	2783
480,418	2903
480,631	2822
480,844	2983
481,058	2852
481,271	2984
481,484	3077
481,697	2987
481,911	2978
482,124	2959
482,337	2956
482,55	2884
482,763	2965
482,976	3084
483,19	2935
483,403	3063
483,616	3212
483,829	3260
484,042	3203
484,255	3320
484,468	3290
484,681	3261
484,894	3859
485,107	5651
485,32	7197
485,533	6851
485,746	6262
485,959	5287
486,172	4544
486,385	3744
486,598	3661
486,81	3376
487,023	3440
487,236	3481
487,449	3289
487,662	3210
487,875	3319
488,087	3278
488,3	3169
488,513	3090
488,726	3036
488,938	3510
489,151	3255
489,364	3105
489,576	3238
489,789	3210
490,002	3340
490,214	3312
490,427	3128
490,64	3311
490,852	3320
491,065	3259
491,277	3319
491,49	3088
491,702	3090
491,915	3312
492,127	3386
492,34	3339
492,552	3288
492,765	3469
492,977	3526
493,19	3419
493,402	3356
493,614	3376
493,827	3467
494,039	3378
494,251	3191
494,464	3468
494,676	3184
494,888	3258
495,101	3222
495,313	3298
495,525	3348
495,737	3672
495,95	3532
496,162	3405
496,374	3438
496,586	3378
496,798	3333
497,01	3218
497,222	3150
497,435	3391
497,647	3203
497,859	3365
498,071	3370
498,283	3141
498,495	3368
498,707	3602
498,919	3248
499,131	3536
499,343	3268
499,555	3307
499,767	3448
499,979	3321
500,191	3478
500,402	3204
500,614	3452
500,826	3507
501,038	3430
501,25	3361
501,462	3406
501,673	3421
501,885	3332
502,097	3642
502,309	3428
502,521	3570
502,732	3423
502,944	3418
503,156	3353
503,367	3352
503,579	3222
503,791	3303
504,002	3308
504,214	3345
504,425	3555
504,637	3587
504,849	3362
505,06	3411
505,272	3408
505,483	3319
505,695	3247
505,906	3263
506,118	3324
506,329	3257
506,541	3111
506,752	3185
506,963	2927
507,175	3077
507,386	3354
507,598	3334
507,809	3051
508,02	3252
508,232	3264
508,443	3055
508,654	3311
508,865	3233
509,077	3040
509,288	3065
509,499	3417
509,71	3087
509,922	3248
510,133	3062
510,344	3181
510,555	3032
510,766	3178
510,977	3013
511,188	3055
511,4	3071
511,611	2954
511,822	3093
512,033	3057
512,244	3110
512,455	3000
512,666	3065
512,877	3128
513,088	2969
513,299	3025
513,51	3009
513,721	2995
513,931	2968
514,142	3143
514,353	3112
514,564	2902
514,775	2914
514,986	2930
515,196	3097
515,407	2953
515,618	2955
515,829	2934
516,04	2997
516,25	2932
516,461	2927
516,672	2996
516,882	2794
517,093	2994
517,304	2819
517,514	2752
517,725	2931
517,936	2816
518,146	2775
518,357	2975
518,567	2812
518,778	3086
518,988	2900
519,199	3066
519,409	2812
519,62	3039
519,83	2826
520,041	2935
520,251	2798
520,462	2904
520,672	2837
520,882	2836
521,093	2895
521,303	2936
521,513	2779
521,724	3922
521,934	2745
522,144	2819
522,355	2942
522,565	2842
522,775	2800
522,985	2726
523,196	2842
523,406	2793
523,616	2964
523,826	2792
524,036	3631
524,246	2745
524,457	2538
524,667	2581
524,877	2748
525,087	2707
525,297	2776
525,507	2832
525,717	2658
525,927	2850
526,137	2721
526,347	2758
526,557	2690
526,767	2739
526,977	3054
527,187	2723
527,397	2585
527,607	2726
527,816	2733
528,026	2793
528,236	2866
528,446	2824
528,656	2852
528,865	2984
529,075	2665
529,285	2725
529,495	2752
529,704	2732
529,914	2626
530,124	2674
530,334	2570
530,543	2609
530,753	2980
530,963	3071
531,172	2388
531,382	2558
531,591	2890
531,801	2431
532,01	2603
532,22	2675
532,43	2707
532,639	2981
532,849	2762
533,058	2745
533,267	2855
533,477	2683
533,686	2626
533,896	2684
534,105	2673
534,315	2776
534,524	2686
534,733	2669
534,943	2747
535,152	2751
535,361	2517
535,57	2575
535,78	2573
535,989	2455
536,198	2519
536,407	2374
536,617	2543
536,826	2646
537,035	2715
537,244	2476
537,453	2455
537,662	2618
537,872	2817
538,081	2588
538,29	2500
538,499	2519
538,708	2493
538,917	2636
539,126	2626
539,335	2628
539,544	3093
539,753	2461
539,962	2544
540,171	2509
540,38	2781
540,589	2587
540,797	2737
541,006	2578
541,215	2448
541,424	2785
541,633	2562
541,842	2507
542,05	2732
542,259	2603
542,468	2580
542,677	2715
542,885	2541
543,094	2629
543,303	2492
543,512	2675
543,72	2590
543,929	2629
544,138	2577
544,346	2435
544,555	2583
544,763	2629
544,972	2340
545,18	2415
545,389	2485
545,598	2392
545,806	2527
546,015	2440
546,223	2454
546,431	2490
546,64	2408
546,848	2461
547,057	2585
547,265	2555
547,474	2624
547,682	2633
547,89	2641
548,099	2510
548,307	2362
548,515	2576
548,723	2563
548,932	2414
549,14	2472
549,348	2558
549,556	2356
549,765	2394
549,973	2294
550,181	2462
550,389	2392
550,597	2370
550,805	2453
551,014	2482
551,222	6431
551,43	2387
551,638	2475
551,846	2604
552,054	2619
552,262	2593
552,47	2328
552,678	2352
552,886	2400
553,094	2249
553,302	2422
553,51	2547
553,717	2399
553,925	2189
554,133	2614
554,341	2382
554,549	2355
554,757	2346
554,965	2389
555,172	2353
555,38	2658
555,588	2258
555,796	2429
556,003	2468
556,211	2231
556,419	2319
556,626	2465
556,834	2261
557,042	2299
557,249	2455
557,457	2304
557,664	2131
557,872	2201
558,08	2215
558,287	2338
558,495	2328
558,702	2154
558,91	2290
559,117	2275
559,325	2385
559,532	2227
559,74	2479
559,947	2283
560,154	2419
560,362	2233
560,569	2263
560,776	2158
560,984	2253
561,191	2307
561,398	2206
561,606	2595
561,813	2237
562,02	1980
562,227	2069
562,435	2394
562,642	2265
562,849	2249
563,056	2177
563,263	2204
563,471	2279
563,678	2267
563,885	2140
564,092	2209
564,299	2251
564,506	2272
564,713	2209
564,92	2202
565,127	2218
565,334	2209
565,541	2501
565,748	2224
565,955	1935
566,162	2130
566,369	2290
566,576	2356
566,783	2443
566,99	2207
567,196	2354
567,403	2280
567,61	2493
567,817	2226
568,024	2229
568,23	2416
568,437	2257
568,644	2291
568,851	2429
569,057	2900
569,264	2781
569,471	2568
569,677	2570
569,884	2558
570,091	2707
570,297	3658
570,504	2865
570,71	2888
570,917	2598
571,123	2453
571,33	2738
571,536	2726
571,743	2813
571,949	2356
572,156	2304
572,362	2583
572,569	2511
572,775	2631
572,982	2783
573,188	2726
573,394	2531
573,601	2623
573,807	2571
574,013	2855
574,22	2694
574,426	2521
574,632	2857
574,838	2548
575,045	2391
575,251	2333
575,457	2442
575,663	2554
575,869	2495
576,076	2423
576,282	2771
576,488	2551
576,694	2660
576,9	2490
577,106	2790
577,312	2866
577,518	2996
577,724	2738
577,93	2621
578,136	2466
578,342	2449
578,548	2358
578,754	2274
578,96	2334
579,166	2384
579,372	2730
579,578	2440
579,784	2661
579,989	2371
580,195	2373
580,401	2344
580,607	2578
580,813	3022
581,018	3118
581,224	2920
581,43	2931
581,636	2731
581,841	2828
582,047	2560
582,253	2434
582,458	2294
582,664	2110
582,869	2185
583,075	2063
583,281	2402
583,486	2331
583,692	2241
583,897	2385
584,103	2316
584,308	2493
584,514	2444
584,719	2664
584,925	2398
585,13	2350
585,335	2307
585,541	2240
585,746	2178
585,952	2109
586,157	2073
586,362	2127
586,568	2236
586,773	2443
586,978	2253
587,183	2204
587,389	2246
587,594	2054
587,799	2371
588,004	2329
588,21	2067
588,415	1982
588,62	2120
588,825	2170
589,03	1965
589,235	2422
589,44	2165
589,645	1983
589,85	1973
590,055	2224
590,26	1944
590,465	1971
590,67	2013
590,875	2139
591,08	2109
591,285	1936
591,49	1984
591,695	1923
591,9	1946
592,105	1996
592,31	2022
592,515	2316
592,719	1911
592,924	1909
593,129	1935
593,334	1991
593,539	1902
593,743	2131
593,948	1786
594,153	1885
594,357	2174
594,562	1908
594,767	2368
594,971	1783
595,176	1906
595,381	2038
595,585	1795
595,79	2058
595,994	1720
596,199	2241
596,403	1672
596,608	1718
596,812	2003
597,017	1988
597,221	2149
597,426	2025
597,63	1808
597,835	1742
598,039	1774
598,243	1822
598,448	2212
598,652	1974
598,856	1861
599,061	1935
599,265	1809
599,469	1837
599,673	1971
599,878	1994
600,082	1771
600,286	1912
600,49	1898
600,695	1676
600,899	1786
601,103	1922
601,307	1941
601,511	1891
601,715	1851
601,919	1651
602,123	2006
602,327	1746
602,531	1816
602,735	1932
602,939	1990
603,143	1667
603,347	1854
603,551	1778
603,755	1817
603,959	1833
604,163	1835
604,367	1764
604,571	1744
604,775	2119
604,978	1868
605,182	1702
605,386	1868
605,59	1745
605,793	1762
605,997	1935
606,201	1848
606,405	1804
606,608	1925
606,812	1805
607,016	1948
607,219	1766
607,423	1721
607,627	1940
607,83	1734
608,034	1655
608,237	1936
608,441	1567
608,644	1826
608,848	1929
609,051	1799
609,255	1707
609,458	2004
609,662	1741
609,865	1813
610,069	1754
610,272	1636
610,475	1655
610,679	1772
610,882	1984
611,085	1762
611,289	1909
611,492	1762
611,695	1679
611,898	1712
612,102	1864
612,305	1752
612,508	1774
612,711	1973
612,914	1718
613,118	1810
613,321	1906
613,524	1707
613,727	1775
613,93	1662
614,133	1878
614,336	1754
614,539	1771
614,742	1656
614,945	1726
615,148	1924
615,351	1772
615,554	1837
615,757	1592
615,96	1828
616,163	1763
616,366	1834
616,569	1767
616,772	1895
616,974	1798
617,177	1960
617,38	1798
617,583	1808
617,786	1636
617,988	1644
618,191	1891
618,394	1712
618,596	1657
618,799	1617
619,002	1770
619,204	1795
619,407	1706
619,61	1615
619,812	1730
620,015	1754
620,217	1907
620,42	1729
620,623	1757
620,825	1766
621,028	1949
621,23	1882
621,432	1820
621,635	2121
621,837	1854
622,04	1729
622,242	1647
622,445	1706
622,647	1792
622,849	1812
623,052	1652
623,254	1784
623,456	1608
623,658	1889
623,861	1868
624,063	1734
624,265	1837
624,467	1816
624,67	1631
624,872	1741
625,074	1981
625,276	1840
625,478	1860
625,68	1522
625,882	1611
626,084	1754
626,287	1941
626,489	1843
626,691	1749
626,893	1793
627,095	1728
627,297	1713
627,499	1730
627,7	1499
627,902	1573
628,104	1667
628,306	1616
628,508	1617
628,71	1733
628,912	1771
629,114	2017
629,315	1759
629,517	1663
629,719	1663
629,921	1720
630,122	1750
630,324	1680
630,526	1862
630,728	1710
630,929	1727
631,131	1641
631,332	1928
631,534	1846
631,736	1796
631,937	1576
632,139	1743
632,34	1774
632,542	1830
632,743	1785
632,945	1594
633,146	1757
633,348	1839
633,549	1764
633,751	1580
633,952	1742
634,154	1564
634,355	1538
634,556	1744
634,758	1696
634,959	1650
635,16	1824
635,362	1657
635,563	1679
635,764	1698
635,965	1749
636,167	1676
636,368	1703
636,569	1689
636,77	1875
636,971	1628
637,172	1767
637,374	1600
637,575	1946
637,776	1556
637,977	1581
638,178	1740
638,379	1873
638,58	1750
638,781	1627
638,982	1717
639,183	1779
639,384	1672
639,585	1669
639,786	1560
639,987	1656
640,187	1805
640,388	1791
640,589	1552
640,79	1637
640,991	1710
641,192	1880
641,392	1605
641,593	1602
641,794	1591
641,995	1586
642,195	1499
642,396	1611
642,597	1568
642,797	1636
642,998	1734
643,199	1611
643,399	1730
643,6	1542
643,8	1389
644,001	1732
644,202	1666
644,402	1627
644,603	1982
644,803	1547
645,004	1730
645,204	1529
645,404	1662
645,605	2010
645,805	1510
646,006	1584
646,206	2149
646,406	1584
646,607	1564
646,807	1301
647,007	-71
647,208	14
647,408	120
647,608	-53
