200,697	878,33
200,927	-89,67
201,158	-39,67
201,388	-56,67
201,618	1296,33
201,849	1175,33
202,079	1416,33
202,309	1349,33
202,539	1504,33
202,77	1240,33
203	1410,33
203,23	1375,33
203,46	1265,33
203,691	1498,33
203,921	1408,33
204,151	1360,33
204,381	1390,33
204,611	1502,33
204,841	1385,33
205,071	1347,33
205,302	1480,33
205,532	1474,33
205,762	3596,33
205,992	1290,33
206,222	1361,33
206,452	1682,33
206,682	1356,33
206,912	1571,33
207,142	1522,33
207,372	1433,33
207,602	1326,33
207,832	1387,33
208,062	1420,33
208,292	1451,33
208,522	1282,33
208,752	1432,33
208,982	1375,33
209,212	1533,33
209,442	1386,33
209,672	1349,33
209,902	1364,33
210,131	1540,33
210,361	1330,33
210,591	1404,33
210,821	1314,33
211,051	1557,33
211,281	1412,33
211,51	1433,33
211,74	1429,33
211,97	1460,33
212,2	1470,33
212,429	1669,33
212,659	1489,33
212,889	1396,33
213,119	1348,33
213,348	1194,33
213,578	1561,33
213,808	1496,33
214,037	1498,33
214,267	1472,33
214,497	1499,33
214,726	1342,33
214,956	1349,33
215,186	1434,33
215,415	1511,33
215,645	1426,33
215,874	1499,33
216,104	1209,33
216,333	1435,33
216,563	1435,33
216,792	1431,33
217,022	1516,33
217,251	1495,33
217,481	1348,33
217,71	1444,33
217,94	1397,33
218,169	1494,33
218,399	1538,33
218,628	1314,33
218,858	1475,33
219,087	1441,33
219,316	1482,33
219,546	1369,33
219,775	1577,33
220,004	1591,33
220,234	1419,33
220,463	1501,33
220,692	1480,33
220,922	1465,33
221,151	1527,33
221,38	1461,33
221,61	1693,33
221,839	1724,33
222,068	1454,33
222,297	1567,33
222,526	1574,33
222,756	1732,33
222,985	1573,33
223,214	1511,33
223,443	1497,33
223,672	1893,33
223,902	1406,33
224,131	1499,33
224,36	1585,33
224,589	1338,33
224,818	1555,33
225,047	1472,33
225,276	1468,33
225,505	1843,33
225,734	1418,33
225,963	1466,33
226,192	1513,33
226,421	1425,33
226,65	1568,33
226,879	1586,33
227,108	1613,33
227,337	1585,33
227,566	1686,33
227,795	1488,33
228,024	1581,33
228,253	1521,33
228,482	1401,33
228,711	1518,33
228,94	1445,33
229,168	1395,33
229,397	1507,33
229,626	1491,33
229,855	1518,33
230,084	1474,33
230,313	1417,33
230,541	1666,33
230,77	1507,33
230,999	1249,33
231,228	1848,33
231,456	1588,33
231,685	1530,33
231,914	1641,33
232,143	1597,33
232,371	1515,33
232,6	1633,33
232,829	1611,33
233,057	1678,33
233,286	1593,33
233,515	1594,33
233,743	1694,33
233,972	1521,33
234,2	1607,33
234,429	1498,33
234,658	1722,33
234,886	1575,33
235,115	1594,33
235,343	1623,33
235,572	1647,33
235,8	1747,33
236,029	1979,33
236,257	1614,33
236,486	1758,33
236,714	1768,33
236,943	1803,33
237,171	1624,33
237,399	1705,33
237,628	1759,33
237,856	1831,33
238,085	1755,33
238,313	1659,33
238,541	1702,33
238,77	1986,33
238,998	1642,33
239,226	1774,33
239,455	1692,33
239,683	1786,33
239,911	1715,33
240,14	1892,33
240,368	1886,33
240,596	1837,33
240,824	1810,33
241,053	1781,33
241,281	1673,33
241,509	1769,33
241,737	1776,33
241,965	1438,33
242,193	1663,33
242,422	1732,33
242,65	1738,33
242,878	1755,33
243,106	1740,33
243,334	1752,33
243,562	1834,33
243,79	1817,33
244,018	1670,33
244,246	1775,33
244,474	1788,33
244,702	2004,33
244,93	1859,33
245,158	1792,33
245,386	1777,33
245,614	1830,33
245,842	1904,33
246,07	1755,33
246,298	1894,33
246,526	2255,33
246,754	1747,33
246,982	1860,33
247,21	1844,33
247,438	1768,33
247,666	1812,33
247,893	1863,33
248,121	1625,33
248,349	1689,33
248,577	1863,33
248,805	1845,33
249,033	1833,33
249,26	1841,33
249,488	1767,33
249,716	1871,33
249,944	1903,33
250,171	1676,33
250,399	1827,33
250,627	1957,33
250,854	1833,33
251,082	1838,33
251,31	1852,33
251,537	1943,33
251,765	2040,33
251,993	1800,33
252,22	2123,33
252,448	1669,33
252,676	1957,33
252,903	1887,33
253,131	2178,33
253,358	1563,33
253,586	1771,33
253,813	1699,33
254,041	1802,33
254,268	1614,33
254,496	1647,33
254,723	1871,33
254,951	1809,33
255,178	1808,33
255,406	1813,33
255,633	1826,33
255,86	2003,33
256,088	1792,33
256,315	1809,33
256,543	1967,33
256,77	1827,33
256,997	1847,33
257,225	1953,33
257,452	1861,33
257,679	1830,33
257,907	2035,33
258,134	1853,33
258,361	1902,33
258,588	1837,33
258,816	1934,33
259,043	1753,33
259,27	1860,33
259,497	1762,33
259,725	1810,33
259,952	1824,33
260,179	1765,33
260,406	1916,33
260,633	1802,33
260,86	1836,33
261,088	2033,33
261,315	2053,33
261,542	1717,33
261,769	1848,33
261,996	2162,33
262,223	2035,33
262,45	2075,33
262,677	1824,33
262,904	2148,33
263,131	1946,33
263,358	1877,33
263,585	2098,33
263,812	2198,33
264,039	2057,33
264,266	1861,33
264,493	1929,33
264,72	1829,33
264,947	1944,33
265,174	2071,33
265,401	2050,33
265,627	2139,33
265,854	1982,33
266,081	2026,33
266,308	1999,33
266,535	1988,33
266,762	1941,33
266,988	1947,33
267,215	1988,33
267,442	1948,33
267,669	2011,33
267,896	1979,33
268,122	2099,33
268,349	2006,33
268,576	1831,33
268,802	1912,33
269,029	2116,33
269,256	1995,33
269,482	2025,33
269,709	1919,33
269,936	1994,33
270,162	2179,33
270,389	2026,33
270,616	1961,33
270,842	2254,33
271,069	2132,33
271,295	2137,33
271,522	2039,33
271,748	2121,33
271,975	2293,33
272,201	2420,33
272,428	2343,33
272,654	2320,33
272,881	2641,33
273,107	2118,33
273,334	2582,33
273,56	2671,33
273,787	2521,33
274,013	2697,33
274,239	2954,33
274,466	2808,33
274,692	2859,33
274,918	2921,33
275,145	2957,33
275,371	3039,33
275,597	3232,33
275,824	3290,33
276,05	3318,33
276,276	3456,33
276,503	3399,33
276,729	3421,33
276,955	3452,33
277,181	3657,33
277,407	3618,33
277,634	3784,33
277,86	3774,33
278,086	3935,33
278,312	3885,33
278,538	3802,33
278,764	3975,33
278,991	4130,33
279,217	3970,33
279,443	3988,33
279,669	4169,33
279,895	4413,33
280,121	4184,33
280,347	4270,33
280,573	4335,33
280,799	4369,33
281,025	4713,33
281,251	4388,33
281,477	4618,33
281,703	4524,33
281,929	4637,33
282,155	4704,33
282,381	4857,33
282,607	4865,33
282,833	4873,33
283,059	5029,33
283,285	4938,33
283,51	4901,33
283,736	4836,33
283,962	5136,33
284,188	5079,33
284,414	5055,33
284,64	5231,33
284,865	5203,33
285,091	5199,33
285,317	5371,33
285,543	5331,33
285,768	5376,33
285,994	5475,33
286,22	5547,33
286,446	5451,33
286,671	5334,33
286,897	5485,33
287,123	5465,33
287,348	5550,33
287,574	6119,33
287,799	5676,33
288,025	5600,33
288,251	5932,33
288,476	5724,33
288,702	5927,33
288,927	5821,33
289,153	5833,33
289,378	6091,33
289,604	6010,33
289,829	5891,33
290,055	5890,33
290,28	6036,33
290,506	6215,33
290,731	6151,33
290,957	6201,33
291,182	6156,33
291,408	6356,33
291,633	6310,33
291,858	6251,33
292,084	6554,33
292,309	6325,33
292,535	6393,33
292,76	6484,33
292,985	6516,33
293,211	6365,33
293,436	6435,33
293,661	6381,33
293,886	6541,33
294,112	6487,33
294,337	6549,33
294,562	6466,33
294,787	6751,33
295,013	6647,33
295,238	6585,33
295,463	6725,33
295,688	6823,33
295,913	6674,33
296,138	6685,33
296,364	6421,33
296,589	6606,33
296,814	6501,33
297,039	6496,33
297,264	6667,33
297,489	6602,33
297,714	6471,33
297,939	6449,33
298,164	6576,33
298,389	6685,33
298,614	6520,33
298,839	6466,33
299,064	6781,33
299,289	6913,33
299,514	6922,33
299,739	6898,33
299,964	6877,33
300,189	6861,33
300,414	6854,33
300,639	7212,33
300,863	6942,33
301,088	7362,33
301,313	7240,33
301,538	7123,33
301,763	7200,33
301,988	7262,33
302,212	7266,33
302,437	7608,33
302,662	7161,33
302,887	7193,33
303,111	7209,33
303,336	7356,33
303,561	7250,33
303,786	7241,33
304,01	7305,33
304,235	7332,33
304,46	7013,33
304,684	7193,33
304,909	7176,33
305,134	6989,33
305,358	7158,33
305,583	7030,33
305,807	7265,33
306,032	6822,33
306,256	6931,33
306,481	6837,33
306,706	6870,33
306,93	7011,33
307,155	7252,33
307,379	7064,33
307,604	7204,33
307,828	7143,33
308,052	7457,33
308,277	7476,33
308,501	7407,33
308,726	7432,33
308,95	7402,33
309,175	7186,33
309,399	7606,33
309,623	7483,33
309,848	7348,33
310,072	7321,33
310,296	7749,33
310,521	7309,33
310,745	7194,33
310,969	7787,33
311,193	7462,33
311,418	7496,33
311,642	7374,33
311,866	7407,33
312,09	7554,33
312,315	7512,33
312,539	7566,33
312,763	7343,33
312,987	7552,33
313,211	7360,33
313,435	7505,33
313,659	7351,33
313,884	7585,33
314,108	7506,33
314,332	7508,33
314,556	7418,33
314,78	7515,33
315,004	7467,33
315,228	7626,33
315,452	7497,33
315,676	7497,33
315,9	7510,33
316,124	7323,33
316,348	7332,33
316,572	7351,33
316,796	7481,33
317,02	7260,33
317,244	7376,33
317,468	7461,33
317,691	7481,33
317,915	7286,33
318,139	7329,33
318,363	7598,33
318,587	7344,33
318,811	7126,33
319,034	7091,33
319,258	7408,33
319,482	7382,33
319,706	7339,33
319,93	7234,33
320,153	7195,33
320,377	7156,33
320,601	7206,33
320,824	7037,33
321,048	7399,33
321,272	7385,33
321,495	7315,33
321,719	7359,33
321,943	7368,33
322,166	7422,33
322,39	7386,33
322,614	7457,33
322,837	7601,33
323,061	7264,33
323,284	7557,33
323,508	7653,33
323,731	7321,33
323,955	7591,33
324,178	7380,33
324,402	7559,33
324,625	7572,33
324,849	7323,33
325,072	7561,33
325,296	7424,33
325,519	7440,33
325,743	7487,33
325,966	7647,33
326,189	7589,33
326,413	7444,33
326,636	7810,33
326,859	7226,33
327,083	7788,33
327,306	7337,33
327,529	7224,33
327,753	7408,33
327,976	7432,33
328,199	7396,33
328,422	7431,33
328,646	7422,33
328,869	7360,33
329,092	7457,33
329,315	7570,33
329,538	7725,33
329,762	7585,33
329,985	7534,33
330,208	7506,33
330,431	7555,33
330,654	7827,33
330,877	7621,33
331,1	7748,33
331,323	7698,33
331,546	7843,33
331,769	7851,33
331,993	7679,33
332,216	7640,33
332,439	7739,33
332,662	7744,33
332,885	7786,33
333,107	7649,33
333,33	7613,33
333,553	8025,33
333,776	7732,33
333,999	7747,33
334,222	7725,33
334,445	7786,33
334,668	7930,33
334,891	7843,33
335,114	7687,33
335,336	7861,33
335,559	7885,33
335,782	8093,33
336,005	7804,33
336,228	7851,33
336,45	7881,33
336,673	7770,33
336,896	7836,33
337,119	7883,33
337,341	7907,33
337,564	7895,33
337,787	7886,33
338,009	7896,33
338,232	8022,33
338,455	8017,33
338,677	7910,33
338,9	7684,33
339,122	8006,33
339,345	7883,33
339,568	7742,33
339,79	7953,33
340,013	7935,33
340,235	7985,33
340,458	7944,33
340,68	8077,33
340,903	7892,33
341,125	7882,33
341,348	8009,33
341,57	7883,33
341,793	8229,33
342,015	7808,33
342,238	7894,33
342,46	7874,33
342,682	8019,33
342,905	7923,33
343,127	8041,33
343,349	7813,33
343,572	7917,33
343,794	8008,33
344,016	7855,33
344,239	7867,33
344,461	7813,33
344,683	7796,33
344,905	7853,33
345,128	7948,33
345,35	8128,33
345,572	8214,33
345,794	8331,33
346,017	8164,33
346,239	8239,33
346,461	8264,33
346,683	8353,33
346,905	8420,33
347,127	8429,33
347,349	8537,33
347,571	8531,33
347,793	8691,33
348,016	8718,33
348,238	8530,33
348,46	8626,33
348,682	8472,33
348,904	8655,33
349,126	8655,33
349,348	8735,33
349,57	8638,33
349,792	8637,33
350,014	8818,33
350,235	8715,33
350,457	8853,33
350,679	8727,33
350,901	8579,33
351,123	8725,33
351,345	8833,33
351,567	8796,33
351,789	8801,33
352,01	8791,33
352,232	8770,33
352,454	8584,33
352,676	8765,33
352,897	8583,33
353,119	8415,33
353,341	8492,33
353,563	8304,33
353,784	8273,33
354,006	8384,33
354,228	8478,33
354,449	8376,33
354,671	8753,33
354,893	8864,33
355,114	8828,33
355,336	8920,33
355,558	9070,33
355,779	9029,33
356,001	9170,33
356,222	8974,33
356,444	9102,33
356,665	9862,33
356,887	9072,33
357,108	9204,33
357,33	8969,33
357,551	9405,33
357,773	9321,33
357,994	9350,33
358,216	9095,33
358,437	9403,33
358,659	9496,33
358,88	9403,33
359,101	9511,33
359,323	9593,33
359,544	9329,33
359,765	9384,33
359,987	9485,33
360,208	9369,33
360,429	9611,33
360,651	9445,33
360,872	9679,33
361,093	9577,33
361,314	9564,33
361,536	9710,33
361,757	9553,33
361,978	9460,33
362,199	9436,33
362,42	9448,33
362,642	9504,33
362,863	9558,33
363,084	9502,33
363,305	9510,33
363,526	9512,33
363,747	9453,33
363,968	9472,33
364,189	9578,33
364,41	9432,33
364,631	9297,33
364,852	9432,33
365,073	9532,33
365,294	9295,33
365,515	9289,33
365,736	9402,33
365,957	9394,33
366,178	9452,33
366,399	9519,33
366,62	9677,33
366,841	9693,33
367,062	9728,33
367,283	9679,33
367,504	9693,33
367,724	9574,33
367,945	9574,33
368,166	9805,33
368,387	9673,33
368,608	9639,33
368,828	9853,33
369,049	9656,33
369,27	9619,33
369,491	9546,33
369,711	9640,33
369,932	9572,33
370,153	9605,33
370,373	9486,33
370,594	9694,33
370,815	9516,33
371,035	9639,33
371,256	9308,33
371,477	9615,33
371,697	9555,33
371,918	9370,33
372,138	9569,33
372,359	9631,33
372,579	9309,33
372,8	9426,33
373,02	9466,33
373,241	9439,33
373,461	9609,33
373,682	9504,33
373,902	9437,33
374,123	9249,33
374,343	9544,33
374,564	9803,33
374,784	9319,33
375,004	9399,33
375,225	9135,33
375,445	9138,33
375,666	9124,33
375,886	8809,33
376,106	8696,33
376,326	9042,33
376,547	9085,33
376,767	9251,33
376,987	9192,33
377,208	9395,33
377,428	9421,33
377,648	9495,33
377,868	9612,33
378,088	9702,33
378,309	9877,33
378,529	9814,33
378,749	9805,33
378,969	9708,33
379,189	9866,33
379,409	9753,33
379,629	9504,33
379,849	9664,33
380,069	9361,33
380,29	9337,33
380,51	9386,33
380,73	9380,33
380,95	9454,33
381,17	9297,33
381,39	9063,33
381,61	9053,33
381,829	9201,33
382,049	9175,33
382,269	9093,33
382,489	9073,33
382,709	9069,33
382,929	8930,33
383,149	8756,33
383,369	9064,33
383,589	8918,33
383,808	8832,33
384,028	8773,33
384,248	8929,33
384,468	8811,33
384,688	8899,33
384,907	8929,33
385,127	8875,33
385,347	9279,33
385,567	9014,33
385,786	9046,33
386,006	9053,33
386,226	9050,33
386,445	9070,33
386,665	9191,33
386,885	9245,33
387,104	9390,33
387,324	9452,33
387,543	9350,33
387,763	9538,33
387,982	9483,33
388,202	9597,33
388,422	9570,33
388,641	9473,33
388,861	9310,33
389,08	9091,33
389,3	9075,33
389,519	9178,33
389,738	8961,33
389,958	9177,33
390,177	9210,33
390,397	9229,33
390,616	9167,33
390,836	9217,33
391,055	9335,33
391,274	9255,33
391,494	9292,33
391,713	9344,33
391,932	9663,33
392,151	9649,33
392,371	9692,33
392,59	9710,33
392,809	9791,33
393,029	9717,33
393,248	9507,33
393,467	8961,33
393,686	8991,33
393,905	9880,33
394,124	8620,33
394,344	8833,33
394,563	8744,33
394,782	8798,33
395,001	8922,33
395,22	8744,33
395,439	9025,33
395,658	8775,33
395,877	8970,33
396,096	8971,33
396,315	9178,33
396,534	9036,33
396,753	9281,33
396,972	9242,33
397,191	9355,33
397,41	9559,33
397,629	9859,33
397,848	9811,33
398,067	9944,33
398,286	9841,33
398,505	9848,33
398,724	9906,33
398,943	10016,33
399,161	9162,33
399,38	9244,33
399,599	9243,33
399,818	9044,33
400,037	8965,33
400,255	8950,33
400,474	8772,33
400,693	8927,33
400,912	9060,33
401,13	8721,33
401,349	8646,33
401,568	8561,33
401,786	8602,33
402,005	8379,33
402,224	8303,33
402,442	8508,33
402,661	8567,33
402,88	8276,33
403,098	8290,33
403,317	8339,33
403,535	8197,33
403,754	8287,33
403,972	8368,33
404,191	8358,33
404,409	8431,33
404,628	9082,33
404,846	8589,33
405,065	8619,33
405,283	8751,33
405,502	8655,33
405,72	8602,33
405,938	8414,33
406,157	8230,33
406,375	8130,33
406,594	8106,33
406,812	8018,33
407,03	7917,33
407,249	7723,33
407,467	8009,33
407,685	8194,33
407,903	7940,33
408,122	8357,33
408,34	8256,33
408,558	8313,33
408,776	8225,33
408,995	8193,33
409,213	8101,33
409,431	8248,33
409,649	8291,33
409,867	7994,33
410,085	8059,33
410,303	8031,33
410,522	7812,33
410,74	7779,33
410,958	7581,33
411,176	7929,33
411,394	7674,33
411,612	7829,33
411,83	7994,33
412,048	7927,33
412,266	7976,33
412,484	8137,33
412,702	7985,33
412,92	7959,33
413,138	8095,33
413,356	7939,33
413,573	7922,33
413,791	8095,33
414,009	7617,33
414,227	7804,33
414,445	7475,33
414,663	7565,33
414,881	7549,33
415,098	7520,33
415,316	7510,33
415,534	7948,33
415,752	7657,33
415,969	7748,33
416,187	7525,33
416,405	7648,33
416,623	7705,33
416,84	7432,33
417,058	7626,33
417,276	7743,33
417,493	7590,33
417,711	7549,33
417,928	7571,33
418,146	7480,33
418,364	7565,33
418,581	7549,33
418,799	7488,33
419,016	7474,33
419,234	7404,33
419,451	8109,33
419,669	7700,33
419,886	7694,33
420,104	8001,33
420,321	7799,33
420,539	7976,33
420,756	8242,33
420,974	8226,33
421,191	8310,33
421,408	8627,33
421,626	8070,33
421,843	8614,33
422,06	8398,33
422,278	7958,33
422,495	8117,33
422,712	8019,33
422,93	7973,33
423,147	7992,33
423,364	7803,33
423,581	7986,33
423,799	7748,33
424,016	7803,33
424,233	7706,33
424,45	7748,33
424,667	7703,33
424,884	7621,33
425,102	7865,33
425,319	7450,33
425,536	7278,33
425,753	7620,33
425,97	7363,33
426,187	7360,33
426,404	7348,33
426,621	7849,33
426,838	7827,33
427,055	7782,33
427,272	7809,33
427,489	7827,33
427,706	7801,33
427,923	7751,33
428,14	7563,33
428,357	7823,33
428,574	7739,33
428,791	7902,33
429,008	8166,33
429,224	8126,33
429,441	8363,33
429,658	8656,33
429,875	9004,33
430,092	8846,33
430,308	8676,33
430,525	8691,33
430,742	8302,33
430,959	8115,33
431,175	7867,33
431,392	7450,33
431,609	7377,33
431,826	7277,33
432,042	7068,33
432,259	6917,33
432,476	7354,33
432,692	6903,33
432,909	7206,33
433,125	7547,33
433,342	7834,33
433,559	8014,33
433,775	7947,33
433,992	7808,33
434,208	7526,33
434,425	7307,33
434,641	7562,33
434,858	7388,33
435,074	7316,33
435,291	7215,33
435,507	7287,33
435,723	7408,33
435,94	7432,33
436,156	7503,33
436,373	7588,33
436,589	7452,33
436,805	7500,33
437,022	7308,33
437,238	7288,33
437,454	7195,33
437,671	7177,33
437,887	7307,33
438,103	7184,33
438,319	7393,33
438,536	7378,33
438,752	7392,33
438,968	7230,33
439,184	7245,33
439,4	7170,33
439,616	6569,33
439,833	7335,33
440,049	6966,33
440,265	7252,33
440,481	7355,33
440,697	7656,33
440,913	7846,33
441,129	7932,33
441,345	8184,33
441,561	8059,33
441,777	7841,33
441,993	7713,33
442,209	7552,33
442,425	7644,33
442,641	7577,33
442,857	7626,33
443,073	7612,33
443,289	7593,33
443,505	7931,33
443,721	7562,33
443,937	7538,33
444,152	7408,33
444,368	7360,33
444,584	7313,33
444,8	7438,33
445,016	7314,33
445,231	7060,33
445,447	7304,33
445,663	7284,33
445,879	7225,33
446,094	7302,33
446,31	7370,33
446,526	7223,33
446,742	7201,33
446,957	7111,33
447,173	6977,33
447,388	7017,33
447,604	7013,33
447,82	6839,33
448,035	6973,33
448,251	6927,33
448,466	7004,33
448,682	6764,33
448,897	6705,33
449,113	7059,33
449,328	7031,33
449,544	6735,33
449,759	7098,33
449,975	6758,33
450,19	6642,33
450,406	6683,33
450,621	6519,33
450,836	6503,33
451,052	6557,33
451,267	6556,33
451,483	6465,33
451,698	6327,33
451,913	6642,33
452,129	6511,33
452,344	6348,33
452,559	6325,33
452,774	6223,33
452,99	6190,33
453,205	6244,33
453,42	6181,33
453,635	6095,33
453,85	5987,33
454,066	6073,33
454,281	6049,33
454,496	6122,33
454,711	6164,33
454,926	6265,33
455,141	6166,33
455,356	6173,33
455,571	5964,33
455,786	6050,33
456,001	5964,33
456,217	5804,33
456,432	5899,33
456,647	6015,33
456,861	5870,33
457,076	6045,33
457,291	6235,33
457,506	5959,33
457,721	6366,33
457,936	6483,33
458,151	6251,33
458,366	6360,33
458,581	6146,33
458,796	6334,33
459,01	6132,33
459,225	6177,33
459,44	6017,33
459,655	6019,33
459,87	5974,33
460,084	5904,33
460,299	5985,33
460,514	5874,33
460,729	6531,33
460,943	5740,33
461,158	5725,33
461,373	5593,33
461,587	5470,33
461,802	5325,33
462,016	5512,33
462,231	5209,33
462,446	5283,33
462,66	5197,33
462,875	5386,33
463,089	5486,33
463,304	5587,33
463,518	5576,33
463,733	5726,33
463,947	5730,33
464,162	5611,33
464,376	5716,33
464,591	5983,33
464,805	5708,33
465,02	5990,33
465,234	6092,33
465,448	6174,33
465,663	5974,33
465,877	5865,33
466,091	5667,33
466,306	5811,33
466,52	5519,33
466,734	4996,33
466,949	4979,33
467,163	5118,33
467,377	5047,33
467,591	5156,33
467,806	5054,33
468,02	4939,33
468,234	4941,33
468,448	4931,33
468,662	4905,33
468,876	4961,33
469,091	4675,33
469,305	4684,33
469,519	4539,33
469,733	4372,33
469,947	4523,33
470,161	4558,33
470,375	4364,33
470,589	4427,33
470,803	4400,33
471,017	4530,33
471,231	4347,33
471,445	4350,33
471,659	4445,33
471,873	4537,33
472,087	4374,33
472,301	4654,33
472,515	4565,33
472,728	4498,33
472,942	4588,33
473,156	4792,33
473,37	4662,33
473,584	4591,33
473,798	4619,33
474,011	4404,33
474,225	4465,33
474,439	4706,33
474,653	4745,33
474,866	4730,33
475,08	4809,33
475,294	4615,33
475,507	4674,33
475,721	4701,33
475,935	4534,33
476,148	4499,33
476,362	4401,33
476,576	4401,33
476,789	4379,33
477,003	4474,33
477,216	4512,33
477,43	4524,33
477,643	4640,33
477,857	4727,33
478,07	4565,33
478,284	4555,33
478,497	4494,33
478,711	4477,33
478,924	4438,33
479,138	4407,33
479,351	4469,33
479,564	4473,33
479,778	4707,33
479,991	4566,33
480,204	4610,33
480,418	4610,33
480,631	4581,33
480,844	4667,33
481,058	4637,33
481,271	4601,33
481,484	4666,33
481,697	4701,33
481,911	4579,33
482,124	4376,33
482,337	4478,33
482,55	4362,33
482,763	4160,33
482,976	4586,33
483,19	4312,33
483,403	4327,33
483,616	4517,33
483,829	4617,33
484,042	4628,33
484,255	4768,33
484,468	4671,33
484,681	4771,33
484,894	5133,33
485,107	7042,33
485,32	10744,33
485,533	12886,33
485,746	12250,33
485,959	10656,33
486,172	9470,33
486,385	7818,33
486,598	6519,33
486,81	5431,33
487,023	4935,33
487,236	4815,33
487,449	4389,33
487,662	4373,33
487,875	4140,33
488,087	4099,33
488,3	4163,33
488,513	3855,33
488,726	3964,33
488,938	4163,33
489,151	4134,33
489,364	4121,33
489,576	4009,33
489,789	4043,33
490,002	4013,33
490,214	3945,33
490,427	3731,33
490,64	3918,33
490,852	3962,33
491,065	3850,33
491,277	3874,33
491,49	3870,33
491,702	3861,33
491,915	3783,33
492,127	3940,33
492,34	3920,33
492,552	3797,33
492,765	4036,33
492,977	3938,33
493,19	3831,33
493,402	3928,33
493,614	3734,33
493,827	3717,33
494,039	3792,33
494,251	3727,33
494,464	3850,33
494,676	3521,33
494,888	3591,33
495,101	3564,33
495,313	3571,33
495,525	3643,33
495,737	3919,33
495,95	3990,33
496,162	3965,33
496,374	3808,33
496,586	3692,33
496,798	3742,33
497,01	3593,33
497,222	3318,33
497,435	3545,33
497,647	3371,33
497,859	3453,33
498,071	3428,33
498,283	3517,33
498,495	3523,33
498,707	3738,33
498,919	3549,33
499,131	3728,33
499,343	3557,33
499,555	3738,33
499,767	3668,33
499,979	3428,33
500,191	3744,33
500,402	3472,33
500,614	3423,33
500,826	3691,33
501,038	3538,33
501,25	3664,33
501,462	3522,33
501,673	3424,33
501,885	3544,33
502,097	3724,33
502,309	3874,33
502,521	3878,33
502,732	3498,33
502,944	3580,33
503,156	3476,33
503,367	3563,33
503,579	3361,33
503,791	3437,33
504,002	3419,33
504,214	3456,33
504,425	3562,33
504,637	3572,33
504,849	3266,33
505,06	3267,33
505,272	3417,33
505,483	3369,33
505,695	3280,33
505,906	3241,33
506,118	3431,33
506,329	3303,33
506,541	3161,33
506,752	3259,33
506,963	3116,33
507,175	2965,33
507,386	3334,33
507,598	3251,33
507,809	3091,33
508,02	3193,33
508,232	3273,33
508,443	3139,33
508,654	3312,33
508,865	3200,33
509,077	2896,33
509,288	2864,33
509,499	3388,33
509,71	2926,33
509,922	3175,33
510,133	3068,33
510,344	3154,33
510,555	3015,33
510,766	3056,33
510,977	3004,33
511,188	2954,33
511,4	2829,33
511,611	2778,33
511,822	2934,33
512,033	2866,33
512,244	2915,33
512,455	2893,33
512,666	2817,33
512,877	2919,33
513,088	2843,33
513,299	2799,33
513,51	2873,33
513,721	2812,33
513,931	2874,33
514,142	2957,33
514,353	2908,33
514,564	2706,33
514,775	2709,33
514,986	2764,33
515,196	2853,33
515,407	2754,33
515,618	2805,33
515,829	2705,33
516,04	2799,33
516,25	2718,33
516,461	2738,33
516,672	2782,33
516,882	2664,33
517,093	2783,33
517,304	2550,33
517,514	2606,33
517,725	2744,33
517,936	2740,33
518,146	2689,33
518,357	2726,33
518,567	2753,33
518,778	3015,33
518,988	2807,33
519,199	2752,33
519,409	2569,33
519,62	2756,33
519,83	2573,33
520,041	2524,33
520,251	2546,33
520,462	2643,33
520,672	2591,33
520,882	2693,33
521,093	2652,33
521,303	2740,33
521,513	2613,33
521,724	3617,33
521,934	2469,33
522,144	2617,33
522,355	2554,33
522,565	2489,33
522,775	2552,33
522,985	2575,33
523,196	2556,33
523,406	2577,33
523,616	2688,33
523,826	2580,33
524,036	3373,33
524,246	2547,33
524,457	2454,33
524,667	2466,33
524,877	2510,33
525,087	2524,33
525,297	2645,33
525,507	2551,33
525,717	2425,33
525,927	2689,33
526,137	2462,33
526,347	2536,33
526,557	2483,33
526,767	2497,33
526,977	2723,33
527,187	2522,33
527,397	2387,33
527,607	2380,33
527,816	2505,33
528,026	2712,33
528,236	2696,33
528,446	2646,33
528,656	2794,33
528,865	2607,33
529,075	2638,33
529,285	2568,33
529,495	2547,33
529,704	2689,33
529,914	2548,33
530,124	2541,33
530,334	2447,33
530,543	2472,33
530,753	2753,33
530,963	2823,33
531,172	2372,33
531,382	2499,33
531,591	2623,33
531,801	2344,33
532,01	2454,33
532,22	2353,33
532,43	2544,33
532,639	2842,33
532,849	2570,33
533,058	2583,33
533,267	2801,33
533,477	2469,33
533,686	2499,33
533,896	2491,33
534,105	2536,33
534,315	2662,33
534,524	2557,33
534,733	2530,33
534,943	2767,33
535,152	2639,33
535,361	2388,33
535,57	2350,33
535,78	2487,33
535,989	2295,33
536,198	2330,33
536,407	2276,33
536,617	2456,33
536,826	2347,33
537,035	2473,33
537,244	2219,33
537,453	2051,33
537,662	2309,33
537,872	2530,33
538,081	2419,33
538,29	2522,33
538,499	2402,33
538,708	2482,33
538,917	2504,33
539,126	2554,33
539,335	2497,33
539,544	2905,33
539,753	2326,33
539,962	2361,33
540,171	2362,33
540,38	2594,33
540,589	2448,33
540,797	2547,33
541,006	2515,33
541,215	2340,33
541,424	2695,33
541,633	2510,33
541,842	2411,33
542,05	2672,33
542,259	2551,33
542,468	2537,33
542,677	2555,33
542,885	2497,33
543,094	2525,33
543,303	2410,33
543,512	2573,33
543,72	2649,33
543,929	2690,33
544,138	2527,33
544,346	2402,33
544,555	2557,33
544,763	2719,33
544,972	2541,33
545,18	2404,33
545,389	2400,33
545,598	2270,33
545,806	2610,33
546,015	2443,33
546,223	2647,33
546,431	2674,33
546,64	2413,33
546,848	2494,33
547,057	2360,33
547,265	2508,33
547,474	2625,33
547,682	2764,33
547,89	2691,33
548,099	2597,33
548,307	2557,33
548,515	2544,33
548,723	2562,33
548,932	2384,33
549,14	2441,33
549,348	2441,33
549,556	2332,33
549,765	2356,33
549,973	2297,33
550,181	2438,33
550,389	2464,33
550,597	2545,33
550,805	2276,33
551,014	2417,33
551,222	5472,33
551,43	2294,33
551,638	2497,33
551,846	2722,33
552,054	2591,33
552,262	2608,33
552,47	2398,33
552,678	2386,33
552,886	2415,33
553,094	2384,33
553,302	2487,33
553,51	2471,33
553,717	2520,33
553,925	2299,33
554,133	2399,33
554,341	2192,33
554,549	2330,33
554,757	2456,33
554,965	2366,33
555,172	2324,33
555,38	2777,33
555,588	2414,33
555,796	2417,33
556,003	2583,33
556,211	2349,33
556,419	2319,33
556,626	2396,33
556,834	2297,33
557,042	2255,33
557,249	2281,33
557,457	2332,33
557,664	2179,33
557,872	2230,33
558,08	2155,33
558,287	2270,33
558,495	2334,33
558,702	2070,33
558,91	2210,33
559,117	2170,33
559,325	2187,33
559,532	2200,33
559,74	2460,33
559,947	2294,33
560,154	2442,33
560,362	2321,33
560,569	2365,33
560,776	2303,33
560,984	2356,33
561,191	2324,33
561,398	2261,33
561,606	2720,33
561,813	2244,33
562,02	2018,33
562,227	2082,33
562,435	2201,33
562,642	2191,33
562,849	2364,33
563,056	2162,33
563,263	2149,33
563,471	2351,33
563,678	2265,33
563,885	2049,33
564,092	2166,33
564,299	2302,33
564,506	2389,33
564,713	2227,33
564,92	2314,33
565,127	2327,33
565,334	2245,33
565,541	2527,33
565,748	2316,33
565,955	2146,33
566,162	2192,33
566,369	2368,33
566,576	2367,33
566,783	2474,33
566,99	2388,33
567,196	2557,33
567,403	2438,33
567,61	2556,33
567,817	2407,33
568,024	2515,33
568,23	2600,33
568,437	2634,33
568,644	2633,33
568,851	2733,33
569,057	3099,33
569,264	3108,33
569,471	3009,33
569,677	3115,33
569,884	3154,33
570,091	3094,33
570,297	3827,33
570,504	3256,33
570,71	3327,33
570,917	3210,33
571,123	3129,33
571,33	3539,33
571,536	3438,33
571,743	3615,33
571,949	3068,33
572,156	2697,33
572,362	2973,33
572,569	2989,33
572,775	3143,33
572,982	3441,33
573,188	3370,33
573,394	3251,33
573,601	3296,33
573,807	3398,33
574,013	3787,33
574,22	3558,33
574,426	3216,33
574,632	3448,33
574,838	3343,33
575,045	3197,33
575,251	2959,33
575,457	2949,33
575,663	3095,33
575,869	3084,33
576,076	3191,33
576,282	3394,33
576,488	3447,33
576,694	3436,33
576,9	3249,33
577,106	3558,33
577,312	4059,33
577,518	4301,33
577,724	4130,33
577,93	3869,33
578,136	3383,33
578,342	3269,33
578,548	3127,33
578,754	2872,33
578,96	3248,33
579,166	3105,33
579,372	3576,33
579,578	3394,33
579,784	3539,33
579,989	3353,33
580,195	3419,33
580,401	3331,33
580,607	3360,33
580,813	3977,33
581,018	4525,33
581,224	5165,33
581,43	4909,33
581,636	4332,33
581,841	4563,33
582,047	4144,33
582,253	3806,33
582,458	3399,33
582,664	3038,33
582,869	3008,33
583,075	2722,33
583,281	3031,33
583,486	2745,33
583,692	2915,33
583,897	3244,33
584,103	3150,33
584,308	3281,33
584,514	3466,33
584,719	3821,33
584,925	3865,33
585,13	3667,33
585,335	3579,33
585,541	3458,33
585,746	3195,33
585,952	2882,33
586,157	2775,33
586,362	2841,33
586,568	2968,33
586,773	3358,33
586,978	3193,33
587,183	3276,33
587,389	3266,33
587,594	2905,33
587,799	2974,33
588,004	3016,33
588,21	2995,33
588,415	2526,33
588,62	2675,33
588,825	2541,33
589,03	2422,33
589,235	3109,33
589,44	2676,33
589,645	2399,33
589,85	2506,33
590,055	2647,33
590,26	2364,33
590,465	2343,33
590,67	2330,33
590,875	2364,33
591,08	2377,33
591,285	2244,33
591,49	2278,33
591,695	1902,33
591,9	2178,33
592,105	2381,33
592,31	2633,33
592,515	3139,33
592,719	2685,33
592,924	2505,33
593,129	2504,33
593,334	2553,33
593,539	2366,33
593,743	2326,33
593,948	2102,33
594,153	2071,33
594,357	2454,33
594,562	2314,33
594,767	2783,33
594,971	2248,33
595,176	2200,33
595,381	2259,33
595,585	2077,33
595,79	2319,33
595,994	1884,33
596,199	2352,33
596,403	1739,33
596,608	1968,33
596,812	2068,33
597,017	2380,33
597,221	2327,33
597,426	2135,33
597,63	1976,33
597,835	1889,33
598,039	1906,33
598,243	2262,33
598,448	2419,33
598,652	2314,33
598,856	2186,33
599,061	2186,33
599,265	2102,33
599,469	1979,33
599,673	2241,33
599,878	2294,33
600,082	2052,33
600,286	2544,33
600,49	1927,33
600,695	1923,33
600,899	2148,33
601,103	2107,33
601,307	2057,33
601,511	2026,33
601,715	1898,33
601,919	1796,33
602,123	2150,33
602,327	2098,33
602,531	2038,33
602,735	2185,33
602,939	2262,33
603,143	2089,33
603,347	2170,33
603,551	1988,33
603,755	2008,33
603,959	1935,33
604,163	1889,33
604,367	1876,33
604,571	1845,33
604,775	1999,33
604,978	2025,33
605,182	1897,33
605,386	2134,33
605,59	1988,33
605,793	2079,33
605,997	2102,33
606,201	1963,33
606,405	1972,33
606,608	1967,33
606,812	1995,33
607,016	2110,33
607,219	1863,33
607,423	1872,33
607,627	2059,33
607,83	1827,33
608,034	1759,33
608,237	2052,33
608,441	1761,33
608,644	1992,33
608,848	1911,33
609,051	1837,33
609,255	1737,33
609,458	1993,33
609,662	1966,33
609,865	1980,33
610,069	1773,33
610,272	1719,33
610,475	1793,33
610,679	1745,33
610,882	1783,33
611,085	1796,33
611,289	1935,33
611,492	1780,33
611,695	1786,33
611,898	1739,33
612,102	1817,33
612,305	1819,33
612,508	1860,33
612,711	1855,33
612,914	1769,33
613,118	1842,33
613,321	1831,33
613,524	1776,33
613,727	1738,33
613,93	1516,33
614,133	1859,33
614,336	1765,33
614,539	1757,33
614,742	1689,33
614,945	1704,33
615,148	2021,33
615,351	1615,33
615,554	1835,33
615,757	1737,33
615,96	1723,33
616,163	1702,33
616,366	1793,33
616,569	1601,33
616,772	1892,33
616,974	1736,33
617,177	2147,33
617,38	1704,33
617,583	1832,33
617,786	1700,33
617,988	1631,33
618,191	1835,33
618,394	1650,33
618,596	1553,33
618,799	1630,33
619,002	1718,33
619,204	1770,33
619,407	1729,33
619,61	1701,33
619,812	1725,33
620,015	1745,33
620,217	1817,33
620,42	1680,33
620,623	1611,33
620,825	1657,33
621,028	1826,33
621,23	1797,33
621,432	1777,33
621,635	1919,33
621,837	1794,33
622,04	1656,33
622,242	1663,33
622,445	1991,33
622,647	1799,33
622,849	1882,33
623,052	1593,33
623,254	1837,33
623,456	1596,33
623,658	1911,33
623,861	1811,33
624,063	1748,33
624,265	1826,33
624,467	1910,33
624,67	1620,33
624,872	1757,33
625,074	1845,33
625,276	1850,33
625,478	1805,33
625,68	1551,33
625,882	1587,33
626,084	1720,33
626,287	1865,33
626,489	1789,33
626,691	1697,33
626,893	1742,33
627,095	1779,33
627,297	1747,33
627,499	1701,33
627,7	1430,33
627,902	1584,33
628,104	1451,33
628,306	1520,33
628,508	1617,33
628,71	1599,33
628,912	1739,33
629,114	1915,33
629,315	1703,33
629,517	1424,33
629,719	1551,33
629,921	1610,33
630,122	1659,33
630,324	1575,33
630,526	1722,33
630,728	1674,33
630,929	1421,33
631,131	1556,33
631,332	1792,33
631,534	1670,33
631,736	1639,33
631,937	1469,33
632,139	1472,33
632,34	1741,33
632,542	1655,33
632,743	1594,33
632,945	1514,33
633,146	1607,33
633,348	1735,33
633,549	1618,33
633,751	1544,33
633,952	1865,33
634,154	1677,33
634,355	1522,33
634,556	1639,33
634,758	1489,33
634,959	1520,33
635,16	1649,33
635,362	1520,33
635,563	1597,33
635,764	1650,33
635,965	1591,33
636,167	1543,33
636,368	1524,33
636,569	1512,33
636,77	1677,33
636,971	1494,33
637,172	1602,33
637,374	1494,33
637,575	1678,33
637,776	1464,33
637,977	1407,33
638,178	1599,33
638,379	1570,33
638,58	1549,33
638,781	1369,33
638,982	1487,33
639,183	1274,33
639,384	1496,33
639,585	1413,33
639,786	1412,33
639,987	1404,33
640,187	1597,33
640,388	1576,33
640,589	1314,33
640,79	1459,33
640,991	1488,33
641,192	1673,33
641,392	1425,33
641,593	1450,33
641,794	1421,33
641,995	1409,33
642,195	1308,33
642,396	1597,33
642,597	1101,33
642,797	1467,33
642,998	1551,33
643,199	1412,33
643,399	1521,33
643,6	1319,33
643,8	1359,33
644,001	1452,33
644,202	1493,33
644,402	1397,33
644,603	1567,33
644,803	1384,33
645,004	1487,33
645,204	1310,33
645,404	1476,33
645,605	1746,33
645,805	1359,33
646,006	1378,33
646,206	1805,33
646,406	1319,33
646,607	1304,33
646,807	1146,33
647,007	-81,67
647,208	0,33
647,408	-53,67
647,608	231,33
