200,697	1002,17
200,927	-12,83
201,158	117,17
201,388	5,17
201,618	1551,17
201,849	1401,17
202,079	1680,17
202,309	1614,17
202,539	1790,17
202,77	1490,17
203	1753,17
203,23	1703,17
203,46	1536,17
203,691	1680,17
203,921	1674,17
204,151	1580,17
204,381	1623,17
204,611	1705,17
204,841	1566,17
205,071	1618,17
205,302	1771,17
205,532	1721,17
205,762	3926,17
205,992	1600,17
206,222	1676,17
206,452	1722,17
206,682	1595,17
206,912	1717,17
207,142	1722,17
207,372	1667,17
207,602	1517,17
207,832	1640,17
208,062	1766,17
208,292	1683,17
208,522	1559,17
208,752	1658,17
208,982	1588,17
209,212	1781,17
209,442	1631,17
209,672	1615,17
209,902	1622,17
210,131	1765,17
210,361	1564,17
210,591	1703,17
210,821	1449,17
211,051	1758,17
211,281	1692,17
211,51	1656,17
211,74	1747,17
211,97	1640,17
212,2	1696,17
212,429	1745,17
212,659	1654,17
212,889	1712,17
213,119	1491,17
213,348	1407,17
213,578	1826,17
213,808	1715,17
214,037	1796,17
214,267	1709,17
214,497	1726,17
214,726	1507,17
214,956	1645,17
215,186	1627,17
215,415	1676,17
215,645	1673,17
215,874	1765,17
216,104	1607,17
216,333	1627,17
216,563	1649,17
216,792	1748,17
217,022	1761,17
217,251	1686,17
217,481	1568,17
217,71	1641,17
217,94	1708,17
218,169	1694,17
218,399	1716,17
218,628	1647,17
218,858	1810,17
219,087	1763,17
219,316	1728,17
219,546	1704,17
219,775	1819,17
220,004	1847,17
220,234	1520,17
220,463	1776,17
220,692	1700,17
220,922	1701,17
221,151	1779,17
221,38	1674,17
221,61	2109,17
221,839	1996,17
222,068	1711,17
222,297	1842,17
222,526	1770,17
222,756	1814,17
222,985	1881,17
223,214	1744,17
223,443	1709,17
223,672	2229,17
223,902	1648,17
224,131	1756,17
224,36	1939,17
224,589	1625,17
224,818	1639,17
225,047	1849,17
225,276	1690,17
225,505	1994,17
225,734	1747,17
225,963	1667,17
226,192	1721,17
226,421	1718,17
226,65	1719,17
226,879	1828,17
227,108	1852,17
227,337	1866,17
227,566	1917,17
227,795	1689,17
228,024	1790,17
228,253	1757,17
228,482	1641,17
228,711	1889,17
228,94	1306,17
229,168	1668,17
229,397	1749,17
229,626	1812,17
229,855	1745,17
230,084	1707,17
230,313	1693,17
230,541	1944,17
230,77	1805,17
230,999	1637,17
231,228	2061,17
231,456	1944,17
231,685	1832,17
231,914	1949,17
232,143	1789,17
232,371	1810,17
232,6	1843,17
232,829	1834,17
233,057	1976,17
233,286	1865,17
233,515	1894,17
233,743	1892,17
233,972	1746,17
234,2	1759,17
234,429	1920,17
234,658	1854,17
234,886	1858,17
235,115	1788,17
235,343	1935,17
235,572	1835,17
235,8	2020,17
236,029	2256,17
236,257	1885,17
236,486	2027,17
236,714	2023,17
236,943	2093,17
237,171	1908,17
237,399	1980,17
237,628	2082,17
237,856	2118,17
238,085	2073,17
238,313	1952,17
238,541	1783,17
238,77	2396,17
238,998	1950,17
239,226	2128,17
239,455	1996,17
239,683	2128,17
239,911	2001,17
240,14	2217,17
240,368	2227,17
240,596	2063,17
240,824	2176,17
241,053	2074,17
241,281	2103,17
241,509	2108,17
241,737	2070,17
241,965	2030,17
242,193	2054,17
242,422	2112,17
242,65	2109,17
242,878	2155,17
243,106	2170,17
243,334	2207,17
243,562	1960,17
243,79	2301,17
244,018	2201,17
244,246	2361,17
244,474	2240,17
244,702	2215,17
244,93	2287,17
245,158	2297,17
245,386	2222,17
245,614	2308,17
245,842	2416,17
246,07	2242,17
246,298	2487,17
246,526	2847,17
246,754	2249,17
246,982	2370,17
247,21	2380,17
247,438	2343,17
247,666	2375,17
247,893	2329,17
248,121	2531,17
248,349	2199,17
248,577	2446,17
248,805	2550,17
249,033	2356,17
249,26	2494,17
249,488	2356,17
249,716	2463,17
249,944	2383,17
250,171	2332,17
250,399	2408,17
250,627	2561,17
250,854	2463,17
251,082	2346,17
251,31	2500,17
251,537	2481,17
251,765	2733,17
251,993	2372,17
252,22	2733,17
252,448	2419,17
252,676	2592,17
252,903	2591,17
253,131	2819,17
253,358	2474,17
253,586	2611,17
253,813	2094,17
254,041	2630,17
254,268	2635,17
254,496	2459,17
254,723	2589,17
254,951	2544,17
255,178	2561,17
255,406	2567,17
255,633	2593,17
255,86	2760,17
256,088	2608,17
256,315	2528,17
256,543	2739,17
256,77	2690,17
256,997	2631,17
257,225	2708,17
257,452	2485,17
257,679	2394,17
257,907	2790,17
258,134	2533,17
258,361	2740,17
258,588	2652,17
258,816	2692,17
259,043	2614,17
259,27	2690,17
259,497	2696,17
259,725	2620,17
259,952	2721,17
260,179	2503,17
260,406	2646,17
260,633	2685,17
260,86	2758,17
261,088	2672,17
261,315	2984,17
261,542	2585,17
261,769	2647,17
261,996	3052,17
262,223	2823,17
262,45	2766,17
262,677	2691,17
262,904	2682,17
263,131	2758,17
263,358	2743,17
263,585	2705,17
263,812	3073,17
264,039	2905,17
264,266	2729,17
264,493	2737,17
264,72	2733,17
264,947	2791,17
265,174	3020,17
265,401	2864,17
265,627	2955,17
265,854	2790,17
266,081	2817,17
266,308	2807,17
266,535	2722,17
266,762	2711,17
266,988	2880,17
267,215	2856,17
267,442	2770,17
267,669	2878,17
267,896	2788,17
268,122	2864,17
268,349	2838,17
268,576	2543,17
268,802	2718,17
269,029	2725,17
269,256	2853,17
269,482	2735,17
269,709	2686,17
269,936	2711,17
270,162	2922,17
270,389	2771,17
270,616	2835,17
270,842	2900,17
271,069	2878,17
271,295	2868,17
271,522	2705,17
271,748	2852,17
271,975	2860,17
272,201	2827,17
272,428	2906,17
272,654	2628,17
272,881	3091,17
273,107	2788,17
273,334	2825,17
273,56	2992,17
273,787	2838,17
274,013	2838,17
274,239	3146,17
274,466	2908,17
274,692	2819,17
274,918	2842,17
275,145	2888,17
275,371	2854,17
275,597	3057,17
275,824	3017,17
276,05	2951,17
276,276	2959,17
276,503	2835,17
276,729	3037,17
276,955	2822,17
277,181	2958,17
277,407	2927,17
277,634	3004,17
277,86	2970,17
278,086	2992,17
278,312	2917,17
278,538	2857,17
278,764	2899,17
278,991	3038,17
279,217	2861,17
279,443	2876,17
279,669	2938,17
279,895	2992,17
280,121	2917,17
280,347	2831,17
280,573	2869,17
280,799	2993,17
281,025	3176,17
281,251	2781,17
281,477	3001,17
281,703	2984,17
281,929	3101,17
282,155	3201,17
282,381	3151,17
282,607	3105,17
282,833	3146,17
283,059	3161,17
283,285	3065,17
283,51	3097,17
283,736	2958,17
283,962	3124,17
284,188	3109,17
284,414	3091,17
284,64	3156,17
284,865	3178,17
285,091	3165,17
285,317	3191,17
285,543	3312,17
285,768	3297,17
285,994	3396,17
286,22	3464,17
286,446	3289,17
286,671	3128,17
286,897	3327,17
287,123	3160,17
287,348	3157,17
287,574	3735,17
287,799	3309,17
288,025	3204,17
288,251	3440,17
288,476	3214,17
288,702	3282,17
288,927	3278,17
289,153	3254,17
289,378	3525,17
289,604	3336,17
289,829	3287,17
290,055	3196,17
290,28	3295,17
290,506	3304,17
290,731	3100,17
290,957	3511,17
291,182	3546,17
291,408	3570,17
291,633	3350,17
291,858	3297,17
292,084	3453,17
292,309	3332,17
292,535	3374,17
292,76	3525,17
292,985	3444,17
293,211	3365,17
293,436	3236,17
293,661	3252,17
293,886	3320,17
294,112	3418,17
294,337	3444,17
294,562	3252,17
294,787	3468,17
295,013	3302,17
295,238	3401,17
295,463	3209,17
295,688	3493,17
295,913	3421,17
296,138	3460,17
296,364	3305,17
296,589	3380,17
296,814	3269,17
297,039	3329,17
297,264	3441,17
297,489	3448,17
297,714	3360,17
297,939	3270,17
298,164	3324,17
298,389	3470,17
298,614	3348,17
298,839	3387,17
299,064	3534,17
299,289	3449,17
299,514	3554,17
299,739	3465,17
299,964	3350,17
300,189	3491,17
300,414	3649,17
300,639	3844,17
300,863	3548,17
301,088	3827,17
301,313	3542,17
301,538	3493,17
301,763	3499,17
301,988	3511,17
302,212	3617,17
302,437	4011,17
302,662	3430,17
302,887	3535,17
303,111	3559,17
303,336	3695,17
303,561	3590,17
303,786	3492,17
304,01	3533,17
304,235	3765,17
304,46	3360,17
304,684	3510,17
304,909	3573,17
305,134	3403,17
305,358	3516,17
305,583	3471,17
305,807	3667,17
306,032	3248,17
306,256	3472,17
306,481	3386,17
306,706	3342,17
306,93	3373,17
307,155	3706,17
307,379	3420,17
307,604	3385,17
307,828	3411,17
308,052	3582,17
308,277	3505,17
308,501	3491,17
308,726	3578,17
308,95	3511,17
309,175	3434,17
309,399	3507,17
309,623	3507,17
309,848	3390,17
310,072	3294,17
310,296	3648,17
310,521	3436,17
310,745	3347,17
310,969	3717,17
311,193	3536,17
311,418	3483,17
311,642	3458,17
311,866	3541,17
312,09	3422,17
312,315	3520,17
312,539	3440,17
312,763	3346,17
312,987	3469,17
313,211	3366,17
313,435	3555,17
313,659	3372,17
313,884	3629,17
314,108	3551,17
314,332	3511,17
314,556	3316,17
314,78	3602,17
315,004	3478,17
315,228	3576,17
315,452	3482,17
315,676	3479,17
315,9	3436,17
316,124	3191,17
316,348	3384,17
316,572	3431,17
316,796	3528,17
317,02	3339,17
317,244	3395,17
317,468	3211,17
317,691	3539,17
317,915	3404,17
318,139	3289,17
318,363	3770,17
318,587	3169,17
318,811	3178,17
319,034	2942,17
319,258	3662,17
319,482	3502,17
319,706	3530,17
319,93	3346,17
320,153	3223,17
320,377	3416,17
320,601	3232,17
320,824	3172,17
321,048	3491,17
321,272	3390,17
321,495	3372,17
321,719	3422,17
321,943	3336,17
322,166	3313,17
322,39	3393,17
322,614	3376,17
322,837	3596,17
323,061	3173,17
323,284	3414,17
323,508	3232,17
323,731	3227,17
323,955	3345,17
324,178	3299,17
324,402	3423,17
324,625	3254,17
324,849	3188,17
325,072	3378,17
325,296	3369,17
325,519	3236,17
325,743	3254,17
325,966	3485,17
326,189	3389,17
326,413	3334,17
326,636	3609,17
326,859	3325,17
327,083	3536,17
327,306	3155,17
327,529	3191,17
327,753	3092,17
327,976	3232,17
328,199	3314,17
328,422	3356,17
328,646	3185,17
328,869	3238,17
329,092	3372,17
329,315	3418,17
329,538	3204,17
329,762	3307,17
329,985	3238,17
330,208	3257,17
330,431	3250,17
330,654	3408,17
330,877	3235,17
331,1	3338,17
331,323	3202,17
331,546	3458,17
331,769	3357,17
331,993	3139,17
332,216	3358,17
332,439	3363,17
332,662	3321,17
332,885	3379,17
333,107	3131,17
333,33	3126,17
333,553	3431,17
333,776	3110,17
333,999	3295,17
334,222	3148,17
334,445	3187,17
334,668	3197,17
334,891	3321,17
335,114	3081,17
335,336	3266,17
335,559	3252,17
335,782	3477,17
336,005	3128,17
336,228	3217,17
336,45	3130,17
336,673	3153,17
336,896	3232,17
337,119	3092,17
337,341	3245,17
337,564	3206,17
337,787	3572,17
338,009	3141,17
338,232	3319,17
338,455	3210,17
338,677	3191,17
338,9	3190,17
339,122	3229,17
339,345	2975,17
339,568	3062,17
339,79	3139,17
340,013	3284,17
340,235	3246,17
340,458	3034,17
340,68	3291,17
340,903	3059,17
341,125	3124,17
341,348	3039,17
341,57	3053,17
341,793	3241,17
342,015	2944,17
342,238	3067,17
342,46	3113,17
342,682	3206,17
342,905	3028,17
343,127	3085,17
343,349	3040,17
343,572	3127,17
343,794	2913,17
344,016	3050,17
344,239	3120,17
344,461	2945,17
344,683	2996,17
344,905	2999,17
345,128	2934,17
345,35	3102,17
345,572	3148,17
345,794	3254,17
346,017	3033,17
346,239	3012,17
346,461	3299,17
346,683	3036,17
346,905	3188,17
347,127	2963,17
347,349	3054,17
347,571	3003,17
347,793	3267,17
348,016	3068,17
348,238	3070,17
348,46	3031,17
348,682	2966,17
348,904	3136,17
349,126	3150,17
349,348	3128,17
349,57	3045,17
349,792	2994,17
350,014	3159,17
350,235	3052,17
350,457	3475,17
350,679	3167,17
350,901	2941,17
351,123	2999,17
351,345	3032,17
351,567	3139,17
351,789	3103,17
352,01	3098,17
352,232	3062,17
352,454	2954,17
352,676	3074,17
352,897	2982,17
353,119	2946,17
353,341	2921,17
353,563	2908,17
353,784	2832,17
354,006	2918,17
354,228	2948,17
354,449	2850,17
354,671	3134,17
354,893	3188,17
355,114	3066,17
355,336	2975,17
355,558	3089,17
355,779	2921,17
356,001	3123,17
356,222	3085,17
356,444	2998,17
356,665	3710,17
356,887	2831,17
357,108	2920,17
357,33	2922,17
357,551	3092,17
357,773	3049,17
357,994	2970,17
358,216	2891,17
358,437	3146,17
358,659	3108,17
358,88	3009,17
359,101	3111,17
359,323	3072,17
359,544	2932,17
359,765	2771,17
359,987	2936,17
360,208	3012,17
360,429	2977,17
360,651	2985,17
360,872	3183,17
361,093	3022,17
361,314	2995,17
361,536	2944,17
361,757	2976,17
361,978	2920,17
362,199	2807,17
362,42	2836,17
362,642	2911,17
362,863	3123,17
363,084	2940,17
363,305	3060,17
363,526	3034,17
363,747	2867,17
363,968	2893,17
364,189	3074,17
364,41	2874,17
364,631	2796,17
364,852	3158,17
365,073	2919,17
365,294	3066,17
365,515	2612,17
365,736	2991,17
365,957	3014,17
366,178	3091,17
366,399	2990,17
366,62	3041,17
366,841	3152,17
367,062	3008,17
367,283	2985,17
367,504	2954,17
367,724	2974,17
367,945	2876,17
368,166	3047,17
368,387	2964,17
368,608	3043,17
368,828	3202,17
369,049	2826,17
369,27	2872,17
369,491	2913,17
369,711	3021,17
369,932	3025,17
370,153	3021,17
370,373	2998,17
370,594	3098,17
370,815	3038,17
371,035	3113,17
371,256	2810,17
371,477	2896,17
371,697	2976,17
371,918	2817,17
372,138	3021,17
372,359	3123,17
372,579	2856,17
372,8	2921,17
373,02	2981,17
373,241	2961,17
373,461	2962,17
373,682	2981,17
373,902	2913,17
374,123	2788,17
374,343	3086,17
374,564	2883,17
374,784	3182,17
375,004	3064,17
375,225	2863,17
375,445	2905,17
375,666	3140,17
375,886	2797,17
376,106	2852,17
376,326	2926,17
376,547	3159,17
376,767	3016,17
376,987	2946,17
377,208	2994,17
377,428	2902,17
377,648	3002,17
377,868	3153,17
378,088	3139,17
378,309	3219,17
378,529	3216,17
378,749	3237,17
378,969	2854,17
379,189	3131,17
379,409	3021,17
379,629	3024,17
379,849	3090,17
380,069	3006,17
380,29	2969,17
380,51	3019,17
380,73	3000,17
380,95	3215,17
381,17	3033,17
381,39	2883,17
381,61	2866,17
381,829	2977,17
382,049	3018,17
382,269	2969,17
382,489	3085,17
382,709	3031,17
382,929	3104,17
383,149	2927,17
383,369	3350,17
383,589	2986,17
383,808	2932,17
384,028	2863,17
384,248	3024,17
384,468	3115,17
384,688	2963,17
384,907	2954,17
385,127	3081,17
385,347	3173,17
385,567	3038,17
385,786	3225,17
386,006	3038,17
386,226	3133,17
386,445	3096,17
386,665	3166,17
386,885	3207,17
387,104	3235,17
387,324	3150,17
387,543	3192,17
387,763	3154,17
387,982	3254,17
388,202	3264,17
388,422	3167,17
388,641	3144,17
388,861	3167,17
389,08	3296,17
389,3	3136,17
389,519	3357,17
389,738	3230,17
389,958	3267,17
390,177	3167,17
390,397	3305,17
390,616	3274,17
390,836	3357,17
391,055	3264,17
391,274	3336,17
391,494	3306,17
391,713	3275,17
391,932	3433,17
392,151	3461,17
392,371	3341,17
392,59	3394,17
392,809	3296,17
393,029	3474,17
393,248	3407,17
393,467	3183,17
393,686	3243,17
393,905	4379,17
394,124	3153,17
394,344	3410,17
394,563	3386,17
394,782	3237,17
395,001	3433,17
395,22	3300,17
395,439	3387,17
395,658	3226,17
395,877	3408,17
396,096	3216,17
396,315	3528,17
396,534	3347,17
396,753	3457,17
396,972	3344,17
397,191	3622,17
397,41	3522,17
397,629	3533,17
397,848	3496,17
398,067	3604,17
398,286	3470,17
398,505	3472,17
398,724	3479,17
398,943	4046,17
399,161	3228,17
399,38	3417,17
399,599	3443,17
399,818	3285,17
400,037	3462,17
400,255	3392,17
400,474	3240,17
400,693	3376,17
400,912	3522,17
401,13	3239,17
401,349	3126,17
401,568	3208,17
401,786	3283,17
402,005	3532,17
402,224	3074,17
402,442	3222,17
402,661	3237,17
402,88	2996,17
403,098	3160,17
403,317	3152,17
403,535	3214,17
403,754	3067,17
403,972	3173,17
404,191	3241,17
404,409	3209,17
404,628	3955,17
404,846	3251,17
405,065	3390,17
405,283	3202,17
405,502	3154,17
405,72	3245,17
405,938	3088,17
406,157	3047,17
406,375	3016,17
406,594	3153,17
406,812	3175,17
407,03	3033,17
407,249	2849,17
407,467	3157,17
407,685	3228,17
407,903	3001,17
408,122	3328,17
408,34	3144,17
408,558	3120,17
408,776	3098,17
408,995	3038,17
409,213	3250,17
409,431	3229,17
409,649	3125,17
409,867	3076,17
410,085	3108,17
410,303	3067,17
410,522	3246,17
410,74	3005,17
410,958	2976,17
411,176	3011,17
411,394	3091,17
411,612	3011,17
411,83	3239,17
412,048	3218,17
412,266	3029,17
412,484	3098,17
412,702	3237,17
412,92	2913,17
413,138	3123,17
413,356	3038,17
413,573	3125,17
413,791	3301,17
414,009	3082,17
414,227	3143,17
414,445	2936,17
414,663	2990,17
414,881	2998,17
415,098	2875,17
415,316	2868,17
415,534	3323,17
415,752	2881,17
415,969	3065,17
416,187	2843,17
416,405	2848,17
416,623	2996,17
416,84	2790,17
417,058	2956,17
417,276	3013,17
417,493	2912,17
417,711	2981,17
417,928	2991,17
418,146	2925,17
418,364	3039,17
418,581	2908,17
418,799	2803,17
419,016	2818,17
419,234	2855,17
419,451	3596,17
419,669	2847,17
419,886	2904,17
420,104	3046,17
420,321	2935,17
420,539	2998,17
420,756	3142,17
420,974	3022,17
421,191	3170,17
421,408	3144,17
421,626	3092,17
421,843	2976,17
422,06	2935,17
422,278	2933,17
422,495	3028,17
422,712	2935,17
422,93	3039,17
423,147	3095,17
423,364	2730,17
423,581	2943,17
423,799	2852,17
424,016	2894,17
424,233	2969,17
424,45	2852,17
424,667	2866,17
424,884	2775,17
425,102	2912,17
425,319	2678,17
425,536	2763,17
425,753	2926,17
425,97	2758,17
426,187	2862,17
426,404	2733,17
426,621	3057,17
426,838	2947,17
427,055	2888,17
427,272	2906,17
427,489	2796,17
427,706	2700,17
427,923	2725,17
428,14	2782,17
428,357	3071,17
428,574	2822,17
428,791	2871,17
429,008	3068,17
429,224	2765,17
429,441	2891,17
429,658	2897,17
429,875	3168,17
430,092	3151,17
430,308	2903,17
430,525	2926,17
430,742	2868,17
430,959	2890,17
431,175	2810,17
431,392	2619,17
431,609	2809,17
431,826	2685,17
432,042	2585,17
432,259	2712,17
432,476	3006,17
432,692	2621,17
432,909	2734,17
433,125	2814,17
433,342	2754,17
433,559	2932,17
433,775	2741,17
433,992	2606,17
434,208	2534,17
434,425	2677,17
434,641	2840,17
434,858	2954,17
435,074	2729,17
435,291	2726,17
435,507	2689,17
435,723	2676,17
435,94	2699,17
436,156	2793,17
436,373	2916,17
436,589	2622,17
436,805	2835,17
437,022	2715,17
437,238	2653,17
437,454	2743,17
437,671	2604,17
437,887	2752,17
438,103	2488,17
438,319	2724,17
438,536	2630,17
438,752	2784,17
438,968	2731,17
439,184	2808,17
439,4	2532,17
439,616	2614,17
439,833	2793,17
440,049	2658,17
440,265	2935,17
440,481	2823,17
440,697	2821,17
440,913	2954,17
441,129	2933,17
441,345	2935,17
441,561	2934,17
441,777	2812,17
441,993	2823,17
442,209	2647,17
442,425	2874,17
442,641	2805,17
442,857	2842,17
443,073	2915,17
443,289	2879,17
443,505	2876,17
443,721	2943,17
443,937	2900,17
444,152	2701,17
444,368	2794,17
444,584	2745,17
444,8	2914,17
445,016	2808,17
445,231	2722,17
445,447	2973,17
445,663	2834,17
445,879	2722,17
446,094	2973,17
446,31	2946,17
446,526	2710,17
446,742	2752,17
446,957	2760,17
447,173	2994,17
447,388	2839,17
447,604	2940,17
447,82	2795,17
448,035	2832,17
448,251	2620,17
448,466	2894,17
448,682	2663,17
448,897	2681,17
449,113	2828,17
449,328	2819,17
449,544	2483,17
449,759	3056,17
449,975	2613,17
450,19	2689,17
450,406	2614,17
450,621	2672,17
450,836	2642,17
451,052	2651,17
451,267	2644,17
451,483	2621,17
451,698	2476,17
451,913	2713,17
452,129	2639,17
452,344	2565,17
452,559	2740,17
452,774	2597,17
452,99	2527,17
453,205	2592,17
453,42	2716,17
453,635	2680,17
453,85	2518,17
454,066	2642,17
454,281	2606,17
454,496	2657,17
454,711	2668,17
454,926	2665,17
455,141	2546,17
455,356	2543,17
455,571	2516,17
455,786	2578,17
456,001	2592,17
456,217	2350,17
456,432	2511,17
456,647	2858,17
456,861	2667,17
457,076	2505,17
457,291	2502,17
457,506	2533,17
457,721	2581,17
457,936	2609,17
458,151	2569,17
458,366	2812,17
458,581	2563,17
458,796	2778,17
459,01	2580,17
459,225	2667,17
459,44	2480,17
459,655	2605,17
459,87	2460,17
460,084	2506,17
460,299	2504,17
460,514	2526,17
460,729	3014,17
460,943	2482,17
461,158	2303,17
461,373	2610,17
461,587	2436,17
461,802	2355,17
462,016	2629,17
462,231	2422,17
462,446	2562,17
462,66	2418,17
462,875	2501,17
463,089	2572,17
463,304	2537,17
463,518	2496,17
463,733	2677,17
463,947	2550,17
464,162	2528,17
464,376	2429,17
464,591	2769,17
464,805	2532,17
465,02	2751,17
465,234	2712,17
465,448	2803,17
465,663	2703,17
465,877	2639,17
466,091	2493,17
466,306	2830,17
466,52	2875,17
466,734	2500,17
466,949	2525,17
467,163	2605,17
467,377	2473,17
467,591	2622,17
467,806	2496,17
468,02	2339,17
468,234	2287,17
468,448	2571,17
468,662	2486,17
468,876	2745,17
469,091	2433,17
469,305	2542,17
469,519	2407,17
469,733	2462,17
469,947	2494,17
470,161	2562,17
470,375	2339,17
470,589	2640,17
470,803	2499,17
471,017	2481,17
471,231	2608,17
471,445	2443,17
471,659	2519,17
471,873	2591,17
472,087	2420,17
472,301	2656,17
472,515	2541,17
472,728	2524,17
472,942	2587,17
473,156	2670,17
473,37	2943,17
473,584	2643,17
473,798	2722,17
474,011	2635,17
474,225	2709,17
474,439	2737,17
474,653	2942,17
474,866	2836,17
475,08	2868,17
475,294	2995,17
475,507	2660,17
475,721	2836,17
475,935	2876,17
476,148	2720,17
476,362	2716,17
476,576	2796,17
476,789	2943,17
477,003	2861,17
477,216	2927,17
477,43	3029,17
477,643	3010,17
477,857	3062,17
478,07	3057,17
478,284	2983,17
478,497	2961,17
478,711	3022,17
478,924	3008,17
479,138	3020,17
479,351	3027,17
479,564	3103,17
479,778	3231,17
479,991	3066,17
480,204	3153,17
480,418	3271,17
480,631	3113,17
480,844	3330,17
481,058	3277,17
481,271	3374,17
481,484	3441,17
481,697	3281,17
481,911	3304,17
482,124	3336,17
482,337	3289,17
482,55	3286,17
482,763	3184,17
482,976	3440,17
483,19	3167,17
483,403	3340,17
483,616	3480,17
483,829	3483,17
484,042	3656,17
484,255	3572,17
484,468	3676,17
484,681	3638,17
484,894	4224,17
485,107	6532,17
485,32	8381,17
485,533	8278,17
485,746	7463,17
485,959	6288,17
486,172	5125,17
486,385	4192,17
486,598	4069,17
486,81	3838,17
487,023	3703,17
487,236	3881,17
487,449	3662,17
487,662	3535,17
487,875	3583,17
488,087	3642,17
488,3	3623,17
488,513	3401,17
488,726	3428,17
488,938	3642,17
489,151	3636,17
489,364	3671,17
489,576	3595,17
489,789	3587,17
490,002	3618,17
490,214	3604,17
490,427	3442,17
490,64	3571,17
490,852	3671,17
491,065	3421,17
491,277	3584,17
491,49	3665,17
491,702	3578,17
491,915	3690,17
492,127	3685,17
492,34	3859,17
492,552	3606,17
492,765	3726,17
492,977	4021,17
493,19	3590,17
493,402	3798,17
493,614	3750,17
493,827	3709,17
494,039	3656,17
494,251	3669,17
494,464	3620,17
494,676	3438,17
494,888	3482,17
495,101	3435,17
495,313	3573,17
495,525	3769,17
495,737	4102,17
495,95	3880,17
496,162	3935,17
496,374	3830,17
496,586	3692,17
496,798	3576,17
497,01	3682,17
497,222	3431,17
497,435	3618,17
497,647	3546,17
497,859	3541,17
498,071	3679,17
498,283	3631,17
498,495	3606,17
498,707	3893,17
498,919	3622,17
499,131	3891,17
499,343	3651,17
499,555	3717,17
499,767	3753,17
499,979	3451,17
500,191	3723,17
500,402	3562,17
500,614	3602,17
500,826	3873,17
501,038	3702,17
501,25	3610,17
501,462	3649,17
501,673	3724,17
501,885	3584,17
502,097	3996,17
502,309	3766,17
502,521	3791,17
502,732	3602,17
502,944	3707,17
503,156	3714,17
503,367	3424,17
503,579	3440,17
503,791	3698,17
504,002	3608,17
504,214	3684,17
504,425	3882,17
504,637	3661,17
504,849	3549,17
505,06	3643,17
505,272	3676,17
505,483	3524,17
505,695	3609,17
505,906	3535,17
506,118	3620,17
506,329	3509,17
506,541	3344,17
506,752	3518,17
506,963	3426,17
507,175	3323,17
507,386	3628,17
507,598	3579,17
507,809	3355,17
508,02	3504,17
508,232	3565,17
508,443	3350,17
508,654	3436,17
508,865	3510,17
509,077	3178,17
509,288	3022,17
509,499	3636,17
509,71	3292,17
509,922	3600,17
510,133	3259,17
510,344	3511,17
510,555	3392,17
510,766	3160,17
510,977	3314,17
511,188	3248,17
511,4	3284,17
511,611	3194,17
511,822	3298,17
512,033	3332,17
512,244	3373,17
512,455	3275,17
512,666	3304,17
512,877	3356,17
513,088	3208,17
513,299	3139,17
513,51	3305,17
513,721	3144,17
513,931	3200,17
514,142	3329,17
514,353	3325,17
514,564	3034,17
514,775	3099,17
514,986	3174,17
515,196	3309,17
515,407	3102,17
515,618	3106,17
515,829	3169,17
516,04	3184,17
516,25	3038,17
516,461	3044,17
516,672	3176,17
516,882	2970,17
517,093	3182,17
517,304	3023,17
517,514	3289,17
517,725	3123,17
517,936	3042,17
518,146	3185,17
518,357	3216,17
518,567	3157,17
518,778	3243,17
518,988	3107,17
519,199	3266,17
519,409	2960,17
519,62	3184,17
519,83	2994,17
520,041	3042,17
520,251	3048,17
520,462	3058,17
520,672	2943,17
520,882	3020,17
521,093	3042,17
521,303	3158,17
521,513	2963,17
521,724	4067,17
521,934	2810,17
522,144	2966,17
522,355	2965,17
522,565	2992,17
522,775	2849,17
522,985	2846,17
523,196	3021,17
523,406	2909,17
523,616	3047,17
523,826	2953,17
524,036	3885,17
524,246	2884,17
524,457	2787,17
524,667	2732,17
524,877	2901,17
525,087	2876,17
525,297	2998,17
525,507	3029,17
525,717	2734,17
525,927	2876,17
526,137	2983,17
526,347	2845,17
526,557	2820,17
526,767	2979,17
526,977	3032,17
527,187	2869,17
527,397	2734,17
527,607	2745,17
527,816	2813,17
528,026	2879,17
528,236	3007,17
528,446	3201,17
528,656	3028,17
528,865	3125,17
529,075	2869,17
529,285	2965,17
529,495	2884,17
529,704	2868,17
529,914	2847,17
530,124	2864,17
530,334	2714,17
530,543	2768,17
530,753	3058,17
530,963	3214,17
531,172	2822,17
531,382	2749,17
531,591	3050,17
531,801	2693,17
532,01	2816,17
532,22	2849,17
532,43	2884,17
532,639	3176,17
532,849	2919,17
533,058	2869,17
533,267	3069,17
533,477	2842,17
533,686	2773,17
533,896	2816,17
534,105	2788,17
534,315	2978,17
534,524	2823,17
534,733	2813,17
534,943	2971,17
535,152	2878,17
535,361	2637,17
535,57	2566,17
535,78	2745,17
535,989	2612,17
536,198	2542,17
536,407	2770,17
536,617	2733,17
536,826	2687,17
537,035	2809,17
537,244	2606,17
537,453	2509,17
537,662	2688,17
537,872	2907,17
538,081	2629,17
538,29	2671,17
538,499	2708,17
538,708	2702,17
538,917	2808,17
539,126	2830,17
539,335	2713,17
539,544	3214,17
539,753	2580,17
539,962	2710,17
540,171	2707,17
540,38	2875,17
540,589	2688,17
540,797	2889,17
541,006	2679,17
541,215	2593,17
541,424	2906,17
541,633	2697,17
541,842	2655,17
542,05	2840,17
542,259	2682,17
542,468	2822,17
542,677	2789,17
542,885	2631,17
543,094	2790,17
543,303	2639,17
543,512	2803,17
543,72	2684,17
543,929	2754,17
544,138	2665,17
544,346	2670,17
544,555	2662,17
544,763	2775,17
544,972	2668,17
545,18	2432,17
545,389	2627,17
545,598	2541,17
545,806	2720,17
546,015	2548,17
546,223	2581,17
546,431	2677,17
546,64	2500,17
546,848	2604,17
547,057	2686,17
547,265	2646,17
547,474	2720,17
547,682	2791,17
547,89	2709,17
548,099	2648,17
548,307	2528,17
548,515	2640,17
548,723	2545,17
548,932	2535,17
549,14	2562,17
549,348	2626,17
549,556	2425,17
549,765	2467,17
549,973	2438,17
550,181	2562,17
550,389	2548,17
550,597	2483,17
550,805	2346,17
551,014	2578,17
551,222	6572,17
551,43	2478,17
551,638	2670,17
551,846	2764,17
552,054	2767,17
552,262	2490,17
552,47	2504,17
552,678	2411,17
552,886	2460,17
553,094	2283,17
553,302	2498,17
553,51	2448,17
553,717	2614,17
553,925	2273,17
554,133	2695,17
554,341	2322,17
554,549	2494,17
554,757	2462,17
554,965	2446,17
555,172	2520,17
555,38	2775,17
555,588	2310,17
555,796	2602,17
556,003	2580,17
556,211	2285,17
556,419	2440,17
556,626	2412,17
556,834	2287,17
557,042	2392,17
557,249	2400,17
557,457	2365,17
557,664	2179,17
557,872	2272,17
558,08	2246,17
558,287	2389,17
558,495	2389,17
558,702	2179,17
558,91	2322,17
559,117	2250,17
559,325	2339,17
559,532	2365,17
559,74	2568,17
559,947	2362,17
560,154	2556,17
560,362	2330,17
560,569	2341,17
560,776	2344,17
560,984	2635,17
561,191	2374,17
561,398	2434,17
561,606	2765,17
561,813	2355,17
562,02	2035,17
562,227	2150,17
562,435	2109,17
562,642	2387,17
562,849	2336,17
563,056	2284,17
563,263	2213,17
563,471	2366,17
563,678	2224,17
563,885	2157,17
564,092	2266,17
564,299	2443,17
564,506	2366,17
564,713	2274,17
564,92	2247,17
565,127	2322,17
565,334	2290,17
565,541	2509,17
565,748	2318,17
565,955	2176,17
566,162	2203,17
566,369	2392,17
566,576	2431,17
566,783	2519,17
566,99	2366,17
567,196	2420,17
567,403	2385,17
567,61	2527,17
567,817	2398,17
568,024	2432,17
568,23	2496,17
568,437	2483,17
568,644	2464,17
568,851	2565,17
569,057	3033,17
569,264	2923,17
569,471	2771,17
569,677	2682,17
569,884	2710,17
570,091	2809,17
570,297	3645,17
570,504	2964,17
570,71	2878,17
570,917	2794,17
571,123	2674,17
571,33	2984,17
571,536	2805,17
571,743	2782,17
571,949	2514,17
572,156	2528,17
572,362	2654,17
572,569	2600,17
572,775	2827,17
572,982	2967,17
573,188	2810,17
573,394	2723,17
573,601	2811,17
573,807	2738,17
574,013	2980,17
574,22	2932,17
574,426	2637,17
574,632	2833,17
574,838	2676,17
575,045	2569,17
575,251	2538,17
575,457	2484,17
575,663	2700,17
575,869	2681,17
576,076	2632,17
576,282	2768,17
576,488	2692,17
576,694	2664,17
576,9	2611,17
577,106	2950,17
577,312	3143,17
577,518	3143,17
577,724	2916,17
577,93	2759,17
578,136	2428,17
578,342	2547,17
578,548	2368,17
578,754	2407,17
578,96	2636,17
579,166	2614,17
579,372	2866,17
579,578	2704,17
579,784	2972,17
579,989	2592,17
580,195	2510,17
580,401	2499,17
580,607	2725,17
580,813	3477,17
581,018	3587,17
581,224	3146,17
581,43	3049,17
581,636	3007,17
581,841	2965,17
582,047	2687,17
582,253	2563,17
582,458	2457,17
582,664	2415,17
582,869	2244,17
583,075	2110,17
583,281	2536,17
583,486	2511,17
583,692	2348,17
583,897	2560,17
584,103	2453,17
584,308	2556,17
584,514	2623,17
584,719	2766,17
584,925	2599,17
585,13	2510,17
585,335	2505,17
585,541	2362,17
585,746	2272,17
585,952	2156,17
586,157	2152,17
586,362	2252,17
586,568	2232,17
586,773	2715,17
586,978	2286,17
587,183	2371,17
587,389	2374,17
587,594	2134,17
587,799	2210,17
588,004	2361,17
588,21	2293,17
588,415	1967,17
588,62	2082,17
588,825	2159,17
589,03	2062,17
589,235	2523,17
589,44	2180,17
589,645	2011,17
589,85	2125,17
590,055	2248,17
590,26	2007,17
590,465	2040,17
590,67	2001,17
590,875	2201,17
591,08	2009,17
591,285	2047,17
591,49	2027,17
591,695	1875,17
591,9	1959,17
592,105	2023,17
592,31	2084,17
592,515	2364,17
592,719	1958,17
592,924	1917,17
593,129	2062,17
593,334	2062,17
593,539	1906,17
593,743	2014,17
593,948	1926,17
594,153	1889,17
594,357	2205,17
594,562	1972,17
594,767	2377,17
594,971	1833,17
595,176	1912,17
595,381	1870,17
595,585	1888,17
595,79	2118,17
595,994	1789,17
596,199	2338,17
596,403	1625,17
596,608	1783,17
596,812	1932,17
597,017	1896,17
597,221	2128,17
597,426	2027,17
597,63	1805,17
597,835	1781,17
598,039	1819,17
598,243	1804,17
598,448	2186,17
598,652	1971,17
598,856	1881,17
599,061	1977,17
599,265	1853,17
599,469	1823,17
599,673	2114,17
599,878	1889,17
600,082	1847,17
600,286	2278,17
600,49	1908,17
600,695	1754,17
600,899	1869,17
601,103	1878,17
601,307	1988,17
601,511	1872,17
601,715	1729,17
601,919	1713,17
602,123	2006,17
602,327	1858,17
602,531	1823,17
602,735	2028,17
602,939	2035,17
603,143	1796,17
603,347	1924,17
603,551	1881,17
603,755	1838,17
603,959	1738,17
604,163	1903,17
604,367	1833,17
604,571	1792,17
604,775	1948,17
604,978	1828,17
605,182	1736,17
605,386	1785,17
605,59	1852,17
605,793	1790,17
605,997	1899,17
606,201	1889,17
606,405	1864,17
606,608	1933,17
606,812	1909,17
607,016	1932,17
607,219	1742,17
607,423	1741,17
607,627	1971,17
607,83	1821,17
608,034	1724,17
608,237	1822,17
608,441	1738,17
608,644	1928,17
608,848	1739,17
609,051	1761,17
609,255	1723,17
609,458	1934,17
609,662	1759,17
609,865	1810,17
610,069	1703,17
610,272	1664,17
610,475	1712,17
610,679	1760,17
610,882	1796,17
611,085	1799,17
611,289	1901,17
611,492	1776,17
611,695	1716,17
611,898	1742,17
612,102	1882,17
612,305	1873,17
612,508	1771,17
612,711	1944,17
612,914	1808,17
613,118	1742,17
613,321	1887,17
613,524	1662,17
613,727	1765,17
613,93	1715,17
614,133	1762,17
614,336	1850,17
614,539	1756,17
614,742	1748,17
614,945	1715,17
615,148	1894,17
615,351	1802,17
615,554	1913,17
615,757	1684,17
615,96	1790,17
616,163	1672,17
616,366	1856,17
616,569	1881,17
616,772	1944,17
616,974	1797,17
617,177	2100,17
617,38	1808,17
617,583	1895,17
617,786	1690,17
617,988	1608,17
618,191	1850,17
618,394	1706,17
618,596	1582,17
618,799	1667,17
619,002	1762,17
619,204	1788,17
619,407	1766,17
619,61	1656,17
619,812	1752,17
620,015	1696,17
620,217	1966,17
620,42	1742,17
620,623	1892,17
620,825	1909,17
621,028	1978,17
621,23	1896,17
621,432	1860,17
621,635	1900,17
621,837	1806,17
622,04	1691,17
622,242	1749,17
622,445	2046,17
622,647	1856,17
622,849	1871,17
623,052	1637,17
623,254	1831,17
623,456	1595,17
623,658	1882,17
623,861	1895,17
624,063	1723,17
624,265	1798,17
624,467	1850,17
624,67	1670,17
624,872	1878,17
625,074	1900,17
625,276	1904,17
625,478	1822,17
625,68	1626,17
625,882	1666,17
626,084	1746,17
626,287	1874,17
626,489	1834,17
626,691	1853,17
626,893	1794,17
627,095	1786,17
627,297	1803,17
627,499	1732,17
627,7	1523,17
627,902	1595,17
628,104	1539,17
628,306	1661,17
628,508	1702,17
628,71	1718,17
628,912	1784,17
629,114	1845,17
629,315	1686,17
629,517	1613,17
629,719	1663,17
629,921	1743,17
630,122	1784,17
630,324	1684,17
630,526	1845,17
630,728	1752,17
630,929	1626,17
631,131	1619,17
631,332	1953,17
631,534	1937,17
631,736	1781,17
631,937	1510,17
632,139	1841,17
632,34	1713,17
632,542	1836,17
632,743	1712,17
632,945	1608,17
633,146	1771,17
633,348	1860,17
633,549	1734,17
633,751	1649,17
633,952	1821,17
634,154	1782,17
634,355	1588,17
634,556	1823,17
634,758	1697,17
634,959	1626,17
635,16	1799,17
635,362	1646,17
635,563	1782,17
635,764	1735,17
635,965	1734,17
636,167	1709,17
636,368	1702,17
636,569	1623,17
636,77	1852,17
636,971	1655,17
637,172	1800,17
637,374	1623,17
637,575	2180,17
637,776	1544,17
637,977	1615,17
638,178	1779,17
638,379	1717,17
638,58	1795,17
638,781	1574,17
638,982	1698,17
639,183	1696,17
639,384	1642,17
639,585	1702,17
639,786	1602,17
639,987	1636,17
640,187	1902,17
640,388	1764,17
640,589	1568,17
640,79	1627,17
640,991	1721,17
641,192	1875,17
641,392	1577,17
641,593	1611,17
641,794	1393,17
641,995	1623,17
642,195	1471,17
642,396	1745,17
642,597	1501,17
642,797	1628,17
642,998	1734,17
643,199	1547,17
643,399	1754,17
643,6	1608,17
643,8	1540,17
644,001	1636,17
644,202	1671,17
644,402	1672,17
644,603	1791,17
644,803	1599,17
645,004	1682,17
645,204	1552,17
645,404	1651,17
645,605	1971,17
645,805	1596,17
646,006	1435,17
646,206	2071,17
646,406	1630,17
646,607	1470,17
646,807	1413,17
647,007	-39,83
647,208	-13,83
647,408	-18,83
647,608	-49,83
