200,697	792,5
200,927	8,5
201,158	10,5
201,388	8,5
201,618	1578,5
201,849	1438,5
202,079	1628,5
202,309	1515,5
202,539	1688,5
202,77	1587,5
203	1716,5
203,23	1614,5
203,46	1610,5
203,691	1703,5
203,921	1719,5
204,151	1688,5
204,381	1597,5
204,611	1708,5
204,841	1551,5
205,071	1627,5
205,302	1752,5
205,532	1727,5
205,762	3919,5
205,992	1571,5
206,222	1586,5
206,452	1681,5
206,682	1594,5
206,912	1630,5
207,142	1721,5
207,372	1689,5
207,602	1581,5
207,832	1596,5
208,062	1718,5
208,292	1894,5
208,522	1589,5
208,752	1657,5
208,982	1654,5
209,212	1820,5
209,442	1762,5
209,672	1597,5
209,902	1650,5
210,131	1696,5
210,361	1625,5
210,591	1675,5
210,821	1539,5
211,051	1763,5
211,281	1647,5
211,51	1755,5
211,74	1727,5
211,97	1604,5
212,2	1689,5
212,429	1963,5
212,659	1779,5
212,889	1734,5
213,119	1624,5
213,348	1579,5
213,578	1828,5
213,808	1779,5
214,037	1884,5
214,267	1741,5
214,497	1769,5
214,726	1616,5
214,956	1586,5
215,186	1631,5
215,415	1695,5
215,645	1676,5
215,874	1759,5
216,104	1630,5
216,333	1659,5
216,563	1659,5
216,792	1696,5
217,022	1794,5
217,251	1637,5
217,481	1620,5
217,71	1665,5
217,94	1710,5
218,169	1711,5
218,399	1901,5
218,628	1646,5
218,858	1862,5
219,087	1749,5
219,316	1792,5
219,546	1704,5
219,775	1766,5
220,004	1837,5
220,234	1618,5
220,463	1727,5
220,692	1758,5
220,922	1692,5
221,151	1756,5
221,38	1706,5
221,61	2148,5
221,839	2002,5
222,068	1687,5
222,297	1824,5
222,526	1785,5
222,756	1823,5
222,985	1863,5
223,214	1749,5
223,443	1812,5
223,672	2122,5
223,902	1589,5
224,131	1721,5
224,36	1796,5
224,589	1645,5
224,818	1759,5
225,047	1809,5
225,276	1725,5
225,505	1986,5
225,734	1697,5
225,963	1682,5
226,192	1725,5
226,421	1617,5
226,65	1710,5
226,879	1745,5
227,108	1850,5
227,337	1935,5
227,566	1856,5
227,795	1799,5
228,024	1594,5
228,253	1724,5
228,482	1607,5
228,711	1791,5
228,94	1612,5
229,168	1722,5
229,397	1829,5
229,626	1732,5
229,855	1736,5
230,084	1706,5
230,313	1666,5
230,541	1915,5
230,77	1787,5
230,999	1571,5
231,228	1965,5
231,456	1831,5
231,685	1819,5
231,914	1820,5
232,143	1721,5
232,371	1792,5
232,6	1817,5
232,829	1731,5
233,057	1760,5
233,286	1777,5
233,515	1756,5
233,743	1796,5
233,972	1670,5
234,2	1765,5
234,429	1736,5
234,658	1826,5
234,886	1651,5
235,115	1712,5
235,343	1781,5
235,572	1703,5
235,8	1871,5
236,029	2007,5
236,257	1667,5
236,486	1808,5
236,714	1873,5
236,943	2022,5
237,171	1723,5
237,399	1675,5
237,628	1923,5
237,856	1870,5
238,085	1840,5
238,313	1698,5
238,541	1808,5
238,77	2136,5
238,998	1671,5
239,226	1797,5
239,455	1689,5
239,683	1781,5
239,911	1627,5
240,14	1911,5
240,368	1849,5
240,596	1763,5
240,824	1782,5
241,053	1717,5
241,281	1714,5
241,509	1785,5
241,737	1750,5
241,965	1655,5
242,193	1701,5
242,422	1663,5
242,65	1746,5
242,878	1715,5
243,106	1777,5
243,334	1741,5
243,562	1833,5
243,79	1811,5
244,018	1854,5
244,246	1738,5
244,474	1769,5
244,702	1667,5
244,93	1839,5
245,158	1760,5
245,386	1782,5
245,614	1773,5
245,842	1823,5
246,07	1685,5
246,298	1869,5
246,526	2182,5
246,754	1655,5
246,982	1763,5
247,21	1816,5
247,438	1685,5
247,666	1734,5
247,893	1708,5
248,121	1710,5
248,349	1658,5
248,577	1683,5
248,805	1957,5
249,033	1703,5
249,26	1737,5
249,488	1701,5
249,716	1775,5
249,944	1692,5
250,171	1680,5
250,399	1767,5
250,627	1905,5
250,854	1773,5
251,082	1706,5
251,31	1828,5
251,537	1752,5
251,765	1977,5
251,993	1546,5
252,22	2062,5
252,448	1647,5
252,676	1827,5
252,903	1785,5
253,131	2004,5
253,358	1647,5
253,586	1710,5
253,813	1683,5
254,041	1805,5
254,268	1792,5
254,496	1611,5
254,723	1698,5
254,951	1731,5
255,178	1737,5
255,406	1756,5
255,633	1781,5
255,86	1910,5
256,088	1516,5
256,315	1650,5
256,543	2031,5
256,77	1839,5
256,997	1744,5
257,225	1793,5
257,452	1581,5
257,679	1691,5
257,907	1814,5
258,134	1784,5
258,361	1862,5
258,588	1685,5
258,816	1774,5
259,043	1623,5
259,27	1777,5
259,497	1768,5
259,725	1664,5
259,952	1719,5
260,179	1615,5
260,406	1800,5
260,633	1710,5
260,86	1805,5
261,088	1768,5
261,315	1960,5
261,542	1752,5
261,769	1713,5
261,996	2017,5
262,223	1914,5
262,45	1961,5
262,677	1582,5
262,904	1767,5
263,131	1833,5
263,358	1730,5
263,585	1828,5
263,812	2103,5
264,039	1967,5
264,266	1678,5
264,493	1840,5
264,72	1673,5
264,947	1761,5
265,174	1990,5
265,401	1859,5
265,627	2006,5
265,854	1985,5
266,081	1820,5
266,308	1815,5
266,535	1794,5
266,762	1772,5
266,988	1749,5
267,215	1838,5
267,442	1818,5
267,669	1899,5
267,896	1773,5
268,122	2015,5
268,349	1739,5
268,576	1589,5
268,802	1739,5
269,029	1721,5
269,256	1816,5
269,482	1706,5
269,709	1658,5
269,936	1778,5
270,162	1898,5
270,389	1699,5
270,616	1791,5
270,842	1913,5
271,069	1836,5
271,295	1834,5
271,522	1681,5
271,748	1775,5
271,975	1875,5
272,201	1838,5
272,428	1799,5
272,654	1760,5
272,881	2031,5
273,107	1665,5
273,334	1809,5
273,56	1905,5
273,787	1770,5
274,013	1782,5
274,239	2072,5
274,466	1755,5
274,692	1759,5
274,918	1666,5
275,145	1880,5
275,371	1647,5
275,597	1887,5
275,824	1816,5
276,05	1830,5
276,276	1974,5
276,503	1743,5
276,729	1744,5
276,955	1830,5
277,181	1806,5
277,407	1761,5
277,634	1837,5
277,86	1824,5
278,086	1843,5
278,312	1701,5
278,538	1648,5
278,764	1781,5
278,991	1922,5
279,217	1731,5
279,443	1725,5
279,669	1769,5
279,895	1911,5
280,121	1728,5
280,347	1873,5
280,573	1650,5
280,799	1755,5
281,025	1919,5
281,251	1595,5
281,477	1835,5
281,703	1764,5
281,929	1706,5
282,155	1656,5
282,381	1849,5
282,607	1806,5
282,833	1807,5
283,059	1827,5
283,285	1651,5
283,51	1749,5
283,736	1569,5
283,962	1745,5
284,188	1755,5
284,414	1677,5
284,64	1741,5
284,865	1819,5
285,091	1670,5
285,317	1822,5
285,543	1800,5
285,768	1698,5
285,994	1726,5
286,22	2014,5
286,446	1795,5
286,671	1549,5
286,897	1776,5
287,123	1715,5
287,348	1729,5
287,574	2210,5
287,799	1702,5
288,025	1708,5
288,251	1948,5
288,476	1794,5
288,702	1771,5
288,927	1784,5
289,153	1741,5
289,378	1971,5
289,604	1886,5
289,829	1666,5
290,055	1714,5
290,28	1775,5
290,506	1845,5
290,731	1727,5
290,957	1826,5
291,182	1827,5
291,408	1858,5
291,633	1843,5
291,858	1774,5
292,084	1724,5
292,309	1587,5
292,535	1808,5
292,76	1822,5
292,985	1774,5
293,211	1750,5
293,436	1636,5
293,661	1581,5
293,886	1848,5
294,112	1944,5
294,337	1726,5
294,562	1642,5
294,787	1834,5
295,013	1660,5
295,238	1766,5
295,463	1814,5
295,688	1922,5
295,913	1615,5
296,138	1941,5
296,364	1746,5
296,589	1760,5
296,814	1617,5
297,039	1721,5
297,264	1905,5
297,489	1811,5
297,714	1821,5
297,939	1683,5
298,164	1741,5
298,389	1917,5
298,614	1683,5
298,839	1849,5
299,064	1875,5
299,289	1774,5
299,514	1833,5
299,739	1822,5
299,964	1631,5
300,189	1672,5
300,414	1810,5
300,639	1923,5
300,863	1708,5
301,088	2132,5
301,313	1802,5
301,538	1656,5
301,763	1839,5
301,988	1745,5
302,212	1808,5
302,437	2183,5
302,662	1670,5
302,887	1678,5
303,111	1705,5
303,336	1863,5
303,561	1608,5
303,786	1647,5
304,01	1830,5
304,235	1905,5
304,46	1691,5
304,684	1735,5
304,909	1790,5
305,134	1675,5
305,358	1956,5
305,583	1776,5
305,807	2003,5
306,032	1637,5
306,256	1887,5
306,481	1795,5
306,706	1764,5
306,93	1753,5
307,155	1983,5
307,379	1671,5
307,604	1774,5
307,828	1672,5
308,052	1957,5
308,277	1852,5
308,501	1699,5
308,726	1887,5
308,95	1928,5
309,175	1687,5
309,399	1922,5
309,623	1744,5
309,848	1643,5
310,072	1524,5
310,296	2033,5
310,521	1751,5
310,745	1640,5
310,969	2245,5
311,193	1854,5
311,418	1814,5
311,642	1733,5
311,866	1789,5
312,09	1745,5
312,315	1785,5
312,539	1833,5
312,763	1740,5
312,987	1830,5
313,211	1723,5
313,435	1987,5
313,659	1649,5
313,884	1935,5
314,108	1939,5
314,332	1874,5
314,556	1631,5
314,78	2029,5
315,004	1797,5
315,228	1875,5
315,452	1860,5
315,676	1756,5
315,9	1800,5
316,124	1614,5
316,348	1702,5
316,572	1837,5
316,796	1883,5
317,02	1706,5
317,244	1770,5
317,468	1704,5
317,691	1860,5
317,915	1858,5
318,139	1741,5
318,363	2167,5
318,587	1769,5
318,811	1692,5
319,034	1629,5
319,258	1889,5
319,482	1922,5
319,706	1826,5
319,93	1737,5
320,153	1685,5
320,377	1652,5
320,601	1597,5
320,824	1561,5
321,048	1976,5
321,272	1807,5
321,495	1784,5
321,719	1772,5
321,943	1771,5
322,166	1985,5
322,39	1675,5
322,614	1833,5
322,837	1923,5
323,061	1641,5
323,284	1797,5
323,508	1883,5
323,731	1641,5
323,955	1918,5
324,178	1695,5
324,402	1842,5
324,625	1798,5
324,849	1608,5
325,072	1823,5
325,296	1831,5
325,519	1754,5
325,743	1705,5
325,966	1863,5
326,189	1921,5
326,413	1708,5
326,636	2023,5
326,859	1933,5
327,083	2036,5
327,306	1615,5
327,529	1723,5
327,753	1519,5
327,976	1795,5
328,199	1874,5
328,422	1787,5
328,646	1843,5
328,869	1638,5
329,092	1807,5
329,315	1974,5
329,538	1730,5
329,762	1897,5
329,985	1595,5
330,208	1721,5
330,431	1799,5
330,654	1864,5
330,877	1710,5
331,1	1854,5
331,323	1548,5
331,546	1653,5
331,769	1853,5
331,993	1639,5
332,216	1944,5
332,439	1724,5
332,662	1764,5
332,885	1770,5
333,107	1607,5
333,33	1644,5
333,553	1813,5
333,776	1646,5
333,999	1828,5
334,222	1622,5
334,445	1644,5
334,668	1773,5
334,891	1730,5
335,114	1564,5
335,336	1783,5
335,559	1816,5
335,782	2034,5
336,005	1695,5
336,228	1601,5
336,45	1718,5
336,673	1804,5
336,896	1797,5
337,119	1774,5
337,341	1699,5
337,564	1639,5
337,787	1769,5
338,009	1623,5
338,232	1880,5
338,455	1886,5
338,677	1746,5
338,9	1801,5
339,122	1754,5
339,345	1633,5
339,568	1602,5
339,79	1709,5
340,013	1827,5
340,235	1809,5
340,458	1617,5
340,68	1800,5
340,903	1766,5
341,125	1772,5
341,348	1735,5
341,57	1660,5
341,793	1914,5
342,015	1531,5
342,238	1715,5
342,46	1757,5
342,682	1569,5
342,905	1716,5
343,127	1782,5
343,349	1705,5
343,572	1817,5
343,794	1719,5
344,016	1683,5
344,239	1809,5
344,461	1664,5
344,683	1640,5
344,905	1563,5
345,128	1553,5
345,35	1767,5
345,572	2011,5
345,794	1865,5
346,017	1759,5
346,239	1725,5
346,461	1675,5
346,683	1694,5
346,905	1804,5
347,127	1723,5
347,349	1462,5
347,571	1737,5
347,793	1769,5
348,016	1701,5
348,238	1788,5
348,46	1685,5
348,682	1768,5
348,904	1812,5
349,126	1697,5
349,348	1827,5
349,57	1621,5
349,792	1699,5
350,014	1947,5
350,235	1612,5
350,457	2487,5
350,679	1706,5
350,901	1616,5
351,123	1660,5
351,345	1705,5
351,567	1791,5
351,789	1737,5
352,01	1888,5
352,232	1775,5
352,454	1693,5
352,676	1814,5
352,897	1880,5
353,119	1606,5
353,341	1772,5
353,563	1682,5
353,784	1700,5
354,006	1757,5
354,228	1707,5
354,449	1709,5
354,671	1686,5
354,893	1821,5
355,114	1776,5
355,336	1803,5
355,558	1719,5
355,779	1672,5
356,001	1836,5
356,222	1710,5
356,444	1646,5
356,665	2489,5
356,887	1666,5
357,108	1674,5
357,33	1677,5
357,551	1773,5
357,773	1744,5
357,994	1719,5
358,216	1604,5
358,437	1825,5
358,659	1852,5
358,88	1680,5
359,101	1753,5
359,323	1816,5
359,544	1622,5
359,765	1573,5
359,987	1687,5
360,208	1704,5
360,429	1740,5
360,651	1613,5
360,872	1881,5
361,093	1669,5
361,314	1804,5
361,536	1733,5
361,757	1685,5
361,978	1695,5
362,199	1682,5
362,42	1462,5
362,642	1674,5
362,863	1874,5
363,084	1672,5
363,305	1728,5
363,526	1700,5
363,747	1656,5
363,968	1705,5
364,189	1797,5
364,41	1587,5
364,631	1519,5
364,852	1882,5
365,073	1700,5
365,294	1757,5
365,515	1576,5
365,736	1852,5
365,957	1999,5
366,178	1707,5
366,399	1707,5
366,62	1819,5
366,841	1777,5
367,062	1743,5
367,283	1690,5
367,504	1808,5
367,724	1598,5
367,945	1576,5
368,166	1861,5
368,387	1624,5
368,608	1841,5
368,828	1927,5
369,049	1588,5
369,27	1716,5
369,491	1531,5
369,711	1801,5
369,932	1854,5
370,153	1724,5
370,373	1788,5
370,594	1870,5
370,815	1764,5
371,035	1877,5
371,256	1550,5
371,477	1750,5
371,697	1636,5
371,918	1512,5
372,138	1773,5
372,359	1837,5
372,579	1587,5
372,8	1680,5
373,02	1567,5
373,241	1757,5
373,461	1741,5
373,682	1723,5
373,902	1721,5
374,123	1583,5
374,343	1877,5
374,564	1672,5
374,784	1709,5
375,004	1713,5
375,225	1350,5
375,445	1597,5
375,666	1995,5
375,886	1602,5
376,106	1649,5
376,326	1709,5
376,547	1806,5
376,767	1859,5
376,987	1659,5
377,208	1686,5
377,428	1589,5
377,648	1682,5
377,868	1838,5
378,088	1873,5
378,309	1853,5
378,529	1822,5
378,749	1712,5
378,969	1623,5
379,189	1760,5
379,409	1705,5
379,629	1762,5
379,849	1760,5
380,069	1676,5
380,29	1612,5
380,51	1540,5
380,73	1745,5
380,95	1907,5
381,17	1777,5
381,39	1748,5
381,61	1606,5
381,829	1670,5
382,049	1711,5
382,269	1547,5
382,489	1692,5
382,709	1783,5
382,929	1787,5
383,149	1861,5
383,369	2074,5
383,589	1650,5
383,808	1799,5
384,028	1759,5
384,248	1716,5
384,468	1791,5
384,688	1687,5
384,907	1620,5
385,127	1628,5
385,347	1806,5
385,567	1626,5
385,786	1815,5
386,006	1640,5
386,226	1773,5
386,445	1605,5
386,665	1640,5
386,885	1831,5
387,104	1658,5
387,324	1678,5
387,543	1576,5
387,763	1692,5
387,982	1748,5
388,202	1658,5
388,422	1659,5
388,641	1605,5
388,861	1682,5
389,08	1835,5
389,3	1600,5
389,519	1710,5
389,738	1963,5
389,958	1652,5
390,177	1745,5
390,397	1775,5
390,616	1676,5
390,836	1801,5
391,055	1697,5
391,274	1617,5
391,494	1678,5
391,713	1648,5
391,932	1685,5
392,151	1631,5
392,371	1653,5
392,59	1698,5
392,809	1826,5
393,029	1849,5
393,248	1775,5
393,467	1716,5
393,686	1578,5
393,905	2851,5
394,124	1634,5
394,344	1756,5
394,563	1799,5
394,782	1640,5
395,001	1759,5
395,22	1599,5
395,439	1718,5
395,658	1606,5
395,877	1833,5
396,096	1360,5
396,315	1771,5
396,534	1653,5
396,753	1678,5
396,972	1565,5
397,191	1757,5
397,41	1700,5
397,629	1657,5
397,848	1630,5
398,067	1731,5
398,286	1646,5
398,505	1645,5
398,724	1903,5
398,943	2239,5
399,161	1531,5
399,38	1755,5
399,599	1741,5
399,818	1740,5
400,037	1857,5
400,255	1713,5
400,474	1628,5
400,693	1698,5
400,912	1855,5
401,13	1695,5
401,349	1715,5
401,568	1551,5
401,786	1817,5
402,005	1783,5
402,224	1632,5
402,442	1733,5
402,661	1649,5
402,88	1789,5
403,098	1627,5
403,317	1640,5
403,535	1710,5
403,754	1539,5
403,972	1699,5
404,191	1624,5
404,409	1667,5
404,628	2438,5
404,846	1715,5
405,065	1699,5
405,283	1768,5
405,502	1657,5
405,72	1746,5
405,938	1650,5
406,157	1628,5
406,375	1609,5
406,594	1751,5
406,812	1701,5
407,03	1680,5
407,249	1494,5
407,467	1723,5
407,685	1552,5
407,903	1710,5
408,122	1745,5
408,34	1705,5
408,558	1673,5
408,776	1620,5
408,995	1666,5
409,213	1652,5
409,431	1631,5
409,649	1813,5
409,867	1617,5
410,085	1668,5
410,303	1818,5
410,522	1585,5
410,74	1555,5
410,958	1639,5
411,176	1720,5
411,394	1584,5
411,612	1658,5
411,83	1866,5
412,048	1754,5
412,266	1749,5
412,484	1707,5
412,702	1938,5
412,92	1580,5
413,138	1773,5
413,356	1681,5
413,573	1810,5
413,791	1953,5
414,009	1771,5
414,227	2091,5
414,445	1616,5
414,663	1804,5
414,881	1745,5
415,098	1733,5
415,316	1732,5
415,534	2069,5
415,752	1693,5
415,969	1821,5
416,187	1657,5
416,405	1536,5
416,623	1752,5
416,84	1635,5
417,058	1408,5
417,276	1942,5
417,493	1702,5
417,711	1631,5
417,928	1767,5
418,146	1645,5
418,364	1762,5
418,581	1618,5
418,799	1572,5
419,016	1521,5
419,234	1615,5
419,451	2190,5
419,669	1653,5
419,886	1662,5
420,104	1638,5
420,321	1694,5
420,539	1686,5
420,756	1760,5
420,974	1705,5
421,191	1547,5
421,408	1713,5
421,626	1802,5
421,843	1659,5
422,06	1695,5
422,278	1571,5
422,495	1738,5
422,712	1673,5
422,93	1781,5
423,147	1779,5
423,364	1701,5
423,581	1813,5
423,799	1646,5
424,016	1672,5
424,233	1797,5
424,45	1695,5
424,667	1683,5
424,884	1603,5
425,102	1784,5
425,319	1558,5
425,536	1650,5
425,753	1556,5
425,97	1617,5
426,187	1801,5
426,404	1588,5
426,621	1958,5
426,838	1759,5
427,055	1746,5
427,272	1730,5
427,489	1694,5
427,706	1512,5
427,923	1677,5
428,14	1728,5
428,357	1914,5
428,574	1737,5
428,791	1707,5
429,008	1625,5
429,224	1570,5
429,441	1527,5
429,658	1697,5
429,875	2021,5
430,092	1807,5
430,308	1683,5
430,525	1768,5
430,742	1650,5
430,959	1780,5
431,175	1703,5
431,392	1577,5
431,609	1744,5
431,826	1765,5
432,042	1620,5
432,259	1663,5
432,476	1793,5
432,692	1638,5
432,909	1689,5
433,125	1652,5
433,342	1619,5
433,559	1699,5
433,775	1656,5
433,992	1554,5
434,208	1552,5
434,425	1643,5
434,641	1869,5
434,858	1902,5
435,074	1668,5
435,291	1793,5
435,507	1670,5
435,723	1692,5
435,94	1643,5
436,156	1705,5
436,373	1872,5
436,589	1663,5
436,805	1776,5
437,022	1640,5
437,238	1676,5
437,454	1759,5
437,671	1537,5
437,887	1755,5
438,103	1601,5
438,319	1666,5
438,536	1785,5
438,752	1693,5
438,968	1507,5
439,184	1784,5
439,4	1610,5
439,616	1572,5
439,833	1865,5
440,049	1614,5
440,265	1863,5
440,481	1687,5
440,697	1643,5
440,913	1775,5
441,129	1686,5
441,345	1699,5
441,561	1701,5
441,777	1648,5
441,993	1727,5
442,209	1606,5
442,425	1830,5
442,641	1701,5
442,857	1688,5
443,073	1707,5
443,289	1736,5
443,505	1701,5
443,721	1616,5
443,937	1749,5
444,152	1651,5
444,368	1562,5
444,584	1571,5
444,8	1804,5
445,016	1737,5
445,231	1715,5
445,447	1859,5
445,663	1734,5
445,879	1509,5
446,094	1792,5
446,31	1824,5
446,526	1712,5
446,742	1781,5
446,957	1688,5
447,173	1767,5
447,388	1871,5
447,604	1849,5
447,82	1620,5
448,035	1854,5
448,251	1655,5
448,466	1757,5
448,682	1614,5
448,897	1603,5
449,113	1727,5
449,328	1778,5
449,544	1562,5
449,759	2020,5
449,975	1441,5
450,19	1486,5
450,406	1622,5
450,621	1651,5
450,836	1664,5
451,052	1762,5
451,267	1625,5
451,483	1646,5
451,698	1572,5
451,913	1759,5
452,129	1710,5
452,344	1566,5
452,559	1819,5
452,774	1699,5
452,99	1598,5
453,205	1606,5
453,42	1860,5
453,635	1734,5
453,85	1624,5
454,066	1824,5
454,281	1756,5
454,496	1715,5
454,711	1772,5
454,926	2177,5
455,141	1616,5
455,356	1632,5
455,571	1624,5
455,786	1756,5
456,001	1697,5
456,217	1492,5
456,432	1722,5
456,647	1701,5
456,861	1848,5
457,076	1612,5
457,291	1842,5
457,506	1698,5
457,721	1648,5
457,936	1743,5
458,151	1628,5
458,366	1873,5
458,581	1692,5
458,796	1939,5
459,01	1698,5
459,225	1720,5
459,44	1529,5
459,655	1782,5
459,87	1614,5
460,084	1643,5
460,299	1733,5
460,514	1730,5
460,729	2089,5
460,943	1620,5
461,158	1593,5
461,373	1748,5
461,587	1467,5
461,802	1650,5
462,016	1838,5
462,231	1449,5
462,446	1753,5
462,66	1647,5
462,875	1641,5
463,089	1726,5
463,304	1725,5
463,518	1737,5
463,733	1745,5
463,947	1534,5
464,162	1626,5
464,376	1631,5
464,591	1788,5
464,805	1658,5
465,02	1823,5
465,234	1740,5
465,448	1798,5
465,663	1771,5
465,877	1591,5
466,091	1625,5
466,306	1786,5
466,52	2032,5
466,734	1653,5
466,949	1693,5
467,163	1822,5
467,377	1672,5
467,591	1743,5
467,806	1566,5
468,02	1582,5
468,234	1518,5
468,448	1794,5
468,662	1712,5
468,876	1959,5
469,091	1637,5
469,305	1745,5
469,519	1648,5
469,733	1657,5
469,947	1682,5
470,161	1870,5
470,375	1588,5
470,589	1864,5
470,803	1711,5
471,017	1739,5
471,231	1839,5
471,445	1668,5
471,659	1773,5
471,873	1709,5
472,087	1589,5
472,301	1763,5
472,515	1596,5
472,728	1574,5
472,942	1583,5
473,156	1635,5
473,37	1687,5
473,584	1575,5
473,798	1729,5
474,011	1677,5
474,225	1640,5
474,439	1767,5
474,653	1718,5
474,866	1743,5
475,08	1729,5
475,294	1773,5
475,507	1583,5
475,721	1746,5
475,935	1742,5
476,148	1655,5
476,362	1561,5
476,576	1660,5
476,789	1726,5
477,003	1655,5
477,216	1757,5
477,43	1727,5
477,643	1727,5
477,857	1827,5
478,07	1593,5
478,284	1738,5
478,497	1662,5
478,711	1640,5
478,924	1617,5
479,138	1659,5
479,351	1478,5
479,564	1641,5
479,778	1650,5
479,991	1507,5
480,204	1614,5
480,418	1694,5
480,631	1578,5
480,844	1825,5
481,058	1632,5
481,271	1700,5
481,484	1598,5
481,697	1685,5
481,911	1682,5
482,124	1653,5
482,337	1712,5
482,55	1616,5
482,763	1642,5
482,976	1758,5
483,19	1576,5
483,403	1697,5
483,616	1778,5
483,829	1679,5
484,042	1690,5
484,255	1708,5
484,468	1820,5
484,681	1664,5
484,894	1653,5
485,107	1865,5
485,32	1615,5
485,533	1511,5
485,746	1816,5
485,959	1614,5
486,172	1696,5
486,385	1596,5
486,598	1710,5
486,81	1597,5
487,023	1661,5
487,236	1834,5
487,449	1780,5
487,662	1715,5
487,875	1707,5
488,087	1756,5
488,3	1919,5
488,513	1532,5
488,726	1510,5
488,938	1853,5
489,151	1617,5
489,364	1721,5
489,576	1730,5
489,789	1754,5
490,002	1754,5
490,214	1761,5
490,427	1358,5
490,64	1604,5
490,852	1758,5
491,065	1604,5
491,277	1795,5
491,49	1761,5
491,702	1552,5
491,915	1747,5
492,127	1755,5
492,34	1737,5
492,552	1657,5
492,765	1781,5
492,977	1912,5
493,19	1778,5
493,402	1749,5
493,614	1757,5
493,827	1722,5
494,039	1621,5
494,251	1776,5
494,464	1803,5
494,676	1554,5
494,888	1679,5
495,101	1586,5
495,313	1714,5
495,525	1713,5
495,737	1838,5
495,95	1708,5
496,162	1702,5
496,374	1649,5
496,586	1656,5
496,798	1801,5
497,01	1536,5
497,222	1655,5
497,435	1846,5
497,647	1550,5
497,859	1549,5
498,071	1714,5
498,283	1671,5
498,495	1645,5
498,707	1854,5
498,919	1547,5
499,131	1640,5
499,343	1658,5
499,555	1520,5
499,767	1793,5
499,979	1679,5
500,191	1806,5
500,402	1603,5
500,614	1770,5
500,826	1707,5
501,038	1603,5
501,25	1705,5
501,462	1690,5
501,673	1646,5
501,885	1638,5
502,097	1853,5
502,309	1725,5
502,521	1757,5
502,732	1634,5
502,944	1641,5
503,156	1491,5
503,367	1662,5
503,579	1574,5
503,791	1646,5
504,002	1666,5
504,214	1908,5
504,425	1905,5
504,637	1841,5
504,849	1675,5
505,06	1800,5
505,272	1838,5
505,483	1707,5
505,695	1666,5
505,906	1865,5
506,118	1694,5
506,329	1588,5
506,541	1656,5
506,752	1670,5
506,963	1716,5
507,175	1527,5
507,386	1760,5
507,598	1736,5
507,809	1638,5
508,02	1569,5
508,232	1622,5
508,443	1577,5
508,654	1892,5
508,865	1796,5
509,077	1539,5
509,288	1655,5
509,499	1952,5
509,71	1603,5
509,922	1759,5
510,133	1691,5
510,344	1947,5
510,555	1686,5
510,766	1684,5
510,977	1710,5
511,188	1670,5
511,4	1657,5
511,611	1628,5
511,822	1867,5
512,033	1731,5
512,244	1822,5
512,455	1708,5
512,666	1785,5
512,877	1851,5
513,088	1689,5
513,299	1743,5
513,51	1755,5
513,721	1687,5
513,931	1770,5
514,142	1812,5
514,353	1831,5
514,564	1695,5
514,775	1674,5
514,986	1815,5
515,196	1844,5
515,407	1698,5
515,618	1867,5
515,829	1734,5
516,04	1772,5
516,25	1652,5
516,461	1681,5
516,672	1592,5
516,882	1582,5
517,093	1986,5
517,304	1558,5
517,514	1613,5
517,725	1763,5
517,936	1565,5
518,146	1590,5
518,357	1705,5
518,567	1556,5
518,778	1997,5
518,988	1575,5
519,199	1878,5
519,409	1685,5
519,62	1709,5
519,83	1660,5
520,041	1740,5
520,251	1751,5
520,462	1812,5
520,672	1586,5
520,882	1695,5
521,093	1749,5
521,303	1783,5
521,513	1687,5
521,724	2787,5
521,934	1595,5
522,144	1710,5
522,355	1633,5
522,565	1715,5
522,775	1650,5
522,985	1672,5
523,196	1666,5
523,406	1704,5
523,616	1809,5
523,826	1669,5
524,036	2427,5
524,246	1689,5
524,457	1735,5
524,667	1483,5
524,877	1684,5
525,087	1675,5
525,297	1836,5
525,507	1735,5
525,717	1539,5
525,927	1655,5
526,137	1635,5
526,347	1692,5
526,557	1609,5
526,767	1636,5
526,977	1962,5
527,187	1778,5
527,397	1569,5
527,607	1583,5
527,816	1678,5
528,026	1686,5
528,236	1694,5
528,446	1715,5
528,656	1741,5
528,865	1907,5
529,075	1646,5
529,285	1770,5
529,495	1751,5
529,704	1804,5
529,914	1682,5
530,124	1633,5
530,334	1593,5
530,543	1702,5
530,753	1976,5
530,963	2135,5
531,172	1674,5
531,382	1630,5
531,591	1969,5
531,801	1625,5
532,01	1758,5
532,22	1604,5
532,43	1630,5
532,639	2005,5
532,849	1731,5
533,058	1662,5
533,267	1704,5
533,477	1591,5
533,686	1532,5
533,896	1674,5
534,105	1617,5
534,315	1775,5
534,524	1659,5
534,733	1718,5
534,943	1876,5
535,152	1799,5
535,361	1611,5
535,57	1646,5
535,78	1745,5
535,989	1669,5
536,198	1671,5
536,407	1687,5
536,617	1768,5
536,826	1772,5
537,035	1888,5
537,244	1555,5
537,453	1488,5
537,662	1745,5
537,872	1872,5
538,081	1582,5
538,29	1623,5
538,499	1678,5
538,708	1732,5
538,917	1739,5
539,126	1674,5
539,335	1757,5
539,544	2225,5
539,753	1623,5
539,962	1676,5
540,171	1644,5
540,38	1826,5
540,589	1681,5
540,797	1615,5
541,006	1721,5
541,215	1584,5
541,424	1908,5
541,633	1707,5
541,842	1593,5
542,05	1817,5
542,259	1713,5
542,468	1733,5
542,677	1727,5
542,885	1633,5
543,094	1789,5
543,303	1629,5
543,512	1740,5
543,72	1788,5
543,929	1765,5
544,138	1695,5
544,346	1606,5
544,555	1610,5
544,763	1723,5
544,972	1663,5
545,18	1592,5
545,389	1776,5
545,598	1661,5
545,806	1751,5
546,015	1721,5
546,223	1682,5
546,431	1719,5
546,64	1749,5
546,848	1660,5
547,057	1758,5
547,265	1588,5
547,474	1627,5
547,682	1740,5
547,89	1780,5
548,099	1705,5
548,307	1663,5
548,515	1842,5
548,723	1797,5
548,932	1762,5
549,14	1757,5
549,348	1745,5
549,556	1719,5
549,765	1777,5
549,973	1582,5
550,181	1791,5
550,389	1757,5
550,597	1595,5
550,805	1705,5
551,014	1838,5
551,222	5771,5
551,43	1451,5
551,638	1597,5
551,846	1811,5
552,054	1947,5
552,262	1878,5
552,47	1622,5
552,678	1630,5
552,886	1634,5
553,094	1623,5
553,302	1722,5
553,51	1698,5
553,717	1780,5
553,925	1509,5
554,133	1982,5
554,341	1616,5
554,549	1719,5
554,757	1616,5
554,965	1639,5
555,172	1677,5
555,38	1970,5
555,588	1576,5
555,796	1676,5
556,003	1822,5
556,211	1684,5
556,419	1724,5
556,626	1687,5
556,834	1760,5
557,042	1675,5
557,249	1694,5
557,457	1682,5
557,664	1539,5
557,872	1621,5
558,08	1686,5
558,287	1739,5
558,495	1776,5
558,702	1622,5
558,91	1771,5
559,117	1649,5
559,325	1601,5
559,532	1671,5
559,74	1945,5
559,947	1687,5
560,154	1686,5
560,362	1546,5
560,569	1718,5
560,776	1598,5
560,984	1759,5
561,191	1754,5
561,398	1711,5
561,606	2111,5
561,813	1756,5
562,02	1555,5
562,227	1633,5
562,435	1805,5
562,642	1694,5
562,849	1747,5
563,056	1652,5
563,263	1581,5
563,471	1853,5
563,678	1795,5
563,885	1785,5
564,092	1727,5
564,299	1769,5
564,506	1799,5
564,713	1702,5
564,92	1626,5
565,127	1807,5
565,334	1735,5
565,541	2022,5
565,748	1744,5
565,955	1662,5
566,162	1674,5
566,369	1792,5
566,576	1807,5
566,783	1753,5
566,99	1593,5
567,196	1826,5
567,403	1694,5
567,61	1831,5
567,817	1666,5
568,024	1941,5
568,23	1756,5
568,437	1660,5
568,644	1481,5
568,851	1711,5
569,057	1979,5
569,264	1651,5
569,471	1665,5
569,677	1632,5
569,884	1656,5
570,091	1897,5
570,297	2805,5
570,504	1891,5
570,71	1739,5
570,917	1701,5
571,123	1688,5
571,33	1756,5
571,536	1628,5
571,743	1922,5
571,949	1710,5
572,156	1692,5
572,362	1911,5
572,569	1631,5
572,775	1683,5
572,982	1796,5
573,188	1733,5
573,394	1618,5
573,601	1641,5
573,807	1600,5
574,013	1913,5
574,22	1779,5
574,426	1629,5
574,632	1771,5
574,838	1672,5
575,045	1636,5
575,251	1685,5
575,457	1719,5
575,663	1800,5
575,869	1703,5
576,076	1736,5
576,282	1698,5
576,488	1580,5
576,694	1803,5
576,9	1543,5
577,106	1612,5
577,312	1594,5
577,518	1751,5
577,724	1773,5
577,93	1781,5
578,136	1713,5
578,342	1750,5
578,548	1731,5
578,754	1681,5
578,96	1677,5
579,166	1615,5
579,372	1959,5
579,578	1746,5
579,784	1812,5
579,989	1611,5
580,195	1656,5
580,401	1692,5
580,607	1762,5
580,813	1752,5
581,018	1793,5
581,224	1683,5
581,43	1693,5
581,636	1531,5
581,841	1736,5
582,047	1830,5
582,253	1744,5
582,458	1669,5
582,664	1653,5
582,869	1734,5
583,075	1589,5
583,281	2050,5
583,486	1707,5
583,692	1627,5
583,897	1736,5
584,103	1757,5
584,308	1772,5
584,514	1691,5
584,719	1829,5
584,925	1764,5
585,13	1739,5
585,335	1602,5
585,541	1770,5
585,746	1605,5
585,952	1704,5
586,157	1701,5
586,362	1625,5
586,568	1785,5
586,773	1791,5
586,978	1681,5
587,183	1679,5
587,389	1709,5
587,594	1646,5
587,799	1709,5
588,004	1809,5
588,21	1722,5
588,415	1652,5
588,62	1734,5
588,825	1724,5
589,03	1713,5
589,235	2244,5
589,44	1803,5
589,645	1722,5
589,85	1798,5
590,055	1954,5
590,26	1774,5
590,465	1734,5
590,67	1742,5
590,875	1887,5
591,08	1806,5
591,285	1727,5
591,49	1732,5
591,695	1762,5
591,9	1756,5
592,105	1745,5
592,31	1652,5
592,515	2181,5
592,719	1640,5
592,924	1677,5
593,129	1681,5
593,334	1745,5
593,539	1669,5
593,743	1924,5
593,948	1712,5
594,153	1680,5
594,357	2170,5
594,562	1604,5
594,767	2062,5
594,971	1653,5
595,176	1691,5
595,381	1795,5
595,585	1693,5
595,79	1966,5
595,994	1634,5
596,199	2165,5
596,403	1517,5
596,608	1601,5
596,812	1741,5
597,017	1807,5
597,221	1914,5
597,426	1892,5
597,63	1750,5
597,835	1651,5
598,039	1603,5
598,243	1633,5
598,448	1966,5
598,652	1755,5
598,856	1627,5
599,061	1817,5
599,265	1689,5
599,469	1617,5
599,673	1800,5
599,878	1849,5
600,082	1649,5
600,286	1748,5
600,49	1763,5
600,695	1565,5
600,899	1723,5
601,103	1562,5
601,307	1817,5
601,511	1791,5
601,715	1598,5
601,919	1541,5
602,123	1881,5
602,327	1606,5
602,531	1739,5
602,735	1857,5
602,939	1746,5
603,143	1587,5
603,347	1751,5
603,551	1526,5
603,755	1735,5
603,959	1726,5
604,163	1762,5
604,367	1617,5
604,571	1619,5
604,775	1731,5
604,978	1752,5
605,182	1563,5
605,386	1729,5
605,59	1668,5
605,793	1685,5
605,997	1815,5
606,201	1762,5
606,405	1749,5
606,608	1832,5
606,812	1703,5
607,016	1790,5
607,219	1643,5
607,423	1737,5
607,627	1914,5
607,83	1643,5
608,034	1625,5
608,237	1817,5
608,441	1549,5
608,644	1794,5
608,848	1813,5
609,051	1731,5
609,255	1602,5
609,458	1690,5
609,662	1777,5
609,865	1779,5
610,069	1658,5
610,272	1554,5
610,475	1633,5
610,679	1663,5
610,882	1545,5
611,085	1664,5
611,289	1975,5
611,492	1689,5
611,695	1688,5
611,898	1668,5
612,102	1819,5
612,305	1786,5
612,508	1809,5
612,711	1874,5
612,914	1651,5
613,118	1769,5
613,321	1815,5
613,524	1591,5
613,727	1693,5
613,93	1620,5
614,133	1725,5
614,336	1834,5
614,539	1714,5
614,742	1587,5
614,945	1528,5
615,148	1820,5
615,351	1762,5
615,554	1840,5
615,757	1676,5
615,96	1733,5
616,163	1642,5
616,366	1857,5
616,569	1746,5
616,772	1882,5
616,974	1714,5
617,177	1920,5
617,38	1763,5
617,583	1817,5
617,786	1645,5
617,988	1772,5
618,191	1899,5
618,394	1699,5
618,596	1601,5
618,799	1626,5
619,002	1751,5
619,204	1755,5
619,407	1808,5
619,61	1704,5
619,812	1561,5
620,015	1665,5
620,217	1863,5
620,42	1709,5
620,623	1940,5
620,825	1607,5
621,028	1877,5
621,23	1848,5
621,432	1787,5
621,635	1901,5
621,837	1768,5
622,04	1643,5
622,242	1661,5
622,445	1733,5
622,647	1720,5
622,849	1817,5
623,052	1559,5
623,254	1836,5
623,456	1556,5
623,658	1851,5
623,861	1906,5
624,063	1715,5
624,265	1668,5
624,467	1779,5
624,67	1583,5
624,872	1776,5
625,074	1928,5
625,276	1801,5
625,478	1801,5
625,68	1548,5
625,882	1590,5
626,084	1720,5
626,287	1877,5
626,489	1720,5
626,691	1675,5
626,893	1679,5
627,095	1774,5
627,297	1813,5
627,499	1690,5
627,7	1478,5
627,902	1735,5
628,104	1477,5
628,306	1617,5
628,508	1649,5
628,71	1616,5
628,912	1643,5
629,114	1871,5
629,315	1717,5
629,517	1611,5
629,719	1628,5
629,921	1699,5
630,122	1732,5
630,324	1591,5
630,526	1814,5
630,728	1771,5
630,929	1659,5
631,131	1610,5
631,332	1916,5
631,534	1840,5
631,736	1658,5
631,937	1594,5
632,139	1727,5
632,34	1769,5
632,542	1859,5
632,743	1834,5
632,945	1583,5
633,146	1764,5
633,348	1891,5
633,549	1755,5
633,751	1573,5
633,952	1713,5
634,154	1618,5
634,355	1559,5
634,556	1705,5
634,758	1565,5
634,959	1727,5
635,16	1846,5
635,362	1665,5
635,563	1777,5
635,764	1737,5
635,965	1752,5
636,167	1686,5
636,368	1599,5
636,569	1544,5
636,77	1816,5
636,971	1697,5
637,172	1863,5
637,374	1603,5
637,575	1895,5
637,776	1559,5
637,977	1547,5
638,178	1729,5
638,379	1737,5
638,58	1796,5
638,781	1594,5
638,982	1703,5
639,183	1660,5
639,384	1672,5
639,585	1651,5
639,786	1602,5
639,987	1749,5
640,187	1762,5
640,388	1846,5
640,589	1591,5
640,79	1637,5
640,991	1678,5
641,192	1842,5
641,392	1620,5
641,593	1652,5
641,794	1558,5
641,995	1603,5
642,195	1470,5
642,396	1617,5
642,597	1562,5
642,797	1637,5
642,998	1806,5
643,199	1695,5
643,399	1737,5
643,6	1602,5
643,8	1572,5
644,001	1644,5
644,202	1720,5
644,402	1613,5
644,603	1843,5
644,803	1211,5
645,004	1785,5
645,204	1575,5
645,404	1595,5
645,605	2039,5
645,805	1530,5
646,006	1596,5
646,206	2108,5
646,406	1623,5
646,607	1522,5
646,807	1462,5
647,007	-60,5
647,208	10,5
647,408	23,5
647,608	7,5
