200,697	978,83
200,927	17,83
201,158	-29,17
201,388	-7,17
201,618	1552,83
201,849	1201,83
202,079	1618,83
202,309	1577,83
202,539	1713,83
202,77	1580,83
203	1725,83
203,23	1390,83
203,46	1636,83
203,691	1666,83
203,921	1695,83
204,151	1677,83
204,381	1624,83
204,611	1719,83
204,841	1599,83
205,071	1555,83
205,302	1771,83
205,532	1733,83
205,762	3929,83
205,992	1593,83
206,222	1631,83
206,452	1708,83
206,682	1635,83
206,912	1706,83
207,142	1726,83
207,372	1759,83
207,602	1586,83
207,832	1647,83
208,062	1792,83
208,292	1795,83
208,522	1510,83
208,752	1682,83
208,982	1624,83
209,212	1836,83
209,442	1643,83
209,672	1612,83
209,902	1601,83
210,131	1791,83
210,361	1601,83
210,591	1694,83
210,821	1633,83
211,051	1816,83
211,281	1682,83
211,51	1582,83
211,74	1761,83
211,97	1667,83
212,2	1690,83
212,429	1984,83
212,659	1662,83
212,889	1748,83
213,119	1556,83
213,348	1610,83
213,578	1975,83
213,808	1769,83
214,037	1795,83
214,267	1739,83
214,497	1758,83
214,726	1615,83
214,956	1534,83
215,186	1655,83
215,415	1767,83
215,645	1732,83
215,874	1753,83
216,104	1640,83
216,333	1698,83
216,563	1667,83
216,792	1670,83
217,022	1804,83
217,251	1728,83
217,481	1638,83
217,71	1701,83
217,94	1702,83
218,169	1738,83
218,399	1725,83
218,628	1678,83
218,858	1772,83
219,087	1834,83
219,316	1715,83
219,546	1711,83
219,775	1703,83
220,004	1874,83
220,234	1624,83
220,463	1770,83
220,692	1718,83
220,922	1678,83
221,151	1940,83
221,38	1758,83
221,61	2066,83
221,839	1934,83
222,068	1736,83
222,297	1995,83
222,526	1792,83
222,756	1859,83
222,985	1956,83
223,214	1681,83
223,443	1687,83
223,672	2196,83
223,902	1678,83
224,131	1733,83
224,36	1837,83
224,589	1629,83
224,818	1751,83
225,047	1833,83
225,276	1739,83
225,505	2015,83
225,734	1792,83
225,963	1744,83
226,192	1800,83
226,421	1843,83
226,65	1789,83
226,879	1789,83
227,108	1912,83
227,337	1950,83
227,566	1924,83
227,795	1826,83
228,024	1792,83
228,253	1800,83
228,482	1714,83
228,711	1818,83
228,94	1842,83
229,168	1813,83
229,397	1807,83
229,626	1772,83
229,855	1721,83
230,084	1781,83
230,313	1653,83
230,541	1784,83
230,77	1897,83
230,999	1694,83
231,228	1999,83
231,456	1929,83
231,685	1653,83
231,914	1988,83
232,143	1851,83
232,371	1835,83
232,6	1860,83
232,829	1809,83
233,057	1934,83
233,286	1868,83
233,515	1843,83
233,743	1893,83
233,972	1808,83
234,2	1865,83
234,429	1811,83
234,658	1964,83
234,886	1767,83
235,115	1888,83
235,343	1905,83
235,572	1852,83
235,8	1942,83
236,029	2171,83
236,257	1765,83
236,486	2008,83
236,714	2038,83
236,943	1987,83
237,171	1870,83
237,399	1931,83
237,628	2021,83
237,856	2090,83
238,085	1972,83
238,313	1868,83
238,541	1798,83
238,77	2276,83
238,998	1851,83
239,226	2000,83
239,455	1940,83
239,683	2025,83
239,911	1893,83
240,14	2108,83
240,368	2069,83
240,596	1968,83
240,824	1994,83
241,053	2016,83
241,281	2103,83
241,509	1980,83
241,737	2030,83
241,965	1888,83
242,193	1834,83
242,422	2086,83
242,65	1946,83
242,878	2024,83
243,106	2058,83
243,334	1976,83
243,562	2070,83
243,79	2181,83
244,018	2135,83
244,246	2030,83
244,474	2087,83
244,702	2055,83
244,93	2204,83
245,158	2115,83
245,386	2100,83
245,614	2119,83
245,842	2234,83
246,07	2111,83
246,298	2313,83
246,526	2617,83
246,754	2071,83
246,982	2208,83
247,21	2233,83
247,438	2111,83
247,666	2168,83
247,893	2045,83
248,121	2253,83
248,349	2099,83
248,577	2208,83
248,805	2287,83
249,033	2169,83
249,26	2236,83
249,488	2158,83
249,716	2192,83
249,944	2092,83
250,171	2118,83
250,399	2227,83
250,627	2375,83
250,854	1872,83
251,082	2189,83
251,31	2296,83
251,537	2235,83
251,765	2644,83
251,993	2097,83
252,22	2529,83
252,448	2165,83
252,676	2368,83
252,903	2313,83
253,131	2623,83
253,358	2266,83
253,586	2208,83
253,813	2133,83
254,041	2322,83
254,268	2313,83
254,496	2156,83
254,723	2196,83
254,951	2343,83
255,178	2309,83
255,406	2318,83
255,633	2358,83
255,86	2457,83
256,088	2329,83
256,315	2292,83
256,543	2452,83
256,77	2395,83
256,997	2292,83
257,225	2441,83
257,452	2524,83
257,679	2311,83
257,907	2472,83
258,134	2387,83
258,361	2507,83
258,588	2344,83
258,816	2437,83
259,043	2231,83
259,27	2503,83
259,497	2444,83
259,725	2313,83
259,952	2402,83
260,179	2145,83
260,406	2526,83
260,633	2309,83
260,86	2470,83
261,088	2388,83
261,315	2630,83
261,542	2314,83
261,769	2326,83
261,996	2708,83
262,223	2588,83
262,45	2670,83
262,677	2308,83
262,904	2451,83
263,131	2499,83
263,358	2444,83
263,585	2536,83
263,812	2860,83
264,039	2680,83
264,266	2388,83
264,493	2455,83
264,72	2374,83
264,947	2531,83
265,174	2547,83
265,401	2623,83
265,627	2687,83
265,854	2490,83
266,081	2502,83
266,308	2515,83
266,535	2494,83
266,762	2469,83
266,988	2268,83
267,215	2544,83
267,442	2408,83
267,669	2640,83
267,896	2573,83
268,122	2609,83
268,349	2548,83
268,576	2334,83
268,802	2415,83
269,029	2435,83
269,256	2581,83
269,482	2438,83
269,709	2428,83
269,936	2427,83
270,162	2679,83
270,389	2470,83
270,616	2560,83
270,842	2508,83
271,069	2639,83
271,295	2570,83
271,522	2439,83
271,748	2528,83
271,975	2667,83
272,201	2702,83
272,428	2502,83
272,654	2518,83
272,881	2840,83
273,107	2519,83
273,334	2602,83
273,56	2782,83
273,787	2535,83
274,013	2625,83
274,239	2899,83
274,466	2548,83
274,692	2646,83
274,918	2649,83
275,145	2639,83
275,371	2567,83
275,597	2818,83
275,824	2707,83
276,05	2648,83
276,276	2691,83
276,503	2683,83
276,729	2682,83
276,955	2578,83
277,181	2693,83
277,407	2668,83
277,634	2733,83
277,86	2677,83
278,086	2520,83
278,312	2589,83
278,538	2656,83
278,764	2693,83
278,991	2918,83
279,217	2706,83
279,443	2667,83
279,669	2625,83
279,895	2679,83
280,121	2671,83
280,347	2793,83
280,573	2580,83
280,799	2666,83
281,025	2870,83
281,251	2604,83
281,477	2832,83
281,703	2630,83
281,929	2723,83
282,155	2744,83
282,381	2816,83
282,607	2787,83
282,833	2869,83
283,059	2810,83
283,285	2791,83
283,51	2785,83
283,736	2699,83
283,962	2798,83
284,188	2818,83
284,414	2770,83
284,64	2920,83
284,865	2914,83
285,091	2746,83
285,317	2956,83
285,543	3035,83
285,768	2910,83
285,994	2929,83
286,22	3124,83
286,446	2995,83
286,671	2831,83
286,897	2910,83
287,123	2852,83
287,348	2867,83
287,574	3382,83
287,799	2941,83
288,025	2848,83
288,251	3160,83
288,476	3131,83
288,702	2970,83
288,927	3002,83
289,153	2953,83
289,378	3193,83
289,604	3017,83
289,829	3058,83
290,055	3019,83
290,28	3040,83
290,506	3145,83
290,731	2978,83
290,957	3064,83
291,182	3125,83
291,408	3316,83
291,633	3090,83
291,858	3045,83
292,084	3163,83
292,309	3021,83
292,535	3285,83
292,76	3227,83
292,985	3201,83
293,211	3028,83
293,436	3090,83
293,661	3008,83
293,886	3089,83
294,112	3106,83
294,337	3081,83
294,562	2896,83
294,787	3208,83
295,013	3114,83
295,238	3126,83
295,463	3197,83
295,688	3239,83
295,913	3150,83
296,138	3192,83
296,364	3062,83
296,589	3180,83
296,814	3001,83
297,039	3057,83
297,264	3153,83
297,489	3118,83
297,714	3071,83
297,939	2828,83
298,164	3090,83
298,389	3167,83
298,614	3017,83
298,839	3176,83
299,064	3401,83
299,289	3184,83
299,514	3323,83
299,739	3199,83
299,964	3423,83
300,189	3272,83
300,414	3268,83
300,639	3327,83
300,863	3161,83
301,088	3585,83
301,313	3243,83
301,538	3205,83
301,763	3229,83
301,988	3302,83
302,212	3356,83
302,437	3747,83
302,662	3213,83
302,887	3293,83
303,111	3293,83
303,336	3495,83
303,561	3334,83
303,786	3216,83
304,01	3446,83
304,235	3329,83
304,46	3243,83
304,684	3210,83
304,909	3249,83
305,134	3132,83
305,358	3294,83
305,583	3216,83
305,807	3432,83
306,032	3007,83
306,256	3283,83
306,481	3262,83
306,706	3173,83
306,93	3186,83
307,155	3572,83
307,379	3217,83
307,604	3214,83
307,828	3239,83
308,052	3460,83
308,277	3384,83
308,501	3104,83
308,726	3438,83
308,95	3348,83
309,175	3219,83
309,399	3347,83
309,623	3291,83
309,848	3146,83
310,072	3173,83
310,296	3623,83
310,521	3286,83
310,745	3222,83
310,969	3607,83
311,193	3398,83
311,418	3348,83
311,642	3331,83
311,866	3292,83
312,09	3178,83
312,315	3372,83
312,539	3396,83
312,763	3230,83
312,987	3363,83
313,211	3506,83
313,435	3395,83
313,659	3335,83
313,884	3546,83
314,108	3394,83
314,332	3467,83
314,556	3227,83
314,78	3541,83
315,004	3333,83
315,228	3469,83
315,452	3357,83
315,676	3410,83
315,9	3377,83
316,124	3106,83
316,348	3341,83
316,572	3275,83
316,796	3362,83
317,02	3262,83
317,244	3338,83
317,468	3215,83
317,691	3593,83
317,915	3470,83
318,139	3276,83
318,363	3644,83
318,587	3168,83
318,811	3246,83
319,034	3110,83
319,258	3361,83
319,482	3417,83
319,706	3339,83
319,93	3284,83
320,153	3097,83
320,377	3332,83
320,601	3172,83
320,824	3101,83
321,048	3446,83
321,272	3343,83
321,495	3427,83
321,719	3339,83
321,943	3276,83
322,166	3356,83
322,39	3348,83
322,614	3339,83
322,837	3443,83
323,061	3222,83
323,284	3390,83
323,508	3364,83
323,731	3280,83
323,955	3304,83
324,178	3288,83
324,402	3395,83
324,625	3297,83
324,849	3137,83
325,072	3396,83
325,296	3363,83
325,519	3253,83
325,743	3177,83
325,966	3467,83
326,189	3418,83
326,413	3290,83
326,636	3633,83
326,859	3319,83
327,083	3569,83
327,306	3271,83
327,529	3238,83
327,753	3156,83
327,976	3154,83
328,199	3262,83
328,422	3219,83
328,646	3288,83
328,869	3224,83
329,092	3345,83
329,315	3504,83
329,538	3293,83
329,762	3334,83
329,985	3258,83
330,208	3282,83
330,431	3355,83
330,654	3494,83
330,877	3347,83
331,1	3437,83
331,323	3291,83
331,546	3506,83
331,769	3467,83
331,993	3164,83
332,216	3330,83
332,439	3388,83
332,662	3342,83
332,885	3314,83
333,107	3184,83
333,33	3252,83
333,553	3496,83
333,776	3182,83
333,999	3344,83
334,222	3273,83
334,445	3299,83
334,668	3329,83
334,891	3390,83
335,114	3359,83
335,336	3346,83
335,559	3463,83
335,782	3659,83
336,005	3280,83
336,228	3291,83
336,45	3428,83
336,673	3267,83
336,896	3421,83
337,119	3181,83
337,341	3565,83
337,564	3312,83
337,787	3326,83
338,009	3278,83
338,232	3384,83
338,455	3438,83
338,677	3332,83
338,9	3393,83
339,122	3429,83
339,345	3108,83
339,568	3144,83
339,79	3295,83
340,013	3332,83
340,235	3390,83
340,458	3294,83
340,68	3351,83
340,903	3206,83
341,125	3176,83
341,348	3430,83
341,57	3242,83
341,793	3404,83
342,015	3110,83
342,238	3240,83
342,46	3323,83
342,682	3382,83
342,905	3159,83
343,127	3297,83
343,349	3250,83
343,572	3398,83
343,794	3142,83
344,016	3150,83
344,239	3306,83
344,461	3218,83
344,683	3181,83
344,905	3146,83
345,128	3131,83
345,35	3284,83
345,572	3318,83
345,794	3409,83
346,017	3224,83
346,239	3324,83
346,461	3143,83
346,683	3212,83
346,905	3309,83
347,127	3324,83
347,349	3231,83
347,571	3227,83
347,793	3429,83
348,016	3247,83
348,238	3310,83
348,46	3230,83
348,682	3243,83
348,904	3283,83
349,126	3356,83
349,348	3267,83
349,57	3162,83
349,792	3274,83
350,014	3389,83
350,235	3355,83
350,457	3876,83
350,679	3311,83
350,901	3183,83
351,123	3245,83
351,345	3173,83
351,567	3409,83
351,789	3325,83
352,01	3280,83
352,232	3334,83
352,454	3183,83
352,676	3258,83
352,897	3156,83
353,119	3121,83
353,341	3113,83
353,563	3187,83
353,784	3021,83
354,006	3220,83
354,228	3155,83
354,449	3213,83
354,671	3398,83
354,893	3413,83
355,114	3131,83
355,336	3271,83
355,558	3245,83
355,779	3192,83
356,001	3322,83
356,222	3290,83
356,444	3217,83
356,665	3980,83
356,887	3225,83
357,108	3265,83
357,33	3180,83
357,551	3364,83
357,773	3322,83
357,994	3285,83
358,216	3168,83
358,437	3295,83
358,659	3375,83
358,88	3174,83
359,101	3220,83
359,323	3310,83
359,544	3216,83
359,765	3077,83
359,987	3208,83
360,208	3276,83
360,429	3264,83
360,651	3156,83
360,872	3404,83
361,093	3292,83
361,314	3259,83
361,536	3249,83
361,757	3254,83
361,978	3169,83
362,199	3183,83
362,42	3072,83
362,642	3254,83
362,863	3157,83
363,084	3217,83
363,305	3268,83
363,526	3182,83
363,747	3194,83
363,968	3131,83
364,189	3240,83
364,41	3175,83
364,631	3166,83
364,852	3277,83
365,073	3080,83
365,294	3076,83
365,515	3089,83
365,736	3336,83
365,957	3206,83
366,178	3136,83
366,399	3159,83
366,62	3391,83
366,841	3294,83
367,062	3326,83
367,283	3277,83
367,504	3362,83
367,724	3304,83
367,945	3114,83
368,166	3384,83
368,387	3267,83
368,608	3209,83
368,828	3433,83
369,049	3253,83
369,27	3282,83
369,491	3251,83
369,711	3369,83
369,932	3445,83
370,153	3281,83
370,373	3411,83
370,594	3451,83
370,815	3279,83
371,035	3446,83
371,256	3172,83
371,477	3180,83
371,697	3268,83
371,918	3076,83
372,138	3494,83
372,359	3393,83
372,579	3145,83
372,8	3244,83
373,02	3328,83
373,241	3267,83
373,461	3344,83
373,682	3337,83
373,902	3310,83
374,123	3197,83
374,343	3681,83
374,564	3277,83
374,784	3285,83
375,004	3343,83
375,225	3187,83
375,445	3269,83
375,666	3381,83
375,886	3164,83
376,106	3254,83
376,326	3272,83
376,547	3463,83
376,767	3438,83
376,987	3212,83
377,208	3313,83
377,428	3262,83
377,648	3332,83
377,868	3499,83
378,088	3560,83
378,309	3623,83
378,529	3559,83
378,749	3466,83
378,969	3314,83
379,189	3560,83
379,409	3365,83
379,629	3322,83
379,849	3483,83
380,069	3347,83
380,29	3250,83
380,51	3380,83
380,73	3518,83
380,95	3596,83
381,17	3543,83
381,39	3457,83
381,61	3324,83
381,829	3388,83
382,049	3369,83
382,269	3399,83
382,489	3476,83
382,709	3448,83
382,929	3499,83
383,149	3379,83
383,369	3692,83
383,589	3290,83
383,808	3390,83
384,028	3370,83
384,248	3425,83
384,468	3377,83
384,688	3379,83
384,907	3447,83
385,127	3390,83
385,347	3478,83
385,567	3380,83
385,786	3573,83
386,006	3503,83
386,226	3529,83
386,445	3547,83
386,665	3681,83
386,885	3634,83
387,104	3673,83
387,324	3711,83
387,543	3585,83
387,763	3692,83
387,982	3776,83
388,202	3700,83
388,422	3686,83
388,641	3632,83
388,861	3649,83
389,08	3696,83
389,3	3619,83
389,519	3868,83
389,738	3616,83
389,958	3634,83
390,177	3643,83
390,397	3546,83
390,616	3711,83
390,836	3867,83
391,055	3709,83
391,274	3738,83
391,494	3724,83
391,713	3749,83
391,932	3762,83
392,151	3942,83
392,371	3891,83
392,59	4065,83
392,809	3863,83
393,029	3920,83
393,248	3930,83
393,467	3626,83
393,686	3665,83
393,905	4758,83
394,124	3737,83
394,344	3808,83
394,563	3800,83
394,782	3730,83
395,001	3850,83
395,22	3572,83
395,439	3842,83
395,658	3780,83
395,877	3946,83
396,096	3812,83
396,315	3962,83
396,534	3633,83
396,753	3954,83
396,972	3817,83
397,191	4075,83
397,41	4021,83
397,629	4013,83
397,848	4044,83
398,067	4166,83
398,286	4048,83
398,505	3939,83
398,724	4006,83
398,943	4540,83
399,161	3824,83
399,38	3918,83
399,599	3956,83
399,818	3840,83
400,037	3957,83
400,255	3831,83
400,474	3773,83
400,693	3809,83
400,912	3873,83
401,13	3906,83
401,349	3741,83
401,568	3622,83
401,786	3727,83
402,005	3745,83
402,224	3673,83
402,442	3690,83
402,661	3747,83
402,88	3647,83
403,098	3599,83
403,317	3634,83
403,535	3735,83
403,754	3587,83
403,972	3674,83
404,191	3496,83
404,409	3689,83
404,628	4453,83
404,846	3828,83
405,065	3863,83
405,283	3837,83
405,502	3693,83
405,72	3804,83
405,938	3629,83
406,157	3584,83
406,375	3610,83
406,594	3633,83
406,812	3568,83
407,03	3628,83
407,249	3383,83
407,467	3762,83
407,685	3653,83
407,903	3523,83
408,122	3831,83
408,34	3714,83
408,558	3697,83
408,776	3614,83
408,995	3656,83
409,213	3593,83
409,431	3717,83
409,649	3721,83
409,867	3572,83
410,085	3532,83
410,303	3854,83
410,522	3515,83
410,74	3493,83
410,958	3429,83
411,176	3550,83
411,394	3486,83
411,612	3381,83
411,83	3764,83
412,048	3670,83
412,266	3595,83
412,484	3622,83
412,702	3788,83
412,92	3472,83
413,138	3757,83
413,356	3655,83
413,573	3681,83
413,791	3763,83
414,009	3565,83
414,227	3696,83
414,445	3448,83
414,663	3542,83
414,881	3487,83
415,098	3474,83
415,316	3449,83
415,534	3882,83
415,752	3484,83
415,969	3689,83
416,187	3407,83
416,405	3396,83
416,623	3615,83
416,84	3326,83
417,058	3461,83
417,276	3562,83
417,493	3471,83
417,711	3521,83
417,928	3528,83
418,146	3385,83
418,364	3580,83
418,581	3424,83
418,799	3393,83
419,016	3300,83
419,234	3504,83
419,451	3975,83
419,669	3593,83
419,886	3454,83
420,104	3772,83
420,321	3560,83
420,539	3604,83
420,756	3783,83
420,974	3624,83
421,191	3653,83
421,408	3814,83
421,626	3695,83
421,843	3650,83
422,06	3654,83
422,278	3270,83
422,495	3549,83
422,712	3558,83
422,93	3558,83
423,147	3604,83
423,364	3413,83
423,581	3512,83
423,799	3211,83
424,016	3461,83
424,233	3507,83
424,45	3489,83
424,667	3520,83
424,884	3394,83
425,102	3478,83
425,319	3270,83
425,536	3300,83
425,753	3333,83
425,97	3283,83
426,187	3327,83
426,404	3320,83
426,621	3695,83
426,838	3494,83
427,055	3517,83
427,272	3518,83
427,489	3471,83
427,706	3370,83
427,923	3218,83
428,14	3373,83
428,357	3765,83
428,574	3446,83
428,791	3441,83
429,008	3617,83
429,224	3443,83
429,441	3496,83
429,658	3673,83
429,875	3814,83
430,092	3667,83
430,308	3681,83
430,525	3623,83
430,742	3508,83
430,959	3532,83
431,175	3296,83
431,392	3336,83
431,609	3322,83
431,826	3209,83
432,042	3106,83
432,259	3187,83
432,476	3539,83
432,692	3145,83
432,909	3345,83
433,125	3487,83
433,342	3464,83
433,559	3480,83
433,775	3342,83
433,992	3209,83
434,208	3127,83
434,425	3223,83
434,641	3430,83
434,858	3401,83
435,074	3292,83
435,291	3254,83
435,507	3280,83
435,723	3233,83
435,94	3270,83
436,156	3326,83
436,373	3476,83
436,589	3281,83
436,805	3314,83
437,022	3254,83
437,238	3346,83
437,454	3021,83
437,671	3219,83
437,887	3294,83
438,103	3322,83
438,319	3209,83
438,536	3455,83
438,752	3350,83
438,968	3341,83
439,184	3277,83
439,4	3237,83
439,616	3156,83
439,833	3362,83
440,049	3259,83
440,265	3567,83
440,481	3309,83
440,697	3518,83
440,913	3704,83
441,129	3624,83
441,345	3669,83
441,561	3598,83
441,777	3421,83
441,993	3589,83
442,209	3321,83
442,425	3464,83
442,641	3451,83
442,857	3472,83
443,073	3512,83
443,289	3490,83
443,505	3588,83
443,721	3596,83
443,937	3435,83
444,152	3325,83
444,368	3498,83
444,584	3426,83
444,8	3621,83
445,016	3372,83
445,231	3379,83
445,447	3552,83
445,663	3435,83
445,879	3356,83
446,094	3564,83
446,31	3397,83
446,526	3380,83
446,742	3429,83
446,957	3342,83
447,173	3287,83
447,388	3434,83
447,604	3466,83
447,82	3287,83
448,035	3286,83
448,251	3365,83
448,466	3414,83
448,682	3251,83
448,897	3231,83
449,113	3400,83
449,328	3493,83
449,544	3222,83
449,759	3712,83
449,975	3146,83
450,19	3207,83
450,406	3232,83
450,621	3166,83
450,836	3114,83
451,052	3175,83
451,267	3130,83
451,483	3172,83
451,698	3022,83
451,913	3210,83
452,129	3241,83
452,344	3069,83
452,559	3258,83
452,774	3137,83
452,99	2957,83
453,205	3133,83
453,42	3206,83
453,635	3270,83
453,85	3008,83
454,066	3274,83
454,281	3210,83
454,496	3187,83
454,711	3193,83
454,926	3193,83
455,141	3148,83
455,356	2921,83
455,571	2998,83
455,786	3143,83
456,001	3017,83
456,217	2849,83
456,432	3087,83
456,647	3110,83
456,861	3112,83
457,076	3114,83
457,291	3264,83
457,506	3036,83
457,721	3143,83
457,936	3158,83
458,151	3122,83
458,366	3307,83
458,581	3137,83
458,796	3407,83
459,01	3134,83
459,225	3154,83
459,44	2995,83
459,655	3153,83
459,87	3012,83
460,084	3025,83
460,299	3032,83
460,514	3065,83
460,729	3558,83
460,943	3035,83
461,158	2879,83
461,373	3031,83
461,587	2931,83
461,802	2823,83
462,016	3083,83
462,231	2836,83
462,446	3023,83
462,66	2924,83
462,875	2952,83
463,089	2982,83
463,304	3121,83
463,518	3056,83
463,733	3006,83
463,947	3094,83
464,162	2876,83
464,376	3144,83
464,591	3235,83
464,805	3063,83
465,02	3336,83
465,234	3472,83
465,448	3328,83
465,663	3345,83
465,877	3093,83
466,091	3096,83
466,306	3111,83
466,52	3287,83
466,734	2990,83
466,949	3006,83
467,163	3072,83
467,377	2910,83
467,591	3087,83
467,806	2974,83
468,02	2884,83
468,234	2809,83
468,448	2932,83
468,662	2861,83
468,876	3170,83
469,091	2833,83
469,305	2861,83
469,519	2814,83
469,733	2752,83
469,947	2830,83
470,161	3052,83
470,375	2731,83
470,589	2939,83
470,803	2864,83
471,017	2874,83
471,231	2907,83
471,445	2851,83
471,659	3162,83
471,873	2990,83
472,087	2869,83
472,301	3032,83
472,515	2852,83
472,728	3008,83
472,942	3030,83
473,156	3357,83
473,37	3177,83
473,584	2969,83
473,798	3246,83
474,011	3059,83
474,225	3176,83
474,439	3298,83
474,653	3304,83
474,866	3278,83
475,08	3378,83
475,294	3203,83
475,507	3083,83
475,721	3240,83
475,935	3253,83
476,148	3022,83
476,362	3096,83
476,576	3130,83
476,789	3232,83
477,003	3315,83
477,216	3294,83
477,43	3289,83
477,643	3461,83
477,857	3549,83
478,07	3425,83
478,284	3476,83
478,497	3242,83
478,711	3322,83
478,924	3314,83
479,138	3335,83
479,351	3429,83
479,564	3419,83
479,778	3580,83
479,991	3421,83
480,204	3500,83
480,418	3806,83
480,631	3430,83
480,844	3636,83
481,058	3512,83
481,271	3701,83
481,484	3674,83
481,697	3690,83
481,911	3729,83
482,124	3490,83
482,337	3733,83
482,55	3602,83
482,763	3506,83
482,976	3672,83
483,19	3458,83
483,403	3577,83
483,616	3892,83
483,829	3905,83
484,042	3898,83
484,255	3949,83
484,468	3979,83
484,681	3937,83
484,894	4643,83
485,107	7300,83
485,32	9449,83
485,533	9386,83
485,746	8346,83
485,959	7013,83
486,172	5814,83
486,385	4785,83
486,598	4441,83
486,81	4043,83
487,023	3940,83
487,236	4062,83
487,449	3912,83
487,662	3714,83
487,875	3682,83
488,087	3751,83
488,3	3751,83
488,513	3620,83
488,726	3560,83
488,938	3779,83
489,151	3733,83
489,364	3778,83
489,576	3709,83
489,789	3752,83
490,002	3756,83
490,214	3703,83
490,427	3544,83
490,64	3718,83
490,852	3659,83
491,065	3478,83
491,277	3546,83
491,49	3781,83
491,702	3461,83
491,915	3839,83
492,127	3829,83
492,34	3779,83
492,552	3684,83
492,765	3830,83
492,977	3962,83
493,19	3781,83
493,402	3727,83
493,614	3811,83
493,827	3566,83
494,039	3741,83
494,251	3791,83
494,464	3767,83
494,676	3530,83
494,888	3569,83
495,101	3552,83
495,313	3744,83
495,525	3784,83
495,737	4047,83
495,95	3992,83
496,162	4004,83
496,374	3777,83
496,586	3683,83
496,798	3548,83
497,01	3539,83
497,222	3423,83
497,435	3738,83
497,647	3462,83
497,859	3557,83
498,071	3587,83
498,283	3753,83
498,495	3634,83
498,707	3904,83
498,919	3713,83
499,131	3901,83
499,343	3643,83
499,555	3719,83
499,767	3694,83
499,979	3427,83
500,191	3805,83
500,402	3526,83
500,614	3672,83
500,826	3778,83
501,038	3666,83
501,25	3665,83
501,462	3698,83
501,673	3715,83
501,885	3600,83
502,097	3894,83
502,309	3735,83
502,521	3720,83
502,732	3605,83
502,944	3766,83
503,156	3594,83
503,367	3570,83
503,579	3520,83
503,791	3599,83
504,002	3472,83
504,214	3642,83
504,425	3833,83
504,637	3802,83
504,849	3564,83
505,06	3638,83
505,272	3628,83
505,483	3514,83
505,695	3616,83
505,906	3548,83
506,118	3575,83
506,329	3517,83
506,541	3386,83
506,752	3511,83
506,963	3422,83
507,175	3316,83
507,386	3540,83
507,598	3500,83
507,809	3308,83
508,02	3411,83
508,232	3586,83
508,443	3188,83
508,654	3586,83
508,865	3519,83
509,077	3193,83
509,288	3178,83
509,499	3571,83
509,71	3011,83
509,922	3414,83
510,133	3295,83
510,344	3525,83
510,555	3265,83
510,766	3340,83
510,977	3249,83
511,188	3260,83
511,4	3145,83
511,611	3091,83
511,822	3219,83
512,033	3180,83
512,244	3290,83
512,455	3226,83
512,666	3307,83
512,877	3326,83
513,088	3177,83
513,299	3216,83
513,51	3302,83
513,721	3170,83
513,931	3176,83
514,142	3261,83
514,353	3318,83
514,564	2935,83
514,775	3023,83
514,986	3183,83
515,196	3184,83
515,407	3136,83
515,618	3114,83
515,829	3236,83
516,04	3109,83
516,25	3066,83
516,461	3060,83
516,672	3102,83
516,882	2985,83
517,093	3135,83
517,304	3027,83
517,514	2957,83
517,725	3158,83
517,936	2917,83
518,146	2995,83
518,357	3142,83
518,567	3150,83
518,778	3500,83
518,988	3046,83
519,199	3268,83
519,409	2986,83
519,62	3044,83
519,83	2914,83
520,041	2819,83
520,251	2994,83
520,462	3108,83
520,672	2998,83
520,882	3056,83
521,093	3145,83
521,303	3068,83
521,513	2960,83
521,724	4041,83
521,934	2813,83
522,144	2910,83
522,355	2992,83
522,565	2984,83
522,775	2872,83
522,985	2882,83
523,196	2937,83
523,406	2884,83
523,616	3083,83
523,826	2866,83
524,036	3780,83
524,246	2900,83
524,457	2828,83
524,667	2415,83
524,877	2892,83
525,087	2835,83
525,297	2945,83
525,507	2967,83
525,717	2814,83
525,927	2879,83
526,137	2735,83
526,347	3012,83
526,557	2795,83
526,767	2804,83
526,977	3123,83
527,187	2797,83
527,397	3000,83
527,607	2747,83
527,816	2884,83
528,026	2891,83
528,236	3017,83
528,446	2969,83
528,656	3010,83
528,865	3037,83
529,075	2968,83
529,285	2825,83
529,495	2910,83
529,704	2905,83
529,914	2816,83
530,124	2884,83
530,334	2664,83
530,543	2782,83
530,753	3084,83
530,963	3158,83
531,172	2783,83
531,382	2755,83
531,591	3009,83
531,801	2660,83
532,01	2787,83
532,22	2868,83
532,43	2877,83
532,639	3160,83
532,849	2960,83
533,058	2873,83
533,267	2996,83
533,477	2765,83
533,686	2804,83
533,896	2850,83
534,105	2829,83
534,315	2955,83
534,524	2799,83
534,733	2626,83
534,943	3021,83
535,152	2867,83
535,361	2623,83
535,57	2550,83
535,78	2680,83
535,989	2584,83
536,198	2553,83
536,407	2588,83
536,617	2680,83
536,826	2731,83
537,035	2801,83
537,244	2632,83
537,453	2502,83
537,662	2637,83
537,872	2875,83
538,081	2723,83
538,29	2614,83
538,499	2658,83
538,708	2595,83
538,917	2746,83
539,126	2776,83
539,335	2749,83
539,544	3172,83
539,753	2594,83
539,962	2749,83
540,171	2627,83
540,38	2813,83
540,589	2691,83
540,797	2775,83
541,006	2668,83
541,215	2610,83
541,424	2901,83
541,633	2774,83
541,842	2710,83
542,05	2991,83
542,259	2632,83
542,468	2704,83
542,677	2793,83
542,885	2737,83
543,094	2797,83
543,303	2623,83
543,512	2980,83
543,72	2843,83
543,929	2867,83
544,138	2701,83
544,346	2631,83
544,555	2701,83
544,763	2802,83
544,972	2488,83
545,18	2482,83
545,389	2642,83
545,598	2577,83
545,806	2660,83
546,015	2655,83
546,223	2481,83
546,431	2697,83
546,64	2604,83
546,848	2661,83
547,057	2750,83
547,265	2664,83
547,474	2734,83
547,682	2837,83
547,89	2771,83
548,099	2692,83
548,307	2611,83
548,515	2819,83
548,723	2522,83
548,932	2547,83
549,14	2634,83
549,348	2674,83
549,556	2505,83
549,765	2448,83
549,973	2436,83
550,181	2497,83
550,389	2669,83
550,597	2531,83
550,805	2410,83
551,014	2585,83
551,222	5106,83
551,43	2539,83
551,638	2615,83
551,846	2777,83
552,054	2785,83
552,262	2622,83
552,47	2463,83
552,678	2402,83
552,886	2489,83
553,094	2473,83
553,302	2579,83
553,51	2540,83
553,717	2683,83
553,925	2316,83
554,133	2677,83
554,341	2402,83
554,549	2564,83
554,757	2486,83
554,965	2701,83
555,172	2844,83
555,38	2769,83
555,588	2428,83
555,796	2531,83
556,003	2585,83
556,211	2360,83
556,419	2451,83
556,626	2508,83
556,834	2396,83
557,042	2376,83
557,249	2457,83
557,457	2389,83
557,664	2179,83
557,872	2287,83
558,08	2249,83
558,287	2388,83
558,495	2389,83
558,702	2225,83
558,91	2328,83
559,117	2232,83
559,325	2409,83
559,532	2353,83
559,74	2580,83
559,947	2394,83
560,154	2512,83
560,362	2380,83
560,569	2370,83
560,776	2250,83
560,984	2507,83
561,191	2361,83
561,398	2312,83
561,606	2709,83
561,813	2358,83
562,02	2119,83
562,227	1953,83
562,435	2357,83
562,642	2320,83
562,849	2371,83
563,056	2319,83
563,263	2244,83
563,471	2421,83
563,678	2530,83
563,885	2091,83
564,092	2353,83
564,299	2379,83
564,506	2433,83
564,713	2315,83
564,92	2199,83
565,127	2386,83
565,334	2274,83
565,541	2666,83
565,748	2378,83
565,955	2190,83
566,162	2280,83
566,369	2431,83
566,576	2505,83
566,783	2533,83
566,99	2481,83
567,196	2481,83
567,403	2431,83
567,61	2649,83
567,817	2398,83
568,024	2473,83
568,23	2618,83
568,437	2487,83
568,644	2523,83
568,851	2699,83
569,057	3084,83
569,264	3022,83
569,471	2918,83
569,677	2867,83
569,884	2821,83
570,091	2863,83
570,297	3902,83
570,504	3110,83
570,71	2973,83
570,917	2742,83
571,123	2806,83
571,33	2995,83
571,536	2981,83
571,743	3081,83
571,949	2633,83
572,156	2458,83
572,362	2582,83
572,569	2724,83
572,775	2972,83
572,982	3112,83
573,188	2854,83
573,394	2810,83
573,601	2874,83
573,807	2871,83
574,013	3161,83
574,22	2937,83
574,426	2731,83
574,632	2963,83
574,838	2795,83
575,045	2557,83
575,251	2533,83
575,457	2560,83
575,663	2753,83
575,869	2769,83
576,076	2731,83
576,282	3030,83
576,488	2747,83
576,694	2743,83
576,9	2732,83
577,106	3063,83
577,312	3189,83
577,518	3338,83
577,724	3102,83
577,93	2841,83
578,136	2634,83
578,342	2588,83
578,548	2465,83
578,754	2435,83
578,96	2632,83
579,166	2638,83
579,372	2941,83
579,578	2899,83
579,784	2842,83
579,989	2742,83
580,195	2616,83
580,401	2558,83
580,607	2937,83
580,813	3631,83
581,018	3503,83
581,224	3381,83
581,43	3221,83
581,636	3121,83
581,841	3121,83
582,047	2798,83
582,253	2635,83
582,458	2495,83
582,664	2357,83
582,869	2351,83
583,075	2116,83
583,281	2617,83
583,486	2448,83
583,692	2413,83
583,897	2594,83
584,103	2480,83
584,308	2675,83
584,514	2768,83
584,719	2906,83
584,925	2717,83
585,13	2608,83
585,335	2644,83
585,541	2481,83
585,746	2378,83
585,952	2254,83
586,157	2254,83
586,362	2305,83
586,568	2496,83
586,773	2645,83
586,978	2415,83
587,183	2489,83
587,389	2436,83
587,594	2227,83
587,799	2318,83
588,004	2401,83
588,21	2559,83
588,415	2089,83
588,62	2129,83
588,825	2250,83
589,03	2098,83
589,235	2602,83
589,44	2315,83
589,645	2156,83
589,85	2182,83
590,055	2327,83
590,26	2079,83
590,465	2108,83
590,67	2089,83
590,875	2207,83
591,08	2173,83
591,285	2004,83
591,49	2063,83
591,695	2004,83
591,9	2006,83
592,105	2123,83
592,31	2200,83
592,515	2572,83
592,719	2076,83
592,924	2008,83
593,129	2086,83
593,334	2164,83
593,539	1956,83
593,743	2177,83
593,948	1961,83
594,153	1926,83
594,357	2263,83
594,562	1983,83
594,767	2464,83
594,971	1862,83
595,176	1781,83
595,381	2080,83
595,585	1942,83
595,79	2121,83
595,994	1788,83
596,199	2414,83
596,403	1679,83
596,608	1887,83
596,812	1876,83
597,017	2048,83
597,221	2149,83
597,426	2074,83
597,63	1977,83
597,835	1928,83
598,039	1877,83
598,243	1846,83
598,448	2225,83
598,652	2025,83
598,856	1943,83
599,061	2029,83
599,265	1856,83
599,469	1851,83
599,673	1984,83
599,878	1973,83
600,082	1858,83
600,286	1946,83
600,49	1976,83
600,695	1713,83
600,899	1912,83
601,103	1914,83
601,307	2046,83
601,511	1938,83
601,715	1800,83
601,919	1756,83
602,123	2040,83
602,327	1933,83
602,531	1928,83
602,735	2081,83
602,939	2084,83
603,143	1814,83
603,347	1966,83
603,551	1855,83
603,755	2080,83
603,959	1863,83
604,163	1896,83
604,367	1886,83
604,571	1850,83
604,775	1965,83
604,978	1938,83
605,182	1589,83
605,386	2030,83
605,59	1884,83
605,793	1815,83
605,997	2070,83
606,201	1933,83
606,405	2043,83
606,608	1870,83
606,812	1935,83
607,016	2004,83
607,219	1829,83
607,423	1801,83
607,627	1998,83
607,83	1840,83
608,034	1762,83
608,237	1919,83
608,441	1721,83
608,644	1936,83
608,848	1941,83
609,051	1879,83
609,255	1782,83
609,458	2013,83
609,662	1858,83
609,865	1918,83
610,069	1695,83
610,272	1707,83
610,475	1782,83
610,679	1792,83
610,882	1830,83
611,085	1860,83
611,289	1972,83
611,492	1835,83
611,695	1684,83
611,898	1818,83
612,102	2057,83
612,305	1757,83
612,508	1854,83
612,711	2025,83
612,914	1786,83
613,118	1914,83
613,321	1885,83
613,524	1743,83
613,727	1996,83
613,93	1820,83
614,133	1775,83
614,336	1864,83
614,539	1792,83
614,742	1819,83
614,945	1702,83
615,148	2002,83
615,351	1829,83
615,554	1922,83
615,757	1762,83
615,96	1831,83
616,163	1768,83
616,366	1933,83
616,569	1792,83
616,772	2001,83
616,974	1873,83
617,177	1946,83
617,38	1831,83
617,583	1894,83
617,786	1790,83
617,988	1698,83
618,191	1876,83
618,394	1748,83
618,596	1646,83
618,799	1713,83
619,002	1859,83
619,204	1816,83
619,407	1868,83
619,61	1721,83
619,812	1742,83
620,015	1778,83
620,217	1923,83
620,42	1772,83
620,623	1601,83
620,825	1816,83
621,028	1946,83
621,23	1888,83
621,432	1855,83
621,635	1971,83
621,837	1850,83
622,04	1772,83
622,242	1796,83
622,445	1896,83
622,647	1768,83
622,849	1906,83
623,052	1679,83
623,254	1939,83
623,456	1720,83
623,658	1803,83
623,861	1946,83
624,063	1786,83
624,265	1970,83
624,467	1846,83
624,67	1679,83
624,872	1868,83
625,074	2034,83
625,276	1963,83
625,478	1924,83
625,68	1603,83
625,882	1658,83
626,084	1812,83
626,287	1976,83
626,489	1943,83
626,691	1786,83
626,893	1823,83
627,095	1900,83
627,297	1852,83
627,499	1687,83
627,7	1565,83
627,902	1671,83
628,104	1639,83
628,306	1707,83
628,508	1760,83
628,71	1759,83
628,912	1809,83
629,114	2222,83
629,315	1825,83
629,517	1657,83
629,719	1723,83
629,921	1828,83
630,122	1791,83
630,324	1673,83
630,526	1760,83
630,728	1816,83
630,929	1693,83
631,131	1661,83
631,332	1999,83
631,534	1976,83
631,736	1763,83
631,937	1718,83
632,139	1746,83
632,34	1805,83
632,542	1890,83
632,743	1789,83
632,945	1641,83
633,146	1836,83
633,348	1535,83
633,549	1791,83
633,751	1666,83
633,952	1754,83
634,154	1576,83
634,355	1589,83
634,556	1768,83
634,758	1696,83
634,959	1731,83
635,16	1798,83
635,362	1593,83
635,563	1841,83
635,764	1756,83
635,965	1695,83
636,167	1809,83
636,368	1776,83
636,569	1714,83
636,77	1894,83
636,971	1918,83
637,172	1880,83
637,374	1662,83
637,575	1962,83
637,776	1575,83
637,977	1633,83
638,178	1806,83
638,379	1771,83
638,58	1770,83
638,781	1628,83
638,982	1724,83
639,183	1716,83
639,384	1666,83
639,585	1669,83
639,786	1612,83
639,987	1694,83
640,187	1825,83
640,388	1750,83
640,589	1624,83
640,79	1619,83
640,991	1755,83
641,192	1888,83
641,392	1634,83
641,593	1607,83
641,794	1513,83
641,995	1743,83
642,195	1479,83
642,396	1583,83
642,597	1608,83
642,797	1712,83
642,998	1747,83
643,199	1569,83
643,399	1776,83
643,6	1585,83
643,8	1578,83
644,001	1745,83
644,202	1682,83
644,402	1721,83
644,603	1785,83
644,803	1607,83
645,004	1684,83
645,204	1691,83
645,404	1687,83
645,605	2070,83
645,805	1607,83
646,006	1560,83
646,206	2152,83
646,406	1637,83
646,607	1539,83
646,807	1442,83
647,007	-17,17
647,208	18,83
647,408	12,83
647,608	21,83
