200,697	942,67
200,927	7,67
201,158	62,67
201,388	46,67
201,618	1546,67
201,849	1441,67
202,079	1569,67
202,309	1519,67
202,539	1595,67
202,77	1465,67
203	1662,67
203,23	1585,67
203,46	1608,67
203,691	1621,67
203,921	1695,67
204,151	1620,67
204,381	1545,67
204,611	1663,67
204,841	1516,67
205,071	1604,67
205,302	1683,67
205,532	1701,67
205,762	3820,67
205,992	1548,67
206,222	1537,67
206,452	1678,67
206,682	1574,67
206,912	1669,67
207,142	1682,67
207,372	1633,67
207,602	1526,67
207,832	1547,67
208,062	1728,67
208,292	1683,67
208,522	1488,67
208,752	1636,67
208,982	1651,67
209,212	1730,67
209,442	1633,67
209,672	1588,67
209,902	1560,67
210,131	1698,67
210,361	1567,67
210,591	1623,67
210,821	1564,67
211,051	1798,67
211,281	1673,67
211,51	1802,67
211,74	1763,67
211,97	1631,67
212,2	1672,67
212,429	2164,67
212,659	1687,67
212,889	1643,67
213,119	1528,67
213,348	1617,67
213,578	1652,67
213,808	1836,67
214,037	1757,67
214,267	1638,67
214,497	1723,67
214,726	1547,67
214,956	1620,67
215,186	1674,67
215,415	1634,67
215,645	1669,67
215,874	1737,67
216,104	1575,67
216,333	1632,67
216,563	1686,67
216,792	1734,67
217,022	1748,67
217,251	1686,67
217,481	1576,67
217,71	1662,67
217,94	1566,67
218,169	1806,67
218,399	1729,67
218,628	1601,67
218,858	1737,67
219,087	1772,67
219,316	1659,67
219,546	1596,67
219,775	1755,67
220,004	1777,67
220,234	1596,67
220,463	1657,67
220,692	1722,67
220,922	1795,67
221,151	1615,67
221,38	1685,67
221,61	2096,67
221,839	1949,67
222,068	1675,67
222,297	1840,67
222,526	1748,67
222,756	1748,67
222,985	1748,67
223,214	1743,67
223,443	1710,67
223,672	2271,67
223,902	1640,67
224,131	1729,67
224,36	1842,67
224,589	1635,67
224,818	1729,67
225,047	1759,67
225,276	1654,67
225,505	1926,67
225,734	1720,67
225,963	1604,67
226,192	1699,67
226,421	1742,67
226,65	1747,67
226,879	1850,67
227,108	1864,67
227,337	1863,67
227,566	1875,67
227,795	1760,67
228,024	1846,67
228,253	1699,67
228,482	1677,67
228,711	1833,67
228,94	1658,67
229,168	1751,67
229,397	1753,67
229,626	1803,67
229,855	1752,67
230,084	1770,67
230,313	1648,67
230,541	1624,67
230,77	1778,67
230,999	1644,67
231,228	2007,67
231,456	1842,67
231,685	1548,67
231,914	1862,67
232,143	1843,67
232,371	1844,67
232,6	1928,67
232,829	1722,67
233,057	2001,67
233,286	1855,67
233,515	1904,67
233,743	2001,67
233,972	1794,67
234,2	1943,67
234,429	1857,67
234,658	2024,67
234,886	1816,67
235,115	1905,67
235,343	1947,67
235,572	1922,67
235,8	2004,67
236,029	2297,67
236,257	1857,67
236,486	2043,67
236,714	2068,67
236,943	2005,67
237,171	2027,67
237,399	1968,67
237,628	2059,67
237,856	2120,67
238,085	2119,67
238,313	1940,67
238,541	2039,67
238,77	2439,67
238,998	1979,67
239,226	2169,67
239,455	2082,67
239,683	2167,67
239,911	1950,67
240,14	2353,67
240,368	2152,67
240,596	2059,67
240,824	2173,67
241,053	2215,67
241,281	2268,67
241,509	2183,67
241,737	2176,67
241,965	1972,67
242,193	2169,67
242,422	2066,67
242,65	2180,67
242,878	2251,67
243,106	2274,67
243,334	2248,67
243,562	2302,67
243,79	2325,67
244,018	2347,67
244,246	2305,67
244,474	2266,67
244,702	2270,67
244,93	2335,67
245,158	2369,67
245,386	2313,67
245,614	2368,67
245,842	2535,67
246,07	2348,67
246,298	2470,67
246,526	2794,67
246,754	2349,67
246,982	2471,67
247,21	2460,67
247,438	2517,67
247,666	2464,67
247,893	2325,67
248,121	2523,67
248,349	2520,67
248,577	2562,67
248,805	2625,67
249,033	2538,67
249,26	2567,67
249,488	2614,67
249,716	2667,67
249,944	2474,67
250,171	2527,67
250,399	2541,67
250,627	2675,67
250,854	2681,67
251,082	2543,67
251,31	2662,67
251,537	2702,67
251,765	2720,67
251,993	2498,67
252,22	2953,67
252,448	2641,67
252,676	2753,67
252,903	2671,67
253,131	3028,67
253,358	2689,67
253,586	2637,67
253,813	2598,67
254,041	2805,67
254,268	2822,67
254,496	2630,67
254,723	2767,67
254,951	2764,67
255,178	2744,67
255,406	2811,67
255,633	2805,67
255,86	2876,67
256,088	2890,67
256,315	2791,67
256,543	2914,67
256,77	2887,67
256,997	2871,67
257,225	2912,67
257,452	2785,67
257,679	2830,67
257,907	3028,67
258,134	2821,67
258,361	2975,67
258,588	2892,67
258,816	2956,67
259,043	2870,67
259,27	2944,67
259,497	3084,67
259,725	2905,67
259,952	2978,67
260,179	2940,67
260,406	2889,67
260,633	2923,67
260,86	3033,67
261,088	2971,67
261,315	3564,67
261,542	2880,67
261,769	2915,67
261,996	3416,67
262,223	3201,67
262,45	3282,67
262,677	2880,67
262,904	3011,67
263,131	3173,67
263,358	3063,67
263,585	3131,67
263,812	3393,67
264,039	3243,67
264,266	3057,67
264,493	3132,67
264,72	3078,67
264,947	3067,67
265,174	3273,67
265,401	3152,67
265,627	3190,67
265,854	3174,67
266,081	3176,67
266,308	3140,67
266,535	3068,67
266,762	3054,67
266,988	3128,67
267,215	3138,67
267,442	3097,67
267,669	3278,67
267,896	3229,67
268,122	3228,67
268,349	3240,67
268,576	2897,67
268,802	2950,67
269,029	3160,67
269,256	3323,67
269,482	3115,67
269,709	3276,67
269,936	3226,67
270,162	3407,67
270,389	3210,67
270,616	3171,67
270,842	3322,67
271,069	3322,67
271,295	3212,67
271,522	3112,67
271,748	3151,67
271,975	3352,67
272,201	3408,67
272,428	3296,67
272,654	3189,67
272,881	3643,67
273,107	3173,67
273,334	3348,67
273,56	3510,67
273,787	3285,67
274,013	3354,67
274,239	3703,67
274,466	3346,67
274,692	3350,67
274,918	3411,67
275,145	3403,67
275,371	3366,67
275,597	3627,67
275,824	3513,67
276,05	3432,67
276,276	3582,67
276,503	3460,67
276,729	3478,67
276,955	3455,67
277,181	3534,67
277,407	3558,67
277,634	3477,67
277,86	3465,67
278,086	3671,67
278,312	3479,67
278,538	3441,67
278,764	3524,67
278,991	3542,67
279,217	3304,67
279,443	3435,67
279,669	3455,67
279,895	3678,67
280,121	3420,67
280,347	3624,67
280,573	3543,67
280,799	3532,67
281,025	3800,67
281,251	3461,67
281,477	3775,67
281,703	3636,67
281,929	3690,67
282,155	3714,67
282,381	3779,67
282,607	3801,67
282,833	3900,67
283,059	3842,67
283,285	3730,67
283,51	3912,67
283,736	3764,67
283,962	3902,67
284,188	3844,67
284,414	3855,67
284,64	3919,67
284,865	3863,67
285,091	3890,67
285,317	4074,67
285,543	4112,67
285,768	4026,67
285,994	4051,67
286,22	4326,67
286,446	4106,67
286,671	4000,67
286,897	4175,67
287,123	4144,67
287,348	4203,67
287,574	4568,67
287,799	4225,67
288,025	4186,67
288,251	4345,67
288,476	4161,67
288,702	4095,67
288,927	4150,67
289,153	4200,67
289,378	4394,67
289,604	4219,67
289,829	4270,67
290,055	4262,67
290,28	4285,67
290,506	4295,67
290,731	4297,67
290,957	4454,67
291,182	4347,67
291,408	4490,67
291,633	4520,67
291,858	4374,67
292,084	4409,67
292,309	4351,67
292,535	4521,67
292,76	4544,67
292,985	4505,67
293,211	4460,67
293,436	4403,67
293,661	4356,67
293,886	4456,67
294,112	4527,67
294,337	4637,67
294,562	4297,67
294,787	4674,67
295,013	4561,67
295,238	4549,67
295,463	4642,67
295,688	4726,67
295,913	4566,67
296,138	4601,67
296,364	4489,67
296,589	4605,67
296,814	4176,67
297,039	4456,67
297,264	4643,67
297,489	4399,67
297,714	4436,67
297,939	4399,67
298,164	4573,67
298,389	4540,67
298,614	4529,67
298,839	4648,67
299,064	5077,67
299,289	4711,67
299,514	4732,67
299,739	4726,67
299,964	4639,67
300,189	4710,67
300,414	4890,67
300,639	4914,67
300,863	4784,67
301,088	5143,67
301,313	4810,67
301,538	4853,67
301,763	4766,67
301,988	4843,67
302,212	4893,67
302,437	5309,67
302,662	4816,67
302,887	4801,67
303,111	4843,67
303,336	4987,67
303,561	4930,67
303,786	4860,67
304,01	4922,67
304,235	5060,67
304,46	4862,67
304,684	4992,67
304,909	4954,67
305,134	4662,67
305,358	4952,67
305,583	4788,67
305,807	4968,67
306,032	4506,67
306,256	4809,67
306,481	4740,67
306,706	4679,67
306,93	4653,67
307,155	5018,67
307,379	4654,67
307,604	4942,67
307,828	4903,67
308,052	5047,67
308,277	4922,67
308,501	4856,67
308,726	5126,67
308,95	4950,67
309,175	4834,67
309,399	5066,67
309,623	4919,67
309,848	4887,67
310,072	4778,67
310,296	5293,67
310,521	4998,67
310,745	4837,67
310,969	5187,67
311,193	4976,67
311,418	5010,67
311,642	4991,67
311,866	4924,67
312,09	5001,67
312,315	5066,67
312,539	5029,67
312,763	4846,67
312,987	5014,67
313,211	4936,67
313,435	4992,67
313,659	4887,67
313,884	5136,67
314,108	5052,67
314,332	5023,67
314,556	4816,67
314,78	5163,67
315,004	4994,67
315,228	5070,67
315,452	4936,67
315,676	4986,67
315,9	5002,67
316,124	4715,67
316,348	4858,67
316,572	5026,67
316,796	5060,67
317,02	4756,67
317,244	4947,67
317,468	4748,67
317,691	5022,67
317,915	5075,67
318,139	4738,67
318,363	5196,67
318,587	4898,67
318,811	4666,67
319,034	4680,67
319,258	4938,67
319,482	5104,67
319,706	4904,67
319,93	4761,67
320,153	4886,67
320,377	4799,67
320,601	4755,67
320,824	4673,67
321,048	4986,67
321,272	4935,67
321,495	4881,67
321,719	4816,67
321,943	4855,67
322,166	4887,67
322,39	4895,67
322,614	4956,67
322,837	4995,67
323,061	4831,67
323,284	5080,67
323,508	4940,67
323,731	4828,67
323,955	5007,67
324,178	4942,67
324,402	5102,67
324,625	4922,67
324,849	4822,67
325,072	4984,67
325,296	4931,67
325,519	4840,67
325,743	4910,67
325,966	4933,67
326,189	5201,67
326,413	4943,67
326,636	5067,67
326,859	4991,67
327,083	5107,67
327,306	4691,67
327,529	4753,67
327,753	4627,67
327,976	4878,67
328,199	4900,67
328,422	4854,67
328,646	4883,67
328,869	4802,67
329,092	4868,67
329,315	5038,67
329,538	4950,67
329,762	4791,67
329,985	4766,67
330,208	4906,67
330,431	4909,67
330,654	5135,67
330,877	4856,67
331,1	4980,67
331,323	4882,67
331,546	5021,67
331,769	4877,67
331,993	4877,67
332,216	4981,67
332,439	4912,67
332,662	5011,67
332,885	5001,67
333,107	4785,67
333,33	4803,67
333,553	5118,67
333,776	5034,67
333,999	4969,67
334,222	4839,67
334,445	4874,67
334,668	4911,67
334,891	4948,67
335,114	4840,67
335,336	4884,67
335,559	4921,67
335,782	5178,67
336,005	4815,67
336,228	4748,67
336,45	5264,67
336,673	5033,67
336,896	4912,67
337,119	4995,67
337,341	4877,67
337,564	4855,67
337,787	5008,67
338,009	4873,67
338,232	5001,67
338,455	5031,67
338,677	4832,67
338,9	4862,67
339,122	5060,67
339,345	4755,67
339,568	4624,67
339,79	4886,67
340,013	5009,67
340,235	4935,67
340,458	4730,67
340,68	4899,67
340,903	4827,67
341,125	4725,67
341,348	4736,67
341,57	4776,67
341,793	4951,67
342,015	4590,67
342,238	4706,67
342,46	4749,67
342,682	4838,67
342,905	4604,67
343,127	4703,67
343,349	4502,67
343,572	4785,67
343,794	4630,67
344,016	4501,67
344,239	4713,67
344,461	4634,67
344,683	4542,67
344,905	4323,67
345,128	4447,67
345,35	4635,67
345,572	4799,67
345,794	4516,67
346,017	4606,67
346,239	4886,67
346,461	4723,67
346,683	4649,67
346,905	4838,67
347,127	4800,67
347,349	4747,67
347,571	4767,67
347,793	4908,67
348,016	4851,67
348,238	4753,67
348,46	4741,67
348,682	4704,67
348,904	4803,67
349,126	4641,67
349,348	4911,67
349,57	4574,67
349,792	4718,67
350,014	4822,67
350,235	4754,67
350,457	4942,67
350,679	4866,67
350,901	4718,67
351,123	4702,67
351,345	4698,67
351,567	4750,67
351,789	4712,67
352,01	4772,67
352,232	4631,67
352,454	4536,67
352,676	4705,67
352,897	4530,67
353,119	4422,67
353,341	4600,67
353,563	4422,67
353,784	4396,67
354,006	4473,67
354,228	4383,67
354,449	4621,67
354,671	4591,67
354,893	4794,67
355,114	4557,67
355,336	4640,67
355,558	4708,67
355,779	4676,67
356,001	4687,67
356,222	4726,67
356,444	4541,67
356,665	5315,67
356,887	4596,67
357,108	4722,67
357,33	4579,67
357,551	4778,67
357,773	4736,67
357,994	4725,67
358,216	4520,67
358,437	4744,67
358,659	4770,67
358,88	4577,67
359,101	4617,67
359,323	4695,67
359,544	4600,67
359,765	4510,67
359,987	4480,67
360,208	4634,67
360,429	4751,67
360,651	4495,67
360,872	4860,67
361,093	4603,67
361,314	4658,67
361,536	4547,67
361,757	4760,67
361,978	4584,67
362,199	4530,67
362,42	4431,67
362,642	4548,67
362,863	4690,67
363,084	4515,67
363,305	4772,67
363,526	4782,67
363,747	4469,67
363,968	4554,67
364,189	4516,67
364,41	4298,67
364,631	4323,67
364,852	4556,67
365,073	4497,67
365,294	4502,67
365,515	4409,67
365,736	4660,67
365,957	4602,67
366,178	4579,67
366,399	4546,67
366,62	4567,67
366,841	4703,67
367,062	4521,67
367,283	4564,67
367,504	4623,67
367,724	4546,67
367,945	4443,67
368,166	4722,67
368,387	4654,67
368,608	4581,67
368,828	4824,67
369,049	4532,67
369,27	4578,67
369,491	4511,67
369,711	4684,67
369,932	4653,67
370,153	4611,67
370,373	4682,67
370,594	4765,67
370,815	4529,67
371,035	4462,67
371,256	4481,67
371,477	4486,67
371,697	4473,67
371,918	4442,67
372,138	4640,67
372,359	4745,67
372,579	4363,67
372,8	4534,67
373,02	4594,67
373,241	4552,67
373,461	4822,67
373,682	4730,67
373,902	4641,67
374,123	4452,67
374,343	4815,67
374,564	4577,67
374,784	4500,67
375,004	4660,67
375,225	4521,67
375,445	4566,67
375,666	4652,67
375,886	4395,67
376,106	4435,67
376,326	4422,67
376,547	4774,67
376,767	4621,67
376,987	4555,67
377,208	4791,67
377,428	4632,67
377,648	4702,67
377,868	4751,67
378,088	4999,67
378,309	4999,67
378,529	4966,67
378,749	4954,67
378,969	4781,67
379,189	5003,67
379,409	4868,67
379,629	4802,67
379,849	4798,67
380,069	4823,67
380,29	4812,67
380,51	4790,67
380,73	5066,67
380,95	5012,67
381,17	4799,67
381,39	4781,67
381,61	4665,67
381,829	4754,67
382,049	4717,67
382,269	4776,67
382,489	4836,67
382,709	4492,67
382,929	4748,67
383,149	4687,67
383,369	5060,67
383,589	4721,67
383,808	4754,67
384,028	4783,67
384,248	4780,67
384,468	4728,67
384,688	4759,67
384,907	4634,67
385,127	4802,67
385,347	4961,67
385,567	4843,67
385,786	4960,67
386,006	4829,67
386,226	5038,67
386,445	4900,67
386,665	4969,67
386,885	5218,67
387,104	5183,67
387,324	5108,67
387,543	5153,67
387,763	5335,67
387,982	5225,67
388,202	5316,67
388,422	5280,67
388,641	5123,67
388,861	5227,67
389,08	5279,67
389,3	5182,67
389,519	5159,67
389,738	5172,67
389,958	5289,67
390,177	5139,67
390,397	5245,67
390,616	5279,67
390,836	5371,67
391,055	5234,67
391,274	5452,67
391,494	5453,67
391,713	5559,67
391,932	5404,67
392,151	5598,67
392,371	5667,67
392,59	5631,67
392,809	5807,67
393,029	5696,67
393,248	5556,67
393,467	5309,67
393,686	5204,67
393,905	6332,67
394,124	5202,67
394,344	5267,67
394,563	5373,67
394,782	5505,67
395,001	5475,67
395,22	5342,67
395,439	5442,67
395,658	5394,67
395,877	5412,67
396,096	5287,67
396,315	5699,67
396,534	5468,67
396,753	5628,67
396,972	5559,67
397,191	5694,67
397,41	5811,67
397,629	5851,67
397,848	5880,67
398,067	5932,67
398,286	5849,67
398,505	5776,67
398,724	6020,67
398,943	6235,67
399,161	5548,67
399,38	5635,67
399,599	5636,67
399,818	5512,67
400,037	5452,67
400,255	5415,67
400,474	5293,67
400,693	5444,67
400,912	5343,67
401,13	5473,67
401,349	5174,67
401,568	5246,67
401,786	5431,67
402,005	5312,67
402,224	5218,67
402,442	5218,67
402,661	5283,67
402,88	5139,67
403,098	5155,67
403,317	5092,67
403,535	5134,67
403,754	5026,67
403,972	5260,67
404,191	5038,67
404,409	5196,67
404,628	5923,67
404,846	5191,67
405,065	5190,67
405,283	5297,67
405,502	5293,67
405,72	5231,67
405,938	5059,67
406,157	5005,67
406,375	4980,67
406,594	4961,67
406,812	4885,67
407,03	4878,67
407,249	4694,67
407,467	4903,67
407,685	4981,67
407,903	4947,67
408,122	5260,67
408,34	5023,67
408,558	5118,67
408,776	5014,67
408,995	5044,67
409,213	4961,67
409,431	5115,67
409,649	5116,67
409,867	4871,67
410,085	5023,67
410,303	4988,67
410,522	4794,67
410,74	4736,67
410,958	4773,67
411,176	4865,67
411,394	4706,67
411,612	4770,67
411,83	5119,67
412,048	4834,67
412,266	4791,67
412,484	4920,67
412,702	5194,67
412,92	4744,67
413,138	5089,67
413,356	4776,67
413,573	4974,67
413,791	5061,67
414,009	4839,67
414,227	4926,67
414,445	4565,67
414,663	4707,67
414,881	4817,67
415,098	4729,67
415,316	4692,67
415,534	5074,67
415,752	4748,67
415,969	4858,67
416,187	4592,67
416,405	4580,67
416,623	4818,67
416,84	4540,67
417,058	4720,67
417,276	4748,67
417,493	4609,67
417,711	4639,67
417,928	4687,67
418,146	4622,67
418,364	4800,67
418,581	4692,67
418,799	4558,67
419,016	4466,67
419,234	4932,67
419,451	5274,67
419,669	4710,67
419,886	4756,67
420,104	4750,67
420,321	4747,67
420,539	4789,67
420,756	5047,67
420,974	4929,67
421,191	4905,67
421,408	5291,67
421,626	5035,67
421,843	5001,67
422,06	4854,67
422,278	4684,67
422,495	4831,67
422,712	4749,67
422,93	4818,67
423,147	4716,67
423,364	4682,67
423,581	4761,67
423,799	4499,67
424,016	4583,67
424,233	4602,67
424,45	4589,67
424,667	4710,67
424,884	4308,67
425,102	4626,67
425,319	4418,67
425,536	4500,67
425,753	4569,67
425,97	4208,67
426,187	4451,67
426,404	4318,67
426,621	4727,67
426,838	4644,67
427,055	4612,67
427,272	4752,67
427,489	4613,67
427,706	4478,67
427,923	4484,67
428,14	4441,67
428,357	4581,67
428,574	4585,67
428,791	4513,67
429,008	4421,67
429,224	4640,67
429,441	4658,67
429,658	4951,67
429,875	5071,67
430,092	5015,67
430,308	5258,67
430,525	4771,67
430,742	4759,67
430,959	4610,67
431,175	4513,67
431,392	4272,67
431,609	4361,67
431,826	4169,67
432,042	3927,67
432,259	3975,67
432,476	4441,67
432,692	4065,67
432,909	4118,67
433,125	4374,67
433,342	4485,67
433,559	4588,67
433,775	4516,67
433,992	4531,67
434,208	4185,67
434,425	4184,67
434,641	4328,67
434,858	4474,67
435,074	4278,67
435,291	4154,67
435,507	4276,67
435,723	4191,67
435,94	4288,67
436,156	4414,67
436,373	4403,67
436,589	4403,67
436,805	4289,67
437,022	4225,67
437,238	4132,67
437,454	4219,67
437,671	4122,67
437,887	4202,67
438,103	4283,67
438,319	4241,67
438,536	4375,67
438,752	4346,67
438,968	4129,67
439,184	4156,67
439,4	4366,67
439,616	4128,67
439,833	4238,67
440,049	4180,67
440,265	4429,67
440,481	4286,67
440,697	4448,67
440,913	4646,67
441,129	4629,67
441,345	4836,67
441,561	4708,67
441,777	4567,67
441,993	4526,67
442,209	4403,67
442,425	4623,67
442,641	4388,67
442,857	4468,67
443,073	4593,67
443,289	4485,67
443,505	4660,67
443,721	4621,67
443,937	4466,67
444,152	4433,67
444,368	4432,67
444,584	4486,67
444,8	4541,67
445,016	4344,67
445,231	4274,67
445,447	4448,67
445,663	4466,67
445,879	4343,67
446,094	4494,67
446,31	4609,67
446,526	4365,67
446,742	4376,67
446,957	4289,67
447,173	4372,67
447,388	4436,67
447,604	4405,67
447,82	4322,67
448,035	4274,67
448,251	4362,67
448,466	4232,67
448,682	4287,67
448,897	4089,67
449,113	4310,67
449,328	4410,67
449,544	4149,67
449,759	4514,67
449,975	4077,67
450,19	4136,67
450,406	4185,67
450,621	4020,67
450,836	4061,67
451,052	3994,67
451,267	3936,67
451,483	4014,67
451,698	3899,67
451,913	4207,67
452,129	4071,67
452,344	3961,67
452,559	4215,67
452,774	3911,67
452,99	3848,67
453,205	4041,67
453,42	3955,67
453,635	3884,67
453,85	3754,67
454,066	3852,67
454,281	3708,67
454,496	3895,67
454,711	3919,67
454,926	3997,67
455,141	3750,67
455,356	4200,67
455,571	3791,67
455,786	3828,67
456,001	3725,67
456,217	3541,67
456,432	3838,67
456,647	3827,67
456,861	3872,67
457,076	3812,67
457,291	3913,67
457,506	3833,67
457,721	3959,67
457,936	3874,67
458,151	3947,67
458,366	4090,67
458,581	3979,67
458,796	4111,67
459,01	3942,67
459,225	3925,67
459,44	3881,67
459,655	3944,67
459,87	3698,67
460,084	3828,67
460,299	3837,67
460,514	3835,67
460,729	4274,67
460,943	3537,67
461,158	3578,67
461,373	3673,67
461,587	3697,67
461,802	3456,67
462,016	3628,67
462,231	3577,67
462,446	3682,67
462,66	3391,67
462,875	3600,67
463,089	3506,67
463,304	3736,67
463,518	3603,67
463,733	3790,67
463,947	3847,67
464,162	3682,67
464,376	3595,67
464,591	4017,67
464,805	3771,67
465,02	4082,67
465,234	4036,67
465,448	4112,67
465,663	4001,67
465,877	3911,67
466,091	3788,67
466,306	4015,67
466,52	3829,67
466,734	3739,67
466,949	3624,67
467,163	3654,67
467,377	3648,67
467,591	3734,67
467,806	3666,67
468,02	3564,67
468,234	3488,67
468,448	3773,67
468,662	3564,67
468,876	3756,67
469,091	3461,67
469,305	3546,67
469,519	3395,67
469,733	3367,67
469,947	3604,67
470,161	3568,67
470,375	3314,67
470,589	3619,67
470,803	3510,67
471,017	3536,67
471,231	3505,67
471,445	3450,67
471,659	3593,67
471,873	3597,67
472,087	3754,67
472,301	3796,67
472,515	3664,67
472,728	3674,67
472,942	3719,67
473,156	3981,67
473,37	3741,67
473,584	3830,67
473,798	3987,67
474,011	3894,67
474,225	3815,67
474,439	3990,67
474,653	4097,67
474,866	3982,67
475,08	4249,67
475,294	4313,67
475,507	3994,67
475,721	4050,67
475,935	4100,67
476,148	4127,67
476,362	3996,67
476,576	3993,67
476,789	4055,67
477,003	4116,67
477,216	4106,67
477,43	4269,67
477,643	4400,67
477,857	4497,67
478,07	4381,67
478,284	4492,67
478,497	4312,67
478,711	4465,67
478,924	4228,67
479,138	4438,67
479,351	4494,67
479,564	4475,67
479,778	4832,67
479,991	4645,67
480,204	4727,67
480,418	4867,67
480,631	4618,67
480,844	4841,67
481,058	4712,67
481,271	4917,67
481,484	4930,67
481,697	4836,67
481,911	4854,67
482,124	4569,67
482,337	4797,67
482,55	4566,67
482,763	4736,67
482,976	4966,67
483,19	4786,67
483,403	4893,67
483,616	5134,67
483,829	5152,67
484,042	5273,67
484,255	5293,67
484,468	5558,67
484,681	5380,67
484,894	5563,67
485,107	7591,67
485,32	11619,67
485,533	14466,67
485,746	13904,67
485,959	12214,67
486,172	10466,67
486,385	8445,67
486,598	7127,67
486,81	6105,67
487,023	5786,67
487,236	5824,67
487,449	5452,67
487,662	5083,67
487,875	5125,67
488,087	5025,67
488,3	4962,67
488,513	4803,67
488,726	4816,67
488,938	5065,67
489,151	5038,67
489,364	4990,67
489,576	4923,67
489,789	5184,67
490,002	5024,67
490,214	4988,67
490,427	4779,67
490,64	5046,67
490,852	5045,67
491,065	4937,67
491,277	5042,67
491,49	5046,67
491,702	4719,67
491,915	5044,67
492,127	4894,67
492,34	4998,67
492,552	4798,67
492,765	5212,67
492,977	5052,67
493,19	4924,67
493,402	5024,67
493,614	5003,67
493,827	5066,67
494,039	5016,67
494,251	5028,67
494,464	4955,67
494,676	4784,67
494,888	4866,67
495,101	4691,67
495,313	4765,67
495,525	4997,67
495,737	5225,67
495,95	5262,67
496,162	5357,67
496,374	5329,67
496,586	5134,67
496,798	4943,67
497,01	4877,67
497,222	4637,67
497,435	4754,67
497,647	4677,67
497,859	4685,67
498,071	4786,67
498,283	4844,67
498,495	4841,67
498,707	5033,67
498,919	4864,67
499,131	5134,67
499,343	4926,67
499,555	4948,67
499,767	5016,67
499,979	4938,67
500,191	4987,67
500,402	4843,67
500,614	4906,67
500,826	5025,67
501,038	4939,67
501,25	5028,67
501,462	4895,67
501,673	5044,67
501,885	4880,67
502,097	5057,67
502,309	5094,67
502,521	5058,67
502,732	4890,67
502,944	5026,67
503,156	4911,67
503,367	4903,67
503,579	4788,67
503,791	4899,67
504,002	4708,67
504,214	4789,67
504,425	4922,67
504,637	4935,67
504,849	4793,67
505,06	4744,67
505,272	4886,67
505,483	4598,67
505,695	4625,67
505,906	4633,67
506,118	4817,67
506,329	4716,67
506,541	4584,67
506,752	4638,67
506,963	4370,67
507,175	4339,67
507,386	4454,67
507,598	4703,67
507,809	4324,67
508,02	4462,67
508,232	4724,67
508,443	4337,67
508,654	4593,67
508,865	4465,67
509,077	4249,67
509,288	4237,67
509,499	4560,67
509,71	4319,67
509,922	4416,67
510,133	4227,67
510,344	4585,67
510,555	4259,67
510,766	4506,67
510,977	4329,67
511,188	4196,67
511,4	4192,67
511,611	4101,67
511,822	4180,67
512,033	4243,67
512,244	4171,67
512,455	4206,67
512,666	4138,67
512,877	4240,67
513,088	4017,67
513,299	4009,67
513,51	4079,67
513,721	4102,67
513,931	4053,67
514,142	4230,67
514,353	4190,67
514,564	3881,67
514,775	3802,67
514,986	4016,67
515,196	3917,67
515,407	3910,67
515,618	3975,67
515,829	3961,67
516,04	3981,67
516,25	4172,67
516,461	4015,67
516,672	4044,67
516,882	3804,67
517,093	3977,67
517,304	3750,67
517,514	3769,67
517,725	3954,67
517,936	3653,67
518,146	3756,67
518,357	3894,67
518,567	3862,67
518,778	4320,67
518,988	3898,67
519,199	4133,67
519,409	3766,67
519,62	3737,67
519,83	3692,67
520,041	3804,67
520,251	3656,67
520,462	3733,67
520,672	3720,67
520,882	3725,67
521,093	3750,67
521,303	3930,67
521,513	3600,67
521,724	4718,67
521,934	3542,67
522,144	3632,67
522,355	3568,67
522,565	3702,67
522,775	3649,67
522,985	3581,67
523,196	3599,67
523,406	3620,67
523,616	3768,67
523,826	3691,67
524,036	4004,67
524,246	3593,67
524,457	3519,67
524,667	3542,67
524,877	3712,67
525,087	3473,67
525,297	3567,67
525,507	3706,67
525,717	3509,67
525,927	3648,67
526,137	3512,67
526,347	3518,67
526,557	3465,67
526,767	3553,67
526,977	3855,67
527,187	3516,67
527,397	3480,67
527,607	3346,67
527,816	3709,67
528,026	3404,67
528,236	3690,67
528,446	3836,67
528,656	3768,67
528,865	3903,67
529,075	3602,67
529,285	3576,67
529,495	3570,67
529,704	3472,67
529,914	3508,67
530,124	3548,67
530,334	3358,67
530,543	3379,67
530,753	3778,67
530,963	3763,67
531,172	3382,67
531,382	3364,67
531,591	3672,67
531,801	3230,67
532,01	3390,67
532,22	3361,67
532,43	3450,67
532,639	3720,67
532,849	3567,67
533,058	3562,67
533,267	3779,67
533,477	3492,67
533,686	3404,67
533,896	3548,67
534,105	3498,67
534,315	3665,67
534,524	3494,67
534,733	3422,67
534,943	3623,67
535,152	3628,67
535,361	3280,67
535,57	3322,67
535,78	3314,67
535,989	3170,67
536,198	3223,67
536,407	3207,67
536,617	3216,67
536,826	3150,67
537,035	3033,67
537,244	3108,67
537,453	3020,67
537,662	3254,67
537,872	3508,67
538,081	3391,67
538,29	3120,67
538,499	3210,67
538,708	3247,67
538,917	3316,67
539,126	3352,67
539,335	3345,67
539,544	3782,67
539,753	3136,67
539,962	3257,67
540,171	3129,67
540,38	3438,67
540,589	3342,67
540,797	3388,67
541,006	3370,67
541,215	3226,67
541,424	3387,67
541,633	3301,67
541,842	3297,67
542,05	3480,67
542,259	3331,67
542,468	3130,67
542,677	3321,67
542,885	3314,67
543,094	3302,67
543,303	3238,67
543,512	3331,67
543,72	3454,67
543,929	3286,67
544,138	3265,67
544,346	3158,67
544,555	3222,67
544,763	3429,67
544,972	3199,67
545,18	3215,67
545,389	3207,67
545,598	3000,67
545,806	3349,67
546,015	3074,67
546,223	3084,67
546,431	3152,67
546,64	3021,67
546,848	3110,67
547,057	3295,67
547,265	3162,67
547,474	3278,67
547,682	3433,67
547,89	3393,67
548,099	3353,67
548,307	3233,67
548,515	3302,67
548,723	3204,67
548,932	2988,67
549,14	2913,67
549,348	3098,67
549,556	2948,67
549,765	2958,67
549,973	2877,67
550,181	3026,67
550,389	3020,67
550,597	3031,67
550,805	2815,67
551,014	2884,67
551,222	5563,67
551,43	2910,67
551,638	3126,67
551,846	3368,67
552,054	3336,67
552,262	3244,67
552,47	3048,67
552,678	2932,67
552,886	2968,67
553,094	2915,67
553,302	3023,67
553,51	3031,67
553,717	3293,67
553,925	2806,67
554,133	3186,67
554,341	2741,67
554,549	3021,67
554,757	2928,67
554,965	2942,67
555,172	3005,67
555,38	3308,67
555,588	2943,67
555,796	3102,67
556,003	3119,67
556,211	2851,67
556,419	2836,67
556,626	2882,67
556,834	2749,67
557,042	2848,67
557,249	2804,67
557,457	2807,67
557,664	2607,67
557,872	2641,67
558,08	2577,67
558,287	2729,67
558,495	2767,67
558,702	2588,67
558,91	2693,67
559,117	2642,67
559,325	2731,67
559,532	2633,67
559,74	3103,67
559,947	2783,67
560,154	2993,67
560,362	2788,67
560,569	2761,67
560,776	2807,67
560,984	2840,67
561,191	2620,67
561,398	2844,67
561,606	2997,67
561,813	2620,67
562,02	2450,67
562,227	2497,67
562,435	2616,67
562,642	2699,67
562,849	2754,67
563,056	2674,67
563,263	2451,67
563,471	2718,67
563,678	2736,67
563,885	2650,67
564,092	2717,67
564,299	2711,67
564,506	2660,67
564,713	2582,67
564,92	2626,67
565,127	2659,67
565,334	2617,67
565,541	2919,67
565,748	2666,67
565,955	2566,67
566,162	2584,67
566,369	2686,67
566,576	2838,67
566,783	2940,67
566,99	2728,67
567,196	2990,67
567,403	2829,67
567,61	2949,67
567,817	2792,67
568,024	2845,67
568,23	3020,67
568,437	2915,67
568,644	2906,67
568,851	3100,67
569,057	3441,67
569,264	3530,67
569,471	3426,67
569,677	3493,67
569,884	3440,67
570,091	3415,67
570,297	4423,67
570,504	3652,67
570,71	3657,67
570,917	3750,67
571,123	3415,67
571,33	3605,67
571,536	3631,67
571,743	3771,67
571,949	3401,67
572,156	3050,67
572,362	3174,67
572,569	2961,67
572,775	3438,67
572,982	3647,67
573,188	3676,67
573,394	3520,67
573,601	3430,67
573,807	3532,67
574,013	3908,67
574,22	3696,67
574,426	3468,67
574,632	3577,67
574,838	3466,67
575,045	3375,67
575,251	3133,67
575,457	3151,67
575,663	3176,67
575,869	3238,67
576,076	3261,67
576,282	3452,67
576,488	3388,67
576,694	3443,67
576,9	2989,67
577,106	3497,67
577,312	3870,67
577,518	4099,67
577,724	4137,67
577,93	3733,67
578,136	3353,67
578,342	3184,67
578,548	3233,67
578,754	2863,67
578,96	2927,67
579,166	3103,67
579,372	3530,67
579,578	3112,67
579,784	3363,67
579,989	3324,67
580,195	3248,67
580,401	2927,67
580,607	3090,67
580,813	3626,67
581,018	4301,67
581,224	4464,67
581,43	4105,67
581,636	4014,67
581,841	3987,67
582,047	3633,67
582,253	3416,67
582,458	3081,67
582,664	2878,67
582,869	2745,67
583,075	2512,67
583,281	2862,67
583,486	2629,67
583,692	2618,67
583,897	2956,67
584,103	2854,67
584,308	3067,67
584,514	3085,67
584,719	3388,67
584,925	3310,67
585,13	3153,67
585,335	3140,67
585,541	3293,67
585,746	2887,67
585,952	2659,67
586,157	2511,67
586,362	2539,67
586,568	2650,67
586,773	2924,67
586,978	2826,67
587,183	2776,67
587,389	2878,67
587,594	2643,67
587,799	2627,67
588,004	2536,67
588,21	2596,67
588,415	2414,67
588,62	2434,67
588,825	2374,67
589,03	2386,67
589,235	2742,67
589,44	2457,67
589,645	2265,67
589,85	2432,67
590,055	2412,67
590,26	2268,67
590,465	2159,67
590,67	2193,67
590,875	2375,67
591,08	2287,67
591,285	2136,67
591,49	2277,67
591,695	2108,67
591,9	2090,67
592,105	2132,67
592,31	2291,67
592,515	2729,67
592,719	2285,67
592,924	2254,67
593,129	2305,67
593,334	2316,67
593,539	2103,67
593,743	2304,67
593,948	2115,67
594,153	1972,67
594,357	2344,67
594,562	2157,67
594,767	2582,67
594,971	2006,67
595,176	2067,67
595,381	2261,67
595,585	2095,67
595,79	2143,67
595,994	1881,67
596,199	2538,67
596,403	1764,67
596,608	1843,67
596,812	2057,67
597,017	2079,67
597,221	2168,67
597,426	2126,67
597,63	2090,67
597,835	1882,67
598,039	1912,67
598,243	1922,67
598,448	2175,67
598,652	2152,67
598,856	2108,67
599,061	2146,67
599,265	2014,67
599,469	1933,67
599,673	2075,67
599,878	2132,67
600,082	1928,67
600,286	2053,67
600,49	2005,67
600,695	1836,67
600,899	1968,67
601,103	2042,67
601,307	2105,67
601,511	1943,67
601,715	1840,67
601,919	1793,67
602,123	2086,67
602,327	1966,67
602,531	1826,67
602,735	2132,67
602,939	2120,67
603,143	1937,67
603,347	2112,67
603,551	1942,67
603,755	1924,67
603,959	1992,67
604,163	1840,67
604,367	2058,67
604,571	1816,67
604,775	2005,67
604,978	1940,67
605,182	1922,67
605,386	2100,67
605,59	1935,67
605,793	1966,67
605,997	2023,67
606,201	1838,67
606,405	1918,67
606,608	2063,67
606,812	1904,67
607,016	2036,67
607,219	1868,67
607,423	1933,67
607,627	2076,67
607,83	1897,67
608,034	1852,67
608,237	1963,67
608,441	1816,67
608,644	1987,67
608,848	1965,67
609,051	1835,67
609,255	1860,67
609,458	1896,67
609,662	1904,67
609,865	1966,67
610,069	1765,67
610,272	1709,67
610,475	1817,67
610,679	1817,67
610,882	1836,67
611,085	2102,67
611,289	1953,67
611,492	1783,67
611,695	1796,67
611,898	1806,67
612,102	1911,67
612,305	1850,67
612,508	1819,67
612,711	1862,67
612,914	1711,67
613,118	1868,67
613,321	1905,67
613,524	1862,67
613,727	1770,67
613,93	1836,67
614,133	1849,67
614,336	1897,67
614,539	1936,67
614,742	1737,67
614,945	1823,67
615,148	1992,67
615,351	1644,67
615,554	1926,67
615,757	1754,67
615,96	1759,67
616,163	1823,67
616,366	1928,67
616,569	1811,67
616,772	1996,67
616,974	1862,67
617,177	1964,67
617,38	1826,67
617,583	1902,67
617,786	1748,67
617,988	1666,67
618,191	1911,67
618,394	1662,67
618,596	1744,67
618,799	1726,67
619,002	1831,67
619,204	1882,67
619,407	1913,67
619,61	1746,67
619,812	1760,67
620,015	1747,67
620,217	1971,67
620,42	1817,67
620,623	1775,67
620,825	1770,67
621,028	1919,67
621,23	1975,67
621,432	1844,67
621,635	2058,67
621,837	1856,67
622,04	1646,67
622,242	1715,67
622,445	1796,67
622,647	1836,67
622,849	2025,67
623,052	1468,67
623,254	1949,67
623,456	1647,67
623,658	1828,67
623,861	1951,67
624,063	1778,67
624,265	1822,67
624,467	1876,67
624,67	1665,67
624,872	1822,67
625,074	2060,67
625,276	1884,67
625,478	1907,67
625,68	1685,67
625,882	1656,67
626,084	1799,67
626,287	1946,67
626,489	1878,67
626,691	1826,67
626,893	1817,67
627,095	1832,67
627,297	1851,67
627,499	1730,67
627,7	1556,67
627,902	1552,67
628,104	1627,67
628,306	1626,67
628,508	1765,67
628,71	1790,67
628,912	1734,67
629,114	2031,67
629,315	1809,67
629,517	1690,67
629,719	1946,67
629,921	1727,67
630,122	1742,67
630,324	1566,67
630,526	1995,67
630,728	1740,67
630,929	1661,67
631,131	1662,67
631,332	1876,67
631,534	1867,67
631,736	1729,67
631,937	1665,67
632,139	1722,67
632,34	1785,67
632,542	1802,67
632,743	1802,67
632,945	1667,67
633,146	1858,67
633,348	1811,67
633,549	1726,67
633,751	1685,67
633,952	1711,67
634,154	1554,67
634,355	1635,67
634,556	1720,67
634,758	1632,67
634,959	1740,67
635,16	1844,67
635,362	1586,67
635,563	1763,67
635,764	1776,67
635,965	1802,67
636,167	1733,67
636,368	1953,67
636,569	1696,67
636,77	1895,67
636,971	1732,67
637,172	1812,67
637,374	1616,67
637,575	1865,67
637,776	1629,67
637,977	1566,67
638,178	1557,67
638,379	1722,67
638,58	1744,67
638,781	1824,67
638,982	1651,67
639,183	1685,67
639,384	1716,67
639,585	1696,67
639,786	1587,67
639,987	1904,67
640,187	1847,67
640,388	1759,67
640,589	1553,67
640,79	1717,67
640,991	1710,67
641,192	1790,67
641,392	1705,67
641,593	1680,67
641,794	1516,67
641,995	1588,67
642,195	1448,67
642,396	1624,67
642,597	1573,67
642,797	1663,67
642,998	1684,67
643,199	1644,67
643,399	1792,67
643,6	1625,67
643,8	1505,67
644,001	1690,67
644,202	1641,67
644,402	1630,67
644,603	1792,67
644,803	1520,67
645,004	1719,67
645,204	1559,67
645,404	1675,67
645,605	1982,67
645,805	1550,67
646,006	1528,67
646,206	2090,67
646,406	1690,67
646,607	1434,67
646,807	1352,67
647,007	-28,33
647,208	-70,33
647,408	-11,33
647,608	0,67
