200,697	920
200,927	-25
201,158	8
201,388	20
201,618	1538
201,849	1254
202,079	1689
202,309	1555
202,539	1682
202,77	1527
203	1671
203,23	1750
203,46	1554
203,691	1650
203,921	1701
204,151	1589
204,381	1614
204,611	1708
204,841	1577
205,071	1619
205,302	1767
205,532	1778
205,762	3960
205,992	1576
206,222	1545
206,452	1723
206,682	1662
206,912	1814
207,142	1835
207,372	1621
207,602	1585
207,832	1656
208,062	1732
208,292	1750
208,522	1490
208,752	1647
208,982	1616
209,212	1830
209,442	1616
209,672	1616
209,902	1629
210,131	1896
210,361	1567
210,591	1650
210,821	1600
211,051	1838
211,281	1613
211,51	1754
211,74	1736
211,97	1623
212,2	1751
212,429	1857
212,659	1964
212,889	1732
213,119	1626
213,348	1600
213,578	1830
213,808	1704
214,037	1872
214,267	1750
214,497	1659
214,726	1597
214,956	1601
215,186	1685
215,415	1610
215,645	1638
215,874	1769
216,104	1615
216,333	1632
216,563	1634
216,792	1664
217,022	1800
217,251	1761
217,481	1607
217,71	1722
217,94	1699
218,169	1732
218,399	1721
218,628	1660
218,858	1740
219,087	1714
219,316	1762
219,546	1878
219,775	1581
220,004	1849
220,234	1638
220,463	1778
220,692	1670
220,922	1708
221,151	1687
221,38	1665
221,61	2206
221,839	1927
222,068	1609
222,297	1968
222,526	1736
222,756	1753
222,985	1879
223,214	1783
223,443	1726
223,672	2247
223,902	1685
224,131	1726
224,36	1851
224,589	1665
224,818	1750
225,047	1827
225,276	1738
225,505	1982
225,734	1785
225,963	1725
226,192	1895
226,421	1775
226,65	1792
226,879	1812
227,108	1875
227,337	1832
227,566	1887
227,795	1749
228,024	1800
228,253	1697
228,482	1608
228,711	1920
228,94	1690
229,168	1494
229,397	1786
229,626	1820
229,855	1737
230,084	1742
230,313	1637
230,541	2074
230,77	1766
230,999	1639
231,228	2009
231,456	1827
231,685	2057
231,914	1879
232,143	1849
232,371	1841
232,6	1804
232,829	1785
233,057	1878
233,286	1848
233,515	1826
233,743	1865
233,972	1794
234,2	1769
234,429	1801
234,658	1790
234,886	1750
235,115	1897
235,343	1937
235,572	1874
235,8	1738
236,029	2161
236,257	1826
236,486	1872
236,714	1980
236,943	2017
237,171	1851
237,399	1873
237,628	1899
237,856	2001
238,085	1959
238,313	1782
238,541	1793
238,77	2188
238,998	1692
239,226	1906
239,455	1874
239,683	1890
239,911	1849
240,14	1974
240,368	2002
240,596	1858
240,824	1953
241,053	1762
241,281	1734
241,509	1857
241,737	1889
241,965	1743
242,193	1858
242,422	1833
242,65	1939
242,878	1863
243,106	1898
243,334	1923
243,562	1902
243,79	1972
244,018	1969
244,246	1875
244,474	1930
244,702	1870
244,93	1951
245,158	1827
245,386	1947
245,614	1947
245,842	2040
246,07	1856
246,298	2060
246,526	2440
246,754	1849
246,982	1958
247,21	2065
247,438	1918
247,666	1951
247,893	1913
248,121	2045
248,349	1978
248,577	1995
248,805	2093
249,033	1887
249,26	1973
249,488	1895
249,716	1932
249,944	2009
250,171	1884
250,399	1804
250,627	2180
250,854	1912
251,082	1855
251,31	1972
251,537	1922
251,765	2208
251,993	1830
252,22	2271
252,448	1898
252,676	2082
252,903	1970
253,131	2325
253,358	1974
253,586	1845
253,813	1846
254,041	2038
254,268	1995
254,496	1845
254,723	2086
254,951	1996
255,178	2039
255,406	1900
255,633	1946
255,86	2116
256,088	1998
256,315	1891
256,543	2113
256,77	1972
256,997	1947
257,225	2063
257,452	1913
257,679	1846
257,907	2118
258,134	1993
258,361	2069
258,588	1931
258,816	2024
259,043	1843
259,27	2006
259,497	2039
259,725	1924
259,952	1767
260,179	1776
260,406	2115
260,633	1946
260,86	1990
261,088	1989
261,315	2195
261,542	1911
261,769	1941
261,996	2298
262,223	2143
262,45	2158
262,677	1818
262,904	1927
263,131	2024
263,358	2099
263,585	2010
263,812	2394
264,039	2080
264,266	2006
264,493	2105
264,72	1900
264,947	2011
265,174	2158
265,401	2122
265,627	2156
265,854	2058
266,081	2109
266,308	2014
266,535	2027
266,762	2020
266,988	2024
267,215	2091
267,442	1999
267,669	2156
267,896	2065
268,122	2184
268,349	2132
268,576	1958
268,802	1915
269,029	2011
269,256	2031
269,482	2041
269,709	2117
269,936	1924
270,162	2227
270,389	2036
270,616	2106
270,842	2230
271,069	2096
271,295	2035
271,522	2018
271,748	2127
271,975	2310
272,201	2266
272,428	2169
272,654	2110
272,881	2389
273,107	1997
273,334	2163
273,56	2368
273,787	2121
274,013	2212
274,239	2444
274,466	2199
274,692	2231
274,918	2251
275,145	2307
275,371	2310
275,597	2481
275,824	2355
276,05	2427
276,276	2506
276,503	2408
276,729	2548
276,955	2348
277,181	2617
277,407	2644
277,634	2772
277,86	2713
278,086	2994
278,312	2862
278,538	2915
278,764	2806
278,991	3212
279,217	3148
279,443	3288
279,669	3314
279,895	3641
280,121	3600
280,347	3708
280,573	3855
280,799	4014
281,025	4411
281,251	4364
281,477	4688
281,703	4596
281,929	4678
282,155	4975
282,381	5108
282,607	5299
282,833	5483
283,059	5489
283,285	5678
283,51	5930
283,736	5957
283,962	6239
284,188	6430
284,414	6549
284,64	6618
284,865	6826
285,091	6793
285,317	7255
285,543	7348
285,768	7484
285,994	7844
286,22	8101
286,446	8008
286,671	7908
286,897	8325
287,123	8223
287,348	8400
287,574	8868
287,799	8766
288,025	8752
288,251	9191
288,476	9083
288,702	9182
288,927	9329
289,153	9468
289,378	9836
289,604	9780
289,829	9742
290,055	9875
290,28	9861
290,506	10081
290,731	9952
290,957	10265
291,182	10276
291,408	10478
291,633	10464
291,858	10464
292,084	10655
292,309	10691
292,535	10998
292,76	11084
292,985	11225
293,211	11316
293,436	11465
293,661	11619
293,886	11908
294,112	11980
294,337	12185
294,562	12077
294,787	12622
295,013	12576
295,238	12800
295,463	12705
295,688	13025
295,913	13002
296,138	13115
296,364	13009
296,589	13106
296,814	12884
297,039	13136
297,264	13052
297,489	12984
297,714	13290
297,939	13201
298,164	13528
298,389	13657
298,614	13860
298,839	14012
299,064	14285
299,289	14227
299,514	14693
299,739	14751
299,964	14888
300,189	14864
300,414	15259
300,639	15490
300,863	15396
301,088	15878
301,313	15361
301,538	15661
301,763	15784
301,988	15790
302,212	16012
302,437	16494
302,662	15988
302,887	16128
303,111	16216
303,336	16335
303,561	16279
303,786	16230
304,01	16386
304,235	16449
304,46	16129
304,684	16114
304,909	16202
305,134	16077
305,358	16261
305,583	16061
305,807	16264
306,032	15882
306,256	15901
306,481	15971
306,706	15870
306,93	16121
307,155	16679
307,379	16590
307,604	16740
307,828	16908
308,052	17154
308,277	17097
308,501	17281
308,726	17397
308,95	17394
309,175	17291
309,399	17389
309,623	17504
309,848	17491
310,072	17420
310,296	17911
310,521	17532
310,745	17528
310,969	17900
311,193	17754
311,418	17662
311,642	17710
311,866	17821
312,09	17736
312,315	17745
312,539	17876
312,763	17716
312,987	17867
313,211	17892
313,435	17979
313,659	17800
313,884	17915
314,108	17943
314,332	17979
314,556	17854
314,78	17962
315,004	17919
315,228	17937
315,452	17758
315,676	17956
315,9	17713
316,124	17491
316,348	17803
316,572	17793
316,796	18110
317,02	17788
317,244	17772
317,468	17578
317,691	17943
317,915	17716
318,139	17523
318,363	17901
318,587	17667
318,811	17533
319,034	17334
319,258	17581
319,482	17773
319,706	17654
319,93	17564
320,153	17475
320,377	17526
320,601	17414
320,824	17500
321,048	17828
321,272	17895
321,495	17711
321,719	17766
321,943	17812
322,166	18008
322,39	17785
322,614	17894
322,837	17894
323,061	17937
323,284	18290
323,508	18027
323,731	17985
323,955	18038
324,178	17906
324,402	18114
324,625	17988
324,849	17993
325,072	18030
325,296	18275
325,519	18048
325,743	17897
325,966	18026
326,189	17887
326,413	17918
326,636	18142
326,859	17803
327,083	18006
327,306	17618
327,529	17475
327,753	17437
327,976	17422
328,199	17593
328,422	17390
328,646	17642
328,869	17537
329,092	17786
329,315	17870
329,538	17694
329,762	18064
329,985	17809
330,208	17881
330,431	18072
330,654	18174
330,877	18089
331,1	18211
331,323	17893
331,546	18290
331,769	18135
331,993	17935
332,216	18223
332,439	18145
332,662	17887
332,885	18051
333,107	18181
333,33	18013
333,553	18394
333,776	18126
333,999	18081
334,222	18053
334,445	17855
334,668	17731
334,891	18104
335,114	17893
335,336	17978
335,559	18026
335,782	18229
336,005	17845
336,228	18121
336,45	18078
336,673	17896
336,896	18022
337,119	18092
337,341	18081
337,564	17854
337,787	17969
338,009	17900
338,232	17742
338,455	17777
338,677	17656
338,9	17771
339,122	17772
339,345	17775
339,568	17502
339,79	17597
340,013	17640
340,235	17733
340,458	17542
340,68	17592
340,903	17596
341,125	17410
341,348	17409
341,57	17236
341,793	17431
342,015	16889
342,238	17129
342,46	16945
342,682	17102
342,905	16962
343,127	16850
343,349	16471
343,572	16755
343,794	16639
344,016	16349
344,239	16681
344,461	16324
344,683	16409
344,905	16612
345,128	16721
345,35	16546
345,572	16888
345,794	17063
346,017	16919
346,239	16855
346,461	16860
346,683	17139
346,905	17324
347,127	17129
347,349	16957
347,571	16919
347,793	17342
348,016	17120
348,238	16922
348,46	17030
348,682	16960
348,904	16842
349,126	16891
349,348	16930
349,57	16693
349,792	16734
350,014	16892
350,235	16855
350,457	16953
350,679	16842
350,901	16473
351,123	16583
351,345	16674
351,567	16657
351,789	16306
352,01	16336
352,232	16438
352,454	16103
352,676	16056
352,897	15642
353,119	15360
353,341	15342
353,563	15047
353,784	15012
354,006	15168
354,228	15057
354,449	15050
354,671	15544
354,893	15577
355,114	15920
355,336	15931
355,558	15899
355,779	16074
356,001	16026
356,222	15849
356,444	15890
356,665	16843
356,887	15954
357,108	15956
357,33	15737
357,551	15968
357,773	15743
357,994	15797
358,216	15788
358,437	15800
358,659	15816
358,88	15570
359,101	15666
359,323	15531
359,544	15566
359,765	15319
359,987	15486
360,208	15577
360,429	15106
360,651	15207
360,872	15507
361,093	15355
361,314	15502
361,536	15281
361,757	15186
361,978	15114
362,199	15023
362,42	15030
362,642	15063
362,863	15122
363,084	15022
363,305	14977
363,526	14913
363,747	14756
363,968	14717
364,189	14893
364,41	14500
364,631	14520
364,852	14769
365,073	14353
365,294	14520
365,515	14431
365,736	14521
365,957	14417
366,178	14509
366,399	14611
366,62	14721
366,841	14696
367,062	14856
367,283	14657
367,504	14528
367,724	14582
367,945	14508
368,166	14633
368,387	14686
368,608	14715
368,828	14804
369,049	14626
369,27	14553
369,491	14307
369,711	14674
369,932	14441
370,153	14413
370,373	14555
370,594	14538
370,815	14340
371,035	14545
371,256	14191
371,477	14603
371,697	14224
371,918	14379
372,138	14285
372,359	14390
372,579	14073
372,8	14124
373,02	14160
373,241	14041
373,461	14237
373,682	14132
373,902	14189
374,123	14164
374,343	14234
374,564	14128
374,784	14107
375,004	14147
375,225	13769
375,445	13783
375,666	13870
375,886	13429
376,106	13383
376,326	13517
376,547	13726
376,767	13858
376,987	13941
377,208	14224
377,428	14305
377,648	14479
377,868	14560
378,088	14849
378,309	14852
378,529	14901
378,749	15062
378,969	14874
379,189	15134
379,409	14691
379,629	14436
379,849	14488
380,069	14376
380,29	14365
380,51	14346
380,73	14162
380,95	14287
381,17	13981
381,39	13940
381,61	13903
381,829	13906
382,049	13975
382,269	13921
382,489	14068
382,709	13876
382,929	13772
383,149	13652
383,369	13775
383,589	13461
383,808	13749
384,028	13471
384,248	13806
384,468	13763
384,688	13646
384,907	13694
385,127	13762
385,347	13868
385,567	13961
385,786	14084
386,006	14125
386,226	14258
386,445	14082
386,665	14409
386,885	14689
387,104	14610
387,324	14881
387,543	14796
387,763	14914
387,982	14863
388,202	15039
388,422	15019
388,641	14854
388,861	14573
389,08	14656
389,3	14222
389,519	14486
389,738	14319
389,958	14270
390,177	14518
390,397	14561
390,616	14682
390,836	14724
391,055	14848
391,274	14852
391,494	14809
391,713	14992
391,932	15357
392,151	15622
392,371	15651
392,59	15671
392,809	15786
393,029	15499
393,248	15042
393,467	14342
393,686	14269
393,905	15380
394,124	14112
394,344	14334
394,563	14503
394,782	14414
395,001	14496
395,22	14235
395,439	14517
395,658	14400
395,877	14573
396,096	14549
396,315	14938
396,534	14940
396,753	15225
396,972	15034
397,191	15394
397,41	15721
397,629	15849
397,848	16003
398,067	16286
398,286	16368
398,505	16258
398,724	15944
398,943	15975
399,161	15262
399,38	15088
399,599	15042
399,818	14720
400,037	14690
400,255	14804
400,474	14490
400,693	14710
400,912	14808
401,13	14626
401,349	14296
401,568	13897
401,786	14273
402,005	14083
402,224	13967
402,442	13965
402,661	13876
402,88	13843
403,098	13684
403,317	13738
403,535	13821
403,754	13785
403,972	13838
404,191	13929
404,409	14090
404,628	14990
404,846	14357
405,065	14609
405,283	14426
405,502	14397
405,72	14140
405,938	13913
406,157	13814
406,375	13486
406,594	13470
406,812	13299
407,03	13189
407,249	13152
407,467	13435
407,685	13578
407,903	13601
408,122	14138
408,34	13945
408,558	13965
408,776	13868
408,995	13790
409,213	13755
409,431	13804
409,649	13773
409,867	13655
410,085	13644
410,303	13453
410,522	12991
410,74	12945
410,958	13101
411,176	13153
411,394	12966
411,612	13113
411,83	13552
412,048	13506
412,266	13547
412,484	13688
412,702	13835
412,92	13437
413,138	13495
413,356	13432
413,573	13490
413,791	13378
414,009	12863
414,227	12919
414,445	12708
414,663	12741
414,881	12785
415,098	12856
415,316	12455
415,534	13179
415,752	12848
415,969	13082
416,187	12838
416,405	12854
416,623	12996
416,84	12738
417,058	13100
417,276	12674
417,493	12890
417,711	13002
417,928	12932
418,146	12839
418,364	13036
418,581	12986
418,799	12802
419,016	12820
419,234	12943
419,451	13599
419,669	12987
419,886	13303
420,104	13434
420,321	13615
420,539	13763
420,756	14074
420,974	14304
421,191	14304
421,408	14692
421,626	14666
421,843	14399
422,06	14268
422,278	13802
422,495	13958
422,712	13666
422,93	13833
423,147	13681
423,364	13460
423,581	13448
423,799	13118
424,016	13190
424,233	13161
424,45	13436
424,667	13371
424,884	13487
425,102	13545
425,319	12992
425,536	12880
425,753	12949
425,97	12622
426,187	12273
426,404	12577
426,621	13233
426,838	13270
427,055	13406
427,272	13533
427,489	13579
427,706	13494
427,923	13068
428,14	13082
428,357	13420
428,574	13220
428,791	13644
429,008	13950
429,224	14442
429,441	14718
429,658	15269
429,875	15472
430,092	15405
430,308	15149
430,525	14669
430,742	14350
430,959	13972
431,175	13385
431,392	12716
431,609	12648
431,826	12325
432,042	11947
432,259	11874
432,476	12262
432,692	12112
432,909	12352
433,125	13141
433,342	13748
433,559	13775
433,775	13805
433,992	13608
434,208	12925
434,425	12431
434,641	12509
434,858	12794
435,074	12526
435,291	12737
435,507	12435
435,723	12677
435,94	12837
436,156	12848
436,373	13186
436,589	12758
436,805	12860
437,022	12526
437,238	12148
437,454	12428
437,671	12286
437,887	12666
438,103	12642
438,319	12624
438,536	12742
438,752	12650
438,968	12581
439,184	12364
439,4	12257
439,616	12046
439,833	12196
440,049	12114
440,265	12458
440,481	12635
440,697	13286
440,913	14015
441,129	14156
441,345	14411
441,561	14129
441,777	13857
441,993	13566
442,209	13108
442,425	13158
442,641	13161
442,857	13312
443,073	13493
443,289	13518
443,505	13581
443,721	13524
443,937	13248
444,152	13213
444,368	12859
444,584	13014
444,8	13043
445,016	12734
445,231	12464
445,447	12701
445,663	12669
445,879	12650
446,094	12716
446,31	12895
446,526	12787
446,742	12630
446,957	12592
447,173	12474
447,388	12321
447,604	12251
447,82	12064
448,035	12121
448,251	12209
448,466	12329
448,682	12062
448,897	12163
449,113	12373
449,328	12153
449,544	11933
449,759	12294
449,975	11976
450,19	11820
450,406	11812
450,621	11662
450,836	11511
451,052	11380
451,267	11427
451,483	11387
451,698	11304
451,913	11460
452,129	11485
452,344	11320
452,559	11342
452,774	11056
452,99	10774
453,205	10712
453,42	10856
453,635	10941
453,85	10556
454,066	10764
454,281	10643
454,496	10737
454,711	11219
454,926	11162
455,141	11022
455,356	10905
455,571	10747
455,786	10937
456,001	10339
456,217	10250
456,432	10519
456,647	10514
456,861	10591
457,076	10741
457,291	11040
457,506	11023
457,721	11010
457,936	11208
458,151	11198
458,366	11400
458,581	11009
458,796	11277
459,01	11168
459,225	11296
459,44	11129
459,655	11038
459,87	10825
460,084	10824
460,299	10728
460,514	10687
460,729	11315
460,943	10815
461,158	10325
461,373	10161
461,587	9804
461,802	9513
462,016	9590
462,231	9608
462,446	9422
462,66	9577
462,875	9877
463,089	10137
463,304	10109
463,518	10180
463,733	10443
463,947	10522
464,162	10577
464,376	10789
464,591	10864
464,805	10598
465,02	11060
465,234	11328
465,448	11441
465,663	11106
465,877	10789
466,091	10379
466,306	10203
466,52	10086
466,734	9452
466,949	9416
467,163	9386
467,377	9256
467,591	9450
467,806	9358
468,02	9188
468,234	8961
468,448	9085
468,662	8967
468,876	8886
469,091	8542
469,305	8423
469,519	8281
469,733	8181
469,947	8250
470,161	8347
470,375	8036
470,589	8235
470,803	8098
471,017	8246
471,231	8086
471,445	7970
471,659	8161
471,873	8180
472,087	8128
472,301	8486
472,515	8596
472,728	8473
472,942	8738
473,156	8872
473,37	8657
473,584	8564
473,798	8570
474,011	8457
474,225	8309
474,439	8676
474,653	8826
474,866	8993
475,08	9023
475,294	9009
475,507	8690
475,721	8646
475,935	8480
476,148	8375
476,362	8278
476,576	8153
476,789	8279
477,003	8170
477,216	8308
477,43	8516
477,643	8887
477,857	8903
478,07	8631
478,284	8600
478,497	8334
478,711	8536
478,924	8427
479,138	8382
479,351	8426
479,564	8660
479,778	9179
479,991	8796
480,204	8910
480,418	8824
480,631	8774
480,844	8957
481,058	8850
481,271	8964
481,484	9114
481,697	9104
481,911	8808
482,124	8689
482,337	8551
482,55	8526
482,763	8433
482,976	8739
483,19	8433
483,403	8512
483,616	8814
483,829	9016
484,042	9197
484,255	9330
484,468	9525
484,681	9448
484,894	10069
485,107	15692
485,32	25011
485,533	29154
485,746	26783
485,959	23275
486,172	19867
486,385	15555
486,598	12671
486,81	10556
487,023	9648
487,236	9464
487,449	9050
487,662	8369
487,875	8071
488,087	8018
488,3	7953
488,513	7737
488,726	7692
488,938	8033
489,151	7947
489,364	7813
489,576	7726
489,789	7865
490,002	7694
490,214	7616
490,427	7175
490,64	7639
490,852	7579
491,065	7398
491,277	7469
491,49	7503
491,702	7225
491,915	7423
492,127	7449
492,34	7400
492,552	7371
492,765	7532
492,977	7749
493,19	7462
493,402	7419
493,614	7315
493,827	7418
494,039	7433
494,251	7471
494,464	7257
494,676	6996
494,888	6976
495,101	6770
495,313	6875
495,525	7220
495,737	7695
495,95	7823
496,162	7936
496,374	7818
496,586	7378
496,798	7049
497,01	6795
497,222	6501
497,435	6653
497,647	6652
497,859	6575
498,071	6695
498,283	6936
498,495	6872
498,707	7174
498,919	6874
499,131	7276
499,343	6803
499,555	7041
499,767	7046
499,979	6734
500,191	6944
500,402	6454
500,614	6880
500,826	7049
501,038	7080
501,25	7026
501,462	6889
501,673	6986
501,885	7102
502,097	7281
502,309	6890
502,521	7018
502,732	6975
502,944	6986
503,156	6950
503,367	6748
503,579	6647
503,791	6657
504,002	6572
504,214	6579
504,425	6671
504,637	6773
504,849	6538
505,06	6582
505,272	6620
505,483	6271
505,695	6426
505,906	6466
506,118	6581
506,329	6484
506,541	6162
506,752	6113
506,963	5866
507,175	5764
507,386	6207
507,598	6245
507,809	6046
508,02	6119
508,232	6354
508,443	6025
508,654	6175
508,865	6121
509,077	5540
509,288	5814
509,499	6073
509,71	5599
509,922	5929
510,133	5873
510,344	5991
510,555	5612
510,766	5839
510,977	5644
511,188	5584
511,4	5540
511,611	5449
511,822	5355
512,033	5238
512,244	5408
512,455	5306
512,666	5280
512,877	5537
513,088	5399
513,299	5344
513,51	5304
513,721	5230
513,931	5279
514,142	5288
514,353	5371
514,564	5048
514,775	4974
514,986	4986
515,196	5197
515,407	5140
515,618	5237
515,829	5025
516,04	5172
516,25	5112
516,461	5177
516,672	5156
516,882	5288
517,093	5142
517,304	4799
517,514	4876
517,725	5000
517,936	4786
518,146	4733
518,357	5070
518,567	5031
518,778	5532
518,988	5154
519,199	5278
519,409	4889
519,62	4937
519,83	4854
520,041	4705
520,251	4692
520,462	4879
520,672	4703
520,882	4794
521,093	4858
521,303	4913
521,513	4627
521,724	5697
521,934	4487
522,144	4740
522,355	4733
522,565	4693
522,775	4705
522,985	4602
523,196	4577
523,406	4714
523,616	4843
523,826	4662
524,036	5398
524,246	4642
524,457	4548
524,667	4340
524,877	4498
525,087	4478
525,297	4694
525,507	4636
525,717	4569
525,927	4639
526,137	4484
526,347	4743
526,557	4526
526,767	4746
526,977	4817
527,187	4551
527,397	4330
527,607	4320
527,816	4392
528,026	4484
528,236	4826
528,446	4887
528,656	4859
528,865	5119
529,075	4764
529,285	4608
529,495	4652
529,704	4619
529,914	4514
530,124	4436
530,334	4256
530,543	4350
530,753	4708
530,963	4642
531,172	4288
531,382	4323
531,591	4545
531,801	4201
532,01	4258
532,22	4200
532,43	4471
532,639	4841
532,849	4789
533,058	4637
533,267	4890
533,477	4529
533,686	4566
533,896	4546
534,105	4462
534,315	4622
534,524	4390
534,733	4492
534,943	4604
535,152	4497
535,361	4190
535,57	4001
535,78	4126
535,989	3948
536,198	4011
536,407	3850
536,617	3915
536,826	3936
537,035	4078
537,244	4022
537,453	3992
537,662	4143
537,872	4454
538,081	4303
538,29	4155
538,499	4274
538,708	4171
538,917	4238
539,126	4292
539,335	4374
539,544	4665
539,753	3983
539,962	4070
540,171	3934
540,38	4375
540,589	4305
540,797	4515
541,006	4288
541,215	4174
541,424	4424
541,633	4114
541,842	4174
542,05	4474
542,259	4370
542,468	4247
542,677	4379
542,885	4281
543,094	4372
543,303	4302
543,512	4532
543,72	4592
543,929	4518
544,138	4399
544,346	4318
544,555	4398
544,763	4493
544,972	4309
545,18	3994
545,389	3926
545,598	3907
545,806	4096
546,015	3939
546,223	3929
546,431	4065
546,64	4010
546,848	4078
547,057	4338
547,265	4282
547,474	4488
547,682	4497
547,89	4541
548,099	4372
548,307	4279
548,515	4240
548,723	4043
548,932	3840
549,14	3843
549,348	3950
549,556	3980
549,765	3744
549,973	3628
550,181	3887
550,389	3838
550,597	3824
550,805	3560
551,014	3749
551,222	7034
551,43	3888
551,638	4229
551,846	4503
552,054	4288
552,262	4212
552,47	3888
552,678	3734
552,886	3862
553,094	3909
553,302	4040
553,51	3879
553,717	3922
553,925	3641
554,133	3921
554,341	3480
554,549	3778
554,757	3811
554,965	3857
555,172	3929
555,38	4236
555,588	3855
555,796	3888
556,003	3953
556,211	3637
556,419	3518
556,626	3604
556,834	3568
557,042	3495
557,249	3548
557,457	3669
557,664	3340
557,872	3329
558,08	3276
558,287	3258
558,495	3453
558,702	3051
558,91	3338
559,117	3267
559,325	3313
559,532	3421
559,74	3815
559,947	3590
560,154	3747
560,362	3575
560,569	3657
560,776	3705
560,984	3595
561,191	3334
561,398	3368
561,606	3890
561,813	3257
562,02	3121
562,227	3135
562,435	3324
562,642	3349
562,849	3448
563,056	3436
563,263	3131
563,471	3520
563,678	3429
563,885	3348
564,092	3447
564,299	3444
564,506	3478
564,713	3451
564,92	3444
565,127	3452
565,334	3317
565,541	3690
565,748	3535
565,955	3258
566,162	3276
566,369	3504
566,576	3602
566,783	3798
566,99	3933
567,196	3958
567,403	3792
567,61	3905
567,817	3781
568,024	3997
568,23	4214
568,437	4197
568,644	4183
568,851	4389
569,057	5201
569,264	5281
569,471	5258
569,677	5098
569,884	5094
570,091	4947
570,297	5752
570,504	5546
570,71	5466
570,917	5425
571,123	5220
571,33	5439
571,536	5626
571,743	5705
571,949	5286
572,156	4479
572,362	4382
572,569	4426
572,775	5233
572,982	5704
573,188	5460
573,394	5462
573,601	5373
573,807	5638
574,013	6008
574,22	5644
574,426	5299
574,632	5488
574,838	5296
575,045	4875
575,251	4630
575,457	4626
575,663	4594
575,869	4822
576,076	5088
576,282	5298
576,488	5445
576,694	5293
576,9	5024
577,106	5695
577,312	6402
577,518	6842
577,724	6419
577,93	5720
578,136	5238
578,342	5058
578,548	4556
578,754	4267
578,96	4420
579,166	4736
579,372	5180
579,578	4977
579,784	5139
579,989	5082
580,195	4936
580,401	4700
580,607	5028
580,813	6103
581,018	7404
581,224	7387
581,43	6864
581,636	6516
581,841	6380
582,047	5843
582,253	5151
582,458	4597
582,664	4179
582,869	3959
583,075	3612
583,281	3995
583,486	3770
583,692	3960
583,897	4410
584,103	4484
584,308	4487
584,514	4843
584,719	5290
584,925	5140
585,13	4860
585,335	4698
585,541	4515
585,746	4115
585,952	3703
586,157	3584
586,362	3631
586,568	3974
586,773	4313
586,978	4336
587,183	4357
587,389	4281
587,594	3796
587,799	3731
588,004	3779
588,21	3708
588,415	3375
588,62	3224
588,825	3213
589,03	3261
589,235	3533
589,44	3379
589,645	3131
589,85	3107
590,055	3198
590,26	2980
590,465	2865
590,67	2819
590,875	2914
591,08	2911
591,285	2790
591,49	2855
591,695	2788
591,9	2712
592,105	2937
592,31	3316
592,515	3843
592,719	3086
592,924	3125
593,129	3112
593,334	3048
593,539	2874
593,743	2926
593,948	2651
594,153	2586
594,357	2977
594,562	2851
594,767	3382
594,971	2664
595,176	2682
595,381	2990
595,585	2588
595,79	2727
595,994	2398
596,199	2799
596,403	2197
596,608	2312
596,812	2488
597,017	2597
597,221	2773
597,426	2507
597,63	2305
597,835	2295
598,039	2265
598,243	2506
598,448	2960
598,652	2789
598,856	2652
599,061	2681
599,265	2503
599,469	2532
599,673	2639
599,878	2686
600,082	2455
600,286	2538
600,49	2558
600,695	2467
600,899	2490
601,103	2525
601,307	2637
601,511	2492
601,715	2402
601,919	2284
602,123	2649
602,327	2548
602,531	2501
602,735	2660
602,939	2708
603,143	2488
603,347	2610
603,551	2445
603,755	2595
603,959	2372
604,163	2491
604,367	2335
604,571	2217
604,775	2577
604,978	2454
605,182	2326
605,386	2530
605,59	2509
605,793	2487
605,997	2455
606,201	2544
606,405	2293
606,608	2523
606,812	2430
607,016	2515
607,219	2386
607,423	2308
607,627	2559
607,83	2258
608,034	2270
608,237	2312
608,441	2239
608,644	2400
608,848	2369
609,051	2282
609,255	2202
609,458	2412
609,662	2461
609,865	2428
610,069	2273
610,272	2154
610,475	2210
610,679	2213
610,882	2238
611,085	2272
611,289	2355
611,492	2258
611,695	2165
611,898	2167
612,102	2305
612,305	2233
612,508	2198
612,711	2400
612,914	2160
613,118	2259
613,321	2235
613,524	2130
613,727	2158
613,93	2138
614,133	2220
614,336	2107
614,539	2202
614,742	2164
614,945	2167
615,148	2300
615,351	2221
615,554	2244
615,757	2111
615,96	2126
616,163	2115
616,366	2294
616,569	2061
616,772	2332
616,974	2222
617,177	2297
617,38	2191
617,583	2232
617,786	2041
617,988	2022
618,191	2288
618,394	2102
618,596	1984
618,799	2155
619,002	2267
619,204	2216
619,407	2186
619,61	2138
619,812	2119
620,015	2150
620,217	2267
620,42	2109
620,623	2032
620,825	1960
621,028	2217
621,23	2231
621,432	2241
621,635	2513
621,837	2225
622,04	2082
622,242	2156
622,445	2133
622,647	2204
622,849	2252
623,052	2112
623,254	2158
623,456	2096
623,658	2249
623,861	2287
624,063	2188
624,265	2182
624,467	2305
624,67	2015
624,872	2132
625,074	2345
625,276	2266
625,478	2231
625,68	1952
625,882	2026
626,084	2163
626,287	2257
626,489	2198
626,691	2136
626,893	2162
627,095	2206
627,297	2182
627,499	2028
627,7	1814
627,902	1883
628,104	1863
628,306	1977
628,508	1987
628,71	2006
628,912	2049
629,114	2186
629,315	2072
629,517	1908
629,719	1956
629,921	2032
630,122	1871
630,324	1951
630,526	2132
630,728	1977
630,929	1886
631,131	1734
631,332	2168
631,534	1987
631,736	2063
631,937	1813
632,139	1949
632,34	1909
632,542	2040
632,743	2044
632,945	1835
633,146	2045
633,348	1983
633,549	1874
633,751	1898
633,952	1948
634,154	1771
634,355	1789
634,556	1928
634,758	1824
634,959	1866
635,16	1975
635,362	1789
635,563	1886
635,764	1957
635,965	1960
636,167	1913
636,368	1873
636,569	1856
636,77	2008
636,971	1785
637,172	1928
637,374	1738
637,575	1950
637,776	1711
637,977	1658
638,178	1888
638,379	1752
638,58	1967
638,781	1670
638,982	1850
639,183	1884
639,384	1787
639,585	1665
639,786	1738
639,987	1707
640,187	1903
640,388	1937
640,589	1731
640,79	1742
640,991	1786
641,192	1963
641,392	1782
641,593	1690
641,794	1630
641,995	1765
642,195	1521
642,396	1746
642,597	1693
642,797	1780
642,998	1870
643,199	1763
643,399	1922
643,6	1687
643,8	1649
644,001	1827
644,202	1824
644,402	1653
644,603	1886
644,803	1629
645,004	1851
645,204	1609
645,404	1743
645,605	2080
645,805	1558
646,006	1693
646,206	2157
646,406	1620
646,607	1489
646,807	1329
647,007	-25
647,208	12
647,408	-64
647,608	49
