200,697	900,5
200,927	-92,5
201,158	-15,5
201,388	188,5
201,618	990,5
201,849	999,5
202,079	1211,5
202,309	1005,5
202,539	1155,5
202,77	1091,5
203	1363,5
203,23	1177,5
203,46	1187,5
203,691	1154,5
203,921	1183,5
204,151	1092,5
204,381	1120,5
204,611	1176,5
204,841	1200,5
205,071	1100,5
205,302	1230,5
205,532	1197,5
205,762	2997,5
205,992	1029,5
206,222	1119,5
206,452	1178,5
206,682	1073,5
206,912	1280,5
207,142	1262,5
207,372	1156,5
207,602	1017,5
207,832	1148,5
208,062	1363,5
208,292	1089,5
208,522	1007,5
208,752	1155,5
208,982	1075,5
209,212	1268,5
209,442	1178,5
209,672	1047,5
209,902	1160,5
210,131	1165,5
210,361	1057,5
210,591	1131,5
210,821	1107,5
211,051	1261,5
211,281	1241,5
211,51	1134,5
211,74	1201,5
211,97	1148,5
212,2	1133,5
212,429	1372,5
212,659	929,5
212,889	1208,5
213,119	1066,5
213,348	1070,5
213,578	1272,5
213,808	1256,5
214,037	1278,5
214,267	1093,5
214,497	1234,5
214,726	1082,5
214,956	1123,5
215,186	1173,5
215,415	1113,5
215,645	1114,5
215,874	1285,5
216,104	1055,5
216,333	1096,5
216,563	1257,5
216,792	1222,5
217,022	1282,5
217,251	1180,5
217,481	1049,5
217,71	1184,5
217,94	1134,5
218,169	1200,5
218,399	1206,5
218,628	1130,5
218,858	1276,5
219,087	1220,5
219,316	1380,5
219,546	1197,5
219,775	1262,5
220,004	1291,5
220,234	1124,5
220,463	1187,5
220,692	912,5
220,922	1161,5
221,151	1214,5
221,38	1150,5
221,61	1512,5
221,839	1398,5
222,068	1183,5
222,297	1251,5
222,526	1234,5
222,756	1227,5
222,985	1265,5
223,214	1237,5
223,443	1198,5
223,672	1495,5
223,902	1383,5
224,131	1102,5
224,36	1359,5
224,589	1185,5
224,818	1253,5
225,047	1315,5
225,276	1144,5
225,505	1515,5
225,734	1265,5
225,963	1189,5
226,192	1207,5
226,421	1221,5
226,65	1266,5
226,879	1275,5
227,108	1425,5
227,337	1333,5
227,566	1443,5
227,795	1315,5
228,024	1285,5
228,253	1245,5
228,482	1168,5
228,711	1369,5
228,94	1084,5
229,168	1322,5
229,397	1278,5
229,626	1236,5
229,855	1328,5
230,084	1207,5
230,313	1235,5
230,541	1388,5
230,77	1263,5
230,999	1183,5
231,228	1478,5
231,456	1381,5
231,685	1605,5
231,914	1394,5
232,143	1372,5
232,371	1396,5
232,6	1339,5
232,829	1321,5
233,057	1354,5
233,286	1316,5
233,515	1432,5
233,743	1457,5
233,972	1333,5
234,2	1379,5
234,429	1367,5
234,658	1433,5
234,886	1336,5
235,115	1411,5
235,343	1464,5
235,572	1410,5
235,8	1504,5
236,029	1669,5
236,257	1386,5
236,486	1591,5
236,714	1505,5
236,943	1603,5
237,171	1463,5
237,399	1432,5
237,628	1551,5
237,856	1611,5
238,085	1532,5
238,313	1447,5
238,541	1596,5
238,77	1694,5
238,998	1474,5
239,226	1611,5
239,455	1571,5
239,683	1584,5
239,911	1680,5
240,14	1726,5
240,368	1666,5
240,596	1573,5
240,824	1596,5
241,053	1573,5
241,281	1389,5
241,509	1610,5
241,737	1625,5
241,965	1553,5
242,193	1576,5
242,422	1559,5
242,65	1583,5
242,878	1670,5
243,106	1474,5
243,334	1712,5
243,562	1778,5
243,79	1839,5
244,018	1743,5
244,246	1777,5
244,474	1770,5
244,702	1732,5
244,93	1792,5
245,158	1808,5
245,386	1725,5
245,614	1890,5
245,842	1947,5
246,07	1873,5
246,298	1886,5
246,526	2255,5
246,754	1829,5
246,982	1898,5
247,21	1896,5
247,438	1822,5
247,666	1926,5
247,893	2048,5
248,121	1897,5
248,349	1809,5
248,577	2009,5
248,805	2049,5
249,033	1950,5
249,26	2045,5
249,488	1780,5
249,716	2002,5
249,944	1988,5
250,171	2001,5
250,399	2058,5
250,627	2051,5
250,854	2180,5
251,082	1966,5
251,31	1988,5
251,537	2097,5
251,765	2264,5
251,993	1975,5
252,22	2403,5
252,448	1980,5
252,676	2145,5
252,903	2201,5
253,131	2438,5
253,358	2118,5
253,586	2083,5
253,813	2097,5
254,041	2253,5
254,268	2148,5
254,496	2126,5
254,723	2154,5
254,951	2234,5
255,178	2255,5
255,406	2323,5
255,633	2225,5
255,86	2355,5
256,088	2293,5
256,315	2240,5
256,543	2397,5
256,77	2320,5
256,997	2318,5
257,225	2394,5
257,452	2092,5
257,679	2342,5
257,907	2477,5
258,134	2405,5
258,361	2428,5
258,588	2312,5
258,816	2696,5
259,043	2418,5
259,27	2443,5
259,497	2543,5
259,725	2318,5
259,952	2414,5
260,179	2556,5
260,406	2505,5
260,633	2492,5
260,86	2547,5
261,088	2462,5
261,315	2649,5
261,542	2401,5
261,769	2429,5
261,996	2807,5
262,223	2635,5
262,45	2743,5
262,677	2457,5
262,904	2518,5
263,131	2694,5
263,358	2717,5
263,585	2633,5
263,812	2878,5
264,039	2835,5
264,266	2627,5
264,493	2691,5
264,72	2599,5
264,947	2661,5
265,174	2660,5
265,401	2855,5
265,627	2817,5
265,854	2661,5
266,081	2723,5
266,308	2704,5
266,535	2724,5
266,762	2655,5
266,988	2829,5
267,215	2772,5
267,442	2692,5
267,669	2860,5
267,896	2758,5
268,122	2910,5
268,349	2821,5
268,576	2680,5
268,802	2694,5
269,029	2725,5
269,256	2856,5
269,482	2797,5
269,709	2516,5
269,936	2845,5
270,162	2947,5
270,389	2746,5
270,616	2855,5
270,842	2981,5
271,069	2909,5
271,295	2909,5
271,522	2812,5
271,748	2928,5
271,975	3081,5
272,201	3025,5
272,428	2944,5
272,654	2887,5
272,881	3237,5
273,107	2899,5
273,334	3016,5
273,56	3131,5
273,787	3077,5
274,013	3173,5
274,239	3358,5
274,466	3028,5
274,692	3121,5
274,918	3166,5
275,145	3220,5
275,371	3116,5
275,597	3323,5
275,824	3199,5
276,05	3328,5
276,276	3384,5
276,503	3241,5
276,729	3259,5
276,955	3254,5
277,181	3330,5
277,407	3257,5
277,634	3391,5
277,86	3029,5
278,086	3378,5
278,312	3337,5
278,538	3241,5
278,764	3455,5
278,991	3389,5
279,217	3342,5
279,443	3164,5
279,669	3321,5
279,895	3469,5
280,121	3252,5
280,347	3355,5
280,573	3321,5
280,799	3366,5
281,025	3846,5
281,251	3464,5
281,477	3637,5
281,703	3542,5
281,929	3604,5
282,155	3534,5
282,381	3750,5
282,607	3716,5
282,833	3771,5
283,059	3797,5
283,285	3736,5
283,51	3823,5
283,736	3618,5
283,962	3777,5
284,188	3948,5
284,414	3856,5
284,64	3960,5
284,865	4047,5
285,091	3907,5
285,317	4065,5
285,543	4012,5
285,768	4021,5
285,994	4080,5
286,22	4326,5
286,446	4151,5
286,671	3957,5
286,897	4176,5
287,123	4120,5
287,348	4157,5
287,574	4611,5
287,799	4262,5
288,025	4291,5
288,251	4401,5
288,476	4431,5
288,702	4277,5
288,927	4271,5
289,153	4336,5
289,378	4499,5
289,604	4396,5
289,829	4406,5
290,055	4341,5
290,28	4394,5
290,506	4541,5
290,731	4466,5
290,957	4542,5
291,182	4620,5
291,408	4727,5
291,633	4701,5
291,858	4686,5
292,084	4807,5
292,309	4710,5
292,535	4795,5
292,76	4878,5
292,985	4955,5
293,211	4800,5
293,436	4933,5
293,661	4877,5
293,886	4962,5
294,112	5047,5
294,337	5060,5
294,562	5000,5
294,787	5165,5
295,013	5187,5
295,238	5153,5
295,463	5194,5
295,688	5297,5
295,913	5175,5
296,138	5241,5
296,364	5248,5
296,589	5305,5
296,814	5167,5
297,039	5128,5
297,264	5194,5
297,489	5178,5
297,714	5171,5
297,939	4867,5
298,164	5276,5
298,389	5386,5
298,614	5345,5
298,839	5457,5
299,064	5497,5
299,289	5559,5
299,514	5665,5
299,739	5646,5
299,964	5757,5
300,189	5736,5
300,414	5915,5
300,639	6066,5
300,863	5816,5
301,088	6150,5
301,313	5892,5
301,538	5955,5
301,763	6073,5
301,988	6177,5
302,212	6134,5
302,437	6319,5
302,662	6046,5
302,887	6273,5
303,111	6237,5
303,336	6396,5
303,561	6264,5
303,786	6258,5
304,01	6367,5
304,235	6439,5
304,46	6221,5
304,684	6275,5
304,909	6343,5
305,134	6215,5
305,358	6254,5
305,583	6217,5
305,807	6381,5
306,032	5999,5
306,256	6213,5
306,481	6238,5
306,706	6160,5
306,93	6248,5
307,155	6517,5
307,379	6346,5
307,604	6407,5
307,828	6547,5
308,052	6655,5
308,277	6620,5
308,501	6580,5
308,726	6743,5
308,95	6805,5
309,175	6797,5
309,399	6788,5
309,623	6729,5
309,848	6633,5
310,072	6426,5
310,296	7052,5
310,521	6754,5
310,745	6717,5
310,969	6996,5
311,193	6865,5
311,418	6840,5
311,642	6708,5
311,866	6889,5
312,09	6753,5
312,315	6886,5
312,539	6893,5
312,763	6859,5
312,987	6895,5
313,211	6762,5
313,435	7022,5
313,659	6621,5
313,884	6983,5
314,108	6884,5
314,332	6985,5
314,556	6789,5
314,78	7050,5
315,004	6936,5
315,228	7127,5
315,452	6822,5
315,676	6884,5
315,9	6902,5
316,124	6572,5
316,348	6824,5
316,572	7043,5
316,796	6828,5
317,02	6818,5
317,244	6843,5
317,468	6600,5
317,691	6956,5
317,915	6795,5
318,139	6643,5
318,363	7030,5
318,587	6609,5
318,811	6656,5
319,034	6609,5
319,258	6842,5
319,482	6793,5
319,706	6733,5
319,93	6725,5
320,153	6601,5
320,377	6709,5
320,601	6669,5
320,824	6641,5
321,048	6713,5
321,272	6872,5
321,495	6723,5
321,719	6712,5
321,943	6753,5
322,166	6843,5
322,39	6844,5
322,614	6863,5
322,837	6906,5
323,061	6892,5
323,284	7003,5
323,508	6943,5
323,731	6890,5
323,955	6872,5
324,178	6835,5
324,402	6898,5
324,625	6902,5
324,849	6769,5
325,072	6946,5
325,296	6975,5
325,519	6881,5
325,743	6842,5
325,966	6763,5
326,189	6941,5
326,413	6918,5
326,636	7014,5
326,859	6855,5
327,083	7030,5
327,306	6596,5
327,529	6669,5
327,753	6566,5
327,976	6777,5
328,199	6797,5
328,422	6821,5
328,646	6756,5
328,869	6520,5
329,092	6720,5
329,315	6953,5
329,538	6794,5
329,762	7013,5
329,985	6819,5
330,208	6725,5
330,431	6959,5
330,654	6992,5
330,877	6873,5
331,1	6929,5
331,323	6810,5
331,546	7075,5
331,769	6934,5
331,993	6767,5
332,216	6888,5
332,439	6916,5
332,662	6866,5
332,885	6854,5
333,107	6785,5
333,33	6866,5
333,553	7022,5
333,776	6862,5
333,999	6839,5
334,222	6929,5
334,445	6873,5
334,668	6972,5
334,891	6953,5
335,114	6751,5
335,336	6897,5
335,559	6928,5
335,782	7079,5
336,005	6820,5
336,228	6912,5
336,45	6750,5
336,673	6789,5
336,896	6864,5
337,119	6833,5
337,341	6993,5
337,564	6696,5
337,787	6797,5
338,009	6886,5
338,232	6831,5
338,455	6926,5
338,677	6872,5
338,9	6815,5
339,122	6792,5
339,345	6727,5
339,568	6653,5
339,79	6812,5
340,013	6813,5
340,235	6869,5
340,458	6717,5
340,68	6788,5
340,903	6715,5
341,125	6635,5
341,348	6696,5
341,57	6604,5
341,793	6873,5
342,015	6465,5
342,238	6627,5
342,46	6565,5
342,682	6688,5
342,905	6460,5
343,127	6548,5
343,349	6351,5
343,572	6451,5
343,794	6402,5
344,016	6414,5
344,239	6417,5
344,461	6579,5
344,683	6425,5
344,905	6540,5
345,128	6496,5
345,35	6462,5
345,572	6628,5
345,794	6735,5
346,017	6673,5
346,239	6760,5
346,461	6516,5
346,683	6639,5
346,905	6863,5
347,127	6759,5
347,349	6758,5
347,571	6690,5
347,793	6845,5
348,016	6705,5
348,238	6705,5
348,46	6658,5
348,682	6705,5
348,904	6884,5
349,126	6799,5
349,348	6712,5
349,57	6636,5
349,792	6666,5
350,014	6993,5
350,235	6605,5
350,457	6991,5
350,679	6702,5
350,901	6567,5
351,123	6533,5
351,345	6596,5
351,567	6801,5
351,789	6691,5
352,01	6617,5
352,232	6501,5
352,454	6555,5
352,676	6566,5
352,897	6454,5
353,119	6286,5
353,341	6189,5
353,563	6303,5
353,784	6030,5
354,006	6082,5
354,228	6134,5
354,449	6280,5
354,671	6429,5
354,893	6520,5
355,114	6558,5
355,336	6448,5
355,558	6262,5
355,779	6460,5
356,001	6748,5
356,222	6687,5
356,444	6475,5
356,665	6983,5
356,887	6540,5
357,108	6595,5
357,33	6538,5
357,551	6640,5
357,773	6541,5
357,994	6611,5
358,216	6438,5
358,437	6854,5
358,659	6718,5
358,88	6526,5
359,101	6604,5
359,323	6586,5
359,544	6518,5
359,765	6451,5
359,987	6481,5
360,208	6570,5
360,429	6553,5
360,651	6467,5
360,872	6720,5
361,093	6486,5
361,314	6496,5
361,536	6528,5
361,757	6494,5
361,978	6442,5
362,199	6493,5
362,42	6354,5
362,642	6563,5
362,863	6538,5
363,084	6481,5
363,305	6509,5
363,526	6363,5
363,747	6451,5
363,968	6545,5
364,189	6529,5
364,41	6338,5
364,631	6232,5
364,852	6674,5
365,073	6425,5
365,294	6364,5
365,515	6279,5
365,736	6520,5
365,957	6364,5
366,178	6494,5
366,399	6472,5
366,62	6514,5
366,841	6674,5
367,062	6607,5
367,283	6529,5
367,504	6818,5
367,724	6494,5
367,945	6465,5
368,166	6741,5
368,387	6599,5
368,608	6637,5
368,828	6682,5
369,049	6613,5
369,27	6620,5
369,491	6590,5
369,711	6638,5
369,932	6662,5
370,153	6635,5
370,373	6637,5
370,594	6709,5
370,815	6554,5
371,035	6801,5
371,256	6604,5
371,477	6553,5
371,697	6623,5
371,918	6658,5
372,138	6661,5
372,359	6838,5
372,579	6598,5
372,8	6625,5
373,02	6647,5
373,241	6658,5
373,461	6737,5
373,682	6674,5
373,902	6742,5
374,123	6505,5
374,343	6859,5
374,564	6791,5
374,784	6808,5
375,004	6772,5
375,225	6646,5
375,445	6599,5
375,666	6808,5
375,886	6541,5
376,106	6488,5
376,326	6475,5
376,547	6826,5
376,767	6735,5
376,987	6596,5
377,208	6983,5
377,428	6988,5
377,648	7005,5
377,868	7251,5
378,088	7262,5
378,309	7474,5
378,529	7396,5
378,749	7342,5
378,969	7430,5
379,189	7468,5
379,409	7499,5
379,629	7182,5
379,849	7242,5
380,069	7151,5
380,29	7252,5
380,51	7308,5
380,73	7296,5
380,95	7342,5
381,17	7331,5
381,39	7173,5
381,61	7040,5
381,829	7142,5
382,049	7198,5
382,269	7193,5
382,489	7338,5
382,709	7204,5
382,929	7206,5
383,149	7179,5
383,369	7475,5
383,589	7138,5
383,808	7163,5
384,028	7179,5
384,248	7292,5
384,468	7266,5
384,688	7366,5
384,907	7346,5
385,127	7296,5
385,347	7583,5
385,567	7488,5
385,786	7618,5
386,006	7877,5
386,226	7742,5
386,445	7664,5
386,665	7925,5
386,885	8197,5
387,104	7963,5
387,324	8093,5
387,543	8169,5
387,763	8175,5
387,982	8238,5
388,202	8367,5
388,422	8254,5
388,641	8252,5
388,861	8222,5
389,08	8197,5
389,3	8061,5
389,519	8149,5
389,738	8028,5
389,958	8108,5
390,177	8272,5
390,397	8300,5
390,616	8180,5
390,836	8303,5
391,055	8400,5
391,274	8540,5
391,494	8586,5
391,713	8688,5
391,932	8780,5
392,151	9022,5
392,371	8831,5
392,59	9082,5
392,809	9257,5
393,029	9028,5
393,248	8741,5
393,467	8400,5
393,686	8269,5
393,905	9170,5
394,124	8275,5
394,344	8436,5
394,563	8497,5
394,782	8530,5
395,001	8769,5
395,22	8258,5
395,439	8504,5
395,658	8544,5
395,877	8639,5
396,096	8472,5
396,315	8829,5
396,534	8666,5
396,753	8936,5
396,972	8821,5
397,191	8988,5
397,41	9277,5
397,629	9406,5
397,848	9411,5
398,067	9574,5
398,286	9581,5
398,505	9507,5
398,724	9430,5
398,943	9672,5
399,161	8857,5
399,38	9042,5
399,599	8882,5
399,818	8735,5
400,037	8718,5
400,255	8557,5
400,474	8508,5
400,693	8625,5
400,912	8710,5
401,13	8511,5
401,349	8346,5
401,568	8461,5
401,786	8342,5
402,005	8337,5
402,224	8160,5
402,442	8140,5
402,661	8183,5
402,88	7969,5
403,098	8001,5
403,317	8024,5
403,535	8083,5
403,754	7945,5
403,972	7949,5
404,191	8005,5
404,409	8304,5
404,628	8897,5
404,846	8420,5
405,065	8402,5
405,283	8506,5
405,502	8437,5
405,72	8245,5
405,938	7907,5
406,157	7847,5
406,375	7837,5
406,594	7759,5
406,812	7646,5
407,03	7731,5
407,249	7428,5
407,467	7644,5
407,685	7837,5
407,903	7691,5
408,122	7839,5
408,34	7977,5
408,558	7903,5
408,776	7882,5
408,995	7793,5
409,213	7779,5
409,431	7884,5
409,649	7906,5
409,867	7774,5
410,085	7641,5
410,303	7792,5
410,522	7388,5
410,74	7272,5
410,958	7215,5
411,176	7320,5
411,394	7388,5
411,612	7394,5
411,83	7530,5
412,048	7428,5
412,266	7475,5
412,484	7702,5
412,702	7801,5
412,92	7396,5
413,138	7645,5
413,356	7394,5
413,573	7468,5
413,791	7508,5
414,009	7223,5
414,227	7213,5
414,445	6886,5
414,663	7005,5
414,881	7030,5
415,098	7040,5
415,316	7038,5
415,534	7235,5
415,752	7068,5
415,969	7188,5
416,187	6937,5
416,405	7077,5
416,623	7085,5
416,84	6983,5
417,058	6967,5
417,276	6940,5
417,493	6865,5
417,711	6885,5
417,928	6961,5
418,146	6773,5
418,364	6979,5
418,581	6914,5
418,799	6895,5
419,016	6730,5
419,234	6898,5
419,451	7547,5
419,669	7095,5
419,886	7048,5
420,104	6957,5
420,321	7185,5
420,539	7220,5
420,756	7476,5
420,974	7496,5
421,191	7485,5
421,408	7789,5
421,626	7726,5
421,843	7615,5
422,06	7353,5
422,278	7267,5
422,495	7279,5
422,712	7136,5
422,93	7176,5
423,147	7151,5
423,364	7066,5
423,581	7179,5
423,799	6759,5
424,016	6911,5
424,233	6803,5
424,45	6980,5
424,667	6896,5
424,884	6803,5
425,102	7001,5
425,319	6718,5
425,536	6677,5
425,753	6556,5
425,97	6400,5
426,187	6485,5
426,404	6416,5
426,621	6882,5
426,838	6946,5
427,055	6868,5
427,272	6895,5
427,489	7037,5
427,706	6808,5
427,923	6670,5
428,14	6564,5
428,357	7139,5
428,574	6814,5
428,791	6708,5
429,008	7094,5
429,224	7123,5
429,441	7351,5
429,658	7591,5
429,875	7839,5
430,092	7766,5
430,308	7503,5
430,525	7405,5
430,742	7238,5
430,959	7080,5
431,175	6583,5
431,392	6495,5
431,609	6403,5
431,826	6239,5
432,042	6011,5
432,259	5944,5
432,476	6386,5
432,692	5878,5
432,909	6107,5
433,125	6552,5
433,342	6740,5
433,559	6877,5
433,775	6839,5
433,992	6686,5
434,208	6347,5
434,425	6129,5
434,641	6265,5
434,858	6400,5
435,074	6349,5
435,291	6112,5
435,507	6145,5
435,723	6307,5
435,94	6253,5
436,156	6373,5
436,373	6447,5
436,589	6335,5
436,805	6275,5
437,022	6060,5
437,238	6137,5
437,454	6153,5
437,671	6085,5
437,887	6400,5
438,103	6134,5
438,319	6247,5
438,536	6446,5
438,752	6306,5
438,968	6101,5
439,184	6110,5
439,4	6070,5
439,616	5854,5
439,833	5953,5
440,049	5702,5
440,265	6113,5
440,481	6019,5
440,697	6610,5
440,913	6713,5
441,129	6804,5
441,345	7023,5
441,561	6818,5
441,777	6661,5
441,993	6588,5
442,209	6394,5
442,425	6465,5
442,641	6429,5
442,857	6447,5
443,073	6490,5
443,289	6532,5
443,505	6590,5
443,721	6567,5
443,937	6478,5
444,152	6436,5
444,368	6339,5
444,584	6349,5
444,8	6334,5
445,016	6302,5
445,231	6252,5
445,447	6316,5
445,663	6241,5
445,879	6142,5
446,094	6396,5
446,31	6736,5
446,526	6251,5
446,742	6285,5
446,957	6146,5
447,173	6092,5
447,388	6147,5
447,604	6171,5
447,82	5967,5
448,035	6046,5
448,251	5987,5
448,466	6143,5
448,682	5990,5
448,897	5992,5
449,113	6055,5
449,328	6154,5
449,544	6117,5
449,759	6351,5
449,975	5959,5
450,19	6019,5
450,406	5983,5
450,621	5793,5
450,836	5789,5
451,052	5815,5
451,267	5753,5
451,483	5827,5
451,698	5707,5
451,913	5780,5
452,129	5898,5
452,344	5657,5
452,559	5709,5
452,774	5639,5
452,99	5504,5
453,205	5530,5
453,42	5616,5
453,635	5631,5
453,85	5397,5
454,066	5516,5
454,281	5437,5
454,496	5640,5
454,711	5654,5
454,926	5793,5
455,141	5703,5
455,356	5630,5
455,571	5572,5
455,786	5671,5
456,001	5300,5
456,217	5219,5
456,432	5525,5
456,647	5556,5
456,861	5605,5
457,076	5515,5
457,291	5852,5
457,506	5797,5
457,721	5845,5
457,936	5739,5
458,151	5885,5
458,366	5988,5
458,581	5936,5
458,796	6115,5
459,01	5822,5
459,225	6031,5
459,44	5935,5
459,655	5862,5
459,87	5737,5
460,084	5720,5
460,299	5722,5
460,514	5733,5
460,729	6126,5
460,943	5656,5
461,158	5578,5
461,373	5521,5
461,587	5304,5
461,802	5123,5
462,016	5454,5
462,231	5147,5
462,446	5231,5
462,66	5209,5
462,875	5422,5
463,089	5447,5
463,304	5532,5
463,518	5589,5
463,733	5687,5
463,947	5765,5
464,162	5839,5
464,376	5918,5
464,591	6093,5
464,805	5975,5
465,02	6240,5
465,234	6242,5
465,448	6294,5
465,663	6167,5
465,877	6024,5
466,091	5849,5
466,306	5801,5
466,52	5940,5
466,734	5432,5
466,949	5520,5
467,163	5510,5
467,377	5478,5
467,591	5583,5
467,806	5544,5
468,02	5352,5
468,234	5290,5
468,448	5368,5
468,662	5334,5
468,876	5430,5
469,091	5172,5
469,305	5169,5
469,519	5073,5
469,733	4984,5
469,947	4987,5
470,161	5203,5
470,375	4925,5
470,589	5090,5
470,803	5091,5
471,017	5085,5
471,231	5065,5
471,445	5044,5
471,659	5266,5
471,873	5339,5
472,087	5271,5
472,301	5456,5
472,515	5444,5
472,728	5660,5
472,942	5719,5
473,156	5589,5
473,37	5705,5
473,584	5724,5
473,798	5568,5
474,011	5610,5
474,225	5669,5
474,439	5927,5
474,653	6171,5
474,866	6169,5
475,08	6229,5
475,294	6223,5
475,507	6008,5
475,721	6160,5
475,935	6275,5
476,148	5951,5
476,362	5697,5
476,576	6171,5
476,789	5934,5
477,003	6073,5
477,216	6175,5
477,43	6398,5
477,643	6551,5
477,857	6633,5
478,07	6590,5
478,284	6546,5
478,497	6455,5
478,711	6675,5
478,924	6615,5
479,138	6665,5
479,351	6701,5
479,564	6861,5
479,778	7305,5
479,991	7252,5
480,204	7255,5
480,418	7411,5
480,631	7305,5
480,844	7502,5
481,058	7379,5
481,271	7718,5
481,484	7771,5
481,697	7725,5
481,911	7635,5
482,124	7553,5
482,337	7634,5
482,55	7557,5
482,763	7697,5
482,976	7847,5
483,19	7870,5
483,403	7986,5
483,616	8199,5
483,829	8359,5
484,042	8535,5
484,255	8718,5
484,468	8777,5
484,681	9035,5
484,894	9465,5
485,107	13324,5
485,32	19485,5
485,533	22353,5
485,746	21141,5
485,959	18850,5
486,172	16983,5
486,385	14262,5
486,598	11893,5
486,81	10439,5
487,023	9808,5
487,236	9501,5
487,449	9341,5
487,662	8993,5
487,875	8853,5
488,087	8877,5
488,3	8805,5
488,513	8669,5
488,726	8882,5
488,938	8912,5
489,151	9033,5
489,364	9025,5
489,576	8993,5
489,789	9089,5
490,002	9026,5
490,214	8984,5
490,427	8980,5
490,64	9251,5
490,852	9073,5
491,065	9093,5
491,277	9062,5
491,49	9279,5
491,702	9015,5
491,915	9254,5
492,127	9364,5
492,34	9522,5
492,552	9371,5
492,765	9391,5
492,977	9545,5
493,19	9480,5
493,402	9557,5
493,614	9507,5
493,827	9667,5
494,039	9644,5
494,251	10043,5
494,464	9654,5
494,676	9292,5
494,888	9355,5
495,101	9219,5
495,313	9338,5
495,525	9619,5
495,737	10031,5
495,95	10086,5
496,162	10150,5
496,374	10185,5
496,586	9797,5
496,798	9705,5
497,01	9583,5
497,222	9211,5
497,435	9219,5
497,647	9212,5
497,859	9379,5
498,071	9450,5
498,283	9585,5
498,495	9685,5
498,707	9711,5
498,919	9652,5
499,131	9858,5
499,343	9827,5
499,555	9472,5
499,767	9608,5
499,979	9436,5
500,191	9571,5
500,402	9398,5
500,614	9449,5
500,826	9800,5
501,038	9651,5
501,25	9721,5
501,462	9561,5
501,673	9790,5
501,885	9594,5
502,097	9755,5
502,309	9563,5
502,521	9661,5
502,732	9701,5
502,944	9714,5
503,156	9407,5
503,367	9370,5
503,579	9325,5
503,791	9201,5
504,002	9185,5
504,214	9173,5
504,425	9281,5
504,637	9324,5
504,849	9129,5
505,06	9257,5
505,272	9146,5
505,483	8836,5
505,695	9049,5
505,906	9005,5
506,118	9160,5
506,329	8998,5
506,541	8749,5
506,752	8659,5
506,963	8489,5
507,175	8438,5
507,386	8772,5
507,598	8718,5
507,809	8617,5
508,02	8688,5
508,232	8778,5
508,443	8697,5
508,654	8584,5
508,865	8364,5
509,077	8197,5
509,288	8316,5
509,499	8604,5
509,71	8055,5
509,922	8185,5
510,133	8138,5
510,344	8317,5
510,555	8106,5
510,766	8116,5
510,977	7997,5
511,188	7938,5
511,4	7809,5
511,611	7844,5
511,822	7918,5
512,033	7680,5
512,244	7679,5
512,455	7548,5
512,666	7735,5
512,877	7810,5
513,088	7568,5
513,299	7556,5
513,51	7634,5
513,721	7486,5
513,931	7525,5
514,142	7507,5
514,353	7460,5
514,564	7125,5
514,775	7224,5
514,986	7145,5
515,196	7316,5
515,407	7263,5
515,618	7273,5
515,829	7133,5
516,04	7325,5
516,25	7331,5
516,461	7212,5
516,672	7198,5
516,882	7066,5
517,093	7172,5
517,304	6912,5
517,514	7009,5
517,725	7056,5
517,936	6793,5
518,146	6745,5
518,357	7020,5
518,567	7014,5
518,778	7506,5
518,988	7097,5
519,199	7213,5
519,409	6973,5
519,62	6919,5
519,83	6467,5
520,041	6744,5
520,251	6614,5
520,462	6689,5
520,672	6540,5
520,882	6591,5
521,093	6796,5
521,303	6714,5
521,513	6516,5
521,724	7300,5
521,934	6314,5
522,144	6536,5
522,355	6454,5
522,565	6467,5
522,775	6504,5
522,985	6414,5
523,196	6526,5
523,406	6592,5
523,616	6580,5
523,826	6481,5
524,036	7058,5
524,246	6380,5
524,457	6251,5
524,667	6062,5
524,877	6241,5
525,087	6138,5
525,297	6300,5
525,507	6309,5
525,717	6247,5
525,927	6185,5
526,137	6047,5
526,347	6273,5
526,557	6240,5
526,767	6291,5
526,977	6466,5
527,187	6138,5
527,397	5995,5
527,607	5980,5
527,816	6067,5
528,026	6055,5
528,236	6269,5
528,446	6366,5
528,656	6544,5
528,865	6517,5
529,075	6154,5
529,285	6093,5
529,495	6376,5
529,704	5967,5
529,914	5907,5
530,124	5949,5
530,334	5807,5
530,543	5756,5
530,753	5919,5
530,963	6070,5
531,172	5804,5
531,382	5706,5
531,591	5920,5
531,801	5534,5
532,01	5684,5
532,22	5597,5
532,43	5731,5
532,639	5864,5
532,849	5876,5
533,058	5863,5
533,267	5964,5
533,477	5781,5
533,686	5788,5
533,896	5726,5
534,105	5684,5
534,315	5714,5
534,524	5740,5
534,733	5529,5
534,943	5659,5
535,152	5652,5
535,361	5393,5
535,57	5345,5
535,78	5500,5
535,989	5190,5
536,198	5054,5
536,407	4976,5
536,617	5014,5
536,826	4981,5
537,035	5063,5
537,244	5016,5
537,453	5050,5
537,662	5226,5
537,872	5381,5
538,081	5345,5
538,29	5104,5
538,499	5218,5
538,708	5112,5
538,917	5272,5
539,126	5273,5
539,335	5236,5
539,544	5507,5
539,753	4908,5
539,962	5016,5
540,171	4958,5
540,38	5211,5
540,589	5120,5
540,797	5266,5
541,006	5085,5
541,215	5009,5
541,424	5176,5
541,633	5102,5
541,842	5043,5
542,05	5272,5
542,259	5163,5
542,468	5003,5
542,677	5107,5
542,885	5030,5
543,094	5086,5
543,303	4899,5
543,512	5243,5
543,72	5174,5
543,929	5154,5
544,138	5072,5
544,346	4984,5
544,555	4952,5
544,763	5052,5
544,972	4858,5
545,18	4668,5
545,389	4654,5
545,598	4642,5
545,806	4604,5
546,015	4508,5
546,223	4504,5
546,431	4602,5
546,64	4675,5
546,848	4767,5
547,057	4816,5
547,265	4872,5
547,474	4995,5
547,682	5101,5
547,89	5114,5
548,099	4827,5
548,307	4687,5
548,515	4746,5
548,723	4487,5
548,932	4306,5
549,14	4306,5
549,348	4393,5
549,556	4213,5
549,765	4319,5
549,973	4258,5
550,181	4241,5
550,389	4305,5
550,597	4353,5
550,805	3931,5
551,014	4159,5
551,222	5786,5
551,43	4310,5
551,638	4540,5
551,846	4703,5
552,054	4754,5
552,262	4638,5
552,47	4248,5
552,678	4202,5
552,886	4222,5
553,094	4172,5
553,302	4246,5
553,51	4194,5
553,717	4254,5
553,925	3966,5
554,133	4074,5
554,341	3760,5
554,549	4079,5
554,757	3917,5
554,965	4094,5
555,172	4095,5
555,38	4374,5
555,588	3912,5
555,796	4204,5
556,003	4127,5
556,211	3817,5
556,419	3763,5
556,626	3842,5
556,834	3698,5
557,042	3673,5
557,249	3759,5
557,457	3661,5
557,664	3530,5
557,872	3577,5
558,08	3401,5
558,287	3475,5
558,495	3455,5
558,702	3323,5
558,91	3406,5
559,117	3372,5
559,325	3435,5
559,532	3512,5
559,74	3779,5
559,947	3641,5
560,154	3736,5
560,362	3608,5
560,569	3664,5
560,776	3472,5
560,984	3556,5
561,191	3445,5
561,398	3387,5
561,606	3677,5
561,813	3211,5
562,02	3237,5
562,227	3094,5
562,435	3230,5
562,642	3332,5
562,849	3302,5
563,056	3273,5
563,263	3088,5
563,471	3410,5
563,678	3329,5
563,885	3373,5
564,092	3302,5
564,299	3288,5
564,506	3311,5
564,713	3336,5
564,92	3263,5
565,127	3183,5
565,334	3327,5
565,541	3484,5
565,748	3267,5
565,955	3196,5
566,162	3203,5
566,369	3379,5
566,576	3445,5
566,783	3555,5
566,99	3589,5
567,196	3717,5
567,403	3558,5
567,61	3614,5
567,817	3575,5
568,024	3705,5
568,23	3867,5
568,437	3834,5
568,644	3914,5
568,851	3994,5
569,057	4517,5
569,264	4504,5
569,471	4682,5
569,677	4537,5
569,884	4557,5
570,091	4540,5
570,297	5269,5
570,504	4760,5
570,71	4805,5
570,917	4788,5
571,123	4540,5
571,33	4886,5
571,536	4926,5
571,743	5020,5
571,949	4624,5
572,156	3912,5
572,362	3931,5
572,569	3910,5
572,775	4467,5
572,982	5251,5
573,188	4846,5
573,394	4685,5
573,601	4805,5
573,807	4959,5
574,013	5183,5
574,22	4969,5
574,426	4604,5
574,632	4836,5
574,838	4717,5
575,045	4284,5
575,251	4025,5
575,457	3885,5
575,663	3995,5
575,869	4223,5
576,076	4384,5
576,282	4559,5
576,488	4593,5
576,694	4523,5
576,9	4408,5
577,106	4986,5
577,312	5433,5
577,518	5873,5
577,724	5529,5
577,93	5215,5
578,136	4509,5
578,342	4240,5
578,548	3969,5
578,754	3694,5
578,96	3718,5
579,166	4230,5
579,372	4371,5
579,578	4199,5
579,784	4341,5
579,989	4380,5
580,195	4197,5
580,401	4067,5
580,607	4037,5
580,813	5047,5
581,018	6232,5
581,224	6294,5
581,43	5812,5
581,636	5317,5
581,841	5319,5
582,047	4858,5
582,253	4303,5
582,458	3922,5
582,664	3511,5
582,869	3288,5
583,075	3104,5
583,281	3294,5
583,486	3224,5
583,692	3306,5
583,897	3762,5
584,103	3533,5
584,308	3732,5
584,514	4068,5
584,719	4277,5
584,925	4231,5
585,13	4028,5
585,335	3873,5
585,541	3675,5
585,746	3430,5
585,952	3065,5
586,157	2990,5
586,362	3052,5
586,568	3110,5
586,773	3610,5
586,978	3577,5
587,183	3481,5
587,389	3409,5
587,594	3135,5
587,799	3082,5
588,004	3130,5
588,21	3031,5
588,415	2774,5
588,62	2712,5
588,825	2570,5
589,03	2517,5
589,235	2888,5
589,44	2709,5
589,645	2448,5
589,85	2504,5
590,055	2652,5
590,26	2353,5
590,465	2374,5
590,67	2260,5
590,875	2431,5
591,08	2306,5
591,285	2282,5
591,49	2337,5
591,695	2139,5
591,9	2137,5
592,105	2327,5
592,31	2614,5
592,515	3091,5
592,719	2607,5
592,924	2551,5
593,129	2463,5
593,334	2413,5
593,539	2309,5
593,743	2320,5
593,948	2028,5
594,153	1978,5
594,357	2363,5
594,562	2225,5
594,767	2655,5
594,971	1887,5
595,176	2064,5
595,381	2141,5
595,585	1994,5
595,79	2059,5
595,994	1872,5
596,199	2237,5
596,403	1543,5
596,608	1821,5
596,812	1887,5
597,017	1996,5
597,221	2125,5
597,426	1991,5
597,63	1730,5
597,835	1773,5
598,039	1766,5
598,243	1844,5
598,448	2288,5
598,652	1930,5
598,856	2116,5
599,061	1982,5
599,265	1875,5
599,469	1959,5
599,673	2062,5
599,878	2048,5
600,082	1871,5
600,286	1949,5
600,49	1998,5
600,695	1810,5
600,899	1890,5
601,103	1918,5
601,307	1944,5
601,511	1862,5
601,715	1721,5
601,919	1725,5
602,123	1970,5
602,327	1891,5
602,531	1889,5
602,735	1974,5
602,939	2088,5
603,143	1839,5
603,347	1920,5
603,551	2050,5
603,755	1967,5
603,959	1816,5
604,163	1763,5
604,367	1778,5
604,571	1668,5
604,775	1967,5
604,978	1821,5
605,182	1772,5
605,386	1931,5
605,59	1895,5
605,793	1846,5
605,997	1591,5
606,201	1852,5
606,405	1716,5
606,608	1807,5
606,812	1784,5
607,016	1912,5
607,219	1751,5
607,423	1688,5
607,627	1886,5
607,83	1690,5
608,034	1657,5
608,237	1695,5
608,441	1647,5
608,644	1727,5
608,848	1772,5
609,051	1626,5
609,255	1615,5
609,458	1866,5
609,662	1729,5
609,865	1772,5
610,069	1597,5
610,272	1514,5
610,475	1665,5
610,679	1509,5
610,882	1638,5
611,085	1683,5
611,289	1707,5
611,492	1614,5
611,695	1523,5
611,898	1583,5
612,102	1537,5
612,305	1619,5
612,508	1623,5
612,711	1763,5
612,914	1544,5
613,118	1675,5
613,321	1476,5
613,524	1612,5
613,727	1521,5
613,93	1515,5
614,133	1599,5
614,336	1692,5
614,539	1726,5
614,742	1402,5
614,945	1607,5
615,148	1686,5
615,351	1600,5
615,554	1660,5
615,757	1675,5
615,96	1591,5
616,163	1468,5
616,366	1539,5
616,569	1534,5
616,772	1677,5
616,974	1519,5
617,177	1631,5
617,38	1564,5
617,583	1551,5
617,786	1400,5
617,988	1432,5
618,191	1567,5
618,394	1432,5
618,596	1403,5
618,799	1426,5
619,002	1406,5
619,204	1507,5
619,407	1512,5
619,61	1478,5
619,812	1469,5
620,015	1518,5
620,217	1614,5
620,42	1272,5
620,623	1422,5
620,825	1504,5
621,028	1519,5
621,23	1575,5
621,432	1570,5
621,635	1639,5
621,837	1506,5
622,04	1401,5
622,242	1496,5
622,445	1558,5
622,647	1563,5
622,849	1793,5
623,052	1370,5
623,254	1566,5
623,456	1425,5
623,658	1560,5
623,861	1623,5
624,063	1540,5
624,265	1453,5
624,467	1599,5
624,67	1376,5
624,872	1485,5
625,074	1623,5
625,276	1557,5
625,478	1520,5
625,68	1374,5
625,882	1375,5
626,084	1513,5
626,287	1605,5
626,489	1547,5
626,691	1471,5
626,893	1471,5
627,095	1557,5
627,297	1491,5
627,499	1360,5
627,7	1240,5
627,902	1258,5
628,104	1241,5
628,306	1308,5
628,508	1360,5
628,71	1428,5
628,912	1711,5
629,114	1665,5
629,315	1460,5
629,517	1396,5
629,719	1297,5
629,921	1417,5
630,122	1376,5
630,324	1521,5
630,526	1448,5
630,728	1452,5
630,929	1404,5
631,131	1367,5
631,332	1522,5
631,534	1454,5
631,736	1412,5
631,937	1274,5
632,139	1348,5
632,34	1349,5
632,542	1364,5
632,743	1410,5
632,945	1228,5
633,146	1304,5
633,348	1317,5
633,549	1386,5
633,751	1262,5
633,952	1328,5
634,154	1225,5
634,355	1182,5
634,556	1297,5
634,758	1198,5
634,959	1225,5
635,16	1397,5
635,362	1310,5
635,563	1379,5
635,764	1308,5
635,965	1389,5
636,167	1353,5
636,368	1276,5
636,569	1282,5
636,77	1406,5
636,971	1247,5
637,172	1371,5
637,374	1038,5
637,575	1397,5
637,776	1156,5
637,977	1188,5
638,178	1264,5
638,379	1299,5
638,58	1286,5
638,781	1094,5
638,982	1244,5
639,183	1256,5
639,384	1234,5
639,585	1281,5
639,786	1021,5
639,987	1253,5
640,187	1360,5
640,388	1359,5
640,589	1152,5
640,79	1231,5
640,991	1041,5
641,192	1324,5
641,392	1139,5
641,593	1164,5
641,794	1136,5
641,995	1148,5
642,195	1051,5
642,396	1182,5
642,597	1140,5
642,797	1220,5
642,998	1293,5
643,199	1171,5
643,399	1322,5
643,6	1105,5
643,8	1142,5
644,001	1217,5
644,202	1253,5
644,402	1169,5
644,603	1294,5
644,803	1126,5
645,004	1246,5
645,204	1127,5
645,404	1198,5
645,605	1306,5
645,805	1241,5
646,006	1045,5
646,206	1481,5
646,406	1173,5
646,607	1076,5
646,807	1009,5
647,007	-115,5
647,208	35,5
647,408	-15,5
647,608	-77,5
