200,697	912,67
200,927	-17,33
201,158	-1,33
201,388	7,67
201,618	1520,67
201,849	1394,67
202,079	1599,67
202,309	1431,67
202,539	1633,67
202,77	1508,67
203	1606,67
203,23	1563,67
203,46	1555,67
203,691	1625,67
203,921	1613,67
204,151	1573,67
204,381	1573,67
204,611	1697,67
204,841	1547,67
205,071	1607,67
205,302	1665,67
205,532	1653,67
205,762	3658,67
205,992	1439,67
206,222	1574,67
206,452	1645,67
206,682	1522,67
206,912	1703,67
207,142	1671,67
207,372	1622,67
207,602	1509,67
207,832	1576,67
208,062	1685,67
208,292	1683,67
208,522	1480,67
208,752	1596,67
208,982	1560,67
209,212	1779,67
209,442	1625,67
209,672	1549,67
209,902	1581,67
210,131	1702,67
210,361	1498,67
210,591	1612,67
210,821	1540,67
211,051	1792,67
211,281	1608,67
211,51	1634,67
211,74	1693,67
211,97	1567,67
212,2	1657,67
212,429	1876,67
212,659	1647,67
212,889	1632,67
213,119	1557,67
213,348	1541,67
213,578	1722,67
213,808	1721,67
214,037	1745,67
214,267	1787,67
214,497	1675,67
214,726	1542,67
214,956	1553,67
215,186	1618,67
215,415	1650,67
215,645	1625,67
215,874	1711,67
216,104	1560,67
216,333	1597,67
216,563	1680,67
216,792	1642,67
217,022	1714,67
217,251	1643,67
217,481	1558,67
217,71	1695,67
217,94	1611,67
218,169	1686,67
218,399	1697,67
218,628	1584,67
218,858	1767,67
219,087	1709,67
219,316	1711,67
219,546	1665,67
219,775	1685,67
220,004	1791,67
220,234	1545,67
220,463	1681,67
220,692	1678,67
220,922	1658,67
221,151	1726,67
221,38	1628,67
221,61	2051,67
221,839	1900,67
222,068	1682,67
222,297	1777,67
222,526	1751,67
222,756	1760,67
222,985	1768,67
223,214	1724,67
223,443	1682,67
223,672	2229,67
223,902	1641,67
224,131	1714,67
224,36	1863,67
224,589	1576,67
224,818	1791,67
225,047	1830,67
225,276	1666,67
225,505	2010,67
225,734	1718,67
225,963	1690,67
226,192	1737,67
226,421	1680,67
226,65	1846,67
226,879	1795,67
227,108	1899,67
227,337	1888,67
227,566	1939,67
227,795	1808,67
228,024	1810,67
228,253	1764,67
228,482	1729,67
228,711	1860,67
228,94	1659,67
229,168	1757,67
229,397	1835,67
229,626	1885,67
229,855	1776,67
230,084	1807,67
230,313	1719,67
230,541	2031,67
230,77	1811,67
230,999	1784,67
231,228	2099,67
231,456	1993,67
231,685	1864,67
231,914	1961,67
232,143	1894,67
232,371	1909,67
232,6	1925,67
232,829	1905,67
233,057	2075,67
233,286	2002,67
233,515	2054,67
233,743	2068,67
233,972	1971,67
234,2	2135,67
234,429	2090,67
234,658	2159,67
234,886	2021,67
235,115	2165,67
235,343	2255,67
235,572	2161,67
235,8	2311,67
236,029	2553,67
236,257	2227,67
236,486	2409,67
236,714	2523,67
236,943	2500,67
237,171	2385,67
237,399	2411,67
237,628	2574,67
237,856	2680,67
238,085	2629,67
238,313	2544,67
238,541	2639,67
238,77	3001,67
238,998	2614,67
239,226	2817,67
239,455	2813,67
239,683	2831,67
239,911	2796,67
240,14	3039,67
240,368	3013,67
240,596	3029,67
240,824	2969,67
241,053	3018,67
241,281	3004,67
241,509	3077,67
241,737	3103,67
241,965	3064,67
242,193	3129,67
242,422	3091,67
242,65	3182,67
242,878	3273,67
243,106	3277,67
243,334	3343,67
243,562	3469,67
243,79	3440,67
244,018	3500,67
244,246	3433,67
244,474	3541,67
244,702	3504,67
244,93	3483,67
245,158	3547,67
245,386	3539,67
245,614	3689,67
245,842	3749,67
246,07	3585,67
246,298	3879,67
246,526	4268,67
246,754	3704,67
246,982	3731,67
247,21	3847,67
247,438	3819,67
247,666	3786,67
247,893	3825,67
248,121	3799,67
248,349	3771,67
248,577	3927,67
248,805	4006,67
249,033	3921,67
249,26	3967,67
249,488	3914,67
249,716	3960,67
249,944	3931,67
250,171	3932,67
250,399	4053,67
250,627	4180,67
250,854	4103,67
251,082	3973,67
251,31	4078,67
251,537	4065,67
251,765	4344,67
251,993	3971,67
252,22	4376,67
252,448	4039,67
252,676	4208,67
252,903	4154,67
253,131	4441,67
253,358	4106,67
253,586	4083,67
253,813	3941,67
254,041	4226,67
254,268	4163,67
254,496	4096,67
254,723	4115,67
254,951	4266,67
255,178	4208,67
255,406	4167,67
255,633	4213,67
255,86	4419,67
256,088	4263,67
256,315	4118,67
256,543	4314,67
256,77	4248,67
256,997	4283,67
257,225	4403,67
257,452	4210,67
257,679	4213,67
257,907	4402,67
258,134	4191,67
258,361	4355,67
258,588	4241,67
258,816	4268,67
259,043	4118,67
259,27	4241,67
259,497	4250,67
259,725	4114,67
259,952	4286,67
260,179	4193,67
260,406	4333,67
260,633	4182,67
260,86	4250,67
261,088	4260,67
261,315	4470,67
261,542	4167,67
261,769	4231,67
261,996	4484,67
262,223	4376,67
262,45	4431,67
262,677	4081,67
262,904	4200,67
263,131	4325,67
263,358	4222,67
263,585	4221,67
263,812	4572,67
264,039	4321,67
264,266	4172,67
264,493	4301,67
264,72	4120,67
264,947	4214,67
265,174	4375,67
265,401	4285,67
265,627	4331,67
265,854	4240,67
266,081	4251,67
266,308	4137,67
266,535	4133,67
266,762	4155,67
266,988	4145,67
267,215	4151,67
267,442	4074,67
267,669	4216,67
267,896	4099,67
268,122	4206,67
268,349	4160,67
268,576	3941,67
268,802	4064,67
269,029	4054,67
269,256	4049,67
269,482	4051,67
269,709	4011,67
269,936	4063,67
270,162	4243,67
270,389	4015,67
270,616	4074,67
270,842	4248,67
271,069	4145,67
271,295	4087,67
271,522	4008,67
271,748	4121,67
271,975	4284,67
272,201	4269,67
272,428	4140,67
272,654	4150,67
272,881	4467,67
273,107	4122,67
273,334	4297,67
273,56	4316,67
273,787	4143,67
274,013	4288,67
274,239	4524,67
274,466	4285,67
274,692	4285,67
274,918	4425,67
275,145	4384,67
275,371	4387,67
275,597	4512,67
275,824	4426,67
276,05	4413,67
276,276	4613,67
276,503	4383,67
276,729	4453,67
276,955	4399,67
277,181	4500,67
277,407	4566,67
277,634	4607,67
277,86	4540,67
278,086	4636,67
278,312	4512,67
278,538	4562,67
278,764	4613,67
278,991	4645,67
279,217	4494,67
279,443	4481,67
279,669	4566,67
279,895	4650,67
280,121	4569,67
280,347	4567,67
280,573	4589,67
280,799	4750,67
281,025	4932,67
281,251	4774,67
281,477	4946,67
281,703	4868,67
281,929	4923,67
282,155	5026,67
282,381	5105,67
282,607	5121,67
282,833	5210,67
283,059	5239,67
283,285	5161,67
283,51	5193,67
283,736	5126,67
283,962	5358,67
284,188	5374,67
284,414	5333,67
284,64	5491,67
284,865	5559,67
285,091	5501,67
285,317	5640,67
285,543	5712,67
285,768	5737,67
285,994	5762,67
286,22	5977,67
286,446	5845,67
286,671	5754,67
286,897	5825,67
287,123	5849,67
287,348	5819,67
287,574	6491,67
287,799	6063,67
288,025	6023,67
288,251	6278,67
288,476	6233,67
288,702	6215,67
288,927	6299,67
289,153	6196,67
289,378	6529,67
289,604	6305,67
289,829	6351,67
290,055	6351,67
290,28	6375,67
290,506	6455,67
290,731	6351,67
290,957	6547,67
291,182	6582,67
291,408	6628,67
291,633	6605,67
291,858	6500,67
292,084	6641,67
292,309	6614,67
292,535	6557,67
292,76	6789,67
292,985	6719,67
293,211	6675,67
293,436	6483,67
293,661	6500,67
293,886	6696,67
294,112	6613,67
294,337	6767,67
294,562	6581,67
294,787	6763,67
295,013	6702,67
295,238	6651,67
295,463	6807,67
295,688	6935,67
295,913	6718,67
296,138	6690,67
296,364	6618,67
296,589	6691,67
296,814	6451,67
297,039	6502,67
297,264	6592,67
297,489	6522,67
297,714	6440,67
297,939	6389,67
298,164	6447,67
298,389	6696,67
298,614	6593,67
298,839	6693,67
299,064	6828,67
299,289	6807,67
299,514	7012,67
299,739	6873,67
299,964	6841,67
300,189	6865,67
300,414	7043,67
300,639	7178,67
300,863	6961,67
301,088	7466,67
301,313	7041,67
301,538	7074,67
301,763	7069,67
301,988	7180,67
302,212	7090,67
302,437	7504,67
302,662	6933,67
302,887	7061,67
303,111	7049,67
303,336	7242,67
303,561	7115,67
303,786	7028,67
304,01	7072,67
304,235	7256,67
304,46	7000,67
304,684	7092,67
304,909	7029,67
305,134	6928,67
305,358	7028,67
305,583	6887,67
305,807	7077,67
306,032	6743,67
306,256	6881,67
306,481	6787,67
306,706	6765,67
306,93	6744,67
307,155	7233,67
307,379	6935,67
307,604	6978,67
307,828	6992,67
308,052	7307,67
308,277	7176,67
308,501	7197,67
308,726	7337,67
308,95	7311,67
309,175	7099,67
309,399	7325,67
309,623	7206,67
309,848	7238,67
310,072	7113,67
310,296	7536,67
310,521	7168,67
310,745	7174,67
310,969	7482,67
311,193	7359,67
311,418	7184,67
311,642	7242,67
311,866	7227,67
312,09	7144,67
312,315	7346,67
312,539	7322,67
312,763	7177,67
312,987	7375,67
313,211	7215,67
313,435	7296,67
313,659	7228,67
313,884	7434,67
314,108	7437,67
314,332	7427,67
314,556	7096,67
314,78	7402,67
315,004	7285,67
315,228	7305,67
315,452	7188,67
315,676	7219,67
315,9	7218,67
316,124	6966,67
316,348	7150,67
316,572	7261,67
316,796	7249,67
317,02	7057,67
317,244	7179,67
317,468	7020,67
317,691	7357,67
317,915	7217,67
318,139	7065,67
318,363	7416,67
318,587	6991,67
318,811	6928,67
319,034	6906,67
319,258	7131,67
319,482	7111,67
319,706	7081,67
319,93	6923,67
320,153	6897,67
320,377	6969,67
320,601	6856,67
320,824	6799,67
321,048	7124,67
321,272	7088,67
321,495	6910,67
321,719	7003,67
321,943	6972,67
322,166	7050,67
322,39	7105,67
322,614	7096,67
322,837	7184,67
323,061	6897,67
323,284	7111,67
323,508	7085,67
323,731	6991,67
323,955	7103,67
324,178	7081,67
324,402	7131,67
324,625	7050,67
324,849	6899,67
325,072	7158,67
325,296	7040,67
325,519	7043,67
325,743	6981,67
325,966	7084,67
326,189	7111,67
326,413	6883,67
326,636	7194,67
326,859	6993,67
327,083	7199,67
327,306	6831,67
327,529	6778,67
327,753	6674,67
327,976	6979,67
328,199	6858,67
328,422	6839,67
328,646	6817,67
328,869	6702,67
329,092	6848,67
329,315	6890,67
329,538	6860,67
329,762	6922,67
329,985	6887,67
330,208	6872,67
330,431	7066,67
330,654	7043,67
330,877	6896,67
331,1	7045,67
331,323	6922,67
331,546	7159,67
331,769	6999,67
331,993	6820,67
332,216	7033,67
332,439	7011,67
332,662	6967,67
332,885	6972,67
333,107	6855,67
333,33	6873,67
333,553	7084,67
333,776	6887,67
333,999	6882,67
334,222	6803,67
334,445	6834,67
334,668	6915,67
334,891	6936,67
335,114	6808,67
335,336	6928,67
335,559	6976,67
335,782	7182,67
336,005	6804,67
336,228	6835,67
336,45	6800,67
336,673	6779,67
336,896	6818,67
337,119	6864,67
337,341	6777,67
337,564	6676,67
337,787	6793,67
338,009	6737,67
338,232	6886,67
338,455	6923,67
338,677	6804,67
338,9	6757,67
339,122	6850,67
339,345	6551,67
339,568	6510,67
339,79	6634,67
340,013	6754,67
340,235	6807,67
340,458	6569,67
340,68	6750,67
340,903	6701,67
341,125	6609,67
341,348	6681,67
341,57	6492,67
341,793	6720,67
342,015	6419,67
342,238	6546,67
342,46	6411,67
342,682	6587,67
342,905	6348,67
343,127	6482,67
343,349	6336,67
343,572	6477,67
343,794	6216,67
344,016	6267,67
344,239	6267,67
344,461	6208,67
344,683	6276,67
344,905	6159,67
345,128	6201,67
345,35	6294,67
345,572	6424,67
345,794	6475,67
346,017	6355,67
346,239	6338,67
346,461	6384,67
346,683	6418,67
346,905	6424,67
347,127	6351,67
347,349	6359,67
347,571	6461,67
347,793	6574,67
348,016	6333,67
348,238	6376,67
348,46	6445,67
348,682	6354,67
348,904	6411,67
349,126	6355,67
349,348	6373,67
349,57	6315,67
349,792	6317,67
350,014	6414,67
350,235	6378,67
350,457	7145,67
350,679	6240,67
350,901	6209,67
351,123	6187,67
351,345	6244,67
351,567	6301,67
351,789	6287,67
352,01	6234,67
352,232	6132,67
352,454	6044,67
352,676	6161,67
352,897	5889,67
353,119	5907,67
353,341	5921,67
353,563	5760,67
353,784	5628,67
354,006	5724,67
354,228	5785,67
354,449	5736,67
354,671	5928,67
354,893	6059,67
355,114	5990,67
355,336	5960,67
355,558	5916,67
355,779	5877,67
356,001	6073,67
356,222	6109,67
356,444	5845,67
356,665	6456,67
356,887	5949,67
357,108	6026,67
357,33	5906,67
357,551	6081,67
357,773	5979,67
357,994	5918,67
358,216	5823,67
358,437	6059,67
358,659	6056,67
358,88	5844,67
359,101	6035,67
359,323	5891,67
359,544	5783,67
359,765	5803,67
359,987	5805,67
360,208	5821,67
360,429	5829,67
360,651	5764,67
360,872	5951,67
361,093	5751,67
361,314	5849,67
361,536	5663,67
361,757	5730,67
361,978	5700,67
362,199	5597,67
362,42	5459,67
362,642	5677,67
362,863	5861,67
363,084	5600,67
363,305	5683,67
363,526	5573,67
363,747	5486,67
363,968	5574,67
364,189	5715,67
364,41	5511,67
364,631	5361,67
364,852	5633,67
365,073	5447,67
365,294	5554,67
365,515	5341,67
365,736	5535,67
365,957	5449,67
366,178	5467,67
366,399	5476,67
366,62	5550,67
366,841	5674,67
367,062	5574,67
367,283	5555,67
367,504	5571,67
367,724	5429,67
367,945	5333,67
368,166	5582,67
368,387	5524,67
368,608	5465,67
368,828	5643,67
369,049	5468,67
369,27	5515,67
369,491	5347,67
369,711	5549,67
369,932	5481,67
370,153	5442,67
370,373	5587,67
370,594	5468,67
370,815	5458,67
371,035	5563,67
371,256	5284,67
371,477	5374,67
371,697	5353,67
371,918	5258,67
372,138	5435,67
372,359	5562,67
372,579	5308,67
372,8	5400,67
373,02	5399,67
373,241	5388,67
373,461	5448,67
373,682	5248,67
373,902	5353,67
374,123	5232,67
374,343	5510,67
374,564	5374,67
374,784	5341,67
375,004	5387,67
375,225	5141,67
375,445	5207,67
375,666	5380,67
375,886	5050,67
376,106	5002,67
376,326	5165,67
376,547	5381,67
376,767	5279,67
376,987	5218,67
377,208	5272,67
377,428	5310,67
377,648	5443,67
377,868	5544,67
378,088	5600,67
378,309	5646,67
378,529	5629,67
378,749	5541,67
378,969	5443,67
379,189	5683,67
379,409	5583,67
379,629	5434,67
379,849	5484,67
380,069	5423,67
380,29	5314,67
380,51	5411,67
380,73	5476,67
380,95	5675,67
381,17	5376,67
381,39	5249,67
381,61	5179,67
381,829	5277,67
382,049	5325,67
382,269	5195,67
382,489	5358,67
382,709	5359,67
382,929	5343,67
383,149	5226,67
383,369	5455,67
383,589	5095,67
383,808	5241,67
384,028	5151,67
384,248	5315,67
384,468	5181,67
384,688	5189,67
384,907	5173,67
385,127	5236,67
385,347	5308,67
385,567	5219,67
385,786	5374,67
386,006	5217,67
386,226	5369,67
386,445	5229,67
386,665	5397,67
386,885	5461,67
387,104	5361,67
387,324	5517,67
387,543	5425,67
387,763	5523,67
387,982	5665,67
388,202	5478,67
388,422	5592,67
388,641	5488,67
388,861	5511,67
389,08	5514,67
389,3	5213,67
389,519	5600,67
389,738	5353,67
389,958	5435,67
390,177	5345,67
390,397	5423,67
390,616	5459,67
390,836	5594,67
391,055	5374,67
391,274	5550,67
391,494	5414,67
391,713	5485,67
391,932	5639,67
392,151	5636,67
392,371	5731,67
392,59	5771,67
392,809	5914,67
393,029	5830,67
393,248	5712,67
393,467	5290,67
393,686	5323,67
393,905	6413,67
394,124	5193,67
394,344	5379,67
394,563	5356,67
394,782	5375,67
395,001	5479,67
395,22	5273,67
395,439	5396,67
395,658	5321,67
395,877	5491,67
396,096	5401,67
396,315	5593,67
396,534	5524,67
396,753	5587,67
396,972	5579,67
397,191	5675,67
397,41	5693,67
397,629	5780,67
397,848	5856,67
398,067	5876,67
398,286	5858,67
398,505	5936,67
398,724	5981,67
398,943	6257,67
399,161	5487,67
399,38	5707,67
399,599	5565,67
399,818	5460,67
400,037	5656,67
400,255	5459,67
400,474	5445,67
400,693	5479,67
400,912	5651,67
401,13	5449,67
401,349	5416,67
401,568	5250,67
401,786	5478,67
402,005	5359,67
402,224	5247,67
402,442	5317,67
402,661	5383,67
402,88	5245,67
403,098	5226,67
403,317	5289,67
403,535	5241,67
403,754	5301,67
403,972	5240,67
404,191	5134,67
404,409	5292,67
404,628	6107,67
404,846	5396,67
405,065	5524,67
405,283	5378,67
405,502	5324,67
405,72	5432,67
405,938	5313,67
406,157	5160,67
406,375	5120,67
406,594	5213,67
406,812	5159,67
407,03	5082,67
407,249	4925,67
407,467	5234,67
407,685	5119,67
407,903	5092,67
408,122	5376,67
408,34	5283,67
408,558	5238,67
408,776	5167,67
408,995	5241,67
409,213	5188,67
409,431	5297,67
409,649	5268,67
409,867	5151,67
410,085	5132,67
410,303	5239,67
410,522	4918,67
410,74	4960,67
410,958	4975,67
411,176	5049,67
411,394	4980,67
411,612	4969,67
411,83	5223,67
412,048	5103,67
412,266	5088,67
412,484	5147,67
412,702	5332,67
412,92	5057,67
413,138	5201,67
413,356	5056,67
413,573	5118,67
413,791	5323,67
414,009	5021,67
414,227	5152,67
414,445	4874,67
414,663	4878,67
414,881	4851,67
415,098	4966,67
415,316	4887,67
415,534	5287,67
415,752	4914,67
415,969	5090,67
416,187	4806,67
416,405	4880,67
416,623	5005,67
416,84	4847,67
417,058	4983,67
417,276	5019,67
417,493	4857,67
417,711	4867,67
417,928	4966,67
418,146	4912,67
418,364	5024,67
418,581	4942,67
418,799	4873,67
419,016	4825,67
419,234	4895,67
419,451	5524,67
419,669	4955,67
419,886	5015,67
420,104	4971,67
420,321	5086,67
420,539	5134,67
420,756	5419,67
420,974	5296,67
421,191	5275,67
421,408	5448,67
421,626	5529,67
421,843	5334,67
422,06	5316,67
422,278	5167,67
422,495	5203,67
422,712	5150,67
422,93	5226,67
423,147	5205,67
423,364	5055,67
423,581	5155,67
423,799	5021,67
424,016	4961,67
424,233	4993,67
424,45	5072,67
424,667	5051,67
424,884	4905,67
425,102	5154,67
425,319	4889,67
425,536	4829,67
425,753	4971,67
425,97	4819,67
426,187	4962,67
426,404	4794,67
426,621	5166,67
426,838	5149,67
427,055	5114,67
427,272	4982,67
427,489	5091,67
427,706	5100,67
427,923	4992,67
428,14	4963,67
428,357	5222,67
428,574	5033,67
428,791	5147,67
429,008	5156,67
429,224	5201,67
429,441	5271,67
429,658	5541,67
429,875	5736,67
430,092	5598,67
430,308	5629,67
430,525	5469,67
430,742	5413,67
430,959	5355,67
431,175	5109,67
431,392	4880,67
431,609	4975,67
431,826	4850,67
432,042	4631,67
432,259	4662,67
432,476	4963,67
432,692	4567,67
432,909	4724,67
433,125	5008,67
433,342	5085,67
433,559	5254,67
433,775	5171,67
433,992	5029,67
434,208	4889,67
434,425	4852,67
434,641	4916,67
434,858	5014,67
435,074	4831,67
435,291	4844,67
435,507	4808,67
435,723	4875,67
435,94	4865,67
436,156	4880,67
436,373	5012,67
436,589	4830,67
436,805	4851,67
437,022	4758,67
437,238	4762,67
437,454	4728,67
437,671	4721,67
437,887	4837,67
438,103	4827,67
438,319	4837,67
438,536	4947,67
438,752	4949,67
438,968	4755,67
439,184	4708,67
439,4	4684,67
439,616	4545,67
439,833	4827,67
440,049	4505,67
440,265	4905,67
440,481	4797,67
440,697	4961,67
440,913	5143,67
441,129	5255,67
441,345	5292,67
441,561	5202,67
441,777	5095,67
441,993	5079,67
442,209	4963,67
442,425	5043,67
442,641	4907,67
442,857	5085,67
443,073	5024,67
443,289	5107,67
443,505	5109,67
443,721	5131,67
443,937	5035,67
444,152	4864,67
444,368	4880,67
444,584	4921,67
444,8	4957,67
445,016	4838,67
445,231	4805,67
445,447	4964,67
445,663	4858,67
445,879	4798,67
446,094	4967,67
446,31	5008,67
446,526	4929,67
446,742	4854,67
446,957	4681,67
447,173	4756,67
447,388	4729,67
447,604	4799,67
447,82	4650,67
448,035	4681,67
448,251	4666,67
448,466	4784,67
448,682	4610,67
448,897	4555,67
449,113	4715,67
449,328	4832,67
449,544	4585,67
449,759	4960,67
449,975	4590,67
450,19	4543,67
450,406	4596,67
450,621	4484,67
450,836	4440,67
451,052	4417,67
451,267	4412,67
451,483	4514,67
451,698	4338,67
451,913	4522,67
452,129	4556,67
452,344	4351,67
452,559	4574,67
452,774	4361,67
452,99	4289,67
453,205	4480,67
453,42	4449,67
453,635	4398,67
453,85	4187,67
454,066	4363,67
454,281	4299,67
454,496	4346,67
454,711	4407,67
454,926	4428,67
455,141	4294,67
455,356	4338,67
455,571	4268,67
455,786	4309,67
456,001	4214,67
456,217	4037,67
456,432	4221,67
456,647	4283,67
456,861	4310,67
457,076	4206,67
457,291	4517,67
457,506	4337,67
457,721	4361,67
457,936	4355,67
458,151	4325,67
458,366	4628,67
458,581	4379,67
458,796	4641,67
459,01	4461,67
459,225	4381,67
459,44	4264,67
459,655	4417,67
459,87	4219,67
460,084	4285,67
460,299	4317,67
460,514	4273,67
460,729	4659,67
460,943	4297,67
461,158	4101,67
461,373	4233,67
461,587	4023,67
461,802	3902,67
462,016	4077,67
462,231	3932,67
462,446	4043,67
462,66	3951,67
462,875	4018,67
463,089	4054,67
463,304	4094,67
463,518	4125,67
463,733	4179,67
463,947	4251,67
464,162	4106,67
464,376	4314,67
464,591	4409,67
464,805	4277,67
465,02	4491,67
465,234	4420,67
465,448	4588,67
465,663	4481,67
465,877	4279,67
466,091	4161,67
466,306	4241,67
466,52	4309,67
466,734	3906,67
466,949	3917,67
467,163	4007,67
467,377	3825,67
467,591	4021,67
467,806	3906,67
468,02	3781,67
468,234	3667,67
468,448	3913,67
468,662	3780,67
468,876	3947,67
469,091	3658,67
469,305	3728,67
469,519	3595,67
469,733	3498,67
469,947	3521,67
470,161	3803,67
470,375	3453,67
470,589	3656,67
470,803	3542,67
471,017	3634,67
471,231	3552,67
471,445	3462,67
471,659	3654,67
471,873	3634,67
472,087	3481,67
472,301	3743,67
472,515	3648,67
472,728	3608,67
472,942	3646,67
473,156	3790,67
473,37	3744,67
473,584	3550,67
473,798	3699,67
474,011	3658,67
474,225	3642,67
474,439	3795,67
474,653	3851,67
474,866	3819,67
475,08	3845,67
475,294	3915,67
475,507	3679,67
475,721	3845,67
475,935	3712,67
476,148	3669,67
476,362	3545,67
476,576	3601,67
476,789	3592,67
477,003	3739,67
477,216	3755,67
477,43	3731,67
477,643	3822,67
477,857	3941,67
478,07	3773,67
478,284	3829,67
478,497	3693,67
478,711	3696,67
478,924	3678,67
479,138	3688,67
479,351	3753,67
479,564	3628,67
479,778	3933,67
479,991	3742,67
480,204	3790,67
480,418	3899,67
480,631	3803,67
480,844	3902,67
481,058	3872,67
481,271	3934,67
481,484	3959,67
481,697	3925,67
481,911	3959,67
482,124	3808,67
482,337	3802,67
482,55	3770,67
482,763	3673,67
482,976	3874,67
483,19	3783,67
483,403	3795,67
483,616	3960,67
483,829	3995,67
484,042	3914,67
484,255	3990,67
484,468	4043,67
484,681	4031,67
484,894	4087,67
485,107	5205,67
485,32	7536,67
485,533	9422,67
485,746	9223,67
485,959	8128,67
486,172	7269,67
486,385	6175,67
486,598	5255,67
486,81	4387,67
487,023	4180,67
487,236	4192,67
487,449	3881,67
487,662	3812,67
487,875	3774,67
488,087	3714,67
488,3	3693,67
488,513	3461,67
488,726	3494,67
488,938	3800,67
489,151	3691,67
489,364	3591,67
489,576	3634,67
489,789	3653,67
490,002	3624,67
490,214	3573,67
490,427	3359,67
490,64	3557,67
490,852	3655,67
491,065	3462,67
491,277	3592,67
491,49	3567,67
491,702	3431,67
491,915	3546,67
492,127	3589,67
492,34	3567,67
492,552	3635,67
492,765	3586,67
492,977	3750,67
493,19	3528,67
493,402	3642,67
493,614	3529,67
493,827	3476,67
494,039	3553,67
494,251	3587,67
494,464	3604,67
494,676	3317,67
494,888	3389,67
495,101	3328,67
495,313	3359,67
495,525	3415,67
495,737	3688,67
495,95	3599,67
496,162	3689,67
496,374	3563,67
496,586	3531,67
496,798	3515,67
497,01	3407,67
497,222	3249,67
497,435	3416,67
497,647	3230,67
497,859	3266,67
498,071	3301,67
498,283	3293,67
498,495	3301,67
498,707	3615,67
498,919	3296,67
499,131	3531,67
499,343	3352,67
499,555	3402,67
499,767	3531,67
499,979	3354,67
500,191	3435,67
500,402	3208,67
500,614	3348,67
500,826	3447,67
501,038	3323,67
501,25	3489,67
501,462	3341,67
501,673	3422,67
501,885	3346,67
502,097	3499,67
502,309	3466,67
502,521	3472,67
502,732	3328,67
502,944	3354,67
503,156	3334,67
503,367	3322,67
503,579	3265,67
503,791	3294,67
504,002	3257,67
504,214	3388,67
504,425	3534,67
504,637	3456,67
504,849	3269,67
505,06	3356,67
505,272	3292,67
505,483	3197,67
505,695	3206,67
505,906	3176,67
506,118	3278,67
506,329	3235,67
506,541	3186,67
506,752	3204,67
506,963	3133,67
507,175	2944,67
507,386	3336,67
507,598	3220,67
507,809	2987,67
508,02	3138,67
508,232	3245,67
508,443	3023,67
508,654	3307,67
508,865	3158,67
509,077	2941,67
509,288	2983,67
509,499	3291,67
509,71	2961,67
509,922	3105,67
510,133	3072,67
510,344	3213,67
510,555	3002,67
510,766	3111,67
510,977	3012,67
511,188	2983,67
511,4	2997,67
511,611	2867,67
511,822	2969,67
512,033	2906,67
512,244	2963,67
512,455	2937,67
512,666	2903,67
512,877	3013,67
513,088	2927,67
513,299	2962,67
513,51	2933,67
513,721	2893,67
513,931	2948,67
514,142	3035,67
514,353	3020,67
514,564	2759,67
514,775	2812,67
514,986	2823,67
515,196	2900,67
515,407	2821,67
515,618	2815,67
515,829	2865,67
516,04	2870,67
516,25	2826,67
516,461	2835,67
516,672	2849,67
516,882	2744,67
517,093	2825,67
517,304	2577,67
517,514	2635,67
517,725	2881,67
517,936	2682,67
518,146	2689,67
518,357	2780,67
518,567	2703,67
518,778	3102,67
518,988	2781,67
519,199	3002,67
519,409	2712,67
519,62	2848,67
519,83	2800,67
520,041	2767,67
520,251	2748,67
520,462	2738,67
520,672	2682,67
520,882	2712,67
521,093	2793,67
521,303	2856,67
521,513	2708,67
521,724	3703,67
521,934	2508,67
522,144	2695,67
522,355	2644,67
522,565	2660,67
522,775	2614,67
522,985	2628,67
523,196	2645,67
523,406	2646,67
523,616	2810,67
523,826	2658,67
524,036	3020,67
524,246	2691,67
524,457	2631,67
524,667	2458,67
524,877	2653,67
525,087	2567,67
525,297	2717,67
525,507	2779,67
525,717	2474,67
525,927	2672,67
526,137	2671,67
526,347	2659,67
526,557	2567,67
526,767	2653,67
526,977	2876,67
527,187	2674,67
527,397	2460,67
527,607	2497,67
527,816	2577,67
528,026	2535,67
528,236	2652,67
528,446	2685,67
528,656	2740,67
528,865	2889,67
529,075	2613,67
529,285	2650,67
529,495	2727,67
529,704	2611,67
529,914	2550,67
530,124	2608,67
530,334	2490,67
530,543	2494,67
530,753	2790,67
530,963	3009,67
531,172	2542,67
531,382	2487,67
531,591	2818,67
531,801	2431,67
532,01	2556,67
532,22	2526,67
532,43	2662,67
532,639	2885,67
532,849	2729,67
533,058	2609,67
533,267	2809,67
533,477	2583,67
533,686	2562,67
533,896	2583,67
534,105	2597,67
534,315	2640,67
534,524	2581,67
534,733	2557,67
534,943	2760,67
535,152	2642,67
535,361	2454,67
535,57	2461,67
535,78	2477,67
535,989	2412,67
536,198	2445,67
536,407	2387,67
536,617	2396,67
536,826	2502,67
537,035	2579,67
537,244	2443,67
537,453	2291,67
537,662	2477,67
537,872	2678,67
538,081	2459,67
538,29	2420,67
538,499	2459,67
538,708	2429,67
538,917	2513,67
539,126	2535,67
539,335	2551,67
539,544	2966,67
539,753	2362,67
539,962	2490,67
540,171	2397,67
540,38	2609,67
540,589	2479,67
540,797	2605,67
541,006	2488,67
541,215	2435,67
541,424	2685,67
541,633	2493,67
541,842	2431,67
542,05	2681,67
542,259	2531,67
542,468	2568,67
542,677	2543,67
542,885	2499,67
543,094	2531,67
543,303	2413,67
543,512	2566,67
543,72	2610,67
543,929	2641,67
544,138	2468,67
544,346	2407,67
544,555	2488,67
544,763	2557,67
544,972	2436,67
545,18	2319,67
545,389	2459,67
545,598	2349,67
545,806	2469,67
546,015	2459,67
546,223	2325,67
546,431	2394,67
546,64	2321,67
546,848	2424,67
547,057	2547,67
547,265	2439,67
547,474	2495,67
547,682	2595,67
547,89	2643,67
548,099	2591,67
548,307	2496,67
548,515	2603,67
548,723	2598,67
548,932	2387,67
549,14	2377,67
549,348	2468,67
549,556	2324,67
549,765	2330,67
549,973	2211,67
550,181	2448,67
550,389	2426,67
550,597	2418,67
550,805	2269,67
551,014	2458,67
551,222	5544,67
551,43	2289,67
551,638	2480,67
551,846	2626,67
552,054	2581,67
552,262	2586,67
552,47	2360,67
552,678	2321,67
552,886	2349,67
553,094	2205,67
553,302	2387,67
553,51	2353,67
553,717	2508,67
553,925	2193,67
554,133	2603,67
554,341	2255,67
554,549	2386,67
554,757	2323,67
554,965	2334,67
555,172	2384,67
555,38	2701,67
555,588	2275,67
555,796	2405,67
556,003	2599,67
556,211	2265,67
556,419	2331,67
556,626	2339,67
556,834	2226,67
557,042	2299,67
557,249	2335,67
557,457	2291,67
557,664	2120,67
557,872	2186,67
558,08	2159,67
558,287	2304,67
558,495	2275,67
558,702	2067,67
558,91	2291,67
559,117	2192,67
559,325	2253,67
559,532	2187,67
559,74	2433,67
559,947	2218,67
560,154	2419,67
560,362	2173,67
560,569	2273,67
560,776	2258,67
560,984	2310,67
561,191	2325,67
561,398	2264,67
561,606	2602,67
561,813	2311,67
562,02	2053,67
562,227	2026,67
562,435	2202,67
562,642	2320,67
562,849	2265,67
563,056	2217,67
563,263	2156,67
563,471	2375,67
563,678	2257,67
563,885	2200,67
564,092	2278,67
564,299	2288,67
564,506	2301,67
564,713	2170,67
564,92	2202,67
565,127	2292,67
565,334	2212,67
565,541	2493,67
565,748	2235,67
565,955	2164,67
566,162	2200,67
566,369	2264,67
566,576	2297,67
566,783	2393,67
566,99	2225,67
567,196	2487,67
567,403	2320,67
567,61	2472,67
567,817	2316,67
568,024	2373,67
568,23	2455,67
568,437	2364,67
568,644	2354,67
568,851	2466,67
569,057	2813,67
569,264	2771,67
569,471	2685,67
569,677	2728,67
569,884	2775,67
570,091	2788,67
570,297	3701,67
570,504	2920,67
570,71	2842,67
570,917	2791,67
571,123	2729,67
571,33	2749,67
571,536	2817,67
571,743	3047,67
571,949	2692,67
572,156	2513,67
572,362	2667,67
572,569	2425,67
572,775	2643,67
572,982	2919,67
573,188	2839,67
573,394	2761,67
573,601	2711,67
573,807	2754,67
574,013	3105,67
574,22	2944,67
574,426	2707,67
574,632	2877,67
574,838	2765,67
575,045	2627,67
575,251	2554,67
575,457	2558,67
575,663	2668,67
575,869	2499,67
576,076	2564,67
576,282	2773,67
576,488	2740,67
576,694	2738,67
576,9	2539,67
577,106	2756,67
577,312	2945,67
577,518	3189,67
577,724	3157,67
577,93	2957,67
578,136	2697,67
578,342	2692,67
578,548	2586,67
578,754	2437,67
578,96	2398,67
579,166	2573,67
579,372	2865,67
579,578	2659,67
579,784	2665,67
579,989	2675,67
580,195	2590,67
580,401	2578,67
580,607	2618,67
580,813	2913,67
581,018	3239,67
581,224	3405,67
581,43	3284,67
581,636	3108,67
581,841	3069,67
582,047	2927,67
582,253	2779,67
582,458	2583,67
582,664	2387,67
582,869	2379,67
583,075	2185,67
583,281	2604,67
583,486	2286,67
583,692	2241,67
583,897	2557,67
584,103	2416,67
584,308	2538,67
584,514	2551,67
584,719	2798,67
584,925	2694,67
585,13	2633,67
585,335	2575,67
585,541	2480,67
585,746	2429,67
585,952	2284,67
586,157	2179,67
586,362	2308,67
586,568	2310,67
586,773	2554,67
586,978	2430,67
587,183	2365,67
587,389	2499,67
587,594	2267,67
587,799	2354,67
588,004	2370,67
588,21	2375,67
588,415	2150,67
588,62	2232,67
588,825	2240,67
589,03	2038,67
589,235	2580,67
589,44	2230,67
589,645	2150,67
589,85	2128,67
590,055	2314,67
590,26	2046,67
590,465	2032,67
590,67	2070,67
590,875	2186,67
591,08	2103,67
591,285	2046,67
591,49	2052,67
591,695	2003,67
591,9	1960,67
592,105	1984,67
592,31	2063,67
592,515	2522,67
592,719	2119,67
592,924	2019,67
593,129	2064,67
593,334	2112,67
593,539	2007,67
593,743	2174,67
593,948	1941,67
594,153	1883,67
594,357	2169,67
594,562	2021,67
594,767	2432,67
594,971	1912,67
595,176	1977,67
595,381	2089,67
595,585	1938,67
595,79	2103,67
595,994	1787,67
596,199	2370,67
596,403	1664,67
596,608	1837,67
596,812	1939,67
597,017	2048,67
597,221	2119,67
597,426	2021,67
597,63	1907,67
597,835	1772,67
598,039	1821,67
598,243	1856,67
598,448	2245,67
598,652	1971,67
598,856	1950,67
599,061	1977,67
599,265	1865,67
599,469	1809,67
599,673	1994,67
599,878	2051,67
600,082	1901,67
600,286	1891,67
600,49	1940,67
600,695	1748,67
600,899	1898,67
601,103	1955,67
601,307	2032,67
601,511	1905,67
601,715	1776,67
601,919	1731,67
602,123	2011,67
602,327	1946,67
602,531	1928,67
602,735	2012,67
602,939	2030,67
603,143	1836,67
603,347	1978,67
603,551	1865,67
603,755	1889,67
603,959	1901,67
604,163	1924,67
604,367	1830,67
604,571	1804,67
604,775	1945,67
604,978	1902,67
605,182	1778,67
605,386	1913,67
605,59	1841,67
605,793	1882,67
605,997	1962,67
606,201	1925,67
606,405	1916,67
606,608	1987,67
606,812	1861,67
607,016	1998,67
607,219	1815,67
607,423	1822,67
607,627	2029,67
607,83	1848,67
608,034	1783,67
608,237	1899,67
608,441	1727,67
608,644	1938,67
608,848	2005,67
609,051	1887,67
609,255	1750,67
609,458	1952,67
609,662	1857,67
609,865	1948,67
610,069	1778,67
610,272	1642,67
610,475	1738,67
610,679	1789,67
610,882	1801,67
611,085	1819,67
611,289	1907,67
611,492	1762,67
611,695	1733,67
611,898	1790,67
612,102	1894,67
612,305	1827,67
612,508	1837,67
612,711	1946,67
612,914	1777,67
613,118	1857,67
613,321	1853,67
613,524	1778,67
613,727	1747,67
613,93	1789,67
614,133	1805,67
614,336	1825,67
614,539	1801,67
614,742	1716,67
614,945	1820,67
615,148	1916,67
615,351	1848,67
615,554	1904,67
615,757	1703,67
615,96	1787,67
616,163	1713,67
616,366	1888,67
616,569	1750,67
616,772	1957,67
616,974	1786,67
617,177	1970,67
617,38	1834,67
617,583	1865,67
617,786	1701,67
617,988	1677,67
618,191	1918,67
618,394	1746,67
618,596	1672,67
618,799	1663,67
619,002	1794,67
619,204	1826,67
619,407	1814,67
619,61	1705,67
619,812	1787,67
620,015	1778,67
620,217	1957,67
620,42	1741,67
620,623	1728,67
620,825	1809,67
621,028	1921,67
621,23	1922,67
621,432	1871,67
621,635	1917,67
621,837	1805,67
622,04	1767,67
622,242	1764,67
622,445	1759,67
622,647	1834,67
622,849	1977,67
623,052	1655,67
623,254	1851,67
623,456	1641,67
623,658	1940,67
623,861	1930,67
624,063	1800,67
624,265	1822,67
624,467	1883,67
624,67	1677,67
624,872	1819,67
625,074	1963,67
625,276	1886,67
625,478	1882,67
625,68	1609,67
625,882	1651,67
626,084	1777,67
626,287	1962,67
626,489	1838,67
626,691	1800,67
626,893	1789,67
627,095	1793,67
627,297	1845,67
627,499	1682,67
627,7	1555,67
627,902	1632,67
628,104	1538,67
628,306	1667,67
628,508	1648,67
628,71	1762,67
628,912	1804,67
629,114	2001,67
629,315	1808,67
629,517	1663,67
629,719	1656,67
629,921	1688,67
630,122	1701,67
630,324	1657,67
630,526	1845,67
630,728	1753,67
630,929	1727,67
631,131	1646,67
631,332	1921,67
631,534	1883,67
631,736	1779,67
631,937	1594,67
632,139	1773,67
632,34	1745,67
632,542	1823,67
632,743	1797,67
632,945	1630,67
633,146	1754,67
633,348	1831,67
633,549	1669,67
633,751	1609,67
633,952	1711,67
634,154	1582,67
634,355	1547,67
634,556	1722,67
634,758	1670,67
634,959	1626,67
635,16	1815,67
635,362	1638,67
635,563	1743,67
635,764	1707,67
635,965	1742,67
636,167	1681,67
636,368	1690,67
636,569	1650,67
636,77	1845,67
636,971	1645,67
637,172	1781,67
637,374	1622,67
637,575	1837,67
637,776	1522,67
637,977	1516,67
638,178	1729,67
638,379	1687,67
638,58	1747,67
638,781	1581,67
638,982	1687,67
639,183	1671,67
639,384	1664,67
639,585	1646,67
639,786	1541,67
639,987	1620,67
640,187	1782,67
640,388	1769,67
640,589	1573,67
640,79	1604,67
640,991	1633,67
641,192	1819,67
641,392	1589,67
641,593	1586,67
641,794	1522,67
641,995	1597,67
642,195	1460,67
642,396	1536,67
642,597	1539,67
642,797	1592,67
642,998	1734,67
643,199	1608,67
643,399	1706,67
643,6	1538,67
643,8	1536,67
644,001	1606,67
644,202	1669,67
644,402	1588,67
644,603	1741,67
644,803	1572,67
645,004	1661,67
645,204	1501,67
645,404	1640,67
645,605	1954,67
645,805	1512,67
646,006	1497,67
646,206	2075,67
646,406	1579,67
646,607	1400,67
646,807	1353,67
647,007	-18,33
647,208	-0,33
647,408	4,67
647,608	7,67
