200,697	888
200,927	-56
201,158	161
201,388	-7
201,618	890
201,849	804
202,079	961
202,309	906
202,539	974
202,77	900
203	984
203,23	946
203,46	905
203,691	981
203,921	941
204,151	975
204,381	896
204,611	1029
204,841	1130
205,071	917
205,302	1082
205,532	1060
205,762	2862
205,992	940
206,222	933
206,452	1002
206,682	906
206,912	1041
207,142	1026
207,372	954
207,602	923
207,832	935
208,062	1064
208,292	1022
208,522	906
208,752	873
208,982	869
209,212	1066
209,442	1001
209,672	832
209,902	938
210,131	1021
210,361	927
210,591	1036
210,821	842
211,051	1087
211,281	986
211,51	982
211,74	1038
211,97	962
212,2	1006
212,429	1150
212,659	1021
212,889	999
213,119	963
213,348	1002
213,578	1069
213,808	1076
214,037	1000
214,267	1030
214,497	738
214,726	1006
214,956	876
215,186	962
215,415	949
215,645	1002
215,874	1072
216,104	922
216,333	975
216,563	1031
216,792	1030
217,022	1088
217,251	1022
217,481	915
217,71	1013
217,94	961
218,169	1002
218,399	1183
218,628	985
218,858	1101
219,087	966
219,316	1031
219,546	976
219,775	1033
220,004	1138
220,234	822
220,463	1098
220,692	961
220,922	960
221,151	1106
221,38	968
221,61	1320
221,839	1204
222,068	1053
222,297	1103
222,526	1114
222,756	1010
222,985	1123
223,214	1066
223,443	1070
223,672	1400
223,902	937
224,131	1171
224,36	1141
224,589	962
224,818	1079
225,047	1127
225,276	1053
225,505	1266
225,734	1101
225,963	1043
226,192	1128
226,421	1056
226,65	1106
226,879	1132
227,108	1171
227,337	1117
227,566	1234
227,795	1198
228,024	1059
228,253	1177
228,482	1118
228,711	1194
228,94	1124
229,168	1153
229,397	1151
229,626	1171
229,855	1129
230,084	1087
230,313	1134
230,541	1322
230,77	1205
230,999	1125
231,228	1400
231,456	1322
231,685	1258
231,914	1321
232,143	1273
232,371	1296
232,6	1277
232,829	1330
233,057	1357
233,286	1358
233,515	1088
233,743	1454
233,972	1241
234,2	1350
234,429	1418
234,658	1415
234,886	1359
235,115	1470
235,343	1426
235,572	1482
235,8	1522
236,029	1746
236,257	1462
236,486	1585
236,714	1616
236,943	1710
237,171	1569
237,399	1533
237,628	1745
237,856	1694
238,085	1526
238,313	1623
238,541	1641
238,77	1892
238,998	1642
239,226	1775
239,455	1924
239,683	1800
239,911	1759
240,14	1886
240,368	1879
240,596	1862
240,824	1910
241,053	1874
241,281	1870
241,509	1980
241,737	1867
241,965	1845
242,193	1896
242,422	1940
242,65	1970
242,878	1999
243,106	2147
243,334	2156
243,562	2170
243,79	2180
244,018	2093
244,246	2136
244,474	2118
244,702	2190
244,93	2258
245,158	2240
245,386	2250
245,614	2244
245,842	2345
246,07	2269
246,298	2354
246,526	2743
246,754	2333
246,982	2218
247,21	2418
247,438	2392
247,666	2666
247,893	2440
248,121	2437
248,349	2402
248,577	2435
248,805	2649
249,033	2426
249,26	2545
249,488	2536
249,716	2486
249,944	2538
250,171	2502
250,399	2617
250,627	2772
250,854	2660
251,082	2613
251,31	2649
251,537	2725
251,765	2886
251,993	2725
252,22	3002
252,448	2476
252,676	2491
252,903	2825
253,131	2982
253,358	2831
253,586	2758
253,813	2769
254,041	2886
254,268	2915
254,496	2852
254,723	2922
254,951	2976
255,178	2934
255,406	2930
255,633	3021
255,86	3087
256,088	3140
256,315	2896
256,543	3322
256,77	3131
256,997	3144
257,225	3075
257,452	3039
257,679	3141
257,907	3189
258,134	3107
258,361	3224
258,588	3065
258,816	3192
259,043	3110
259,27	3202
259,497	3230
259,725	3224
259,952	3242
260,179	3161
260,406	3265
260,633	3241
260,86	3238
261,088	3279
261,315	3450
261,542	3219
261,769	3282
261,996	3457
262,223	3625
262,45	3466
262,677	3228
262,904	3253
263,131	3354
263,358	3338
263,585	3328
263,812	3576
264,039	3416
264,266	3364
264,493	3354
264,72	3319
264,947	3311
265,174	3462
265,401	3447
265,627	3498
265,854	3352
266,081	3306
266,308	3369
266,535	3318
266,762	3278
266,988	3304
267,215	3404
267,442	3310
267,669	3390
267,896	3171
268,122	3427
268,349	3370
268,576	3242
268,802	3319
269,029	3333
269,256	3412
269,482	3394
269,709	3375
269,936	3516
270,162	3470
270,389	3405
270,616	3465
270,842	3550
271,069	3538
271,295	3448
271,522	3354
271,748	3500
271,975	3546
272,201	3618
272,428	3566
272,654	3569
272,881	3768
273,107	3542
273,334	3540
273,56	3720
273,787	3625
274,013	3713
274,239	3928
274,466	3727
274,692	3730
274,918	3796
275,145	3888
275,371	3791
275,597	4057
275,824	3914
276,05	3905
276,276	4050
276,503	3863
276,729	3933
276,955	4018
277,181	4033
277,407	4025
277,634	4099
277,86	4053
278,086	4122
278,312	3973
278,538	4034
278,764	4050
278,991	4128
279,217	3956
279,443	3995
279,669	4068
279,895	4153
280,121	4008
280,347	4093
280,573	4232
280,799	4061
281,025	4663
281,251	4246
281,477	4452
281,703	4418
281,929	4418
282,155	4523
282,381	4573
282,607	4533
282,833	4612
283,059	4672
283,285	4612
283,51	4671
283,736	4559
283,962	4618
284,188	4819
284,414	4826
284,64	4937
284,865	4950
285,091	4794
285,317	4928
285,543	5002
285,768	5105
285,994	4981
286,22	5272
286,446	5215
286,671	5049
286,897	5296
287,123	5182
287,348	5232
287,574	5671
287,799	5368
288,025	5350
288,251	5464
288,476	5462
288,702	5413
288,927	5453
289,153	5481
289,378	5671
289,604	5578
289,829	5615
290,055	5462
290,28	5781
290,506	5556
290,731	5724
290,957	5712
291,182	5744
291,408	5950
291,633	5903
291,858	5858
292,084	5983
292,309	5889
292,535	5943
292,76	6138
292,985	6085
293,211	5976
293,436	6034
293,661	6010
293,886	6182
294,112	6159
294,337	6136
294,562	6110
294,787	6312
295,013	6133
295,238	6205
295,463	6218
295,688	6235
295,913	6162
296,138	6238
296,364	5952
296,589	6074
296,814	5930
297,039	5954
297,264	6076
297,489	5996
297,714	6066
297,939	6052
298,164	6065
298,389	6142
298,614	6170
298,839	6354
299,064	6458
299,289	6697
299,514	6609
299,739	6616
299,964	6484
300,189	6572
300,414	6706
300,639	6846
300,863	6680
301,088	6938
301,313	6886
301,538	6777
301,763	6778
301,988	6786
302,212	6912
302,437	7202
302,662	6825
302,887	6833
303,111	6837
303,336	6954
303,561	6943
303,786	6810
304,01	6945
304,235	6802
304,46	6821
304,684	6926
304,909	6989
305,134	6733
305,358	6790
305,583	6723
305,807	6946
306,032	6537
306,256	6579
306,481	6752
306,706	6765
306,93	6743
307,155	7073
307,379	6974
307,604	6953
307,828	7054
308,052	7305
308,277	7257
308,501	7129
308,726	7165
308,95	7315
309,175	7106
309,399	7529
309,623	7269
309,848	7064
310,072	7237
310,296	7607
310,521	7294
310,745	7232
310,969	7482
311,193	7353
311,418	7393
311,642	7278
311,866	7328
312,09	7418
312,315	7357
312,539	7389
312,763	7366
312,987	7442
313,211	7264
313,435	7242
313,659	7413
313,884	7515
314,108	7418
314,332	7553
314,556	7309
314,78	7514
315,004	7311
315,228	7537
315,452	7392
315,676	7375
315,9	7417
316,124	7182
316,348	7349
316,572	7345
316,796	7463
317,02	7267
317,244	7360
317,468	7306
317,691	7410
317,915	7394
318,139	7108
318,363	7329
318,587	7242
318,811	7003
319,034	7079
319,258	7368
319,482	7372
319,706	7226
319,93	7210
320,153	7298
320,377	7232
320,601	7162
320,824	7162
321,048	7370
321,272	7294
321,495	7280
321,719	7312
321,943	7241
322,166	7298
322,39	7458
322,614	7478
322,837	7705
323,061	7344
323,284	7416
323,508	7525
323,731	7396
323,955	7381
324,178	7429
324,402	7569
324,625	7466
324,849	7382
325,072	7471
325,296	7509
325,519	7416
325,743	7322
325,966	7490
326,189	7424
326,413	7309
326,636	7579
326,859	7413
327,083	7538
327,306	7004
327,529	7183
327,753	7054
327,976	7480
328,199	7322
328,422	7306
328,646	7252
328,869	7221
329,092	7410
329,315	7490
329,538	7337
329,762	7510
329,985	7486
330,208	7418
330,431	7541
330,654	7570
330,877	7472
331,1	7557
331,323	7530
331,546	7653
331,769	7535
331,993	7511
332,216	7487
332,439	7462
332,662	7560
332,885	7549
333,107	7463
333,33	7410
333,553	7573
333,776	7640
333,999	7440
334,222	7583
334,445	7613
334,668	7534
334,891	7640
335,114	7444
335,336	7575
335,559	7457
335,782	7804
336,005	7361
336,228	7495
336,45	7513
336,673	7368
336,896	7442
337,119	7572
337,341	7298
337,564	7579
337,787	7442
338,009	7450
338,232	7625
338,455	7585
338,677	7567
338,9	7455
339,122	7462
339,345	7342
339,568	7385
339,79	7501
340,013	7503
340,235	7550
340,458	7328
340,68	7543
340,903	7327
341,125	7375
341,348	7189
341,57	7240
341,793	7433
342,015	7279
342,238	7373
342,46	7243
342,682	7236
342,905	7137
343,127	7024
343,349	7135
343,572	7156
343,794	7104
344,016	7151
344,239	7117
344,461	7162
344,683	7168
344,905	7160
345,128	7122
345,35	7336
345,572	7405
345,794	7182
346,017	7267
346,239	7418
346,461	7415
346,683	7340
346,905	7482
347,127	7490
347,349	7427
347,571	7466
347,793	7642
348,016	7393
348,238	7422
348,46	7493
348,682	7504
348,904	7450
349,126	7427
349,348	7600
349,57	7398
349,792	7558
350,014	7536
350,235	7561
350,457	8084
350,679	7682
350,901	7402
351,123	7445
351,345	7460
351,567	7498
351,789	7468
352,01	7506
352,232	7414
352,454	7210
352,676	7165
352,897	7031
353,119	7017
353,341	6960
353,563	6915
353,784	6763
354,006	6963
354,228	7000
354,449	7185
354,671	7304
354,893	7378
355,114	7352
355,336	7285
355,558	7426
355,779	7313
356,001	7573
356,222	7472
356,444	7442
356,665	7841
356,887	7388
357,108	7460
357,33	7487
357,551	7552
357,773	7449
357,994	7466
358,216	7408
358,437	7546
358,659	7577
358,88	7438
359,101	7508
359,323	7571
359,544	7394
359,765	7554
359,987	7363
360,208	7523
360,429	7502
360,651	7317
360,872	7551
361,093	7454
361,314	7461
361,536	7301
361,757	7495
361,978	7542
362,199	7309
362,42	7258
362,642	7313
362,863	7434
363,084	7301
363,305	7402
363,526	7386
363,747	7290
363,968	7305
364,189	7450
364,41	7329
364,631	7246
364,852	7425
365,073	7334
365,294	7288
365,515	7270
365,736	7437
365,957	7434
366,178	7417
366,399	7474
366,62	7553
366,841	7554
367,062	7626
367,283	7682
367,504	7651
367,724	7517
367,945	7466
368,166	7637
368,387	7734
368,608	7618
368,828	7714
369,049	7536
369,27	7631
369,491	7586
369,711	7673
369,932	7698
370,153	7526
370,373	7602
370,594	7839
370,815	7865
371,035	7807
371,256	7686
371,477	7691
371,697	7791
371,918	7671
372,138	7859
372,359	7850
372,579	7636
372,8	7714
373,02	7704
373,241	7784
373,461	7900
373,682	7898
373,902	7817
374,123	7729
374,343	8192
374,564	7837
374,784	7807
375,004	7867
375,225	7599
375,445	7726
375,666	7777
375,886	7462
376,106	7523
376,326	7607
376,547	7974
376,767	7967
376,987	8026
377,208	8124
377,428	8263
377,648	8357
377,868	8456
378,088	8534
378,309	8882
378,529	8767
378,749	8809
378,969	8652
379,189	8766
379,409	8584
379,629	8377
379,849	8490
380,069	8638
380,29	8569
380,51	8488
380,73	8510
380,95	8386
381,17	8404
381,39	8430
381,61	8361
381,829	8545
382,049	8412
382,269	8538
382,489	8565
382,709	8306
382,929	8532
383,149	8408
383,369	8557
383,589	8258
383,808	8478
384,028	8527
384,248	8432
384,468	8684
384,688	8616
384,907	8651
385,127	8686
385,347	8771
385,567	8882
385,786	9066
386,006	8865
386,226	9135
386,445	9146
386,665	9398
386,885	9439
387,104	9569
387,324	9651
387,543	9684
387,763	9816
387,982	9910
388,202	9865
388,422	9869
388,641	9655
388,861	9621
389,08	9559
389,3	9313
389,519	9718
389,738	9600
389,958	9655
390,177	9753
390,397	9759
390,616	9833
390,836	10039
391,055	10007
391,274	10166
391,494	10282
391,713	10184
391,932	10614
392,151	10681
392,371	10762
392,59	10794
392,809	10482
393,029	10405
393,248	10122
393,467	9759
393,686	9958
393,905	10608
394,124	9880
394,344	10122
394,563	10088
394,782	10147
395,001	10161
395,22	10078
395,439	10087
395,658	10184
395,877	10458
396,096	10482
396,315	10757
396,534	10462
396,753	10773
396,972	10820
397,191	11086
397,41	11434
397,629	11514
397,848	11562
398,067	11730
398,286	11730
398,505	11477
398,724	11325
398,943	11506
399,161	10734
399,38	10927
399,599	10705
399,818	10600
400,037	10626
400,255	10629
400,474	10618
400,693	10602
400,912	10744
401,13	10454
401,349	10175
401,568	10198
401,786	10326
402,005	10365
402,224	10157
402,442	10050
402,661	10150
402,88	10016
403,098	9994
403,317	10161
403,535	10157
403,754	10086
403,972	10306
404,191	10290
404,409	10304
404,628	10970
404,846	10598
405,065	10695
405,283	10737
405,502	10626
405,72	10542
405,938	10129
406,157	9915
406,375	9835
406,594	9917
406,812	9882
407,03	9796
407,249	9748
407,467	9947
407,685	10182
407,903	10122
408,122	10390
408,34	10407
408,558	10382
408,776	10207
408,995	10184
409,213	10347
409,431	10282
409,649	10240
409,867	10307
410,085	9984
410,303	9879
410,522	9778
410,74	9870
410,958	9893
411,176	9835
411,394	9786
411,612	9838
411,83	10133
412,048	10143
412,266	10152
412,484	10202
412,702	10354
412,92	10066
413,138	9977
413,356	9842
413,573	9854
413,791	9873
414,009	9530
414,227	9632
414,445	9513
414,663	9617
414,881	9512
415,098	9615
415,316	9522
415,534	9978
415,752	9616
415,969	9871
416,187	9627
416,405	9616
416,623	9566
416,84	9518
417,058	9653
417,276	9784
417,493	9822
417,711	9506
417,928	9628
418,146	9676
418,364	9704
418,581	9719
418,799	9675
419,016	9458
419,234	9812
419,451	10297
419,669	9850
419,886	10017
420,104	10090
420,321	10161
420,539	10616
420,756	10729
420,974	10878
421,191	11190
421,408	11228
421,626	11214
421,843	10780
422,06	10560
422,278	10297
422,495	10503
422,712	10279
422,93	10395
423,147	10250
423,364	10347
423,581	10261
423,799	9809
424,016	9954
424,233	10084
424,45	10083
424,667	10225
424,884	10086
425,102	10000
425,319	9694
425,536	9619
425,753	9768
425,97	9431
426,187	9495
426,404	9661
426,621	9950
426,838	10185
427,055	10244
427,272	10375
427,489	10143
427,706	9875
427,923	9727
428,14	10013
428,357	10220
428,574	10144
428,791	10602
429,008	10697
429,224	11401
429,441	11370
429,658	11682
429,875	11604
430,092	11429
430,308	11288
430,525	11036
430,742	10692
430,959	10196
431,175	9900
431,392	9485
431,609	9346
431,826	9162
432,042	8975
432,259	9039
432,476	9407
432,692	9153
432,909	9808
433,125	10344
433,342	10510
433,559	10696
433,775	10538
433,992	9830
434,208	9353
434,425	9408
434,641	9651
434,858	9668
435,074	9538
435,291	9530
435,507	9514
435,723	9685
435,94	9690
436,156	9955
436,373	9965
436,589	9788
436,805	9565
437,022	9319
437,238	9362
437,454	9498
437,671	9381
437,887	9593
438,103	9676
438,319	9629
438,536	9917
438,752	9590
438,968	9538
439,184	9366
439,4	9290
439,616	9158
439,833	9240
440,049	9224
440,265	9662
440,481	10024
440,697	10535
440,913	10778
441,129	11085
441,345	10869
441,561	10608
441,777	10185
441,993	10074
442,209	9882
442,425	10106
442,641	10122
442,857	10151
443,073	10286
443,289	10472
443,505	10311
443,721	10168
443,937	9940
444,152	9767
444,368	9880
444,584	10034
444,8	9902
445,016	9574
445,231	9598
445,447	9673
445,663	9700
445,879	9670
446,094	9958
446,31	9943
446,526	9744
446,742	9610
446,957	9322
447,173	9359
447,388	9076
447,604	9290
447,82	9212
448,035	9258
448,251	9305
448,466	9303
448,682	9244
448,897	9166
449,113	9297
449,328	9280
449,544	9157
449,759	9424
449,975	9135
450,19	9062
450,406	9028
450,621	8814
450,836	8806
451,052	8800
451,267	8708
451,483	8685
451,698	8637
451,913	8770
452,129	8739
452,344	8519
452,559	8586
452,774	8260
452,99	8234
453,205	8350
453,42	8221
453,635	8212
453,85	8006
454,066	8164
454,281	8099
454,496	8286
454,711	8458
454,926	8508
455,141	8390
455,356	8277
455,571	8091
455,786	8022
456,001	7918
456,217	7870
456,432	7985
456,647	8103
456,861	8189
457,076	8402
457,291	8479
457,506	8498
457,721	8585
457,936	8562
458,151	8578
458,366	8714
458,581	8446
458,796	8738
459,01	8596
459,225	8583
459,44	8335
459,655	8326
459,87	8085
460,084	7992
460,299	8146
460,514	8226
460,729	8577
460,943	7925
461,158	7638
461,373	7571
461,587	7225
461,802	7192
462,016	7216
462,231	7124
462,446	7352
462,66	7290
462,875	7717
463,089	7674
463,304	7740
463,518	8004
463,733	7993
463,947	8018
464,162	8301
464,376	8305
464,591	8318
464,805	8180
465,02	8564
465,234	8548
465,448	8653
465,663	8314
465,877	7983
466,091	7709
466,306	7511
466,52	7460
466,734	7292
466,949	7032
467,163	7189
467,377	7026
467,591	7224
467,806	7047
468,02	6968
468,234	6734
468,448	6718
468,662	6607
468,876	6950
469,091	6348
469,305	6282
469,519	6105
469,733	6188
469,947	6174
470,161	6156
470,375	5995
470,589	6194
470,803	6051
471,017	5962
471,231	6079
471,445	6092
471,659	6186
471,873	6268
472,087	6163
472,301	6453
472,515	6458
472,728	6492
472,942	6596
473,156	6548
473,37	6512
473,584	6324
473,798	6413
474,011	6336
474,225	6291
474,439	6644
474,653	6824
474,866	6784
475,08	6723
475,294	6596
475,507	6366
475,721	6464
475,935	6417
476,148	6330
476,362	6098
476,576	6170
476,789	6185
477,003	6141
477,216	6383
477,43	6512
477,643	6590
477,857	6658
478,07	6542
478,284	6414
478,497	6269
478,711	6292
478,924	6260
479,138	6351
479,351	6537
479,564	6572
479,778	6851
479,991	6654
480,204	6533
480,418	6655
480,631	6499
480,844	6747
481,058	6683
481,271	6783
481,484	6829
481,697	6760
481,911	6474
482,124	6346
482,337	6522
482,55	6311
482,763	6346
482,976	6422
483,19	6568
483,403	6445
483,616	6821
483,829	6957
484,042	7154
484,255	7181
484,468	7152
484,681	7191
484,894	9594
485,107	16942
485,32	22140
485,533	21066
485,746	18847
485,959	16052
486,172	12696
486,385	9620
486,598	8232
486,81	7289
487,023	6886
487,236	6816
487,449	6394
487,662	6017
487,875	5860
488,087	5862
488,3	5850
488,513	5821
488,726	5714
488,938	5847
489,151	5877
489,364	5897
489,576	5860
489,789	5728
490,002	5602
490,214	5639
490,427	5564
490,64	5766
490,852	5690
491,065	5410
491,277	5594
491,49	5346
491,702	5344
491,915	5518
492,127	5649
492,34	5495
492,552	5424
492,765	5604
492,977	5645
493,19	5593
493,402	5364
493,614	5524
493,827	5537
494,039	5439
494,251	5252
494,464	5306
494,676	5022
494,888	5038
495,101	4882
495,313	5143
495,525	5433
495,737	5705
495,95	5799
496,162	5808
496,374	5618
496,586	5191
496,798	5090
497,01	4926
497,222	4602
497,435	4968
497,647	4928
497,859	4899
498,071	5002
498,283	5204
498,495	5068
498,707	5234
498,919	5237
499,131	5324
499,343	5169
499,555	4994
499,767	4942
499,979	4646
500,191	4886
500,402	4822
500,614	5124
500,826	5237
501,038	4810
501,25	5018
501,462	5012
501,673	5160
501,885	5012
502,097	5154
502,309	5013
502,521	5085
502,732	5027
502,944	5162
503,156	4929
503,367	4793
503,579	4730
503,791	4793
504,002	4583
504,214	4738
504,425	4897
504,637	4783
504,849	4647
505,06	4600
505,272	4597
505,483	4589
505,695	4683
505,906	4669
506,118	4702
506,329	4538
506,541	4318
506,752	4278
506,963	4248
507,175	4134
507,386	4498
507,598	4495
507,809	4346
508,02	4412
508,232	4433
508,443	4157
508,654	4058
508,865	4270
509,077	3944
509,288	4063
509,499	4165
509,71	4034
509,922	4179
510,133	4026
510,344	4213
510,555	3960
510,766	3946
510,977	3952
511,188	3890
511,4	3826
511,611	3767
511,822	3802
512,033	3779
512,244	3786
512,455	3749
512,666	3760
512,877	3785
513,088	3631
513,299	3717
513,51	3790
513,721	3582
513,931	3658
514,142	3656
514,353	3647
514,564	3441
514,775	3420
514,986	3522
515,196	3630
515,407	3526
515,618	3599
515,829	3590
516,04	3571
516,25	3559
516,461	3536
516,672	3532
516,882	3408
517,093	3675
517,304	3376
517,514	3556
517,725	3311
517,936	3422
518,146	3265
518,357	3558
518,567	3649
518,778	3650
518,988	3554
519,199	3666
519,409	3258
519,62	3466
519,83	3126
520,041	3194
520,251	3215
520,462	3378
520,672	3290
520,882	3350
521,093	3238
521,303	3390
521,513	3096
521,724	3977
521,934	3066
522,144	3146
522,355	3178
522,565	3180
522,775	3111
522,985	3094
523,196	3103
523,406	3163
523,616	3350
523,826	3253
524,036	3703
524,246	3063
524,457	3039
524,667	2884
524,877	3062
525,087	3050
525,297	3082
525,507	3130
525,717	2938
525,927	2966
526,137	2770
526,347	2926
526,557	2954
526,767	3058
526,977	3172
527,187	2989
527,397	2559
527,607	2889
527,816	2878
528,026	3025
528,236	3418
528,446	3288
528,656	3225
528,865	3298
529,075	3050
529,285	2983
529,495	2995
529,704	2938
529,914	2886
530,124	2882
530,334	2802
530,543	2785
530,753	3020
530,963	3122
531,172	2873
531,382	2793
531,591	3021
531,801	2688
532,01	2764
532,22	2840
532,43	2915
532,639	3120
532,849	3005
533,058	2984
533,267	3146
533,477	2892
533,686	2864
533,896	2872
534,105	2867
534,315	2922
534,524	2834
534,733	2898
534,943	2907
535,152	2946
535,361	2589
535,57	2601
535,78	2566
535,989	2541
536,198	2510
536,407	2491
536,617	2584
536,826	2474
537,035	2677
537,244	2527
537,453	2572
537,662	2734
537,872	2815
538,081	2632
538,29	2651
538,499	2577
538,708	2795
538,917	2682
539,126	2786
539,335	2664
539,544	2968
539,753	2474
539,962	2600
540,171	2594
540,38	2754
540,589	2698
540,797	2819
541,006	2684
541,215	2610
541,424	2808
541,633	2687
541,842	2693
542,05	2775
542,259	2673
542,468	2694
542,677	2715
542,885	2640
543,094	2721
543,303	2835
543,512	2548
543,72	2922
543,929	2774
544,138	2707
544,346	2680
544,555	2698
544,763	2773
544,972	2659
545,18	2451
545,389	2496
545,598	2353
545,806	2503
546,015	2451
546,223	2464
546,431	2518
546,64	2497
546,848	2485
547,057	2647
547,265	2705
547,474	2772
547,682	2853
547,89	2720
548,099	2673
548,307	2566
548,515	2554
548,723	2376
548,932	2290
549,14	2421
549,348	2431
549,556	2106
549,765	2357
549,973	2255
550,181	2336
550,389	2390
550,597	2287
550,805	2175
551,014	2408
551,222	4361
551,43	2203
551,638	2591
551,846	2566
552,054	2518
552,262	2521
552,47	2357
552,678	2412
552,886	2338
553,094	2335
553,302	2422
553,51	2399
553,717	2401
553,925	2135
554,133	2330
554,341	2154
554,549	2336
554,757	2296
554,965	2391
555,172	2354
555,38	2582
555,588	2249
555,796	2359
556,003	2507
556,211	2163
556,419	2231
556,626	2170
556,834	2098
557,042	2168
557,249	2169
557,457	2164
557,664	2005
557,872	2016
558,08	1941
558,287	2029
558,495	2028
558,702	1896
558,91	2013
559,117	1975
559,325	2085
559,532	2140
559,74	2258
559,947	2288
560,154	2241
560,362	2120
560,569	2182
560,776	1912
560,984	2121
561,191	1955
561,398	1998
561,606	2312
561,813	1978
562,02	1807
562,227	1845
562,435	1958
562,642	2046
562,849	1939
563,056	2028
563,263	1952
563,471	2098
563,678	2073
563,885	1961
564,092	2014
564,299	2020
564,506	2032
564,713	1991
564,92	1987
565,127	2055
565,334	2010
565,541	2274
565,748	1990
565,955	1870
566,162	1950
566,369	2079
566,576	2178
566,783	2206
566,99	2186
567,196	2266
567,403	2158
567,61	2307
567,817	2235
568,024	2420
568,23	2354
568,437	2314
568,644	2542
568,851	2562
569,057	3000
569,264	2950
569,471	2835
569,677	2829
569,884	2802
570,091	2794
570,297	3683
570,504	3167
570,71	3010
570,917	2851
571,123	2908
571,33	3190
571,536	3096
571,743	2966
571,949	2516
572,156	2348
572,362	2510
572,569	2685
572,775	3028
572,982	3152
573,188	3182
573,394	2915
573,601	2729
573,807	3130
574,013	3143
574,22	2932
574,426	2912
574,632	3008
574,838	2817
575,045	2568
575,251	2421
575,457	2509
575,663	2743
575,869	2743
576,076	2786
576,282	2917
576,488	2866
576,694	2828
576,9	2915
577,106	3585
577,312	3626
577,518	3641
577,724	3252
577,93	2680
578,136	2705
578,342	2730
578,548	2384
578,754	2434
578,96	2514
579,166	2693
579,372	2911
579,578	2753
579,784	2870
579,989	2708
580,195	2551
580,401	2575
580,607	3035
580,813	3862
581,018	4166
581,224	3710
581,43	3497
581,636	3436
581,841	3239
582,047	2858
582,253	2904
582,458	2355
582,664	2251
582,869	2086
583,075	1903
583,281	2302
583,486	2233
583,692	2282
583,897	2431
584,103	2446
584,308	2630
584,514	2743
584,719	2829
584,925	2689
585,13	2520
585,335	2453
585,541	2282
585,746	2138
585,952	2023
586,157	1939
586,362	2018
586,568	2248
586,773	2334
586,978	2236
587,183	2296
587,389	2143
587,594	1925
587,799	2074
588,004	2098
588,21	2026
588,415	1663
588,62	1786
588,825	1834
589,03	1663
589,235	2141
589,44	1824
589,645	1666
589,85	1751
590,055	1797
590,26	1742
590,465	1551
590,67	1481
590,875	1639
591,08	1586
591,285	1541
591,49	1590
591,695	1540
591,9	1606
592,105	1804
592,31	1929
592,515	2049
592,719	1698
592,924	1696
593,129	1674
593,334	1661
593,539	1543
593,743	1668
593,948	1402
594,153	1600
594,357	1788
594,562	1667
594,767	1950
594,971	1241
595,176	1538
595,381	1537
595,585	1545
595,79	1549
595,994	1257
596,199	1673
596,403	1258
596,608	1366
596,812	1408
597,017	1518
597,221	1605
597,426	1520
597,63	1354
597,835	1352
598,039	1305
598,243	1435
598,448	1765
598,652	1457
598,856	1435
599,061	1459
599,265	1297
599,469	1418
599,673	1517
599,878	1502
600,082	1344
600,286	1459
600,49	1558
600,695	1322
600,899	1437
601,103	1445
601,307	1466
601,511	1390
601,715	1341
601,919	1296
602,123	1546
602,327	1402
602,531	1423
602,735	1546
602,939	1670
603,143	1348
603,347	1383
603,551	1391
603,755	1360
603,959	1294
604,163	1409
604,367	1274
604,571	1328
604,775	1437
604,978	1402
605,182	1316
605,386	1455
605,59	1421
605,793	1309
605,997	1461
606,201	1392
606,405	1379
606,608	1373
606,812	1375
607,016	1494
607,219	1315
607,423	1264
607,627	1406
607,83	1118
608,034	1228
608,237	1377
608,441	1265
608,644	1393
608,848	1335
609,051	1305
609,255	1241
609,458	1417
609,662	1342
609,865	1346
610,069	1227
610,272	1150
610,475	1285
610,679	1264
610,882	1284
611,085	1304
611,289	1530
611,492	1215
611,695	1252
611,898	1186
612,102	1346
612,305	1290
612,508	1394
612,711	1424
612,914	1245
613,118	1293
613,321	1320
613,524	1192
613,727	1270
613,93	1172
614,133	1277
614,336	1268
614,539	1224
614,742	1176
614,945	1246
615,148	1389
615,351	1234
615,554	1206
615,757	1228
615,96	1286
616,163	1017
616,366	1480
616,569	1212
616,772	1376
616,974	1274
617,177	1362
617,38	1242
617,583	1252
617,786	1173
617,988	1103
618,191	1325
618,394	1176
618,596	1115
618,799	1142
619,002	1270
619,204	1306
619,407	1173
619,61	1166
619,812	1149
620,015	1197
620,217	1241
620,42	1274
620,623	1158
620,825	1184
621,028	1080
621,23	1298
621,432	1299
621,635	1354
621,837	1234
622,04	1194
622,242	1221
622,445	1258
622,647	1298
622,849	1342
623,052	1121
623,254	1303
623,456	1154
623,658	1347
623,861	1372
624,063	1223
624,265	1318
624,467	1423
624,67	1076
624,872	1234
625,074	1352
625,276	1268
625,478	1346
625,68	1088
625,882	1075
626,084	1208
626,287	1357
626,489	1286
626,691	1210
626,893	1266
627,095	1258
627,297	1257
627,499	1107
627,7	970
627,902	1072
628,104	1037
628,306	1253
628,508	1142
628,71	1246
628,912	1214
629,114	1371
629,315	1217
629,517	1288
629,719	1107
629,921	1193
630,122	1210
630,324	1090
630,526	1254
630,728	1223
630,929	1150
631,131	1123
631,332	1306
631,534	1194
631,736	1205
631,937	1078
632,139	1156
632,34	1090
632,542	1202
632,743	1204
632,945	929
633,146	1290
633,348	1171
633,549	1206
633,751	1049
633,952	1103
634,154	1022
634,355	1015
634,556	1118
634,758	1104
634,959	1081
635,16	1188
635,362	1100
635,563	1157
635,764	1142
635,965	1154
636,167	1043
636,368	1090
636,569	1072
636,77	1173
636,971	1037
637,172	1229
637,374	1028
637,575	1202
637,776	1012
637,977	997
638,178	1130
638,379	1125
638,58	1137
638,781	1001
638,982	1098
639,183	1022
639,384	1021
639,585	1048
639,786	985
639,987	1088
640,187	1160
640,388	1127
640,589	1041
640,79	962
640,991	1076
641,192	1297
641,392	974
641,593	860
641,794	997
641,995	984
642,195	902
642,396	1018
642,597	975
642,797	1042
642,998	1088
643,199	1010
643,399	1068
643,6	977
643,8	978
644,001	1095
644,202	1084
644,402	965
644,603	1039
644,803	1010
645,004	1146
645,204	963
645,404	1137
645,605	1238
645,805	994
646,006	953
646,206	1495
646,406	1042
646,607	947
646,807	818
647,007	-44
647,208	-40
647,408	-34
647,608	-36
