200,697	919,67
200,927	13,67
201,158	-34,33
201,388	-46,33
201,618	1563,67
201,849	1368,67
202,079	1638,67
202,309	1337,67
202,539	1653,67
202,77	1515,67
203	1662,67
203,23	1574,67
203,46	1708,67
203,691	1673,67
203,921	1627,67
204,151	1655,67
204,381	1834,67
204,611	1695,67
204,841	1707,67
205,071	1668,67
205,302	1793,67
205,532	1802,67
205,762	3753,67
205,992	1560,67
206,222	1585,67
206,452	1869,67
206,682	1685,67
206,912	1761,67
207,142	1719,67
207,372	1601,67
207,602	1618,67
207,832	1609,67
208,062	1724,67
208,292	1752,67
208,522	1488,67
208,752	1682,67
208,982	1582,67
209,212	1746,67
209,442	1642,67
209,672	1612,67
209,902	1571,67
210,131	1715,67
210,361	1505,67
210,591	1588,67
210,821	1671,67
211,051	1776,67
211,281	1646,67
211,51	1695,67
211,74	1711,67
211,97	1821,67
212,2	1714,67
212,429	1955,67
212,659	1693,67
212,889	1728,67
213,119	1559,67
213,348	1604,67
213,578	1804,67
213,808	1757,67
214,037	1665,67
214,267	1748,67
214,497	1425,67
214,726	1576,67
214,956	1560,67
215,186	1660,67
215,415	1606,67
215,645	1684,67
215,874	1650,67
216,104	1534,67
216,333	1687,67
216,563	1657,67
216,792	1520,67
217,022	1749,67
217,251	1885,67
217,481	1600,67
217,71	1645,67
217,94	1635,67
218,169	1748,67
218,399	1739,67
218,628	1612,67
218,858	1825,67
219,087	1746,67
219,316	1687,67
219,546	1674,67
219,775	1719,67
220,004	1838,67
220,234	1601,67
220,463	1688,67
220,692	1707,67
220,922	1694,67
221,151	1752,67
221,38	1712,67
221,61	2074,67
221,839	1871,67
222,068	1766,67
222,297	1841,67
222,526	1785,67
222,756	1858,67
222,985	1868,67
223,214	1702,67
223,443	1769,67
223,672	2137,67
223,902	1671,67
224,131	1899,67
224,36	1837,67
224,589	1704,67
224,818	1708,67
225,047	1780,67
225,276	1642,67
225,505	2069,67
225,734	1459,67
225,963	1709,67
226,192	1882,67
226,421	1627,67
226,65	1675,67
226,879	1886,67
227,108	1877,67
227,337	1878,67
227,566	1980,67
227,795	1804,67
228,024	1843,67
228,253	1778,67
228,482	1640,67
228,711	1891,67
228,94	1698,67
229,168	1851,67
229,397	1799,67
229,626	1876,67
229,855	1789,67
230,084	1821,67
230,313	1741,67
230,541	1977,67
230,77	1874,67
230,999	1561,67
231,228	2176,67
231,456	1934,67
231,685	1806,67
231,914	1996,67
232,143	1939,67
232,371	1969,67
232,6	1918,67
232,829	1921,67
233,057	1863,67
233,286	1955,67
233,515	2172,67
233,743	1914,67
233,972	1982,67
234,2	2100,67
234,429	1992,67
234,658	2120,67
234,886	1884,67
235,115	2063,67
235,343	2269,67
235,572	1991,67
235,8	1973,67
236,029	2390,67
236,257	1951,67
236,486	2068,67
236,714	2228,67
236,943	2261,67
237,171	2005,67
237,399	2170,67
237,628	2182,67
237,856	2290,67
238,085	2236,67
238,313	2093,67
238,541	2230,67
238,77	2561,67
238,998	2115,67
239,226	2343,67
239,455	2282,67
239,683	2307,67
239,911	2241,67
240,14	2375,67
240,368	2309,67
240,596	2375,67
240,824	2409,67
241,053	2335,67
241,281	2305,67
241,509	2347,67
241,737	2344,67
241,965	2263,67
242,193	2303,67
242,422	2332,67
242,65	2453,67
242,878	2408,67
243,106	2212,67
243,334	2509,67
243,562	2458,67
243,79	2507,67
244,018	2584,67
244,246	2455,67
244,474	2589,67
244,702	2790,67
244,93	2529,67
245,158	2762,67
245,386	2599,67
245,614	2533,67
245,842	2820,67
246,07	2529,67
246,298	2748,67
246,526	3200,67
246,754	2677,67
246,982	2703,67
247,21	2804,67
247,438	2688,67
247,666	2683,67
247,893	2795,67
248,121	2784,67
248,349	2687,67
248,577	2847,67
248,805	2941,67
249,033	2819,67
249,26	2896,67
249,488	2835,67
249,716	2879,67
249,944	2961,67
250,171	2694,67
250,399	2906,67
250,627	3157,67
250,854	2982,67
251,082	2981,67
251,31	3037,67
251,537	2950,67
251,765	3300,67
251,993	2979,67
252,22	3463,67
252,448	2986,67
252,676	3339,67
252,903	3172,67
253,131	3585,67
253,358	3076,67
253,586	3048,67
253,813	3136,67
254,041	3361,67
254,268	3291,67
254,496	3175,67
254,723	3153,67
254,951	3277,67
255,178	3327,67
255,406	3303,67
255,633	3361,67
255,86	3608,67
256,088	3412,67
256,315	3347,67
256,543	3538,67
256,77	3436,67
256,997	3430,67
257,225	3573,67
257,452	3349,67
257,679	3478,67
257,907	3617,67
258,134	3543,67
258,361	3711,67
258,588	3555,67
258,816	3610,67
259,043	3509,67
259,27	3615,67
259,497	3803,67
259,725	3526,67
259,952	3666,67
260,179	3638,67
260,406	3795,67
260,633	3604,67
260,86	3737,67
261,088	3813,67
261,315	3992,67
261,542	3787,67
261,769	3787,67
261,996	4059,67
262,223	3942,67
262,45	4051,67
262,677	3655,67
262,904	3878,67
263,131	4061,67
263,358	3925,67
263,585	4050,67
263,812	4195,67
264,039	4244,67
264,266	3943,67
264,493	4147,67
264,72	3769,67
264,947	4025,67
265,174	4194,67
265,401	4147,67
265,627	4203,67
265,854	4139,67
266,081	4145,67
266,308	4116,67
266,535	4127,67
266,762	4054,67
266,988	4134,67
267,215	4119,67
267,442	4127,67
267,669	4306,67
267,896	4205,67
268,122	4301,67
268,349	4207,67
268,576	3984,67
268,802	4101,67
269,029	4144,67
269,256	4159,67
269,482	4178,67
269,709	4112,67
269,936	4258,67
270,162	4397,67
270,389	4169,67
270,616	4296,67
270,842	4447,67
271,069	4309,67
271,295	4312,67
271,522	4306,67
271,748	4417,67
271,975	4548,67
272,201	4522,67
272,428	4419,67
272,654	4388,67
272,881	4803,67
273,107	4363,67
273,334	4545,67
273,56	4623,67
273,787	4389,67
274,013	4643,67
274,239	4845,67
274,466	4541,67
274,692	4670,67
274,918	4744,67
275,145	4671,67
275,371	4649,67
275,597	4750,67
275,824	4768,67
276,05	4837,67
276,276	4884,67
276,503	4744,67
276,729	4753,67
276,955	4660,67
277,181	4791,67
277,407	4892,67
277,634	4960,67
277,86	4832,67
278,086	4915,67
278,312	4601,67
278,538	4945,67
278,764	4852,67
278,991	4975,67
279,217	4794,67
279,443	4822,67
279,669	4722,67
279,895	5140,67
280,121	4893,67
280,347	4772,67
280,573	4979,67
280,799	4879,67
281,025	5154,67
281,251	4953,67
281,477	5094,67
281,703	5142,67
281,929	5154,67
282,155	5240,67
282,381	5328,67
282,607	5403,67
282,833	5366,67
283,059	5442,67
283,285	5656,67
283,51	5416,67
283,736	5302,67
283,962	5494,67
284,188	5568,67
284,414	5673,67
284,64	5796,67
284,865	5764,67
285,091	5626,67
285,317	5913,67
285,543	5969,67
285,768	5868,67
285,994	5765,67
286,22	6131,67
286,446	5973,67
286,671	5752,67
286,897	6005,67
287,123	5973,67
287,348	5859,67
287,574	6482,67
287,799	5925,67
288,025	5991,67
288,251	6307,67
288,476	6052,67
288,702	5992,67
288,927	6027,67
289,153	6069,67
289,378	6384,67
289,604	6239,67
289,829	6328,67
290,055	6243,67
290,28	6225,67
290,506	6518,67
290,731	6526,67
290,957	6591,67
291,182	6698,67
291,408	6884,67
291,633	6851,67
291,858	6792,67
292,084	6965,67
292,309	6991,67
292,535	7139,67
292,76	7279,67
292,985	7495,67
293,211	7460,67
293,436	7491,67
293,661	7679,67
293,886	7794,67
294,112	7861,67
294,337	7970,67
294,562	7914,67
294,787	8353,67
295,013	8293,67
295,238	8291,67
295,463	8498,67
295,688	8651,67
295,913	8452,67
296,138	8571,67
296,364	8588,67
296,589	8575,67
296,814	8491,67
297,039	8420,67
297,264	8687,67
297,489	8559,67
297,714	8572,67
297,939	8457,67
298,164	8725,67
298,389	8947,67
298,614	8881,67
298,839	8980,67
299,064	9372,67
299,289	9172,67
299,514	9349,67
299,739	9355,67
299,964	9324,67
300,189	9472,67
300,414	9791,67
300,639	9717,67
300,863	9701,67
301,088	10049,67
301,313	9819,67
301,538	9757,67
301,763	9790,67
301,988	9834,67
302,212	10004,67
302,437	10358,67
302,662	9901,67
302,887	10060,67
303,111	9983,67
303,336	10032,67
303,561	10011,67
303,786	9889,67
304,01	10160,67
304,235	10133,67
304,46	9433,67
304,684	9758,67
304,909	9937,67
305,134	9774,67
305,358	9827,67
305,583	9696,67
305,807	9885,67
306,032	9401,67
306,256	9731,67
306,481	9607,67
306,706	9644,67
306,93	9661,67
307,155	10054,67
307,379	9861,67
307,604	10036,67
307,828	10031,67
308,052	10451,67
308,277	10445,67
308,501	10265,67
308,726	10401,67
308,95	10241,67
309,175	10279,67
309,399	10315,67
309,623	10245,67
309,848	10173,67
310,072	10171,67
310,296	10698,67
310,521	10252,67
310,745	10307,67
310,969	10594,67
311,193	10557,67
311,418	10064,67
311,642	10374,67
311,866	10388,67
312,09	10434,67
312,315	10377,67
312,539	10420,67
312,763	10390,67
312,987	10495,67
313,211	10448,67
313,435	10526,67
313,659	10304,67
313,884	10818,67
314,108	10528,67
314,332	10629,67
314,556	10374,67
314,78	10579,67
315,004	10408,67
315,228	10597,67
315,452	10582,67
315,676	10345,67
315,9	10495,67
316,124	10214,67
316,348	10391,67
316,572	10265,67
316,796	10324,67
317,02	10276,67
317,244	10381,67
317,468	10170,67
317,691	10460,67
317,915	10353,67
318,139	10106,67
318,363	10625,67
318,587	10329,67
318,811	10181,67
319,034	10083,67
319,258	10305,67
319,482	10378,67
319,706	10130,67
319,93	10095,67
320,153	10119,67
320,377	10277,67
320,601	9999,67
320,824	10229,67
321,048	10451,67
321,272	10403,67
321,495	10256,67
321,719	10398,67
321,943	10324,67
322,166	10370,67
322,39	10321,67
322,614	10471,67
322,837	10500,67
323,061	10314,67
323,284	10308,67
323,508	10675,67
323,731	10337,67
323,955	10504,67
324,178	10534,67
324,402	10677,67
324,625	10488,67
324,849	10520,67
325,072	10552,67
325,296	10570,67
325,519	10505,67
325,743	10491,67
325,966	10537,67
326,189	10682,67
326,413	10313,67
326,636	10782,67
326,859	10451,67
327,083	10746,67
327,306	10105,67
327,529	10192,67
327,753	10091,67
327,976	10331,67
328,199	10234,67
328,422	10195,67
328,646	10225,67
328,869	10050,67
329,092	10236,67
329,315	10482,67
329,538	10352,67
329,762	10526,67
329,985	10603,67
330,208	10286,67
330,431	10684,67
330,654	10723,67
330,877	10649,67
331,1	10625,67
331,323	10431,67
331,546	10666,67
331,769	10617,67
331,993	10537,67
332,216	10587,67
332,439	10387,67
332,662	10565,67
332,885	10470,67
333,107	10407,67
333,33	10590,67
333,553	10642,67
333,776	10505,67
333,999	10626,67
334,222	10447,67
334,445	10336,67
334,668	10547,67
334,891	10589,67
335,114	10515,67
335,336	10538,67
335,559	10542,67
335,782	10791,67
336,005	10429,67
336,228	10407,67
336,45	10519,67
336,673	10459,67
336,896	10374,67
337,119	10473,67
337,341	10347,67
337,564	10370,67
337,787	10585,67
338,009	10271,67
338,232	10568,67
338,455	10476,67
338,677	10399,67
338,9	10345,67
339,122	10367,67
339,345	10259,67
339,568	10093,67
339,79	10195,67
340,013	10404,67
340,235	10489,67
340,458	10226,67
340,68	10348,67
340,903	10182,67
341,125	10185,67
341,348	10024,67
341,57	10140,67
341,793	10195,67
342,015	9862,67
342,238	10146,67
342,46	9921,67
342,682	10020,67
342,905	9944,67
343,127	9959,67
343,349	9916,67
343,572	9946,67
343,794	9663,67
344,016	9686,67
344,239	9787,67
344,461	9612,67
344,683	9544,67
344,905	9645,67
345,128	9724,67
345,35	9902,67
345,572	10091,67
345,794	10060,67
346,017	9987,67
346,239	9906,67
346,461	9940,67
346,683	10114,67
346,905	10126,67
347,127	10077,67
347,349	10051,67
347,571	10075,67
347,793	10266,67
348,016	10070,67
348,238	10242,67
348,46	10037,67
348,682	10077,67
348,904	10037,67
349,126	10018,67
349,348	10039,67
349,57	9923,67
349,792	10055,67
350,014	10098,67
350,235	9969,67
350,457	10161,67
350,679	10108,67
350,901	9678,67
351,123	10090,67
351,345	9872,67
351,567	9838,67
351,789	9883,67
352,01	9912,67
352,232	9863,67
352,454	9729,67
352,676	9599,67
352,897	9335,67
353,119	9374,67
353,341	9344,67
353,563	9028,67
353,784	9052,67
354,006	9179,67
354,228	9159,67
354,449	9141,67
354,671	9419,67
354,893	9391,67
355,114	9577,67
355,336	9556,67
355,558	9683,67
355,779	9594,67
356,001	9776,67
356,222	9759,67
356,444	9526,67
356,665	10513,67
356,887	9659,67
357,108	9698,67
357,33	9625,67
357,551	9834,67
357,773	9549,67
357,994	9762,67
358,216	9614,67
358,437	9746,67
358,659	9721,67
358,88	9730,67
359,101	9728,67
359,323	9700,67
359,544	9595,67
359,765	9557,67
359,987	9749,67
360,208	9610,67
360,429	9554,67
360,651	9626,67
360,872	9810,67
361,093	9580,67
361,314	9650,67
361,536	9526,67
361,757	9840,67
361,978	9640,67
362,199	9461,67
362,42	9507,67
362,642	9485,67
362,863	9725,67
363,084	9491,67
363,305	9467,67
363,526	9386,67
363,747	9298,67
363,968	9453,67
364,189	9642,67
364,41	9317,67
364,631	9153,67
364,852	9445,67
365,073	9289,67
365,294	9311,67
365,515	8968,67
365,736	9457,67
365,957	9343,67
366,178	9216,67
366,399	9452,67
366,62	9627,67
366,841	9612,67
367,062	9781,67
367,283	9705,67
367,504	9617,67
367,724	9406,67
367,945	9416,67
368,166	9628,67
368,387	9547,67
368,608	9483,67
368,828	9784,67
369,049	9555,67
369,27	9518,67
369,491	9447,67
369,711	9524,67
369,932	9448,67
370,153	9493,67
370,373	9555,67
370,594	9668,67
370,815	9454,67
371,035	9605,67
371,256	9451,67
371,477	9490,67
371,697	9530,67
371,918	9359,67
372,138	9555,67
372,359	9555,67
372,579	9296,67
372,8	9445,67
373,02	9448,67
373,241	9457,67
373,461	9578,67
373,682	9501,67
373,902	9489,67
374,123	9410,67
374,343	9710,67
374,564	9474,67
374,784	9504,67
375,004	9560,67
375,225	9320,67
375,445	9367,67
375,666	9434,67
375,886	9141,67
376,106	9155,67
376,326	8855,67
376,547	9617,67
376,767	9520,67
376,987	9439,67
377,208	9722,67
377,428	9701,67
377,648	9943,67
377,868	10072,67
378,088	10189,67
378,309	10533,67
378,529	10218,67
378,749	10063,67
378,969	10025,67
379,189	10382,67
379,409	10301,67
379,629	9890,67
379,849	10029,67
380,069	9948,67
380,29	9857,67
380,51	9969,67
380,73	10033,67
380,95	10095,67
381,17	9750,67
381,39	9788,67
381,61	9648,67
381,829	9775,67
382,049	9731,67
382,269	9823,67
382,489	9781,67
382,709	9743,67
382,929	9692,67
383,149	9588,67
383,369	9843,67
383,589	9439,67
383,808	9657,67
384,028	9586,67
384,248	9775,67
384,468	9705,67
384,688	9609,67
384,907	9903,67
385,127	9732,67
385,347	9793,67
385,567	9896,67
385,786	9922,67
386,006	9829,67
386,226	10125,67
386,445	10084,67
386,665	10213,67
386,885	10378,67
387,104	10442,67
387,324	10601,67
387,543	10587,67
387,763	10672,67
387,982	10990,67
388,202	10756,67
388,422	10765,67
388,641	10662,67
388,861	10453,67
389,08	10483,67
389,3	10218,67
389,519	10451,67
389,738	10368,67
389,958	10436,67
390,177	10374,67
390,397	10511,67
390,616	10438,67
390,836	10629,67
391,055	10589,67
391,274	10547,67
391,494	10617,67
391,713	10773,67
391,932	10953,67
392,151	11159,67
392,371	11063,67
392,59	11310,67
392,809	11381,67
393,029	11113,67
393,248	10853,67
393,467	10163,67
393,686	10332,67
393,905	11362,67
394,124	10252,67
394,344	10212,67
394,563	10325,67
394,782	10316,67
395,001	10444,67
395,22	10199,67
395,439	10530,67
395,658	10257,67
395,877	10569,67
396,096	10485,67
396,315	10804,67
396,534	10918,67
396,753	10795,67
396,972	10679,67
397,191	10991,67
397,41	11140,67
397,629	11292,67
397,848	11335,67
398,067	11514,67
398,286	11675,67
398,505	11389,67
398,724	11466,67
398,943	11686,67
399,161	10652,67
399,38	10906,67
399,599	10804,67
399,818	10426,67
400,037	10368,67
400,255	10508,67
400,474	10217,67
400,693	10309,67
400,912	10649,67
401,13	10287,67
401,349	10138,67
401,568	9900,67
401,786	10112,67
402,005	9937,67
402,224	9825,67
402,442	9888,67
402,661	9752,67
402,88	9745,67
403,098	9738,67
403,317	9722,67
403,535	9711,67
403,754	9699,67
403,972	9826,67
404,191	9744,67
404,409	9896,67
404,628	10514,67
404,846	10047,67
405,065	10205,67
405,283	10132,67
405,502	10048,67
405,72	10023,67
405,938	9627,67
406,157	9545,67
406,375	9327,67
406,594	9548,67
406,812	9394,67
407,03	9174,67
407,249	9031,67
407,467	9299,67
407,685	9267,67
407,903	9073,67
408,122	9572,67
408,34	9511,67
408,558	9522,67
408,776	9517,67
408,995	9472,67
409,213	9247,67
409,431	9517,67
409,649	9339,67
409,867	9208,67
410,085	9201,67
410,303	9207,67
410,522	9001,67
410,74	8894,67
410,958	8853,67
411,176	8914,67
411,394	8876,67
411,612	8876,67
411,83	9250,67
412,048	9197,67
412,266	8923,67
412,484	9102,67
412,702	9363,67
412,92	8608,67
413,138	9040,67
413,356	8907,67
413,573	9075,67
413,791	9027,67
414,009	8727,67
414,227	8623,67
414,445	8485,67
414,663	8748,67
414,881	8476,67
415,098	8390,67
415,316	8359,67
415,534	8864,67
415,752	8475,67
415,969	8622,67
416,187	8433,67
416,405	8545,67
416,623	8505,67
416,84	8334,67
417,058	8419,67
417,276	8570,67
417,493	8260,67
417,711	8372,67
417,928	8423,67
418,146	8221,67
418,364	8392,67
418,581	8264,67
418,799	8264,67
419,016	8029,67
419,234	8173,67
419,451	8830,67
419,669	8411,67
419,886	8405,67
420,104	8397,67
420,321	8613,67
420,539	8643,67
420,756	8915,67
420,974	8945,67
421,191	9148,67
421,408	9135,67
421,626	9413,67
421,843	9066,67
422,06	8978,67
422,278	8618,67
422,495	8667,67
422,712	8615,67
422,93	8725,67
423,147	8525,67
423,364	8438,67
423,581	8528,67
423,799	8093,67
424,016	8229,67
424,233	8275,67
424,45	8194,67
424,667	8205,67
424,884	8168,67
425,102	8355,67
425,319	7931,67
425,536	8003,67
425,753	7967,67
425,97	7671,67
426,187	7834,67
426,404	7734,67
426,621	8194,67
426,838	8273,67
427,055	7977,67
427,272	8193,67
427,489	8210,67
427,706	8116,67
427,923	7988,67
428,14	7990,67
428,357	8302,67
428,574	8105,67
428,791	8219,67
429,008	8318,67
429,224	8515,67
429,441	8721,67
429,658	9090,67
429,875	9229,67
430,092	9131,67
430,308	8780,67
430,525	8676,67
430,742	8488,67
430,959	8543,67
431,175	7929,67
431,392	7648,67
431,609	7705,67
431,826	7376,67
432,042	7128,67
432,259	7131,67
432,476	7461,67
432,692	7229,67
432,909	7357,67
433,125	7748,67
433,342	8063,67
433,559	8557,67
433,775	8180,67
433,992	7809,67
434,208	7607,67
434,425	7363,67
434,641	7382,67
434,858	7641,67
435,074	7374,67
435,291	7317,67
435,507	7307,67
435,723	7322,67
435,94	7507,67
436,156	7406,67
436,373	7650,67
436,589	7530,67
436,805	7481,67
437,022	7328,67
437,238	7172,67
437,454	7211,67
437,671	7172,67
437,887	7336,67
438,103	7183,67
438,319	7256,67
438,536	7451,67
438,752	7370,67
438,968	7310,67
439,184	7169,67
439,4	6994,67
439,616	6939,67
439,833	7028,67
440,049	6921,67
440,265	7324,67
440,481	7365,67
440,697	7530,67
440,913	7689,67
441,129	8076,67
441,345	7991,67
441,561	8095,67
441,777	7663,67
441,993	7573,67
442,209	7431,67
442,425	7504,67
442,641	7218,67
442,857	7501,67
443,073	7655,67
443,289	7532,67
443,505	7554,67
443,721	7589,67
443,937	7474,67
444,152	7428,67
444,368	7323,67
444,584	7217,67
444,8	7333,67
445,016	7153,67
445,231	7094,67
445,447	7279,67
445,663	7154,67
445,879	7149,67
446,094	7337,67
446,31	7299,67
446,526	7299,67
446,742	7124,67
446,957	6980,67
447,173	7080,67
447,388	7188,67
447,604	6951,67
447,82	6834,67
448,035	6965,67
448,251	6751,67
448,466	7031,67
448,682	6744,67
448,897	6675,67
449,113	6757,67
449,328	7004,67
449,544	6751,67
449,759	7277,67
449,975	6706,67
450,19	6709,67
450,406	6809,67
450,621	6395,67
450,836	6473,67
451,052	6525,67
451,267	6545,67
451,483	6679,67
451,698	6212,67
451,913	6577,67
452,129	6607,67
452,344	6301,67
452,559	6597,67
452,774	6391,67
452,99	6279,67
453,205	6296,67
453,42	6380,67
453,635	6296,67
453,85	5998,67
454,066	6271,67
454,281	6293,67
454,496	6187,67
454,711	6326,67
454,926	6336,67
455,141	6306,67
455,356	6365,67
455,571	6142,67
455,786	6257,67
456,001	6095,67
456,217	5935,67
456,432	6121,67
456,647	6142,67
456,861	6167,67
457,076	6102,67
457,291	6492,67
457,506	6206,67
457,721	6355,67
457,936	6491,67
458,151	6623,67
458,366	6602,67
458,581	6471,67
458,796	6656,67
459,01	6513,67
459,225	6472,67
459,44	6388,67
459,655	6361,67
459,87	6236,67
460,084	6256,67
460,299	6322,67
460,514	6144,67
460,729	6592,67
460,943	6042,67
461,158	6109,67
461,373	6048,67
461,587	5859,67
461,802	5612,67
462,016	5663,67
462,231	5722,67
462,446	5694,67
462,66	5634,67
462,875	5840,67
463,089	5992,67
463,304	5968,67
463,518	5907,67
463,733	6191,67
463,947	6153,67
464,162	6148,67
464,376	6287,67
464,591	6489,67
464,805	6262,67
465,02	6535,67
465,234	6586,67
465,448	6651,67
465,663	6634,67
465,877	6379,67
466,091	6140,67
466,306	6216,67
466,52	6123,67
466,734	5726,67
466,949	5611,67
467,163	5869,67
467,377	5595,67
467,591	5691,67
467,806	5793,67
468,02	5655,67
468,234	5446,67
468,448	5550,67
468,662	5511,67
468,876	5707,67
469,091	5303,67
469,305	5352,67
469,519	4946,67
469,733	5034,67
469,947	5153,67
470,161	5233,67
470,375	4910,67
470,589	5245,67
470,803	5138,67
471,017	5204,67
471,231	5052,67
471,445	5068,67
471,659	5262,67
471,873	5241,67
472,087	5091,67
472,301	5455,67
472,515	5283,67
472,728	5377,67
472,942	5509,67
473,156	5539,67
473,37	5389,67
473,584	5459,67
473,798	5557,67
474,011	5563,67
474,225	5405,67
474,439	5596,67
474,653	5819,67
474,866	5670,67
475,08	6010,67
475,294	5874,67
475,507	5496,67
475,721	5690,67
475,935	5834,67
476,148	5524,67
476,362	5421,67
476,576	5459,67
476,789	5425,67
477,003	5465,67
477,216	5426,67
477,43	5877,67
477,643	5738,67
477,857	5901,67
478,07	5778,67
478,284	5780,67
478,497	5821,67
478,711	5698,67
478,924	5759,67
479,138	5729,67
479,351	5725,67
479,564	5790,67
479,778	6028,67
479,991	5898,67
480,204	5915,67
480,418	5983,67
480,631	5802,67
480,844	6158,67
481,058	5973,67
481,271	6052,67
481,484	6152,67
481,697	6135,67
481,911	6210,67
482,124	5937,67
482,337	5833,67
482,55	5769,67
482,763	5844,67
482,976	6051,67
483,19	5907,67
483,403	5887,67
483,616	6148,67
483,829	6451,67
484,042	6360,67
484,255	6488,67
484,468	6669,67
484,681	6435,67
484,894	6837,67
485,107	9520,67
485,32	15027,67
485,533	18720,67
485,746	17847,67
485,959	15474,67
486,172	13498,67
486,385	10684,67
486,598	8849,67
486,81	7526,67
487,023	6863,67
487,236	6692,67
487,449	6550,67
487,662	6085,67
487,875	5883,67
488,087	5890,67
488,3	5867,67
488,513	5531,67
488,726	5703,67
488,938	5938,67
489,151	5823,67
489,364	5916,67
489,576	5760,67
489,789	5856,67
490,002	5799,67
490,214	5605,67
490,427	5514,67
490,64	5730,67
490,852	5766,67
491,065	5613,67
491,277	5591,67
491,49	5680,67
491,702	5447,67
491,915	5554,67
492,127	5681,67
492,34	5638,67
492,552	5563,67
492,765	5650,67
492,977	5848,67
493,19	5745,67
493,402	5632,67
493,614	5663,67
493,827	5575,67
494,039	5466,67
494,251	5713,67
494,464	5678,67
494,676	5322,67
494,888	5425,67
495,101	5069,67
495,313	5209,67
495,525	5497,67
495,737	5921,67
495,95	5983,67
496,162	6118,67
496,374	5747,67
496,586	5810,67
496,798	5513,67
497,01	5283,67
497,222	5109,67
497,435	5198,67
497,647	5147,67
497,859	5175,67
498,071	5305,67
498,283	5399,67
498,495	5361,67
498,707	5624,67
498,919	5413,67
499,131	5681,67
499,343	5437,67
499,555	5457,67
499,767	5507,67
499,979	5312,67
500,191	5353,67
500,402	5189,67
500,614	5381,67
500,826	5492,67
501,038	5487,67
501,25	5507,67
501,462	5290,67
501,673	5426,67
501,885	5384,67
502,097	5583,67
502,309	5485,67
502,521	5473,67
502,732	5423,67
502,944	5429,67
503,156	5378,67
503,367	5257,67
503,579	5147,67
503,791	5147,67
504,002	5273,67
504,214	5115,67
504,425	5291,67
504,637	5215,67
504,849	5065,67
505,06	5202,67
505,272	5086,67
505,483	4946,67
505,695	4987,67
505,906	4993,67
506,118	5213,67
506,329	5019,67
506,541	4921,67
506,752	4931,67
506,963	4749,67
507,175	4642,67
507,386	4991,67
507,598	4857,67
507,809	4692,67
508,02	4792,67
508,232	4983,67
508,443	4707,67
508,654	4786,67
508,865	4645,67
509,077	4498,67
509,288	4531,67
509,499	4779,67
509,71	4401,67
509,922	4628,67
510,133	4593,67
510,344	4535,67
510,555	4462,67
510,766	4509,67
510,977	4448,67
511,188	4367,67
511,4	4547,67
511,611	4100,67
511,822	4369,67
512,033	4260,67
512,244	4318,67
512,455	4279,67
512,666	4306,67
512,877	4417,67
513,088	4208,67
513,299	4234,67
513,51	4133,67
513,721	4095,67
513,931	4228,67
514,142	4171,67
514,353	4145,67
514,564	4007,67
514,775	3955,67
514,986	4040,67
515,196	4145,67
515,407	3987,67
515,618	4042,67
515,829	4003,67
516,04	4083,67
516,25	3985,67
516,461	4003,67
516,672	4026,67
516,882	3933,67
517,093	4035,67
517,304	3780,67
517,514	3820,67
517,725	3974,67
517,936	3775,67
518,146	3742,67
518,357	3910,67
518,567	3827,67
518,778	4251,67
518,988	3950,67
519,199	4254,67
519,409	3818,67
519,62	3876,67
519,83	3772,67
520,041	3775,67
520,251	3767,67
520,462	3886,67
520,672	3711,67
520,882	3751,67
521,093	3873,67
521,303	3886,67
521,513	3512,67
521,724	4723,67
521,934	3550,67
522,144	3608,67
522,355	3557,67
522,565	3656,67
522,775	3517,67
522,985	3499,67
523,196	3653,67
523,406	3613,67
523,616	3803,67
523,826	3653,67
524,036	3936,67
524,246	3551,67
524,457	3487,67
524,667	3351,67
524,877	3475,67
525,087	3472,67
525,297	3581,67
525,507	3626,67
525,717	3394,67
525,927	3563,67
526,137	3505,67
526,347	3557,67
526,557	3569,67
526,767	3556,67
526,977	3693,67
527,187	3478,67
527,397	3416,67
527,607	3341,67
527,816	3549,67
528,026	3458,67
528,236	3637,67
528,446	3685,67
528,656	3730,67
528,865	3808,67
529,075	3503,67
529,285	3516,67
529,495	3509,67
529,704	3451,67
529,914	3364,67
530,124	3438,67
530,334	3164,67
530,543	3349,67
530,753	3628,67
530,963	3709,67
531,172	3308,67
531,382	3245,67
531,591	3738,67
531,801	3202,67
532,01	3330,67
532,22	3329,67
532,43	3414,67
532,639	3639,67
532,849	3540,67
533,058	3556,67
533,267	3709,67
533,477	3428,67
533,686	3353,67
533,896	3469,67
534,105	3485,67
534,315	3563,67
534,524	3445,67
534,733	3413,67
534,943	3611,67
535,152	3531,67
535,361	3276,67
535,57	3272,67
535,78	3294,67
535,989	3148,67
536,198	3179,67
536,407	3154,67
536,617	3037,67
536,826	3197,67
537,035	3293,67
537,244	3117,67
537,453	3067,67
537,662	3295,67
537,872	3496,67
538,081	3369,67
538,29	3257,67
538,499	3267,67
538,708	3213,67
538,917	3432,67
539,126	3565,67
539,335	3417,67
539,544	3763,67
539,753	3137,67
539,962	3350,67
540,171	3303,67
540,38	3567,67
540,589	3432,67
540,797	3589,67
541,006	3391,67
541,215	3343,67
541,424	3544,67
541,633	3329,67
541,842	3405,67
542,05	3563,67
542,259	3488,67
542,468	3448,67
542,677	3523,67
542,885	3400,67
543,094	3412,67
543,303	3439,67
543,512	3516,67
543,72	3646,67
543,929	3613,67
544,138	3515,67
544,346	3388,67
544,555	3533,67
544,763	3575,67
544,972	3448,67
545,18	3195,67
545,389	3390,67
545,598	3348,67
545,806	3395,67
546,015	3381,67
546,223	3339,67
546,431	3342,67
546,64	3275,67
546,848	3396,67
547,057	3605,67
547,265	3541,67
547,474	3557,67
547,682	3883,67
547,89	3739,67
548,099	3670,67
548,307	3520,67
548,515	3665,67
548,723	3479,67
548,932	3323,67
549,14	3250,67
549,348	3429,67
549,556	3330,67
549,765	3302,67
549,973	3175,67
550,181	3408,67
550,389	3256,67
550,597	3421,67
550,805	3219,67
551,014	3413,67
551,222	5919,67
551,43	3341,67
551,638	3574,67
551,846	3837,67
552,054	3736,67
552,262	3787,67
552,47	3448,67
552,678	3413,67
552,886	3390,67
553,094	3345,67
553,302	3582,67
553,51	3535,67
553,717	3568,67
553,925	3325,67
554,133	3776,67
554,341	3228,67
554,549	3507,67
554,757	3440,67
554,965	3532,67
555,172	3649,67
555,38	3743,67
555,588	3505,67
555,796	3628,67
556,003	3736,67
556,211	3416,67
556,419	3378,67
556,626	3440,67
556,834	3333,67
557,042	3464,67
557,249	3555,67
557,457	3478,67
557,664	3428,67
557,872	3313,67
558,08	3305,67
558,287	3450,67
558,495	3492,67
558,702	3364,67
558,91	3576,67
559,117	3487,67
559,325	3549,67
559,532	3532,67
559,74	3869,67
559,947	3637,67
560,154	3776,67
560,362	3640,67
560,569	3660,67
560,776	3623,67
560,984	3718,67
561,191	3764,67
561,398	3681,67
561,606	4026,67
561,813	3716,67
562,02	3491,67
562,227	3470,67
562,435	3695,67
562,642	3891,67
562,849	3772,67
563,056	3829,67
563,263	3719,67
563,471	3963,67
563,678	3912,67
563,885	4027,67
564,092	3986,67
564,299	3999,67
564,506	3951,67
564,713	3919,67
564,92	4000,67
565,127	4149,67
565,334	3997,67
565,541	4351,67
565,748	4133,67
565,955	4066,67
566,162	4063,67
566,369	4154,67
566,576	4416,67
566,783	4366,67
566,99	4408,67
567,196	4614,67
567,403	4454,67
567,61	4640,67
567,817	4571,67
568,024	4678,67
568,23	4837,67
568,437	4840,67
568,644	4836,67
568,851	5049,67
569,057	5575,67
569,264	5659,67
569,471	5564,67
569,677	5709,67
569,884	5688,67
570,091	5695,67
570,297	6549,67
570,504	5981,67
570,71	5961,67
570,917	5912,67
571,123	6018,67
571,33	6088,67
571,536	6200,67
571,743	6428,67
571,949	5925,67
572,156	5582,67
572,362	5751,67
572,569	5637,67
572,775	6107,67
572,982	6398,67
573,188	6462,67
573,394	6389,67
573,601	6299,67
573,807	6555,67
574,013	6940,67
574,22	6822,67
574,426	6435,67
574,632	6820,67
574,838	6671,67
575,045	6337,67
575,251	6297,67
575,457	6215,67
575,663	6386,67
575,869	6513,67
576,076	6413,67
576,282	6853,67
576,488	6986,67
576,694	6925,67
576,9	6737,67
577,106	7169,67
577,312	7714,67
577,518	7957,67
577,724	7862,67
577,93	7517,67
578,136	7088,67
578,342	6946,67
578,548	6751,67
578,754	6569,67
578,96	6554,67
579,166	6833,67
579,372	7437,67
579,578	7115,67
579,784	7166,67
579,989	7305,67
580,195	7213,67
580,401	7062,67
580,607	7192,67
580,813	7776,67
581,018	8689,67
581,224	8788,67
581,43	8614,67
581,636	8423,67
581,841	8436,67
582,047	8039,67
582,253	7674,67
582,458	7232,67
582,664	6920,67
582,869	6867,67
583,075	6650,67
583,281	6923,67
583,486	6691,67
583,692	6809,67
583,897	7061,67
584,103	7121,67
584,308	7204,67
584,514	7411,67
584,719	7744,67
584,925	7696,67
585,13	7453,67
585,335	7366,67
585,541	7280,67
585,746	7001,67
585,952	6648,67
586,157	6560,67
586,362	6728,67
586,568	6778,67
586,773	7138,67
586,978	7007,67
587,183	6974,67
587,389	7030,67
587,594	6834,67
587,799	6632,67
588,004	6816,67
588,21	6704,67
588,415	6472,67
588,62	6410,67
588,825	6388,67
589,03	6186,67
589,235	6661,67
589,44	6380,67
589,645	6166,67
589,85	6287,67
590,055	6301,67
590,26	6025,67
590,465	5942,67
590,67	6085,67
590,875	5945,67
591,08	6115,67
591,285	5988,67
591,49	5982,67
591,695	5800,67
591,9	5740,67
592,105	5813,67
592,31	6348,67
592,515	6492,67
592,719	6093,67
592,924	5932,67
593,129	5676,67
593,334	5907,67
593,539	5621,67
593,743	5712,67
593,948	5483,67
594,153	5412,67
594,357	5736,67
594,562	5496,67
594,767	6031,67
594,971	5460,67
595,176	5402,67
595,381	5467,67
595,585	5259,67
595,79	5389,67
595,994	4941,67
596,199	5543,67
596,403	4767,67
596,608	5026,67
596,812	5179,67
597,017	5114,67
597,221	5273,67
597,426	5214,67
597,63	4884,67
597,835	4825,67
598,039	4792,67
598,243	4845,67
598,448	5241,67
598,652	5158,67
598,856	5021,67
599,061	4891,67
599,265	4596,67
599,469	4602,67
599,673	4905,67
599,878	4857,67
600,082	4734,67
600,286	4711,67
600,49	4758,67
600,695	4511,67
600,899	4588,67
601,103	4540,67
601,307	4736,67
601,511	4417,67
601,715	4419,67
601,919	4335,67
602,123	4587,67
602,327	4453,67
602,531	4451,67
602,735	4545,67
602,939	4571,67
603,143	4385,67
603,347	4438,67
603,551	4322,67
603,755	4226,67
603,959	4192,67
604,163	4255,67
604,367	4089,67
604,571	3949,67
604,775	4138,67
604,978	4118,67
605,182	4037,67
605,386	4110,67
605,59	4149,67
605,793	4102,67
605,997	4061,67
606,201	4061,67
606,405	3955,67
606,608	4068,67
606,812	4188,67
607,016	3874,67
607,219	3774,67
607,423	3829,67
607,627	4048,67
607,83	3931,67
608,034	3719,67
608,237	3792,67
608,441	3641,67
608,644	3867,67
608,848	3739,67
609,051	3606,67
609,255	3439,67
609,458	3619,67
609,662	3670,67
609,865	3652,67
610,069	3379,67
610,272	3361,67
610,475	3480,67
610,679	3446,67
610,882	3353,67
611,085	3431,67
611,289	3587,67
611,492	3360,67
611,695	3277,67
611,898	3334,67
612,102	3506,67
612,305	3331,67
612,508	3313,67
612,711	3494,67
612,914	3219,67
613,118	3353,67
613,321	3339,67
613,524	3171,67
613,727	3127,67
613,93	3295,67
614,133	3198,67
614,336	3322,67
614,539	3164,67
614,742	3055,67
614,945	3129,67
615,148	3324,67
615,351	3134,67
615,554	3244,67
615,757	2949,67
615,96	3119,67
616,163	3009,67
616,366	2938,67
616,569	2995,67
616,772	3239,67
616,974	3043,67
617,177	3212,67
617,38	2981,67
617,583	3005,67
617,786	2832,67
617,988	2901,67
618,191	2969,67
618,394	2731,67
618,596	2944,67
618,799	2827,67
619,002	2836,67
619,204	2938,67
619,407	2919,67
619,61	2812,67
619,812	2840,67
620,015	2829,67
620,217	3029,67
620,42	2824,67
620,623	2761,67
620,825	2828,67
621,028	2865,67
621,23	2919,67
621,432	2926,67
621,635	2961,67
621,837	2855,67
622,04	2819,67
622,242	2829,67
622,445	2761,67
622,647	2862,67
622,849	2865,67
623,052	2705,67
623,254	2844,67
623,456	2635,67
623,658	2946,67
623,861	2384,67
624,063	2743,67
624,265	2799,67
624,467	2795,67
624,67	2467,67
624,872	2720,67
625,074	2871,67
625,276	2679,67
625,478	2749,67
625,68	2412,67
625,882	2476,67
626,084	2511,67
626,287	2797,67
626,489	2782,67
626,691	2394,67
626,893	2615,67
627,095	2594,67
627,297	2641,67
627,499	2456,67
627,7	2253,67
627,902	2369,67
628,104	2221,67
628,306	2419,67
628,508	2397,67
628,71	2445,67
628,912	2517,67
629,114	2630,67
629,315	2451,67
629,517	2339,67
629,719	2265,67
629,921	2308,67
630,122	2374,67
630,324	2251,67
630,526	2436,67
630,728	2245,67
630,929	2245,67
631,131	2115,67
631,332	2454,67
631,534	2414,67
631,736	2323,67
631,937	2117,67
632,139	2238,67
632,34	2499,67
632,542	2239,67
632,743	2273,67
632,945	2200,67
633,146	2139,67
633,348	2184,67
633,549	2204,67
633,751	2071,67
633,952	2149,67
634,154	1939,67
634,355	1994,67
634,556	2121,67
634,758	2048,67
634,959	2286,67
635,16	2208,67
635,362	2037,67
635,563	2131,67
635,764	2124,67
635,965	2074,67
636,167	1952,67
636,368	1961,67
636,569	1951,67
636,77	2125,67
636,971	1934,67
637,172	2123,67
637,374	1764,67
637,575	2262,67
637,776	1778,67
637,977	1780,67
638,178	2049,67
638,379	1966,67
638,58	2013,67
638,781	1775,67
638,982	1874,67
639,183	2016,67
639,384	1895,67
639,585	1852,67
639,786	1779,67
639,987	1761,67
640,187	2057,67
640,388	1953,67
640,589	1621,67
640,79	2178,67
640,991	1838,67
641,192	2013,67
641,392	1765,67
641,593	1760,67
641,794	1670,67
641,995	1760,67
642,195	1669,67
642,396	1678,67
642,597	1627,67
642,797	1820,67
642,998	1841,67
643,199	1707,67
643,399	1735,67
643,6	1693,67
643,8	1685,67
644,001	1732,67
644,202	1798,67
644,402	1694,67
644,603	1801,67
644,803	1598,67
645,004	1786,67
645,204	1617,67
645,404	1626,67
645,605	2075,67
645,805	1553,67
646,006	1603,67
646,206	2135,67
646,406	1613,67
646,607	1539,67
646,807	1384,67
647,007	-11,33
647,208	13,67
647,408	139,67
647,608	-61,33
