200,697	932,33
200,927	-15,67
201,158	15,33
201,388	213,33
201,618	1430,33
201,849	1368,33
202,079	1653,33
202,309	1562,33
202,539	1702,33
202,77	1524,33
203	1657,33
203,23	1513,33
203,46	1654,33
203,691	1593,33
203,921	1656,33
204,151	1642,33
204,381	1564,33
204,611	1692,33
204,841	1520,33
205,071	1545,33
205,302	1789,33
205,532	1615,33
205,762	3754,33
205,992	1528,33
206,222	1625,33
206,452	1697,33
206,682	1634,33
206,912	1722,33
207,142	1745,33
207,372	1636,33
207,602	1490,33
207,832	1703,33
208,062	1762,33
208,292	1629,33
208,522	1419,33
208,752	1666,33
208,982	1531,33
209,212	1762,33
209,442	1559,33
209,672	1603,33
209,902	1563,33
210,131	1731,33
210,361	1562,33
210,591	1654,33
210,821	1675,33
211,051	1988,33
211,281	1670,33
211,51	1706,33
211,74	1721,33
211,97	1606,33
212,2	1660,33
212,429	1959,33
212,659	1667,33
212,889	1685,33
213,119	1541,33
213,348	1619,33
213,578	1692,33
213,808	1742,33
214,037	1808,33
214,267	1658,33
214,497	1708,33
214,726	1524,33
214,956	1506,33
215,186	1772,33
215,415	1737,33
215,645	1674,33
215,874	1833,33
216,104	1584,33
216,333	1629,33
216,563	1668,33
216,792	1675,33
217,022	1755,33
217,251	1691,33
217,481	1558,33
217,71	1672,33
217,94	1633,33
218,169	1747,33
218,399	1732,33
218,628	1606,33
218,858	1772,33
219,087	1683,33
219,316	1741,33
219,546	1668,33
219,775	1688,33
220,004	1843,33
220,234	1604,33
220,463	1548,33
220,692	1518,33
220,922	1541,33
221,151	1785,33
221,38	1595,33
221,61	2101,33
221,839	2018,33
222,068	1645,33
222,297	1728,33
222,526	1726,33
222,756	1872,33
222,985	1858,33
223,214	1713,33
223,443	1694,33
223,672	2160,33
223,902	1613,33
224,131	1743,33
224,36	1835,33
224,589	1644,33
224,818	1615,33
225,047	1684,33
225,276	1660,33
225,505	1963,33
225,734	1714,33
225,963	1640,33
226,192	1679,33
226,421	1692,33
226,65	1715,33
226,879	1758,33
227,108	1807,33
227,337	1779,33
227,566	1938,33
227,795	1758,33
228,024	1762,33
228,253	1604,33
228,482	1613,33
228,711	1781,33
228,94	1590,33
229,168	1706,33
229,397	1681,33
229,626	1725,33
229,855	1694,33
230,084	1987,33
230,313	1698,33
230,541	1846,33
230,77	1693,33
230,999	1599,33
231,228	1940,33
231,456	1854,33
231,685	1651,33
231,914	1784,33
232,143	1829,33
232,371	1743,33
232,6	1757,33
232,829	1735,33
233,057	1784,33
233,286	1762,33
233,515	1731,33
233,743	1774,33
233,972	1621,33
234,2	1721,33
234,429	1734,33
234,658	1778,33
234,886	1891,33
235,115	1818,33
235,343	1783,33
235,572	1723,33
235,8	1805,33
236,029	1966,33
236,257	1797,33
236,486	1825,33
236,714	1849,33
236,943	1919,33
237,171	1685,33
237,399	1687,33
237,628	1820,33
237,856	1908,33
238,085	1784,33
238,313	1696,33
238,541	1738,33
238,77	2094,33
238,998	1717,33
239,226	1833,33
239,455	1746,33
239,683	1998,33
239,911	1649,33
240,14	1931,33
240,368	1875,33
240,596	1764,33
240,824	1825,33
241,053	1755,33
241,281	1754,33
241,509	1809,33
241,737	1778,33
241,965	1639,33
242,193	1675,33
242,422	1797,33
242,65	1694,33
242,878	1792,33
243,106	1777,33
243,334	1752,33
243,562	1976,33
243,79	1758,33
244,018	1835,33
244,246	1828,33
244,474	1800,33
244,702	1758,33
244,93	1887,33
245,158	1839,33
245,386	1767,33
245,614	1873,33
245,842	1978,33
246,07	1764,33
246,298	1950,33
246,526	2278,33
246,754	1741,33
246,982	1870,33
247,21	1840,33
247,438	1873,33
247,666	1884,33
247,893	1812,33
248,121	1766,33
248,349	1766,33
248,577	1932,33
248,805	1837,33
249,033	1854,33
249,26	1963,33
249,488	1805,33
249,716	1891,33
249,944	1843,33
250,171	1766,33
250,399	1820,33
250,627	1998,33
250,854	1925,33
251,082	1765,33
251,31	1859,33
251,537	1965,33
251,765	2074,33
251,993	1710,33
252,22	2240,33
252,448	1773,33
252,676	1928,33
252,903	1947,33
253,131	2185,33
253,358	2038,33
253,586	1800,33
253,813	1598,33
254,041	1966,33
254,268	1908,33
254,496	1715,33
254,723	1824,33
254,951	1903,33
255,178	1868,33
255,406	1851,33
255,633	1850,33
255,86	2051,33
256,088	1904,33
256,315	1815,33
256,543	1922,33
256,77	1908,33
256,997	1818,33
257,225	1944,33
257,452	1945,33
257,679	1813,33
257,907	1925,33
258,134	1772,33
258,361	1931,33
258,588	1849,33
258,816	1738,33
259,043	1747,33
259,27	1919,33
259,497	1977,33
259,725	1810,33
259,952	1805,33
260,179	1778,33
260,406	1920,33
260,633	1842,33
260,86	1918,33
261,088	1860,33
261,315	2104,33
261,542	1768,33
261,769	1855,33
261,996	2226,33
262,223	2061,33
262,45	2159,33
262,677	1691,33
262,904	1806,33
263,131	2033,33
263,358	1810,33
263,585	1930,33
263,812	2187,33
264,039	2004,33
264,266	1841,33
264,493	1916,33
264,72	1828,33
264,947	1904,33
265,174	2134,33
265,401	2022,33
265,627	2005,33
265,854	1926,33
266,081	1942,33
266,308	1888,33
266,535	1862,33
266,762	1851,33
266,988	1894,33
267,215	1902,33
267,442	1855,33
267,669	1935,33
267,896	1816,33
268,122	2003,33
268,349	2033,33
268,576	1754,33
268,802	1846,33
269,029	1861,33
269,256	1948,33
269,482	1881,33
269,709	1828,33
269,936	1849,33
270,162	2027,33
270,389	1906,33
270,616	1960,33
270,842	2082,33
271,069	2002,33
271,295	1913,33
271,522	1797,33
271,748	1957,33
271,975	2078,33
272,201	1996,33
272,428	1872,33
272,654	1710,33
272,881	2249,33
273,107	1806,33
273,334	1925,33
273,56	2085,33
273,787	1862,33
274,013	1896,33
274,239	2180,33
274,466	1873,33
274,692	1937,33
274,918	1940,33
275,145	1943,33
275,371	1858,33
275,597	2071,33
275,824	1939,33
276,05	1971,33
276,276	2013,33
276,503	1918,33
276,729	1883,33
276,955	1718,33
277,181	1959,33
277,407	1885,33
277,634	1962,33
277,86	1878,33
278,086	2019,33
278,312	1920,33
278,538	1844,33
278,764	1927,33
278,991	2052,33
279,217	1751,33
279,443	1901,33
279,669	1966,33
279,895	1977,33
280,121	1876,33
280,347	1932,33
280,573	1836,33
280,799	1922,33
281,025	2111,33
281,251	1867,33
281,477	2071,33
281,703	1778,33
281,929	1994,33
282,155	1990,33
282,381	2036,33
282,607	1921,33
282,833	1960,33
283,059	2006,33
283,285	1908,33
283,51	1938,33
283,736	1787,33
283,962	1907,33
284,188	1965,33
284,414	1899,33
284,64	1942,33
284,865	1982,33
285,091	1923,33
285,317	1996,33
285,543	2097,33
285,768	1956,33
285,994	1914,33
286,22	2233,33
286,446	2056,33
286,671	1664,33
286,897	2005,33
287,123	2087,33
287,348	1905,33
287,574	2498,33
287,799	2060,33
288,025	1914,33
288,251	2248,33
288,476	1993,33
288,702	1988,33
288,927	1962,33
289,153	1873,33
289,378	2153,33
289,604	2029,33
289,829	1949,33
290,055	1917,33
290,28	1999,33
290,506	2066,33
290,731	1973,33
290,957	2102,33
291,182	2128,33
291,408	2196,33
291,633	1772,33
291,858	1854,33
292,084	2040,33
292,309	1955,33
292,535	2027,33
292,76	2151,33
292,985	2054,33
293,211	2034,33
293,436	1905,33
293,661	1818,33
293,886	2005,33
294,112	2051,33
294,337	2012,33
294,562	1817,33
294,787	2107,33
295,013	1975,33
295,238	1977,33
295,463	2038,33
295,688	2050,33
295,913	2056,33
296,138	2076,33
296,364	1928,33
296,589	1862,33
296,814	1839,33
297,039	1941,33
297,264	2060,33
297,489	2035,33
297,714	2034,33
297,939	1896,33
298,164	1928,33
298,389	2071,33
298,614	1924,33
298,839	2026,33
299,064	2124,33
299,289	1992,33
299,514	1980,33
299,739	2044,33
299,964	1926,33
300,189	1944,33
300,414	2063,33
300,639	2142,33
300,863	1985,33
301,088	2466,33
301,313	2092,33
301,538	1982,33
301,763	1971,33
301,988	2022,33
302,212	2070,33
302,437	2466,33
302,662	1969,33
302,887	1998,33
303,111	2010,33
303,336	2164,33
303,561	2113,33
303,786	1972,33
304,01	2068,33
304,235	2164,33
304,46	1956,33
304,684	2067,33
304,909	2079,33
305,134	1889,33
305,358	1931,33
305,583	2004,33
305,807	2189,33
306,032	1806,33
306,256	2092,33
306,481	2075,33
306,706	1955,33
306,93	2034,33
307,155	2309,33
307,379	2014,33
307,604	2006,33
307,828	1944,33
308,052	2201,33
308,277	2092,33
308,501	2089,33
308,726	2157,33
308,95	2094,33
309,175	1956,33
309,399	2132,33
309,623	2065,33
309,848	1830,33
310,072	1970,33
310,296	2372,33
310,521	2038,33
310,745	1930,33
310,969	2261,33
311,193	2145,33
311,418	2074,33
311,642	1962,33
311,866	2081,33
312,09	2038,33
312,315	2083,33
312,539	2086,33
312,763	1948,33
312,987	2229,33
313,211	1956,33
313,435	2206,33
313,659	1987,33
313,884	2234,33
314,108	2177,33
314,332	2237,33
314,556	1913,33
314,78	2201,33
315,004	2094,33
315,228	2111,33
315,452	2294,33
315,676	2064,33
315,9	2019,33
316,124	1890,33
316,348	2040,33
316,572	2086,33
316,796	2083,33
317,02	1950,33
317,244	2058,33
317,468	1936,33
317,691	2217,33
317,915	2099,33
318,139	1987,33
318,363	2427,33
318,587	2037,33
318,811	1936,33
319,034	1867,33
319,258	2329,33
319,482	2200,33
319,706	2106,33
319,93	2026,33
320,153	1949,33
320,377	2048,33
320,601	2013,33
320,824	1853,33
321,048	2230,33
321,272	2032,33
321,495	1985,33
321,719	2097,33
321,943	2037,33
322,166	2033,33
322,39	2023,33
322,614	2098,33
322,837	2201,33
323,061	1934,33
323,284	2048,33
323,508	2098,33
323,731	1870,33
323,955	1916,33
324,178	2042,33
324,402	2089,33
324,625	2070,33
324,849	1882,33
325,072	2035,33
325,296	2103,33
325,519	1994,33
325,743	1933,33
325,966	2123,33
326,189	2193,33
326,413	2037,33
326,636	2344,33
326,859	2048,33
327,083	2380,33
327,306	1877,33
327,529	1963,33
327,753	2061,33
327,976	2059,33
328,199	2055,33
328,422	2055,33
328,646	2090,33
328,869	1941,33
329,092	1856,33
329,315	2190,33
329,538	2005,33
329,762	2059,33
329,985	1856,33
330,208	1934,33
330,431	2060,33
330,654	2178,33
330,877	2047,33
331,1	2098,33
331,323	1968,33
331,546	2196,33
331,769	2116,33
331,993	1891,33
332,216	2013,33
332,439	1993,33
332,662	2038,33
332,885	2102,33
333,107	1812,33
333,33	1921,33
333,553	2101,33
333,776	1930,33
333,999	2166,33
334,222	1977,33
334,445	1921,33
334,668	1952,33
334,891	2090,33
335,114	1923,33
335,336	2053,33
335,559	2050,33
335,782	2250,33
336,005	2010,33
336,228	1960,33
336,45	1902,33
336,673	1943,33
336,896	2062,33
337,119	2048,33
337,341	1932,33
337,564	1913,33
337,787	2052,33
338,009	1939,33
338,232	2031,33
338,455	2123,33
338,677	1983,33
338,9	2021,33
339,122	2008,33
339,345	1800,33
339,568	1849,33
339,79	1969,33
340,013	2076,33
340,235	2129,33
340,458	1890,33
340,68	2060,33
340,903	1881,33
341,125	1987,33
341,348	2012,33
341,57	1876,33
341,793	2183,33
342,015	1852,33
342,238	1896,33
342,46	2012,33
342,682	2062,33
342,905	1847,33
343,127	2051,33
343,349	1808,33
343,572	2019,33
343,794	1852,33
344,016	1968,33
344,239	2012,33
344,461	1906,33
344,683	1858,33
344,905	1906,33
345,128	1849,33
345,35	1956,33
345,572	2064,33
345,794	2148,33
346,017	1933,33
346,239	1985,33
346,461	1927,33
346,683	1926,33
346,905	2027,33
347,127	2082,33
347,349	1928,33
347,571	2180,33
347,793	2157,33
348,016	1974,33
348,238	2057,33
348,46	1966,33
348,682	1795,33
348,904	2010,33
349,126	2032,33
349,348	1985,33
349,57	1826,33
349,792	1903,33
350,014	2038,33
350,235	1942,33
350,457	2813,33
350,679	1987,33
350,901	1830,33
351,123	1876,33
351,345	2046,33
351,567	2011,33
351,789	2112,33
352,01	2047,33
352,232	2003,33
352,454	1894,33
352,676	1905,33
352,897	1896,33
353,119	1893,33
353,341	1960,33
353,563	1845,33
353,784	1890,33
354,006	1986,33
354,228	1984,33
354,449	1791,33
354,671	2092,33
354,893	2090,33
355,114	1951,33
355,336	1918,33
355,558	1973,33
355,779	1904,33
356,001	2030,33
356,222	2132,33
356,444	1783,33
356,665	2613,33
356,887	1936,33
357,108	1848,33
357,33	1877,33
357,551	2037,33
357,773	2001,33
357,994	1948,33
358,216	1776,33
358,437	2018,33
358,659	2022,33
358,88	1934,33
359,101	1957,33
359,323	2029,33
359,544	1829,33
359,765	1822,33
359,987	1886,33
360,208	1895,33
360,429	1920,33
360,651	1854,33
360,872	2253,33
361,093	1925,33
361,314	1984,33
361,536	1853,33
361,757	1895,33
361,978	1924,33
362,199	1781,33
362,42	1910,33
362,642	1794,33
362,863	1953,33
363,084	1903,33
363,305	2036,33
363,526	1948,33
363,747	1856,33
363,968	1842,33
364,189	2031,33
364,41	1888,33
364,631	1754,33
364,852	2002,33
365,073	1889,33
365,294	1905,33
365,515	1624,33
365,736	2018,33
365,957	1933,33
366,178	1641,33
366,399	1910,33
366,62	1977,33
366,841	2016,33
367,062	1932,33
367,283	1932,33
367,504	1917,33
367,724	1787,33
367,945	1717,33
368,166	2016,33
368,387	1917,33
368,608	1836,33
368,828	2060,33
369,049	1723,33
369,27	1874,33
369,491	1912,33
369,711	2061,33
369,932	2108,33
370,153	1936,33
370,373	2000,33
370,594	2072,33
370,815	1935,33
371,035	1935,33
371,256	1784,33
371,477	1795,33
371,697	1878,33
371,918	1723,33
372,138	1959,33
372,359	2070,33
372,579	1792,33
372,8	1905,33
373,02	1962,33
373,241	1876,33
373,461	1949,33
373,682	1921,33
373,902	1869,33
374,123	1802,33
374,343	2021,33
374,564	1848,33
374,784	1872,33
375,004	1960,33
375,225	1869,33
375,445	1979,33
375,666	2128,33
375,886	1850,33
376,106	1794,33
376,326	1891,33
376,547	2120,33
376,767	1944,33
376,987	1856,33
377,208	1860,33
377,428	1770,33
377,648	1985,33
377,868	1978,33
378,088	2056,33
378,309	2064,33
378,529	2024,33
378,749	1845,33
378,969	1849,33
379,189	2030,33
379,409	1907,33
379,629	1784,33
379,849	1904,33
380,069	1851,33
380,29	1982,33
380,51	1820,33
380,73	1991,33
380,95	2120,33
381,17	1971,33
381,39	2008,33
381,61	1780,33
381,829	1873,33
382,049	1886,33
382,269	1863,33
382,489	1953,33
382,709	1921,33
382,929	1989,33
383,149	1815,33
383,369	2238,33
383,589	1896,33
383,808	1740,33
384,028	1832,33
384,248	1881,33
384,468	1803,33
384,688	1925,33
384,907	1801,33
385,127	1866,33
385,347	1959,33
385,567	1853,33
385,786	2035,33
386,006	1822,33
386,226	1973,33
386,445	1837,33
386,665	1839,33
386,885	1975,33
387,104	1862,33
387,324	1826,33
387,543	1834,33
387,763	1919,33
387,982	1940,33
388,202	1879,33
388,422	1685,33
388,641	1739,33
388,861	1879,33
389,08	1993,33
389,3	1870,33
389,519	2130,33
389,738	1859,33
389,958	1860,33
390,177	1859,33
390,397	1949,33
390,616	1812,33
390,836	2004,33
391,055	1908,33
391,274	1916,33
391,494	1868,33
391,713	1834,33
391,932	1930,33
392,151	1860,33
392,371	1833,33
392,59	1917,33
392,809	1938,33
393,029	2103,33
393,248	2012,33
393,467	1723,33
393,686	1935,33
393,905	3062,33
394,124	1866,33
394,344	1961,33
394,563	1936,33
394,782	1847,33
395,001	1898,33
395,22	1814,33
395,439	1908,33
395,658	1793,33
395,877	1860,33
396,096	1818,33
396,315	1963,33
396,534	1777,33
396,753	2012,33
396,972	1715,33
397,191	1793,33
397,41	1862,33
397,629	2083,33
397,848	1914,33
398,067	1880,33
398,286	1836,33
398,505	1886,33
398,724	1790,33
398,943	2447,33
399,161	1741,33
399,38	1955,33
399,599	1947,33
399,818	1827,33
400,037	1964,33
400,255	1946,33
400,474	1870,33
400,693	1922,33
400,912	1987,33
401,13	1804,33
401,349	1970,33
401,568	1795,33
401,786	2004,33
402,005	2001,33
402,224	1836,33
402,442	1952,33
402,661	1920,33
402,88	1582,33
403,098	1802,33
403,317	1905,33
403,535	1906,33
403,754	1789,33
403,972	1886,33
404,191	1813,33
404,409	1841,33
404,628	2543,33
404,846	1913,33
405,065	1969,33
405,283	1911,33
405,502	1858,33
405,72	1882,33
405,938	1842,33
406,157	1725,33
406,375	1843,33
406,594	2089,33
406,812	1841,33
407,03	1800,33
407,249	1715,33
407,467	1949,33
407,685	1943,33
407,903	1510,33
408,122	1965,33
408,34	1963,33
408,558	1828,33
408,776	1796,33
408,995	1866,33
409,213	1859,33
409,431	2029,33
409,649	1921,33
409,867	1840,33
410,085	1822,33
410,303	1958,33
410,522	1826,33
410,74	1846,33
410,958	1751,33
411,176	1940,33
411,394	1789,33
411,612	1757,33
411,83	2035,33
412,048	1994,33
412,266	1846,33
412,484	1859,33
412,702	2086,33
412,92	1716,33
413,138	1957,33
413,356	1848,33
413,573	2042,33
413,791	2095,33
414,009	1896,33
414,227	2116,33
414,445	1844,33
414,663	1906,33
414,881	1835,33
415,098	1981,33
415,316	1933,33
415,534	2205,33
415,752	1651,33
415,969	2054,33
416,187	1740,33
416,405	1865,33
416,623	1953,33
416,84	1635,33
417,058	1997,33
417,276	2002,33
417,493	1865,33
417,711	1784,33
417,928	1933,33
418,146	1822,33
418,364	1892,33
418,581	1825,33
418,799	1743,33
419,016	1774,33
419,234	1782,33
419,451	2399,33
419,669	1876,33
419,886	1860,33
420,104	1962,33
420,321	1785,33
420,539	1948,33
420,756	1993,33
420,974	1719,33
421,191	1908,33
421,408	1921,33
421,626	2010,33
421,843	1822,33
422,06	1879,33
422,278	1778,33
422,495	1930,33
422,712	1856,33
422,93	1853,33
423,147	1894,33
423,364	1836,33
423,581	1944,33
423,799	1828,33
424,016	1822,33
424,233	1783,33
424,45	1881,33
424,667	1782,33
424,884	1857,33
425,102	1947,33
425,319	1748,33
425,536	1788,33
425,753	1978,33
425,97	1713,33
426,187	1945,33
426,404	1777,33
426,621	2044,33
426,838	1972,33
427,055	1866,33
427,272	1939,33
427,489	1904,33
427,706	1720,33
427,923	1740,33
428,14	1854,33
428,357	2083,33
428,574	1878,33
428,791	1844,33
429,008	1858,33
429,224	1590,33
429,441	1701,33
429,658	1877,33
429,875	1980,33
430,092	2096,33
430,308	2028,33
430,525	1974,33
430,742	1873,33
430,959	1925,33
431,175	1870,33
431,392	1767,33
431,609	1990,33
431,826	1884,33
432,042	1752,33
432,259	1828,33
432,476	2107,33
432,692	1761,33
432,909	1811,33
433,125	1939,33
433,342	1768,33
433,559	1883,33
433,775	1982,33
433,992	1598,33
434,208	1709,33
434,425	1833,33
434,641	1932,33
434,858	2076,33
435,074	1827,33
435,291	1808,33
435,507	1873,33
435,723	1780,33
435,94	1848,33
436,156	1906,33
436,373	1998,33
436,589	1860,33
436,805	1852,33
437,022	1735,33
437,238	1768,33
437,454	1904,33
437,671	1877,33
437,887	1854,33
438,103	1734,33
438,319	1831,33
438,536	1953,33
438,752	1845,33
438,968	1837,33
439,184	1859,33
439,4	1716,33
439,616	1664,33
439,833	1974,33
440,049	1771,33
440,265	2031,33
440,481	1840,33
440,697	1849,33
440,913	1911,33
441,129	1846,33
441,345	1931,33
441,561	1894,33
441,777	1836,33
441,993	1777,33
442,209	1814,33
442,425	1926,33
442,641	1802,33
442,857	1777,33
443,073	1925,33
443,289	1919,33
443,505	1920,33
443,721	1936,33
443,937	1914,33
444,152	2025,33
444,368	1921,33
444,584	1851,33
444,8	1978,33
445,016	1820,33
445,231	1818,33
445,447	2031,33
445,663	1839,33
445,879	1863,33
446,094	2029,33
446,31	2032,33
446,526	1838,33
446,742	1899,33
446,957	1822,33
447,173	1926,33
447,388	1984,33
447,604	1878,33
447,82	1864,33
448,035	1934,33
448,251	1539,33
448,466	1993,33
448,682	1787,33
448,897	1685,33
449,113	1888,33
449,328	1972,33
449,544	1703,33
449,759	2164,33
449,975	1702,33
450,19	1779,33
450,406	1828,33
450,621	1771,33
450,836	1807,33
451,052	1744,33
451,267	1730,33
451,483	1780,33
451,698	1592,33
451,913	1885,33
452,129	1807,33
452,344	1682,33
452,559	1963,33
452,774	1855,33
452,99	1775,33
453,205	2001,33
453,42	1886,33
453,635	1878,33
453,85	1838,33
454,066	1911,33
454,281	1889,33
454,496	1840,33
454,711	1821,33
454,926	1908,33
455,141	1702,33
455,356	1766,33
455,571	1733,33
455,786	1872,33
456,001	1797,33
456,217	1709,33
456,432	1909,33
456,647	1779,33
456,861	1805,33
457,076	1774,33
457,291	2117,33
457,506	1836,33
457,721	1772,33
457,936	1770,33
458,151	1773,33
458,366	1944,33
458,581	1778,33
458,796	2037,33
459,01	1844,33
459,225	1836,33
459,44	1669,33
459,655	1836,33
459,87	1744,33
460,084	1774,33
460,299	1873,33
460,514	1846,33
460,729	2376,33
460,943	1809,33
461,158	1731,33
461,373	1869,33
461,587	1784,33
461,802	1662,33
462,016	1986,33
462,231	1505,33
462,446	1876,33
462,66	1769,33
462,875	1781,33
463,089	1845,33
463,304	1859,33
463,518	1716,33
463,733	1719,33
463,947	1890,33
464,162	1739,33
464,376	1763,33
464,591	1940,33
464,805	1785,33
465,02	2024,33
465,234	1868,33
465,448	1916,33
465,663	1905,33
465,877	1896,33
466,091	1651,33
466,306	2042,33
466,52	2075,33
466,734	1830,33
466,949	1780,33
467,163	1868,33
467,377	1733,33
467,591	1901,33
467,806	1770,33
468,02	1672,33
468,234	1630,33
468,448	1866,33
468,662	1763,33
468,876	1985,33
469,091	1766,33
469,305	1813,33
469,519	1691,33
469,733	1604,33
469,947	1741,33
470,161	2001,33
470,375	1658,33
470,589	1875,33
470,803	1796,33
471,017	1803,33
471,231	1703,33
471,445	1662,33
471,659	1850,33
471,873	1804,33
472,087	1638,33
472,301	1834,33
472,515	1782,33
472,728	1712,33
472,942	1726,33
473,156	1814,33
473,37	1723,33
473,584	1705,33
473,798	1805,33
474,011	1608,33
474,225	1723,33
474,439	1814,33
474,653	1808,33
474,866	1811,33
475,08	2015,33
475,294	1876,33
475,507	1728,33
475,721	1817,33
475,935	1826,33
476,148	1725,33
476,362	1620,33
476,576	1740,33
476,789	1804,33
477,003	1830,33
477,216	1855,33
477,43	1786,33
477,643	1849,33
477,857	2018,33
478,07	1773,33
478,284	1826,33
478,497	1662,33
478,711	1702,33
478,924	1708,33
479,138	1689,33
479,351	1814,33
479,564	1620,33
479,778	1759,33
479,991	1645,33
480,204	1843,33
480,418	1849,33
480,631	1778,33
480,844	1881,33
481,058	1708,33
481,271	1763,33
481,484	1918,33
481,697	1713,33
481,911	1819,33
482,124	1754,33
482,337	1818,33
482,55	1727,33
482,763	1603,33
482,976	1915,33
483,19	1715,33
483,403	1748,33
483,616	1891,33
483,829	1851,33
484,042	1731,33
484,255	1711,33
484,468	1798,33
484,681	1818,33
484,894	1837,33
485,107	2100,33
485,32	2102,33
485,533	2043,33
485,746	2196,33
485,959	1932,33
486,172	1863,33
486,385	1651,33
486,598	1810,33
486,81	1734,33
487,023	1733,33
487,236	1993,33
487,449	1988,33
487,662	1819,33
487,875	1779,33
488,087	1816,33
488,3	1799,33
488,513	1611,33
488,726	1642,33
488,938	1788,33
489,151	1900,33
489,364	1752,33
489,576	1757,33
489,789	1871,33
490,002	1801,33
490,214	1684,33
490,427	1591,33
490,64	1794,33
490,852	1787,33
491,065	1699,33
491,277	1820,33
491,49	1811,33
491,702	1630,33
491,915	1812,33
492,127	1854,33
492,34	1771,33
492,552	1800,33
492,765	1876,33
492,977	1801,33
493,19	1794,33
493,402	1832,33
493,614	1815,33
493,827	1726,33
494,039	1752,33
494,251	1782,33
494,464	1880,33
494,676	1613,33
494,888	1718,33
495,101	1695,33
495,313	1788,33
495,525	1747,33
495,737	1925,33
495,95	1784,33
496,162	1809,33
496,374	1514,33
496,586	1726,33
496,798	1812,33
497,01	1732,33
497,222	1604,33
497,435	1806,33
497,647	1766,33
497,859	1714,33
498,071	1710,33
498,283	1768,33
498,495	1744,33
498,707	1917,33
498,919	1758,33
499,131	1917,33
499,343	1654,33
499,555	1757,33
499,767	1878,33
499,979	1764,33
500,191	1910,33
500,402	1663,33
500,614	1760,33
500,826	1891,33
501,038	1620,33
501,25	1776,33
501,462	1709,33
501,673	1732,33
501,885	1700,33
502,097	1878,33
502,309	1830,33
502,521	1867,33
502,732	1698,33
502,944	1728,33
503,156	1639,33
503,367	1719,33
503,579	1599,33
503,791	1712,33
504,002	1730,33
504,214	1898,33
504,425	2008,33
504,637	1997,33
504,849	1715,33
505,06	1762,33
505,272	2095,33
505,483	1763,33
505,695	1734,33
505,906	1660,33
506,118	1790,33
506,329	1699,33
506,541	1648,33
506,752	2076,33
506,963	1787,33
507,175	1643,33
507,386	1950,33
507,598	1882,33
507,809	1643,33
508,02	1710,33
508,232	1770,33
508,443	1646,33
508,654	1942,33
508,865	1772,33
509,077	1564,33
509,288	1641,33
509,499	1962,33
509,71	1690,33
509,922	1849,33
510,133	1722,33
510,344	1934,33
510,555	1763,33
510,766	1745,33
510,977	1725,33
511,188	1773,33
511,4	1704,33
511,611	1713,33
511,822	1761,33
512,033	1769,33
512,244	1821,33
512,455	1734,33
512,666	1761,33
512,877	1841,33
513,088	1745,33
513,299	1786,33
513,51	1758,33
513,721	1688,33
513,931	1927,33
514,142	1823,33
514,353	1938,33
514,564	1643,33
514,775	1721,33
514,986	1781,33
515,196	1910,33
515,407	1702,33
515,618	1397,33
515,829	1649,33
516,04	1703,33
516,25	1676,33
516,461	1844,33
516,672	1768,33
516,882	1617,33
517,093	1835,33
517,304	1588,33
517,514	1641,33
517,725	1750,33
517,936	1608,33
518,146	1632,33
518,357	1742,33
518,567	1564,33
518,778	1971,33
518,988	1656,33
519,199	1944,33
519,409	1766,33
519,62	1716,33
519,83	1744,33
520,041	1769,33
520,251	1733,33
520,462	1746,33
520,672	1628,33
520,882	1815,33
521,093	1769,33
521,303	1860,33
521,513	1785,33
521,724	2788,33
521,934	1644,33
522,144	1739,33
522,355	1638,33
522,565	1720,33
522,775	1476,33
522,985	1739,33
523,196	1699,33
523,406	1647,33
523,616	1856,33
523,826	1688,33
524,036	2479,33
524,246	1637,33
524,457	1713,33
524,667	1554,33
524,877	1715,33
525,087	1699,33
525,297	1756,33
525,507	1857,33
525,717	1640,33
525,927	1776,33
526,137	1693,33
526,347	1708,33
526,557	1585,33
526,767	1657,33
526,977	2069,33
527,187	1661,33
527,397	1605,33
527,607	1605,33
527,816	1678,33
528,026	1690,33
528,236	1566,33
528,446	1682,33
528,656	1795,33
528,865	1930,33
529,075	1666,33
529,285	1734,33
529,495	1786,33
529,704	1756,33
529,914	1689,33
530,124	1704,33
530,334	1615,33
530,543	1615,33
530,753	1984,33
530,963	2124,33
531,172	1700,33
531,382	1673,33
531,591	2049,33
531,801	1636,33
532,01	1796,33
532,22	1716,33
532,43	1733,33
532,639	2038,33
532,849	1803,33
533,058	1644,33
533,267	1864,33
533,477	1637,33
533,686	1670,33
533,896	1631,33
534,105	1700,33
534,315	1846,33
534,524	1735,33
534,733	1705,33
534,943	1810,33
535,152	1811,33
535,361	1630,33
535,57	1882,33
535,78	1707,33
535,989	1661,33
536,198	1737,33
536,407	1748,33
536,617	1742,33
536,826	1822,33
537,035	1778,33
537,244	1628,33
537,453	1540,33
537,662	1701,33
537,872	1886,33
538,081	1724,33
538,29	1635,33
538,499	1654,33
538,708	1644,33
538,917	1790,33
539,126	1781,33
539,335	1777,33
539,544	2271,33
539,753	1616,33
539,962	1694,33
540,171	1709,33
540,38	1860,33
540,589	1659,33
540,797	1873,33
541,006	1739,33
541,215	1701,33
541,424	1935,33
541,633	1639,33
541,842	1732,33
542,05	1936,33
542,259	1734,33
542,468	1713,33
542,677	1647,33
542,885	1769,33
543,094	1740,33
543,303	1610,33
543,512	1715,33
543,72	1806,33
543,929	1794,33
544,138	1653,33
544,346	1342,33
544,555	1672,33
544,763	1753,33
544,972	1676,33
545,18	1599,33
545,389	1697,33
545,598	1628,33
545,806	1835,33
546,015	1703,33
546,223	1644,33
546,431	1714,33
546,64	1544,33
546,848	1753,33
547,057	1763,33
547,265	1603,33
547,474	1634,33
547,682	1686,33
547,89	1802,33
548,099	1751,33
548,307	1657,33
548,515	1834,33
548,723	1778,33
548,932	1905,33
549,14	1764,33
549,348	1768,33
549,556	1668,33
549,765	1692,33
549,973	1611,33
550,181	1738,33
550,389	1823,33
550,597	1806,33
550,805	1629,33
551,014	1870,33
551,222	5706,33
551,43	1509,33
551,638	1642,33
551,846	1852,33
552,054	1798,33
552,262	1853,33
552,47	1642,33
552,678	1639,33
552,886	1581,33
553,094	1562,33
553,302	1632,33
553,51	1766,33
553,717	1824,33
553,925	1604,33
554,133	1946,33
554,341	1728,33
554,549	1763,33
554,757	1685,33
554,965	1699,33
555,172	1790,33
555,38	2045,33
555,588	1636,33
555,796	1686,33
556,003	1888,33
556,211	1687,33
556,419	1726,33
556,626	1795,33
556,834	1700,33
557,042	1762,33
557,249	1745,33
557,457	1706,33
557,664	1492,33
557,872	1646,33
558,08	1600,33
558,287	1747,33
558,495	1797,33
558,702	1641,33
558,91	1769,33
559,117	1699,33
559,325	1690,33
559,532	1680,33
559,74	1837,33
559,947	1621,33
560,154	1901,33
560,362	1614,33
560,569	1630,33
560,776	1551,33
560,984	1673,33
561,191	1768,33
561,398	1715,33
561,606	2151,33
561,813	1746,33
562,02	1478,33
562,227	1620,33
562,435	1685,33
562,642	1837,33
562,849	1712,33
563,056	1728,33
563,263	1642,33
563,471	1818,33
563,678	1714,33
563,885	1665,33
564,092	1718,33
564,299	1750,33
564,506	1809,33
564,713	1714,33
564,92	1645,33
565,127	1817,33
565,334	1702,33
565,541	1944,33
565,748	1853,33
565,955	1715,33
566,162	1801,33
566,369	1781,33
566,576	1861,33
566,783	1771,33
566,99	1576,33
567,196	1836,33
567,403	1630,33
567,61	1806,33
567,817	1734,33
568,024	1722,33
568,23	1716,33
568,437	1647,33
568,644	1624,33
568,851	1706,33
569,057	1964,33
569,264	1811,33
569,471	1597,33
569,677	1667,33
569,884	1802,33
570,091	1888,33
570,297	2870,33
570,504	1900,33
570,71	1807,33
570,917	1700,33
571,123	1691,33
571,33	1778,33
571,536	1667,33
571,743	1634,33
571,949	1692,33
572,156	1664,33
572,362	1909,33
572,569	1760,33
572,775	1796,33
572,982	1814,33
573,188	1700,33
573,394	1718,33
573,601	1684,33
573,807	1664,33
574,013	1944,33
574,22	2059,33
574,426	1644,33
574,632	1883,33
574,838	1655,33
575,045	1688,33
575,251	1737,33
575,457	1744,33
575,663	1872,33
575,869	1683,33
576,076	1644,33
576,282	1792,33
576,488	1674,33
576,694	1746,33
576,9	1561,33
577,106	1630,33
577,312	1693,33
577,518	1775,33
577,724	1741,33
577,93	1773,33
578,136	1683,33
578,342	1773,33
578,548	1712,33
578,754	1702,33
578,96	1550,33
579,166	1838,33
579,372	2074,33
579,578	1776,33
579,784	1830,33
579,989	1633,33
580,195	1726,33
580,401	1886,33
580,607	1786,33
580,813	1821,33
581,018	1794,33
581,224	1707,33
581,43	1738,33
581,636	1744,33
581,841	1796,33
582,047	1720,33
582,253	1786,33
582,458	1707,33
582,664	1667,33
582,869	1678,33
583,075	1564,33
583,281	1937,33
583,486	1736,33
583,692	1627,33
583,897	1758,33
584,103	1754,33
584,308	1804,33
584,514	1701,33
584,719	1867,33
584,925	1783,33
585,13	1674,33
585,335	1653,33
585,541	1645,33
585,746	1765,33
585,952	1614,33
586,157	1618,33
586,362	1625,33
586,568	1671,33
586,773	1860,33
586,978	1707,33
587,183	1662,33
587,389	1644,33
587,594	1646,33
587,799	2016,33
588,004	1844,33
588,21	1770,33
588,415	1566,33
588,62	1798,33
588,825	1746,33
589,03	1754,33
589,235	2153,33
589,44	1804,33
589,645	1657,33
589,85	1730,33
590,055	1894,33
590,26	1691,33
590,465	1730,33
590,67	1758,33
590,875	1879,33
591,08	1822,33
591,285	1750,33
591,49	1723,33
591,695	1798,33
591,9	1774,33
592,105	1587,33
592,31	1684,33
592,515	1998,33
592,719	1655,33
592,924	1523,33
593,129	1587,33
593,334	1785,33
593,539	1637,33
593,743	1826,33
593,948	1648,33
594,153	1675,33
594,357	1964,33
594,562	1688,33
594,767	2200,33
594,971	1576,33
595,176	1681,33
595,381	1790,33
595,585	1677,33
595,79	1915,33
595,994	1592,33
596,199	2402,33
596,403	1322,33
596,608	1603,33
596,812	1698,33
597,017	1838,33
597,221	1978,33
597,426	1983,33
597,63	1645,33
597,835	1646,33
598,039	1688,33
598,243	1712,33
598,448	1952,33
598,652	1728,33
598,856	1742,33
599,061	1862,33
599,265	1750,33
599,469	1547,33
599,673	1711,33
599,878	1793,33
600,082	1745,33
600,286	1583,33
600,49	1714,33
600,695	1518,33
600,899	1671,33
601,103	1750,33
601,307	1782,33
601,511	1726,33
601,715	1601,33
601,919	1564,33
602,123	1838,33
602,327	1695,33
602,531	1679,33
602,735	1834,33
602,939	1851,33
603,143	1626,33
603,347	1760,33
603,551	1665,33
603,755	1693,33
603,959	1678,33
604,163	1682,33
604,367	1778,33
604,571	1508,33
604,775	1882,33
604,978	1668,33
605,182	1529,33
605,386	1710,33
605,59	1726,33
605,793	1718,33
605,997	1809,33
606,201	1747,33
606,405	1726,33
606,608	1829,33
606,812	1719,33
607,016	1790,33
607,219	1647,33
607,423	1635,33
607,627	1829,33
607,83	1621,33
608,034	1573,33
608,237	1736,33
608,441	1739,33
608,644	1724,33
608,848	1993,33
609,051	1737,33
609,255	1609,33
609,458	1837,33
609,662	1686,33
609,865	1741,33
610,069	1609,33
610,272	1552,33
610,475	1598,33
610,679	1602,33
610,882	1572,33
611,085	1733,33
611,289	1850,33
611,492	1649,33
611,695	1606,33
611,898	1569,33
612,102	1837,33
612,305	1768,33
612,508	1656,33
612,711	1805,33
612,914	1436,33
613,118	1791,33
613,321	1598,33
613,524	1541,33
613,727	1642,33
613,93	1638,33
614,133	1758,33
614,336	1758,33
614,539	1380,33
614,742	1602,33
614,945	1633,33
615,148	1773,33
615,351	1684,33
615,554	1761,33
615,757	1634,33
615,96	1682,33
616,163	1621,33
616,366	1742,33
616,569	1616,33
616,772	1877,33
616,974	1613,33
617,177	1780,33
617,38	1580,33
617,583	1754,33
617,786	1621,33
617,988	1558,33
618,191	1818,33
618,394	1556,33
618,596	1598,33
618,799	1623,33
619,002	1694,33
619,204	1776,33
619,407	1709,33
619,61	1554,33
619,812	1626,33
620,015	1696,33
620,217	1820,33
620,42	1678,33
620,623	1696,33
620,825	1628,33
621,028	1862,33
621,23	1769,33
621,432	1604,33
621,635	1858,33
621,837	1944,33
622,04	1652,33
622,242	1654,33
622,445	1737,33
622,647	1729,33
622,849	1760,33
623,052	1665,33
623,254	1794,33
623,456	1567,33
623,658	1802,33
623,861	1778,33
624,063	1686,33
624,265	1633,33
624,467	1749,33
624,67	1513,33
624,872	1711,33
625,074	1928,33
625,276	1787,33
625,478	1840,33
625,68	1644,33
625,882	1596,33
626,084	1718,33
626,287	1852,33
626,489	1778,33
626,691	1665,33
626,893	1737,33
627,095	1765,33
627,297	1746,33
627,499	1634,33
627,7	1502,33
627,902	1550,33
628,104	1536,33
628,306	1632,33
628,508	1624,33
628,71	1754,33
628,912	1684,33
629,114	1970,33
629,315	1701,33
629,517	1601,33
629,719	1730,33
629,921	1688,33
630,122	1666,33
630,324	1477,33
630,526	1708,33
630,728	1705,33
630,929	1645,33
631,131	1552,33
631,332	1739,33
631,534	1904,33
631,736	1693,33
631,937	1528,33
632,139	1697,33
632,34	1738,33
632,542	1796,33
632,743	1808,33
632,945	1618,33
633,146	1707,33
633,348	1738,33
633,549	1647,33
633,751	1491,33
633,952	1794,33
634,154	1443,33
634,355	1534,33
634,556	1681,33
634,758	1663,33
634,959	1658,33
635,16	1770,33
635,362	1623,33
635,563	1740,33
635,764	1758,33
635,965	1727,33
636,167	1753,33
636,368	1716,33
636,569	1618,33
636,77	1842,33
636,971	1646,33
637,172	1730,33
637,374	1644,33
637,575	1824,33
637,776	1518,33
637,977	1529,33
638,178	1455,33
638,379	1685,33
638,58	1722,33
638,781	1465,33
638,982	1668,33
639,183	1696,33
639,384	1590,33
639,585	1597,33
639,786	1648,33
639,987	1608,33
640,187	1807,33
640,388	1794,33
640,589	1538,33
640,79	1620,33
640,991	1634,33
641,192	1800,33
641,392	1598,33
641,593	1605,33
641,794	1490,33
641,995	1630,33
642,195	1552,33
642,396	1525,33
642,597	1554,33
642,797	1663,33
642,998	1709,33
643,199	1598,33
643,399	1683,33
643,6	1572,33
643,8	1555,33
644,001	1652,33
644,202	1678,33
644,402	1590,33
644,603	1760,33
644,803	1490,33
645,004	1693,33
645,204	1551,33
645,404	1661,33
645,605	1971,33
645,805	1535,33
646,006	1550,33
646,206	2014,33
646,406	1535,33
646,607	1380,33
646,807	1372,33
647,007	-223,67
647,208	30,33
647,408	-19,67
647,608	-15,67
