200,697	969,33
200,927	-9,67
201,158	14,33
201,388	7,33
201,618	1556,33
201,849	1397,33
202,079	1689,33
202,309	1581,33
202,539	1604,33
202,77	1518,33
203	1702,33
203,23	1665,33
203,46	1563,33
203,691	1627,33
203,921	1738,33
204,151	1644,33
204,381	1583,33
204,611	1724,33
204,841	1588,33
205,071	1617,33
205,302	1743,33
205,532	1740,33
205,762	3983,33
205,992	1599,33
206,222	1613,33
206,452	1707,33
206,682	1642,33
206,912	1842,33
207,142	1728,33
207,372	1732,33
207,602	1573,33
207,832	1640,33
208,062	1782,33
208,292	1768,33
208,522	1510,33
208,752	1555,33
208,982	1625,33
209,212	1814,33
209,442	1691,33
209,672	1598,33
209,902	1612,33
210,131	1744,33
210,361	1571,33
210,591	1705,33
210,821	1615,33
211,051	1840,33
211,281	1687,33
211,51	1731,33
211,74	1705,33
211,97	1636,33
212,2	2028,33
212,429	1977,33
212,659	1764,33
212,889	1975,33
213,119	1606,33
213,348	1644,33
213,578	1837,33
213,808	1763,33
214,037	1768,33
214,267	1785,33
214,497	1673,33
214,726	1633,33
214,956	1648,33
215,186	1657,33
215,415	1657,33
215,645	1697,33
215,874	1768,33
216,104	1580,33
216,333	1705,33
216,563	1601,33
216,792	1843,33
217,022	1736,33
217,251	1731,33
217,481	1632,33
217,71	1739,33
217,94	1731,33
218,169	1718,33
218,399	2099,33
218,628	1712,33
218,858	1791,33
219,087	1807,33
219,316	1799,33
219,546	1698,33
219,775	1777,33
220,004	1877,33
220,234	1627,33
220,463	1729,33
220,692	1713,33
220,922	1746,33
221,151	1764,33
221,38	1719,33
221,61	1943,33
221,839	2089,33
222,068	1643,33
222,297	1814,33
222,526	1518,33
222,756	1819,33
222,985	1860,33
223,214	1786,33
223,443	1740,33
223,672	2172,33
223,902	1649,33
224,131	1772,33
224,36	1848,33
224,589	1662,33
224,818	1775,33
225,047	1939,33
225,276	1815,33
225,505	2061,33
225,734	1799,33
225,963	1787,33
226,192	1776,33
226,421	1763,33
226,65	1832,33
226,879	1839,33
227,108	1957,33
227,337	1945,33
227,566	1980,33
227,795	1710,33
228,024	1871,33
228,253	1731,33
228,482	1676,33
228,711	1883,33
228,94	1706,33
229,168	1835,33
229,397	1842,33
229,626	1879,33
229,855	1896,33
230,084	1818,33
230,313	1740,33
230,541	2002,33
230,77	1919,33
230,999	1641,33
231,228	2404,33
231,456	2123,33
231,685	1816,33
231,914	2097,33
232,143	2094,33
232,371	2043,33
232,6	1940,33
232,829	1983,33
233,057	2078,33
233,286	2020,33
233,515	2019,33
233,743	2070,33
233,972	1995,33
234,2	2070,33
234,429	2078,33
234,658	2116,33
234,886	2028,33
235,115	2141,33
235,343	2224,33
235,572	2034,33
235,8	2269,33
236,029	2542,33
236,257	2160,33
236,486	2340,33
236,714	2439,33
236,943	2398,33
237,171	2329,33
237,399	2455,33
237,628	2521,33
237,856	2573,33
238,085	2590,33
238,313	2387,33
238,541	2641,33
238,77	2949,33
238,998	2581,33
239,226	2733,33
239,455	2758,33
239,683	2947,33
239,911	2747,33
240,14	3076,33
240,368	3115,33
240,596	2884,33
240,824	3213,33
241,053	2998,33
241,281	3066,33
241,509	3303,33
241,737	3223,33
241,965	3322,33
242,193	3353,33
242,422	3392,33
242,65	3503,33
242,878	3599,33
243,106	3699,33
243,334	3791,33
243,562	3812,33
243,79	3979,33
244,018	3969,33
244,246	3976,33
244,474	4034,33
244,702	4039,33
244,93	4259,33
245,158	4322,33
245,386	4217,33
245,614	4361,33
245,842	4565,33
246,07	4365,33
246,298	4663,33
246,526	5037,33
246,754	4502,33
246,982	4611,33
247,21	4825,33
247,438	4731,33
247,666	4815,33
247,893	4841,33
248,121	4872,33
248,349	4826,33
248,577	5048,33
248,805	5175,33
249,033	5088,33
249,26	5141,33
249,488	5128,33
249,716	5280,33
249,944	5241,33
250,171	5397,33
250,399	5316,33
250,627	5825,33
250,854	5451,33
251,082	5463,33
251,31	5492,33
251,537	5484,33
251,765	5795,33
251,993	5387,33
252,22	5897,33
252,448	5571,33
252,676	5676,33
252,903	5718,33
253,131	5981,33
253,358	5725,33
253,586	5613,33
253,813	5625,33
254,041	5787,33
254,268	5733,33
254,496	5524,33
254,723	5729,33
254,951	5823,33
255,178	5775,33
255,406	5768,33
255,633	5727,33
255,86	5926,33
256,088	5747,33
256,315	5667,33
256,543	6042,33
256,77	5771,33
256,997	5862,33
257,225	5880,33
257,452	5699,33
257,679	5723,33
257,907	5846,33
258,134	5681,33
258,361	5860,33
258,588	5699,33
258,816	5724,33
259,043	5608,33
259,27	5563,33
259,497	5582,33
259,725	5641,33
259,952	5623,33
260,179	5399,33
260,406	5654,33
260,633	5394,33
260,86	5619,33
261,088	5574,33
261,315	5714,33
261,542	5383,33
261,769	5468,33
261,996	5832,33
262,223	5636,33
262,45	5692,33
262,677	5336,33
262,904	5477,33
263,131	5462,33
263,358	5335,33
263,585	5385,33
263,812	5702,33
264,039	5398,33
264,266	5321,33
264,493	5268,33
264,72	5170,33
264,947	5147,33
265,174	5432,33
265,401	5291,33
265,627	5113,33
265,854	5077,33
266,081	5110,33
266,308	5078,33
266,535	5027,33
266,762	5066,33
266,988	5100,33
267,215	4991,33
267,442	5038,33
267,669	5166,33
267,896	4992,33
268,122	5099,33
268,349	4996,33
268,576	4772,33
268,802	4859,33
269,029	5002,33
269,256	4959,33
269,482	4865,33
269,709	4828,33
269,936	4836,33
270,162	5153,33
270,389	4881,33
270,616	4967,33
270,842	5124,33
271,069	4933,33
271,295	4903,33
271,522	4931,33
271,748	4979,33
271,975	5093,33
272,201	5127,33
272,428	4926,33
272,654	4935,33
272,881	5240,33
273,107	4878,33
273,334	5072,33
273,56	5130,33
273,787	4894,33
274,013	5114,33
274,239	5431,33
274,466	5225,33
274,692	5192,33
274,918	5340,33
275,145	5188,33
275,371	5344,33
275,597	5414,33
275,824	5511,33
276,05	5463,33
276,276	5617,33
276,503	5471,33
276,729	5523,33
276,955	5564,33
277,181	5654,33
277,407	5639,33
277,634	5738,33
277,86	5699,33
278,086	5870,33
278,312	5669,33
278,538	5801,33
278,764	5772,33
278,991	5811,33
279,217	5681,33
279,443	5817,33
279,669	5889,33
279,895	6082,33
280,121	6029,33
280,347	6135,33
280,573	6185,33
280,799	6187,33
281,025	6619,33
281,251	6506,33
281,477	6715,33
281,703	6642,33
281,929	6845,33
282,155	6983,33
282,381	7116,33
282,607	7279,33
282,833	7329,33
283,059	7541,33
283,285	7534,33
283,51	7565,33
283,736	7652,33
283,962	7815,33
284,188	8081,33
284,414	7957,33
284,64	8335,33
284,865	8360,33
285,091	8827,33
285,317	8905,33
285,543	9071,33
285,768	9120,33
285,994	9395,33
286,22	9861,33
286,446	9731,33
286,671	9737,33
286,897	10023,33
287,123	10205,33
287,348	10387,33
287,574	11022,33
287,799	11121,33
288,025	10860,33
288,251	11302,33
288,476	11538,33
288,702	11365,33
288,927	11165,33
289,153	11462,33
289,378	11901,33
289,604	11845,33
289,829	11985,33
290,055	11968,33
290,28	12239,33
290,506	12342,33
290,731	12377,33
290,957	12611,33
291,182	12663,33
291,408	12959,33
291,633	12886,33
291,858	12765,33
292,084	13119,33
292,309	12956,33
292,535	13077,33
292,76	13300,33
292,985	13227,33
293,211	13158,33
293,436	13074,33
293,661	13141,33
293,886	13224,33
294,112	13323,33
294,337	13381,33
294,562	13154,33
294,787	13400,33
295,013	13361,33
295,238	13360,33
295,463	13407,33
295,688	13446,33
295,913	13304,33
296,138	13218,33
296,364	13003,33
296,589	13041,33
296,814	12827,33
297,039	12942,33
297,264	12847,33
297,489	12839,33
297,714	12800,33
297,939	12781,33
298,164	13012,33
298,389	13371,33
298,614	13247,33
298,839	13417,33
299,064	13507,33
299,289	13560,33
299,514	13798,33
299,739	13756,33
299,964	13818,33
300,189	13853,33
300,414	13989,33
300,639	14309,33
300,863	14072,33
301,088	14371,33
301,313	13899,33
301,538	13956,33
301,763	13970,33
301,988	14277,33
302,212	14221,33
302,437	14564,33
302,662	14012,33
302,887	14223,33
303,111	13865,33
303,336	14244,33
303,561	14178,33
303,786	14276,33
304,01	14203,33
304,235	14149,33
304,46	14013,33
304,684	13984,33
304,909	13860,33
305,134	13643,33
305,358	13733,33
305,583	13589,33
305,807	13707,33
306,032	13150,33
306,256	13322,33
306,481	13537,33
306,706	13622,33
306,93	13539,33
307,155	13935,33
307,379	13875,33
307,604	14009,33
307,828	14006,33
308,052	14452,33
308,277	14291,33
308,501	14264,33
308,726	14380,33
308,95	14229,33
309,175	14087,33
309,399	14391,33
309,623	14308,33
309,848	14275,33
310,072	14217,33
310,296	14651,33
310,521	14334,33
310,745	14199,33
310,969	14498,33
311,193	14411,33
311,418	14332,33
311,642	14244,33
311,866	14359,33
312,09	14326,33
312,315	14437,33
312,539	14213,33
312,763	14179,33
312,987	14338,33
313,211	14105,33
313,435	14067,33
313,659	14039,33
313,884	14500,33
314,108	14249,33
314,332	14306,33
314,556	13970,33
314,78	14251,33
315,004	14065,33
315,228	14174,33
315,452	14100,33
315,676	14093,33
315,9	13966,33
316,124	13745,33
316,348	13844,33
316,572	13811,33
316,796	13842,33
317,02	13792,33
317,244	13913,33
317,468	13646,33
317,691	13912,33
317,915	13757,33
318,139	13531,33
318,363	14088,33
318,587	13598,33
318,811	13400,33
319,034	13474,33
319,258	13598,33
319,482	13679,33
319,706	13572,33
319,93	13381,33
320,153	13333,33
320,377	13373,33
320,601	13331,33
320,824	13242,33
321,048	13793,33
321,272	13594,33
321,495	13555,33
321,719	13541,33
321,943	13464,33
322,166	13590,33
322,39	13683,33
322,614	13692,33
322,837	13858,33
323,061	13606,33
323,284	13772,33
323,508	13742,33
323,731	13632,33
323,955	13663,33
324,178	13684,33
324,402	13863,33
324,625	13641,33
324,849	13644,33
325,072	13806,33
325,296	13742,33
325,519	13670,33
325,743	13547,33
325,966	13924,33
326,189	13573,33
326,413	13401,33
326,636	13670,33
326,859	13455,33
327,083	13689,33
327,306	13196,33
327,529	13102,33
327,753	12954,33
327,976	13143,33
328,199	13307,33
328,422	13215,33
328,646	13184,33
328,869	13051,33
329,092	13470,33
329,315	13411,33
329,538	13283,33
329,762	13465,33
329,985	13416,33
330,208	13541,33
330,431	13468,33
330,654	13605,33
330,877	13383,33
331,1	13566,33
331,323	13539,33
331,546	13814,33
331,769	13568,33
331,993	13405,33
332,216	13460,33
332,439	13407,33
332,662	13579,33
332,885	13528,33
333,107	13342,33
333,33	13310,33
333,553	13601,33
333,776	13348,33
333,999	13478,33
334,222	13312,33
334,445	13200,33
334,668	13286,33
334,891	13469,33
335,114	13302,33
335,336	13254,33
335,559	13359,33
335,782	13626,33
336,005	13157,33
336,228	13286,33
336,45	13091,33
336,673	13123,33
336,896	13275,33
337,119	13247,33
337,341	13120,33
337,564	13164,33
337,787	13253,33
338,009	13052,33
338,232	13094,33
338,455	13141,33
338,677	12979,33
338,9	13046,33
339,122	13173,33
339,345	12916,33
339,568	12830,33
339,79	12863,33
340,013	13122,33
340,235	12825,33
340,458	12915,33
340,68	13020,33
340,903	12644,33
341,125	12682,33
341,348	12709,33
341,57	12652,33
341,793	12891,33
342,015	12389,33
342,238	12472,33
342,46	12487,33
342,682	12471,33
342,905	12363,33
343,127	12270,33
343,349	12145,33
343,572	12083,33
343,794	12198,33
344,016	12055,33
344,239	12160,33
344,461	11986,33
344,683	12057,33
344,905	12149,33
345,128	12062,33
345,35	12177,33
345,572	12463,33
345,794	12632,33
346,017	12420,33
346,239	12412,33
346,461	12486,33
346,683	12314,33
346,905	12646,33
347,127	12460,33
347,349	12434,33
347,571	12533,33
347,793	12535,33
348,016	12506,33
348,238	12294,33
348,46	12391,33
348,682	12369,33
348,904	12389,33
349,126	12353,33
349,348	12325,33
349,57	12366,33
349,792	12170,33
350,014	12211,33
350,235	12292,33
350,457	13264,33
350,679	12084,33
350,901	11959,33
351,123	12067,33
351,345	11936,33
351,567	11989,33
351,789	12002,33
352,01	11908,33
352,232	11735,33
352,454	11580,33
352,676	11492,33
352,897	11552,33
353,119	10960,33
353,341	10982,33
353,563	11024,33
353,784	10647,33
354,006	10923,33
354,228	11013,33
354,449	11225,33
354,671	11384,33
354,893	11506,33
355,114	11459,33
355,336	11556,33
355,558	11518,33
355,779	11545,33
356,001	11643,33
356,222	11505,33
356,444	11402,33
356,665	11833,33
356,887	11593,33
357,108	11383,33
357,33	11589,33
357,551	11543,33
357,773	11483,33
357,994	11287,33
358,216	11174,33
358,437	11464,33
358,659	11346,33
358,88	11313,33
359,101	11254,33
359,323	11400,33
359,544	11157,33
359,765	11183,33
359,987	11142,33
360,208	10995,33
360,429	11065,33
360,651	11065,33
360,872	11273,33
361,093	11018,33
361,314	11050,33
361,536	10940,33
361,757	10815,33
361,978	10881,33
362,199	10694,33
362,42	10673,33
362,642	10834,33
362,863	10964,33
363,084	10807,33
363,305	10842,33
363,526	10679,33
363,747	10609,33
363,968	10662,33
364,189	10672,33
364,41	10417,33
364,631	10392,33
364,852	10533,33
365,073	10364,33
365,294	10463,33
365,515	10245,33
365,736	10515,33
365,957	10371,33
366,178	10404,33
366,399	10468,33
366,62	10563,33
366,841	10649,33
367,062	10578,33
367,283	10563,33
367,504	10576,33
367,724	10389,33
367,945	10432,33
368,166	10632,33
368,387	10564,33
368,608	10528,33
368,828	10598,33
369,049	10290,33
369,27	10395,33
369,491	10272,33
369,711	10343,33
369,932	10487,33
370,153	10375,33
370,373	10290,33
370,594	10647,33
370,815	10307,33
371,035	10308,33
371,256	10079,33
371,477	10178,33
371,697	10207,33
371,918	10019,33
372,138	10316,33
372,359	10468,33
372,579	9944,33
372,8	10099,33
373,02	10130,33
373,241	10170,33
373,461	10142,33
373,682	10325,33
373,902	10121,33
374,123	10101,33
374,343	10358,33
374,564	10105,33
374,784	10011,33
375,004	10009,33
375,225	9745,33
375,445	9691,33
375,666	9799,33
375,886	9511,33
376,106	9620,33
376,326	9723,33
376,547	10105,33
376,767	9885,33
376,987	10125,33
377,208	10138,33
377,428	10145,33
377,648	10342,33
377,868	10611,33
378,088	10559,33
378,309	10568,33
378,529	10756,33
378,749	10828,33
378,969	10626,33
379,189	10563,33
379,409	10443,33
379,629	10325,33
379,849	10300,33
380,069	10215,33
380,29	10199,33
380,51	10133,33
380,73	10076,33
380,95	10197,33
381,17	9983,33
381,39	10025,33
381,61	9883,33
381,829	10011,33
382,049	10021,33
382,269	10007,33
382,489	9884,33
382,709	9699,33
382,929	9686,33
383,149	9709,33
383,369	9924,33
383,589	9647,33
383,808	9838,33
384,028	9672,33
384,248	9737,33
384,468	9756,33
384,688	9783,33
384,907	9817,33
385,127	9847,33
385,347	9844,33
385,567	9989,33
385,786	10057,33
386,006	9990,33
386,226	10117,33
386,445	10210,33
386,665	10294,33
386,885	10418,33
387,104	10567,33
387,324	10452,33
387,543	10499,33
387,763	10570,33
387,982	10792,33
388,202	10599,33
388,422	10565,33
388,641	10495,33
388,861	10347,33
389,08	10383,33
389,3	10021,33
389,519	10261,33
389,738	10383,33
389,958	10303,33
390,177	10204,33
390,397	10361,33
390,616	10319,33
390,836	10401,33
391,055	10411,33
391,274	10556,33
391,494	10524,33
391,713	10739,33
391,932	10973,33
392,151	10988,33
392,371	11061,33
392,59	11155,33
392,809	10962,33
393,029	10583,33
393,248	10455,33
393,467	10072,33
393,686	10037,33
393,905	11149,33
394,124	9977,33
394,344	10228,33
394,563	10326,33
394,782	10015,33
395,001	10236,33
395,22	10110,33
395,439	10455,33
395,658	10182,33
395,877	10412,33
396,096	10301,33
396,315	10577,33
396,534	10385,33
396,753	10729,33
396,972	10777,33
397,191	11017,33
397,41	11197,33
397,629	11308,33
397,848	11318,33
398,067	11494,33
398,286	11445,33
398,505	11081,33
398,724	11247,33
398,943	11269,33
399,161	10530,33
399,38	10568,33
399,599	10498,33
399,818	10223,33
400,037	10309,33
400,255	10198,33
400,474	10187,33
400,693	10290,33
400,912	10383,33
401,13	9980,33
401,349	9941,33
401,568	9857,33
401,786	10015,33
402,005	9908,33
402,224	9772,33
402,442	9683,33
402,661	9809,33
402,88	9715,33
403,098	9628,33
403,317	9848,33
403,535	9634,33
403,754	9650,33
403,972	9908,33
404,191	9733,33
404,409	10004,33
404,628	10663,33
404,846	10172,33
405,065	10332,33
405,283	10278,33
405,502	9926,33
405,72	10061,33
405,938	9669,33
406,157	9486,33
406,375	9343,33
406,594	9468,33
406,812	9343,33
407,03	9407,33
407,249	9085,33
407,467	9569,33
407,685	9661,33
407,903	9543,33
408,122	9883,33
408,34	9825,33
408,558	9716,33
408,776	9579,33
408,995	9799,33
409,213	9733,33
409,431	9772,33
409,649	9777,33
409,867	9428,33
410,085	9370,33
410,303	9391,33
410,522	9191,33
410,74	9293,33
410,958	9240,33
411,176	9298,33
411,394	9268,33
411,612	9265,33
411,83	9625,33
412,048	9688,33
412,266	9570,33
412,484	9418,33
412,702	9777,33
412,92	9366,33
413,138	9473,33
413,356	9410,33
413,573	9306,33
413,791	9361,33
414,009	9018,33
414,227	9206,33
414,445	8940,33
414,663	8974,33
414,881	9172,33
415,098	8942,33
415,316	8998,33
415,534	9376,33
415,752	9055,33
415,969	9294,33
416,187	8971,33
416,405	9086,33
416,623	9156,33
416,84	8812,33
417,058	9028,33
417,276	9097,33
417,493	9031,33
417,711	8959,33
417,928	8968,33
418,146	8841,33
418,364	9013,33
418,581	9222,33
418,799	8961,33
419,016	9055,33
419,234	9082,33
419,451	9589,33
419,669	9211,33
419,886	9363,33
420,104	9215,33
420,321	9513,33
420,539	9755,33
420,756	10054,33
420,974	10047,33
421,191	10272,33
421,408	10343,33
421,626	10278,33
421,843	9757,33
422,06	9662,33
422,278	9525,33
422,495	9521,33
422,712	9581,33
422,93	9524,33
423,147	9501,33
423,364	9390,33
423,581	9410,33
423,799	9093,33
424,016	9078,33
424,233	9302,33
424,45	9355,33
424,667	9443,33
424,884	9243,33
425,102	9297,33
425,319	8895,33
425,536	8913,33
425,753	8909,33
425,97	8912,33
426,187	8827,33
426,404	8839,33
426,621	9402,33
426,838	9594,33
427,055	9515,33
427,272	9426,33
427,489	9373,33
427,706	9030,33
427,923	8978,33
428,14	9172,33
428,357	9532,33
428,574	9307,33
428,791	9533,33
429,008	9898,33
429,224	10061,33
429,441	10292,33
429,658	10560,33
429,875	10666,33
430,092	10406,33
430,308	10352,33
430,525	9988,33
430,742	9574,33
430,959	9500,33
431,175	8993,33
431,392	8709,33
431,609	8679,33
431,826	8439,33
432,042	8384,33
432,259	8433,33
432,476	8751,33
432,692	8450,33
432,909	8939,33
433,125	9522,33
433,342	9799,33
433,559	9870,33
433,775	9599,33
433,992	8900,33
434,208	8417,33
434,425	8658,33
434,641	8936,33
434,858	9080,33
435,074	8683,33
435,291	8756,33
435,507	8612,33
435,723	8869,33
435,94	8883,33
436,156	9073,33
436,373	9164,33
436,589	8846,33
436,805	8589,33
437,022	8577,33
437,238	8628,33
437,454	8678,33
437,671	8702,33
437,887	8839,33
438,103	8767,33
438,319	8836,33
438,536	8999,33
438,752	8747,33
438,968	8728,33
439,184	8587,33
439,4	8478,33
439,616	8303,33
439,833	8489,33
440,049	8554,33
440,265	8823,33
440,481	9140,33
440,697	9602,33
440,913	9911,33
441,129	9929,33
441,345	9861,33
441,561	9523,33
441,777	9227,33
441,993	9095,33
442,209	9044,33
442,425	9238,33
442,641	9026,33
442,857	9259,33
443,073	9299,33
443,289	9328,33
443,505	9305,33
443,721	9197,33
443,937	9029,33
444,152	8987,33
444,368	9049,33
444,584	8826,33
444,8	8958,33
445,016	8786,33
445,231	8575,33
445,447	8893,33
445,663	8821,33
445,879	8877,33
446,094	8940,33
446,31	8922,33
446,526	8882,33
446,742	8671,33
446,957	8673,33
447,173	8571,33
447,388	8560,33
447,604	8694,33
447,82	8334,33
448,035	8533,33
448,251	8411,33
448,466	8551,33
448,682	8458,33
448,897	8348,33
449,113	8452,33
449,328	8535,33
449,544	8294,33
449,759	8625,33
449,975	8233,33
450,19	8092,33
450,406	8189,33
450,621	8000,33
450,836	7906,33
451,052	7914,33
451,267	7939,33
451,483	8043,33
451,698	7905,33
451,913	8034,33
452,129	8002,33
452,344	7655,33
452,559	7886,33
452,774	7635,33
452,99	7357,33
453,205	7586,33
453,42	7745,33
453,635	7678,33
453,85	7427,33
454,066	7571,33
454,281	7834,33
454,496	7731,33
454,711	7737,33
454,926	7877,33
455,141	7667,33
455,356	7590,33
455,571	7323,33
455,786	7440,33
456,001	7305,33
456,217	7189,33
456,432	7500,33
456,647	7512,33
456,861	7613,33
457,076	7609,33
457,291	7807,33
457,506	7854,33
457,721	7834,33
457,936	7916,33
458,151	7840,33
458,366	8033,33
458,581	7647,33
458,796	8010,33
459,01	7951,33
459,225	7859,33
459,44	7613,33
459,655	7722,33
459,87	7336,33
460,084	7447,33
460,299	7483,33
460,514	7580,33
460,729	7975,33
460,943	7413,33
461,158	7108,33
461,373	7025,33
461,587	6828,33
461,802	6439,33
462,016	6992,33
462,231	6603,33
462,446	6719,33
462,66	6853,33
462,875	7093,33
463,089	7185,33
463,304	7135,33
463,518	7375,33
463,733	7372,33
463,947	7396,33
464,162	7455,33
464,376	7676,33
464,591	7746,33
464,805	7565,33
465,02	7884,33
465,234	7957,33
465,448	7867,33
465,663	7582,33
465,877	7439,33
466,091	7081,33
466,306	7069,33
466,52	7028,33
466,734	6724,33
466,949	6633,33
467,163	6701,33
467,377	6665,33
467,591	6811,33
467,806	6571,33
468,02	6598,33
468,234	6407,33
468,448	6401,33
468,662	6313,33
468,876	6459,33
469,091	6326,33
469,305	6080,33
469,519	5938,33
469,733	5844,33
469,947	5916,33
470,161	6058,33
470,375	5669,33
470,589	5890,33
470,803	6016,33
471,017	5894,33
471,231	5885,33
471,445	5883,33
471,659	6037,33
471,873	6038,33
472,087	5981,33
472,301	6161,33
472,515	6100,33
472,728	6348,33
472,942	6270,33
473,156	6317,33
473,37	6166,33
473,584	6135,33
473,798	6178,33
474,011	6098,33
474,225	6145,33
474,439	6440,33
474,653	6501,33
474,866	6523,33
475,08	6493,33
475,294	6369,33
475,507	6195,33
475,721	6182,33
475,935	6264,33
476,148	6045,33
476,362	5936,33
476,576	5853,33
476,789	5886,33
477,003	5917,33
477,216	6207,33
477,43	6351,33
477,643	6414,33
477,857	6460,33
478,07	6216,33
478,284	6166,33
478,497	6091,33
478,711	6161,33
478,924	6091,33
479,138	6233,33
479,351	6287,33
479,564	6509,33
479,778	6590,33
479,991	6396,33
480,204	6391,33
480,418	6358,33
480,631	6278,33
480,844	6529,33
481,058	6384,33
481,271	6541,33
481,484	6566,33
481,697	6386,33
481,911	6392,33
482,124	6229,33
482,337	6250,33
482,55	6190,33
482,763	6050,33
482,976	6411,33
483,19	6258,33
483,403	6316,33
483,616	6569,33
483,829	6696,33
484,042	6701,33
484,255	7066,33
484,468	6902,33
484,681	6935,33
484,894	8625,33
485,107	14928,33
485,32	20351,33
485,533	19952,33
485,746	17051,33
485,959	13821,33
486,172	10945,33
486,385	8505,33
486,598	7653,33
486,81	7082,33
487,023	6693,33
487,236	6669,33
487,449	6317,33
487,662	6040,33
487,875	5891,33
488,087	5944,33
488,3	5914,33
488,513	5654,33
488,726	5819,33
488,938	5945,33
489,151	5957,33
489,364	5861,33
489,576	5937,33
489,789	5948,33
490,002	5743,33
490,214	5763,33
490,427	5623,33
490,64	5836,33
490,852	5808,33
491,065	5540,33
491,277	5709,33
491,49	5680,33
491,702	5482,33
491,915	5713,33
492,127	5714,33
492,34	5698,33
492,552	5578,33
492,765	5779,33
492,977	5930,33
493,19	5586,33
493,402	5673,33
493,614	5666,33
493,827	5727,33
494,039	5679,33
494,251	5625,33
494,464	5533,33
494,676	5370,33
494,888	5353,33
495,101	5245,33
495,313	5493,33
495,525	5788,33
495,737	6105,33
495,95	6093,33
496,162	6042,33
496,374	5762,33
496,586	5565,33
496,798	5238,33
497,01	5210,33
497,222	4943,33
497,435	5495,33
497,647	5105,33
497,859	5251,33
498,071	5395,33
498,283	5430,33
498,495	5476,33
498,707	5654,33
498,919	5675,33
499,131	5709,33
499,343	5463,33
499,555	5371,33
499,767	5349,33
499,979	5237,33
500,191	5351,33
500,402	5168,33
500,614	5600,33
500,826	5705,33
501,038	5351,33
501,25	5475,33
501,462	5379,33
501,673	5556,33
501,885	5509,33
502,097	5646,33
502,309	5550,33
502,521	5580,33
502,732	5475,33
502,944	5507,33
503,156	5375,33
503,367	5269,33
503,579	5100,33
503,791	5177,33
504,002	5180,33
504,214	5185,33
504,425	5301,33
504,637	5301,33
504,849	5234,33
505,06	5209,33
505,272	5172,33
505,483	5015,33
505,695	5181,33
505,906	5168,33
506,118	5317,33
506,329	4975,33
506,541	4864,33
506,752	4765,33
506,963	4735,33
507,175	4791,33
507,386	5198,33
507,598	4995,33
507,809	4658,33
508,02	5002,33
508,232	4989,33
508,443	4757,33
508,654	4970,33
508,865	4778,33
509,077	4529,33
509,288	4620,33
509,499	4970,33
509,71	4576,33
509,922	4789,33
510,133	4645,33
510,344	4806,33
510,555	4568,33
510,766	4550,33
510,977	4611,33
511,188	4529,33
511,4	4425,33
511,611	4324,33
511,822	4455,33
512,033	4432,33
512,244	4515,33
512,455	4439,33
512,666	4406,33
512,877	4465,33
513,088	4331,33
513,299	4381,33
513,51	4366,33
513,721	4356,33
513,931	4415,33
514,142	4498,33
514,353	4373,33
514,564	4106,33
514,775	4079,33
514,986	4223,33
515,196	4353,33
515,407	4185,33
515,618	4210,33
515,829	4172,33
516,04	4296,33
516,25	4259,33
516,461	4203,33
516,672	4138,33
516,882	4107,33
517,093	4241,33
517,304	3999,33
517,514	4009,33
517,725	4150,33
517,936	3992,33
518,146	4015,33
518,357	4193,33
518,567	4245,33
518,778	4539,33
518,988	4203,33
519,199	4375,33
519,409	3944,33
519,62	4071,33
519,83	3848,33
520,041	3925,33
520,251	3886,33
520,462	3889,33
520,672	3869,33
520,882	4099,33
521,093	4050,33
521,303	4097,33
521,513	3897,33
521,724	4878,33
521,934	3783,33
522,144	3902,33
522,355	3750,33
522,565	3888,33
522,775	3919,33
522,985	3826,33
523,196	3861,33
523,406	3851,33
523,616	4044,33
523,826	3816,33
524,036	4687,33
524,246	3763,33
524,457	3807,33
524,667	3629,33
524,877	3820,33
525,087	3763,33
525,297	3665,33
525,507	3933,33
525,717	3585,33
525,927	3717,33
526,137	3688,33
526,347	3839,33
526,557	3821,33
526,767	3746,33
526,977	3960,33
527,187	3616,33
527,397	3637,33
527,607	3594,33
527,816	3669,33
528,026	3828,33
528,236	4063,33
528,446	4016,33
528,656	4027,33
528,865	4103,33
529,075	3714,33
529,285	3756,33
529,495	3926,33
529,704	3763,33
529,914	3648,33
530,124	3637,33
530,334	3619,33
530,543	3515,33
530,753	3913,33
530,963	3955,33
531,172	3626,33
531,382	3407,33
531,591	3876,33
531,801	3515,33
532,01	3518,33
532,22	3599,33
532,43	3515,33
532,639	4191,33
532,849	3875,33
533,058	3636,33
533,267	3900,33
533,477	3649,33
533,686	3641,33
533,896	3663,33
534,105	3734,33
534,315	3779,33
534,524	3743,33
534,733	3621,33
534,943	3777,33
535,152	3700,33
535,361	3438,33
535,57	3428,33
535,78	3391,33
535,989	3277,33
536,198	3223,33
536,407	3229,33
536,617	3305,33
536,826	3308,33
537,035	3504,33
537,244	3415,33
537,453	3259,33
537,662	3525,33
537,872	3657,33
538,081	3487,33
538,29	3326,33
538,499	3489,33
538,708	3491,33
538,917	3552,33
539,126	3585,33
539,335	3567,33
539,544	3875,33
539,753	3341,33
539,962	3424,33
540,171	3324,33
540,38	3543,33
540,589	3542,33
540,797	3721,33
541,006	3462,33
541,215	3565,33
541,424	3712,33
541,633	3553,33
541,842	3513,33
542,05	3771,33
542,259	3578,33
542,468	3540,33
542,677	3601,33
542,885	3678,33
543,094	3568,33
543,303	3476,33
543,512	3688,33
543,72	3706,33
543,929	3718,33
544,138	3531,33
544,346	3484,33
544,555	3587,33
544,763	3609,33
544,972	3322,33
545,18	3220,33
545,389	3357,33
545,598	3461,33
545,806	3336,33
546,015	3344,33
546,223	3351,33
546,431	3338,33
546,64	3353,33
546,848	3297,33
547,057	3582,33
547,265	3518,33
547,474	3698,33
547,682	3744,33
547,89	3590,33
548,099	3495,33
548,307	3379,33
548,515	3481,33
548,723	3347,33
548,932	3134,33
549,14	3294,33
549,348	3409,33
549,556	3227,33
549,765	3171,33
549,973	3060,33
550,181	3276,33
550,389	3238,33
550,597	3200,33
550,805	2990,33
551,014	3296,33
551,222	7337,33
551,43	3308,33
551,638	3509,33
551,846	3549,33
552,054	3561,33
552,262	3492,33
552,47	3171,33
552,678	3164,33
552,886	3183,33
553,094	3223,33
553,302	3373,33
553,51	3310,33
553,717	3296,33
553,925	2977,33
554,133	3287,33
554,341	2936,33
554,549	3287,33
554,757	3311,33
554,965	3347,33
555,172	3306,33
555,38	3628,33
555,588	3177,33
555,796	3284,33
556,003	3244,33
556,211	2939,33
556,419	3021,33
556,626	3145,33
556,834	2958,33
557,042	2984,33
557,249	3103,33
557,457	3000,33
557,664	2806,33
557,872	2840,33
558,08	2813,33
558,287	2922,33
558,495	2729,33
558,702	2710,33
558,91	2779,33
559,117	2863,33
559,325	2909,33
559,532	2901,33
559,74	3215,33
559,947	2726,33
560,154	3238,33
560,362	2980,33
560,569	3055,33
560,776	3001,33
560,984	3011,33
561,191	2911,33
561,398	2925,33
561,606	3285,33
561,813	2847,33
562,02	2649,33
562,227	2655,33
562,435	2885,33
562,642	2927,33
562,849	3001,33
563,056	2915,33
563,263	2795,33
563,471	3005,33
563,678	2903,33
563,885	2902,33
564,092	2914,33
564,299	2895,33
564,506	2954,33
564,713	2911,33
564,92	2863,33
565,127	2871,33
565,334	2853,33
565,541	3217,33
565,748	2927,33
565,955	2763,33
566,162	2860,33
566,369	2961,33
566,576	3149,33
566,783	3295,33
566,99	3172,33
567,196	3493,33
567,403	3094,33
567,61	3320,33
567,817	3237,33
568,024	3303,33
568,23	3413,33
568,437	3260,33
568,644	3631,33
568,851	3593,33
569,057	4141,33
569,264	4153,33
569,471	3983,33
569,677	4022,33
569,884	3908,33
570,091	3942,33
570,297	5012,33
570,504	4425,33
570,71	4242,33
570,917	4129,33
571,123	4068,33
571,33	4419,33
571,536	4279,33
571,743	4187,33
571,949	3622,33
572,156	3287,33
572,362	3680,33
572,569	3872,33
572,775	4247,33
572,982	4385,33
573,188	4205,33
573,394	4159,33
573,601	4259,33
573,807	4341,33
574,013	4596,33
574,22	4259,33
574,426	4104,33
574,632	4264,33
574,838	3955,33
575,045	3733,33
575,251	3585,33
575,457	3617,33
575,663	3999,33
575,869	3929,33
576,076	4016,33
576,282	4279,33
576,488	4111,33
576,694	4015,33
576,9	4005,33
577,106	4526,33
577,312	4963,33
577,518	5133,33
577,724	4631,33
577,93	4224,33
578,136	3805,33
578,342	3752,33
578,548	3492,33
578,754	3440,33
578,96	3722,33
579,166	3944,33
579,372	4170,33
579,578	3892,33
579,784	4140,33
579,989	3926,33
580,195	3719,33
580,401	3753,33
580,607	4150,33
580,813	5283,33
581,018	5771,33
581,224	5293,33
581,43	4979,33
581,636	4796,33
581,841	4655,33
582,047	4097,33
582,253	3827,33
582,458	3499,33
582,664	3267,33
582,869	3250,33
583,075	2866,33
583,281	3425,33
583,486	3298,33
583,692	3399,33
583,897	3618,33
584,103	3471,33
584,308	3630,33
584,514	4063,33
584,719	4052,33
584,925	3933,33
585,13	3751,33
585,335	3682,33
585,541	3489,33
585,746	3346,33
585,952	3046,33
586,157	3223,33
586,362	3198,33
586,568	3384,33
586,773	3620,33
586,978	3459,33
587,183	3423,33
587,389	3320,33
587,594	3004,33
587,799	3094,33
588,004	3230,33
588,21	3132,33
588,415	2723,33
588,62	2627,33
588,825	2781,33
589,03	2651,33
589,235	3296,33
589,44	3128,33
589,645	2638,33
589,85	2792,33
590,055	2908,33
590,26	2576,33
590,465	2481,33
590,67	2513,33
590,875	2694,33
591,08	2647,33
591,285	2582,33
591,49	2528,33
591,695	2377,33
591,9	2502,33
592,105	2857,33
592,31	2942,33
592,515	3194,33
592,719	2676,33
592,924	2975,33
593,129	2650,33
593,334	2653,33
593,539	2470,33
593,743	2603,33
593,948	2347,33
594,153	2180,33
594,357	2519,33
594,562	2520,33
594,767	2815,33
594,971	2265,33
595,176	2356,33
595,381	2490,33
595,585	2309,33
595,79	2532,33
595,994	2130,33
596,199	2716,33
596,403	2024,33
596,608	2229,33
596,812	2384,33
597,017	2378,33
597,221	2578,33
597,426	2505,33
597,63	2182,33
597,835	2134,33
598,039	2077,33
598,243	2283,33
598,448	2716,33
598,652	2405,33
598,856	2343,33
599,061	2432,33
599,265	2261,33
599,469	2298,33
599,673	2442,33
599,878	2487,33
600,082	2215,33
600,286	2311,33
600,49	2389,33
600,695	2144,33
600,899	2239,33
601,103	2290,33
601,307	2470,33
601,511	2237,33
601,715	2200,33
601,919	2128,33
602,123	2473,33
602,327	2341,33
602,531	2359,33
602,735	2428,33
602,939	2653,33
603,143	2347,33
603,347	2381,33
603,551	2236,33
603,755	2266,33
603,959	2273,33
604,163	2241,33
604,367	2125,33
604,571	2133,33
604,775	2321,33
604,978	2272,33
605,182	2143,33
605,386	2348,33
605,59	2204,33
605,793	2145,33
605,997	2280,33
606,201	2195,33
606,405	2149,33
606,608	2340,33
606,812	2231,33
607,016	2331,33
607,219	2155,33
607,423	2192,33
607,627	2322,33
607,83	2130,33
608,034	2078,33
608,237	2219,33
608,441	2060,33
608,644	2248,33
608,848	2226,33
609,051	2135,33
609,255	2096,33
609,458	2331,33
609,662	2211,33
609,865	2070,33
610,069	1982,33
610,272	2012,33
610,475	1990,33
610,679	2127,33
610,882	2079,33
611,085	2022,33
611,289	2207,33
611,492	2011,33
611,695	1987,33
611,898	2027,33
612,102	2158,33
612,305	2099,33
612,508	2055,33
612,711	2204,33
612,914	1991,33
613,118	2128,33
613,321	2130,33
613,524	1999,33
613,727	2000,33
613,93	1980,33
614,133	2108,33
614,336	2106,33
614,539	1995,33
614,742	1999,33
614,945	2002,33
615,148	2211,33
615,351	2087,33
615,554	2125,33
615,757	1897,33
615,96	2001,33
616,163	1976,33
616,366	2085,33
616,569	2006,33
616,772	2286,33
616,974	2049,33
617,177	2193,33
617,38	2063,33
617,583	2130,33
617,786	1973,33
617,988	1929,33
618,191	2103,33
618,394	2258,33
618,596	1897,33
618,799	1941,33
619,002	2037,33
619,204	2083,33
619,407	2244,33
619,61	1956,33
619,812	2142,33
620,015	2043,33
620,217	2167,33
620,42	1995,33
620,623	1893,33
620,825	1986,33
621,028	2201,33
621,23	2122,33
621,432	2146,33
621,635	2162,33
621,837	2114,33
622,04	1985,33
622,242	2021,33
622,445	1989,33
622,647	2037,33
622,849	2156,33
623,052	1854,33
623,254	2097,33
623,456	1941,33
623,658	2067,33
623,861	2168,33
624,063	2070,33
624,265	2104,33
624,467	2091,33
624,67	1858,33
624,872	2069,33
625,074	2224,33
625,276	2143,33
625,478	2067,33
625,68	1779,33
625,882	1883,33
626,084	2011,33
626,287	2120,33
626,489	2106,33
626,691	2043,33
626,893	2012,33
627,095	2069,33
627,297	2019,33
627,499	1938,33
627,7	1745,33
627,902	1742,33
628,104	1777,33
628,306	1641,33
628,508	1745,33
628,71	1920,33
628,912	2139,33
629,114	2189,33
629,315	1959,33
629,517	1852,33
629,719	1842,33
629,921	1960,33
630,122	1865,33
630,324	1856,33
630,526	2009,33
630,728	1847,33
630,929	1912,33
631,131	1835,33
631,332	2091,33
631,534	2042,33
631,736	1999,33
631,937	1691,33
632,139	1953,33
632,34	1921,33
632,542	1931,33
632,743	1927,33
632,945	1876,33
633,146	1917,33
633,348	1909,33
633,549	1897,33
633,751	1777,33
633,952	1886,33
634,154	1727,33
634,355	1646,33
634,556	1868,33
634,758	1785,33
634,959	1799,33
635,16	1775,33
635,362	1786,33
635,563	1866,33
635,764	1834,33
635,965	1927,33
636,167	1998,33
636,368	1786,33
636,569	1783,33
636,77	2012,33
636,971	1778,33
637,172	1903,33
637,374	1833,33
637,575	2012,33
637,776	1555,33
637,977	1703,33
638,178	1861,33
638,379	1774,33
638,58	1821,33
638,781	1599,33
638,982	1798,33
639,183	1745,33
639,384	1743,33
639,585	1713,33
639,786	1711,33
639,987	1769,33
640,187	1805,33
640,388	1879,33
640,589	1642,33
640,79	1692,33
640,991	1761,33
641,192	1913,33
641,392	1660,33
641,593	1693,33
641,794	1630,33
641,995	1708,33
642,195	1591,33
642,396	1707,33
642,597	1624,33
642,797	1719,33
642,998	1834,33
643,199	1696,33
643,399	1817,33
643,6	1663,33
643,8	1709,33
644,001	1795,33
644,202	1744,33
644,402	1706,33
644,603	1776,33
644,803	1645,33
645,004	1701,33
645,204	1652,33
645,404	1557,33
645,605	2081,33
645,805	1643,33
646,006	1614,33
646,206	2135,33
646,406	1655,33
646,607	1505,33
646,807	1377,33
647,007	-16,67
647,208	17,33
647,408	-24,67
647,608	2,33
