200,697	920,83
200,927	-43,17
201,158	-20,17
201,388	-26,17
201,618	1234,83
201,849	1122,83
202,079	1257,83
202,309	1252,83
202,539	1391,83
202,77	1268,83
203	1356,83
203,23	1351,83
203,46	1038,83
203,691	1317,83
203,921	1384,83
204,151	1251,83
204,381	1325,83
204,611	1348,83
204,841	1202,83
205,071	1314,83
205,302	1402,83
205,532	1433,83
205,762	3368,83
205,992	1230,83
206,222	1311,83
206,452	1351,83
206,682	1449,83
206,912	1463,83
207,142	1595,83
207,372	1214,83
207,602	1355,83
207,832	1354,83
208,062	1410,83
208,292	1411,83
208,522	1226,83
208,752	1410,83
208,982	1295,83
209,212	1408,83
209,442	1252,83
209,672	1296,83
209,902	1286,83
210,131	1431,83
210,361	1313,83
210,591	1364,83
210,821	1333,83
211,051	1523,83
211,281	1310,83
211,51	1358,83
211,74	1428,83
211,97	1293,83
212,2	1313,83
212,429	1592,83
212,659	1446,83
212,889	1441,83
213,119	1376,83
213,348	1303,83
213,578	1318,83
213,808	1363,83
214,037	1490,83
214,267	1498,83
214,497	1363,83
214,726	1309,83
214,956	1336,83
215,186	1320,83
215,415	1355,83
215,645	1397,83
215,874	1437,83
216,104	1234,83
216,333	1454,83
216,563	1384,83
216,792	1443,83
217,022	1474,83
217,251	1337,83
217,481	1298,83
217,71	1371,83
217,94	1351,83
218,169	1363,83
218,399	1432,83
218,628	1370,83
218,858	1466,83
219,087	1502,83
219,316	1471,83
219,546	1361,83
219,775	1377,83
220,004	1468,83
220,234	1369,83
220,463	1397,83
220,692	1377,83
220,922	1410,83
221,151	1389,83
221,38	1357,83
221,61	1762,83
221,839	1603,83
222,068	1446,83
222,297	1583,83
222,526	1181,83
222,756	1483,83
222,985	1525,83
223,214	1454,83
223,443	1428,83
223,672	1954,83
223,902	1377,83
224,131	1519,83
224,36	1546,83
224,589	1357,83
224,818	1420,83
225,047	1584,83
225,276	1420,83
225,505	1757,83
225,734	1623,83
225,963	1462,83
226,192	1546,83
226,421	1510,83
226,65	1515,83
226,879	1581,83
227,108	1577,83
227,337	1638,83
227,566	1719,83
227,795	1598,83
228,024	1571,83
228,253	1508,83
228,482	1467,83
228,711	1618,83
228,94	1521,83
229,168	1613,83
229,397	1612,83
229,626	1699,83
229,855	1614,83
230,084	1652,83
230,313	1564,83
230,541	1801,83
230,77	1751,83
230,999	1599,83
231,228	1984,83
231,456	1819,83
231,685	1719,83
231,914	1957,83
232,143	1991,83
232,371	1886,83
232,6	1816,83
232,829	1939,83
233,057	2051,83
233,286	1814,83
233,515	1975,83
233,743	1999,83
233,972	1962,83
234,2	2042,83
234,429	1972,83
234,658	2071,83
234,886	2019,83
235,115	2117,83
235,343	2198,83
235,572	2114,83
235,8	2175,83
236,029	2531,83
236,257	2145,83
236,486	2367,83
236,714	2478,83
236,943	2525,83
237,171	2375,83
237,399	2442,83
237,628	2615,83
237,856	2709,83
238,085	2644,83
238,313	2625,83
238,541	2746,83
238,77	2970,83
238,998	2701,83
239,226	2818,83
239,455	2852,83
239,683	2976,83
239,911	2885,83
240,14	3114,83
240,368	3080,83
240,596	3107,83
240,824	3139,83
241,053	3117,83
241,281	3326,83
241,509	3261,83
241,737	3137,83
241,965	3207,83
242,193	3266,83
242,422	3338,83
242,65	3524,83
242,878	3468,83
243,106	3425,83
243,334	3618,83
243,562	3585,83
243,79	3730,83
244,018	3750,83
244,246	3721,83
244,474	3861,83
244,702	3909,83
244,93	3974,83
245,158	3974,83
245,386	4074,83
245,614	4086,83
245,842	4213,83
246,07	4011,83
246,298	4221,83
246,526	4596,83
246,754	4117,83
246,982	4280,83
247,21	4328,83
247,438	4406,83
247,666	4407,83
247,893	4388,83
248,121	4399,83
248,349	4448,83
248,577	4479,83
248,805	4710,83
249,033	4517,83
249,26	4595,83
249,488	4651,83
249,716	4476,83
249,944	4656,83
250,171	4695,83
250,399	4679,83
250,627	4930,83
250,854	5000,83
251,082	4794,83
251,31	5050,83
251,537	5019,83
251,765	5049,83
251,993	4885,83
252,22	5200,83
252,448	4853,83
252,676	5158,83
252,903	5062,83
253,131	5308,83
253,358	5047,83
253,586	5026,83
253,813	5052,83
254,041	5314,83
254,268	5260,83
254,496	4798,83
254,723	5267,83
254,951	4959,83
255,178	5184,83
255,406	5208,83
255,633	5248,83
255,86	5463,83
256,088	5380,83
256,315	5292,83
256,543	5463,83
256,77	5467,83
256,997	5377,83
257,225	5462,83
257,452	5393,83
257,679	5498,83
257,907	5537,83
258,134	5466,83
258,361	5559,83
258,588	5452,83
258,816	5499,83
259,043	5508,83
259,27	5534,83
259,497	5622,83
259,725	5445,83
259,952	5518,83
260,179	5585,83
260,406	5462,83
260,633	5238,83
260,86	5519,83
261,088	5522,83
261,315	5699,83
261,542	5475,83
261,769	5521,83
261,996	5774,83
262,223	5643,83
262,45	5704,83
262,677	5429,83
262,904	5536,83
263,131	5547,83
263,358	5525,83
263,585	5636,83
263,812	5868,83
264,039	5110,83
264,266	5491,83
264,493	5599,83
264,72	5395,83
264,947	5559,83
265,174	5693,83
265,401	5606,83
265,627	5658,83
265,854	5472,83
266,081	5598,83
266,308	5495,83
266,535	5445,83
266,762	5492,83
266,988	5351,83
267,215	5493,83
267,442	5334,83
267,669	5452,83
267,896	5380,83
268,122	5495,83
268,349	5586,83
268,576	5284,83
268,802	5358,83
269,029	5245,83
269,256	5405,83
269,482	5336,83
269,709	5359,83
269,936	5432,83
270,162	5766,83
270,389	5386,83
270,616	5500,83
270,842	5548,83
271,069	5561,83
271,295	5464,83
271,522	5361,83
271,748	5434,83
271,975	5573,83
272,201	5594,83
272,428	5636,83
272,654	5508,83
272,881	5808,83
273,107	5550,83
273,334	5446,83
273,56	5795,83
273,787	5682,83
274,013	5709,83
274,239	6064,83
274,466	5729,83
274,692	5827,83
274,918	5790,83
275,145	5802,83
275,371	5835,83
275,597	6013,83
275,824	6032,83
276,05	6104,83
276,276	5953,83
276,503	6055,83
276,729	6087,83
276,955	5970,83
277,181	6213,83
277,407	6043,83
277,634	6099,83
277,86	6139,83
278,086	6142,83
278,312	6145,83
278,538	5964,83
278,764	6063,83
278,991	6361,83
279,217	5900,83
279,443	5984,83
279,669	6021,83
279,895	6200,83
280,121	6067,83
280,347	6206,83
280,573	6198,83
280,799	6325,83
281,025	6696,83
281,251	6559,83
281,477	6625,83
281,703	6644,83
281,929	6628,83
282,155	6741,83
282,381	6800,83
282,607	6915,83
282,833	6849,83
283,059	6952,83
283,285	6793,83
283,51	7014,83
283,736	7132,83
283,962	7148,83
284,188	7227,83
284,414	7236,83
284,64	7375,83
284,865	7391,83
285,091	7375,83
285,317	7567,83
285,543	7751,83
285,768	7599,83
285,994	7609,83
286,22	7708,83
286,446	7773,83
286,671	7624,83
286,897	7765,83
287,123	7923,83
287,348	7726,83
287,574	8397,83
287,799	7944,83
288,025	7943,83
288,251	8191,83
288,476	8062,83
288,702	8026,83
288,927	8288,83
289,153	8082,83
289,378	8369,83
289,604	8227,83
289,829	8243,83
290,055	8264,83
290,28	8335,83
290,506	8456,83
290,731	8305,83
290,957	8506,83
291,182	8517,83
291,408	8636,83
291,633	8513,83
291,858	8561,83
292,084	8567,83
292,309	8494,83
292,535	8573,83
292,76	8989,83
292,985	8679,83
293,211	8677,83
293,436	8592,83
293,661	8549,83
293,886	8693,83
294,112	8716,83
294,337	8720,83
294,562	8502,83
294,787	8815,83
295,013	8749,83
295,238	8693,83
295,463	8735,83
295,688	8797,83
295,913	8718,83
296,138	8710,83
296,364	8485,83
296,589	8581,83
296,814	8277,83
297,039	8322,83
297,264	8460,83
297,489	8348,83
297,714	8348,83
297,939	8193,83
298,164	8488,83
298,389	8478,83
298,614	8605,83
298,839	8595,83
299,064	8749,83
299,289	8899,83
299,514	8987,83
299,739	9019,83
299,964	8990,83
300,189	9139,83
300,414	9244,83
300,639	9195,83
300,863	9102,83
301,088	9396,83
301,313	9148,83
301,538	8856,83
301,763	9084,83
301,988	9198,83
302,212	9194,83
302,437	9612,83
302,662	9119,83
302,887	9183,83
303,111	9191,83
303,336	9374,83
303,561	9300,83
303,786	9261,83
304,01	9308,83
304,235	9239,83
304,46	9021,83
304,684	9126,83
304,909	9105,83
305,134	8974,83
305,358	9016,83
305,583	8815,83
305,807	9000,83
306,032	8579,83
306,256	8976,83
306,481	8910,83
306,706	8773,83
306,93	8959,83
307,155	9071,83
307,379	9020,83
307,604	9213,83
307,828	9246,83
308,052	9445,83
308,277	9487,83
308,501	9354,83
308,726	9366,83
308,95	9436,83
309,175	9270,83
309,399	9531,83
309,623	9347,83
309,848	9344,83
310,072	9343,83
310,296	9681,83
310,521	9402,83
310,745	9373,83
310,969	9520,83
311,193	9548,83
311,418	9360,83
311,642	9479,83
311,866	9429,83
312,09	9468,83
312,315	9647,83
312,539	9576,83
312,763	9245,83
312,987	9437,83
313,211	9305,83
313,435	9513,83
313,659	9465,83
313,884	9531,83
314,108	9487,83
314,332	9435,83
314,556	9192,83
314,78	9594,83
315,004	9293,83
315,228	9495,83
315,452	9366,83
315,676	9306,83
315,9	9293,83
316,124	9187,83
316,348	9228,83
316,572	9126,83
316,796	9253,83
317,02	9214,83
317,244	9567,83
317,468	9180,83
317,691	9423,83
317,915	9243,83
318,139	9120,83
318,363	9423,83
318,587	9020,83
318,811	9090,83
319,034	8829,83
319,258	9055,83
319,482	9123,83
319,706	9049,83
319,93	8969,83
320,153	8587,83
320,377	9239,83
320,601	8799,83
320,824	9094,83
321,048	9245,83
321,272	9187,83
321,495	9009,83
321,719	9148,83
321,943	9133,83
322,166	9195,83
322,39	9127,83
322,614	9264,83
322,837	9227,83
323,061	9095,83
323,284	9197,83
323,508	9331,83
323,731	9206,83
323,955	9220,83
324,178	9116,83
324,402	9212,83
324,625	9325,83
324,849	8950,83
325,072	9392,83
325,296	9337,83
325,519	9264,83
325,743	8921,83
325,966	9249,83
326,189	9171,83
326,413	9154,83
326,636	9144,83
326,859	9072,83
327,083	9291,83
327,306	8823,83
327,529	8769,83
327,753	8745,83
327,976	8888,83
328,199	9012,83
328,422	8849,83
328,646	8869,83
328,869	8871,83
329,092	9075,83
329,315	9201,83
329,538	9024,83
329,762	9165,83
329,985	9311,83
330,208	9136,83
330,431	9317,83
330,654	9293,83
330,877	9129,83
331,1	9246,83
331,323	9017,83
331,546	9235,83
331,769	9195,83
331,993	9161,83
332,216	9115,83
332,439	9160,83
332,662	9292,83
332,885	9212,83
333,107	9090,83
333,33	8951,83
333,553	9380,83
333,776	9091,83
333,999	9047,83
334,222	9061,83
334,445	9086,83
334,668	9181,83
334,891	9258,83
335,114	8933,83
335,336	9059,83
335,559	9065,83
335,782	9540,83
336,005	9059,83
336,228	8993,83
336,45	9089,83
336,673	8914,83
336,896	9089,83
337,119	9038,83
337,341	9010,83
337,564	8977,83
337,787	9011,83
338,009	8992,83
338,232	8993,83
338,455	9074,83
338,677	8607,83
338,9	8954,83
339,122	8828,83
339,345	8677,83
339,568	8601,83
339,79	8811,83
340,013	9058,83
340,235	8858,83
340,458	8843,83
340,68	8845,83
340,903	8710,83
341,125	8723,83
341,348	8878,83
341,57	8522,83
341,793	8898,83
342,015	8469,83
342,238	8649,83
342,46	8657,83
342,682	8694,83
342,905	8388,83
343,127	8418,83
343,349	8371,83
343,572	8422,83
343,794	8324,83
344,016	8327,83
344,239	8222,83
344,461	8402,83
344,683	8266,83
344,905	8402,83
345,128	8097,83
345,35	8492,83
345,572	8542,83
345,794	8664,83
346,017	8531,83
346,239	8627,83
346,461	8508,83
346,683	8486,83
346,905	8692,83
347,127	8729,83
347,349	8584,83
347,571	8641,83
347,793	8721,83
348,016	8541,83
348,238	8592,83
348,46	8626,83
348,682	8552,83
348,904	8530,83
349,126	8600,83
349,348	8567,83
349,57	8418,83
349,792	8515,83
350,014	8567,83
350,235	8444,83
350,457	9126,83
350,679	8468,83
350,901	8342,83
351,123	8368,83
351,345	8317,83
351,567	8367,83
351,789	8353,83
352,01	8301,83
352,232	8139,83
352,454	8062,83
352,676	8039,83
352,897	7865,83
353,119	7758,83
353,341	7663,83
353,563	7855,83
353,784	7553,83
354,006	7644,83
354,228	7769,83
354,449	7729,83
354,671	7892,83
354,893	8133,83
355,114	8049,83
355,336	8210,83
355,558	8138,83
355,779	8073,83
356,001	8223,83
356,222	8105,83
356,444	8020,83
356,665	8557,83
356,887	8066,83
357,108	7877,83
357,33	8053,83
357,551	8283,83
357,773	7880,83
357,994	8108,83
358,216	7869,83
358,437	8056,83
358,659	8087,83
358,88	7850,83
359,101	7973,83
359,323	7854,83
359,544	7836,83
359,765	7756,83
359,987	7878,83
360,208	7903,83
360,429	7916,83
360,651	7747,83
360,872	7971,83
361,093	7765,83
361,314	7676,83
361,536	7749,83
361,757	7690,83
361,978	7621,83
362,199	7599,83
362,42	7470,83
362,642	7727,83
362,863	7561,83
363,084	7602,83
363,305	7571,83
363,526	7590,83
363,747	7705,83
363,968	7525,83
364,189	7610,83
364,41	7323,83
364,631	7258,83
364,852	7505,83
365,073	7332,83
365,294	7368,83
365,515	7218,83
365,736	7458,83
365,957	7406,83
366,178	7349,83
366,399	7415,83
366,62	7531,83
366,841	7523,83
367,062	7639,83
367,283	7404,83
367,504	7619,83
367,724	7405,83
367,945	7271,83
368,166	7579,83
368,387	7550,83
368,608	7505,83
368,828	7617,83
369,049	7310,83
369,27	7440,83
369,491	7399,83
369,711	7414,83
369,932	7496,83
370,153	7377,83
370,373	7541,83
370,594	7448,83
370,815	7302,83
371,035	7615,83
371,256	7222,83
371,477	7295,83
371,697	7335,83
371,918	7212,83
372,138	7310,83
372,359	7417,83
372,579	7177,83
372,8	7290,83
373,02	7072,83
373,241	7241,83
373,461	7303,83
373,682	7277,83
373,902	7276,83
374,123	7069,83
374,343	7422,83
374,564	7318,83
374,784	7135,83
375,004	7270,83
375,225	7094,83
375,445	6972,83
375,666	7195,83
375,886	6904,83
376,106	6779,83
376,326	7042,83
376,547	7212,83
376,767	7187,83
376,987	7175,83
377,208	7298,83
377,428	7253,83
377,648	7392,83
377,868	7519,83
378,088	7680,83
378,309	7651,83
378,529	7766,83
378,749	7773,83
378,969	7698,83
379,189	7651,83
379,409	7541,83
379,629	7279,83
379,849	7356,83
380,069	7377,83
380,29	7258,83
380,51	7229,83
380,73	7275,83
380,95	7417,83
381,17	6972,83
381,39	7194,83
381,61	7080,83
381,829	7179,83
382,049	7423,83
382,269	7111,83
382,489	7200,83
382,709	7095,83
382,929	7092,83
383,149	6966,83
383,369	7321,83
383,589	6973,83
383,808	7083,83
384,028	7026,83
384,248	7089,83
384,468	6955,83
384,688	7224,83
384,907	7008,83
385,127	7046,83
385,347	7283,83
385,567	7120,83
385,786	7410,83
386,006	7302,83
386,226	7360,83
386,445	7380,83
386,665	7395,83
386,885	7627,83
387,104	7513,83
387,324	7612,83
387,543	7600,83
387,763	7607,83
387,982	7714,83
388,202	7595,83
388,422	7734,83
388,641	7694,83
388,861	7505,83
389,08	7475,83
389,3	7293,83
389,519	7505,83
389,738	7420,83
389,958	7418,83
390,177	7279,83
390,397	7595,83
390,616	7382,83
390,836	7500,83
391,055	7631,83
391,274	7505,83
391,494	7730,83
391,713	7782,83
391,932	7902,83
392,151	7943,83
392,371	8112,83
392,59	8102,83
392,809	8023,83
393,029	7775,83
393,248	7644,83
393,467	7227,83
393,686	7296,83
393,905	8235,83
394,124	7330,83
394,344	7631,83
394,563	7548,83
394,782	7398,83
395,001	7357,83
395,22	7397,83
395,439	7482,83
395,658	7474,83
395,877	7548,83
396,096	7461,83
396,315	7803,83
396,534	7638,83
396,753	7729,83
396,972	7724,83
397,191	8053,83
397,41	8110,83
397,629	8158,83
397,848	8218,83
398,067	8233,83
398,286	8361,83
398,505	8071,83
398,724	7944,83
398,943	8335,83
399,161	7637,83
399,38	8004,83
399,599	7647,83
399,818	7545,83
400,037	7646,83
400,255	7483,83
400,474	7353,83
400,693	7482,83
400,912	7511,83
401,13	7372,83
401,349	7207,83
401,568	7155,83
401,786	7294,83
402,005	7284,83
402,224	7197,83
402,442	7242,83
402,661	7178,83
402,88	7277,83
403,098	7108,83
403,317	7159,83
403,535	7131,83
403,754	7090,83
403,972	7167,83
404,191	7117,83
404,409	7264,83
404,628	7932,83
404,846	7463,83
405,065	7600,83
405,283	7575,83
405,502	7316,83
405,72	7258,83
405,938	7107,83
406,157	6987,83
406,375	6925,83
406,594	6969,83
406,812	6919,83
407,03	6887,83
407,249	6667,83
407,467	6964,83
407,685	7155,83
407,903	7045,83
408,122	7199,83
408,34	7255,83
408,558	7154,83
408,776	7222,83
408,995	7084,83
409,213	7012,83
409,431	7229,83
409,649	7306,83
409,867	7023,83
410,085	7094,83
410,303	6928,83
410,522	6787,83
410,74	6835,83
410,958	6809,83
411,176	6763,83
411,394	6751,83
411,612	6750,83
411,83	7326,83
412,048	7026,83
412,266	7137,83
412,484	7114,83
412,702	7353,83
412,92	6942,83
413,138	7065,83
413,356	6848,83
413,573	6976,83
413,791	6995,83
414,009	6679,83
414,227	6730,83
414,445	6712,83
414,663	6697,83
414,881	6695,83
415,098	6674,83
415,316	6567,83
415,534	7100,83
415,752	6598,83
415,969	6949,83
416,187	6677,83
416,405	6589,83
416,623	6786,83
416,84	6422,83
417,058	6751,83
417,276	6877,83
417,493	6566,83
417,711	6629,83
417,928	6600,83
418,146	6607,83
418,364	6774,83
418,581	6731,83
418,799	6619,83
419,016	6633,83
419,234	6667,83
419,451	7303,83
419,669	6750,83
419,886	6871,83
420,104	6864,83
420,321	7041,83
420,539	7232,83
420,756	7467,83
420,974	7326,83
421,191	7593,83
421,408	7615,83
421,626	7527,83
421,843	7402,83
422,06	7072,83
422,278	7035,83
422,495	7148,83
422,712	7105,83
422,93	7161,83
423,147	7120,83
423,364	7006,83
423,581	7111,83
423,799	6717,83
424,016	6813,83
424,233	6821,83
424,45	6938,83
424,667	6955,83
424,884	7058,83
425,102	7027,83
425,319	6605,83
425,536	6569,83
425,753	6574,83
425,97	6439,83
426,187	6645,83
426,404	6599,83
426,621	7197,83
426,838	7175,83
427,055	7063,83
427,272	7016,83
427,489	7007,83
427,706	6810,83
427,923	6450,83
428,14	6793,83
428,357	7055,83
428,574	6942,83
428,791	7169,83
429,008	7261,83
429,224	7589,83
429,441	7639,83
429,658	7911,83
429,875	8256,83
430,092	7587,83
430,308	7795,83
430,525	7520,83
430,742	7545,83
430,959	7036,83
431,175	6755,83
431,392	6498,83
431,609	6519,83
431,826	6325,83
432,042	6234,83
432,259	6252,83
432,476	6558,83
432,692	6292,83
432,909	6715,83
433,125	7099,83
433,342	7318,83
433,559	7274,83
433,775	7032,83
433,992	6717,83
434,208	6234,83
434,425	6410,83
434,641	6669,83
434,858	6808,83
435,074	6651,83
435,291	6497,83
435,507	6612,83
435,723	6687,83
435,94	6617,83
436,156	6744,83
436,373	6939,83
436,589	6653,83
436,805	6572,83
437,022	6550,83
437,238	6416,83
437,454	6439,83
437,671	6492,83
437,887	6579,83
438,103	6627,83
438,319	6603,83
438,536	6717,83
438,752	6519,83
438,968	6199,83
439,184	6433,83
439,4	6357,83
439,616	6204,83
439,833	6396,83
440,049	6406,83
440,265	6582,83
440,481	6895,83
440,697	7188,83
440,913	7407,83
441,129	7389,83
441,345	7397,83
441,561	7203,83
441,777	6936,83
441,993	6905,83
442,209	6681,83
442,425	6863,83
442,641	6939,83
442,857	6875,83
443,073	7015,83
443,289	6962,83
443,505	6947,83
443,721	7055,83
443,937	6785,83
444,152	6775,83
444,368	6667,83
444,584	6690,83
444,8	6739,83
445,016	6574,83
445,231	6556,83
445,447	6737,83
445,663	6606,83
445,879	6388,83
446,094	6798,83
446,31	6784,83
446,526	6648,83
446,742	6587,83
446,957	6465,83
447,173	6498,83
447,388	6654,83
447,604	6518,83
447,82	6333,83
448,035	6437,83
448,251	6338,83
448,466	6524,83
448,682	6382,83
448,897	6128,83
449,113	6455,83
449,328	6507,83
449,544	6277,83
449,759	6593,83
449,975	6205,83
450,19	6097,83
450,406	6122,83
450,621	6032,83
450,836	5973,83
451,052	6089,83
451,267	6015,83
451,483	6052,83
451,698	5993,83
451,913	6051,83
452,129	6052,83
452,344	5876,83
452,559	6027,83
452,774	5793,83
452,99	5749,83
453,205	5769,83
453,42	5925,83
453,635	5672,83
453,85	5667,83
454,066	5711,83
454,281	5661,83
454,496	5873,83
454,711	5896,83
454,926	6056,83
455,141	5755,83
455,356	5722,83
455,571	5697,83
455,786	5635,83
456,001	5585,83
456,217	5368,83
456,432	5707,83
456,647	5702,83
456,861	5624,83
457,076	5812,83
457,291	5910,83
457,506	5834,83
457,721	5845,83
457,936	6025,83
458,151	5926,83
458,366	6038,83
458,581	5867,83
458,796	6144,83
459,01	6010,83
459,225	5958,83
459,44	5777,83
459,655	5825,83
459,87	5676,83
460,084	5681,83
460,299	5643,83
460,514	5766,83
460,729	6116,83
460,943	5583,83
461,158	5362,83
461,373	5452,83
461,587	5181,83
461,802	5031,83
462,016	5280,83
462,231	5049,83
462,446	5238,83
462,66	5403,83
462,875	5451,83
463,089	5390,83
463,304	5552,83
463,518	5667,83
463,733	5682,83
463,947	5894,83
464,162	5816,83
464,376	5806,83
464,591	5981,83
464,805	5706,83
465,02	6053,83
465,234	6146,83
465,448	6110,83
465,663	5881,83
465,877	5733,83
466,091	5437,83
466,306	5449,83
466,52	5450,83
466,734	5272,83
466,949	4999,83
467,163	5230,83
467,377	5137,83
467,591	5340,83
467,806	5173,83
468,02	5044,83
468,234	4880,83
468,448	5043,83
468,662	4836,83
468,876	5003,83
469,091	4757,83
469,305	4637,83
469,519	4670,83
469,733	4475,83
469,947	4578,83
470,161	4725,83
470,375	4467,83
470,589	4622,83
470,803	4581,83
471,017	4520,83
471,231	4641,83
471,445	4641,83
471,659	4585,83
471,873	4679,83
472,087	4604,83
472,301	4768,83
472,515	4752,83
472,728	4804,83
472,942	4738,83
473,156	4881,83
473,37	4838,83
473,584	4730,83
473,798	4783,83
474,011	4796,83
474,225	4746,83
474,439	4924,83
474,653	5217,83
474,866	5201,83
475,08	5075,83
475,294	5048,83
475,507	4782,83
475,721	4863,83
475,935	4994,83
476,148	4708,83
476,362	4563,83
476,576	4611,83
476,789	4624,83
477,003	4749,83
477,216	4773,83
477,43	4964,83
477,643	5033,83
477,857	5076,83
478,07	4811,83
478,284	4856,83
478,497	4691,83
478,711	4782,83
478,924	4798,83
479,138	4857,83
479,351	4854,83
479,564	5065,83
479,778	5164,83
479,991	5026,83
480,204	5033,83
480,418	4885,83
480,631	4956,83
480,844	5064,83
481,058	4995,83
481,271	5145,83
481,484	5251,83
481,697	5134,83
481,911	4889,83
482,124	4914,83
482,337	4869,83
482,55	4733,83
482,763	4855,83
482,976	4969,83
483,19	4860,83
483,403	4970,83
483,616	5328,83
483,829	5275,83
484,042	5281,83
484,255	5468,83
484,468	5357,83
484,681	5141,83
484,894	6708,83
485,107	11310,83
485,32	15093,83
485,533	14805,83
485,746	13008,83
485,959	10938,83
486,172	8716,83
486,385	6787,83
486,598	5993,83
486,81	5526,83
487,023	5285,83
487,236	5382,83
487,449	4986,83
487,662	4739,83
487,875	4644,83
488,087	4633,83
488,3	4731,83
488,513	4503,83
488,726	4561,83
488,938	4767,83
489,151	4635,83
489,364	4659,83
489,576	4613,83
489,789	4533,83
490,002	4542,83
490,214	4540,83
490,427	4427,83
490,64	4598,83
490,852	4637,83
491,065	4344,83
491,277	4492,83
491,49	4431,83
491,702	4250,83
491,915	4395,83
492,127	4533,83
492,34	4648,83
492,552	4263,83
492,765	4623,83
492,977	4679,83
493,19	4498,83
493,402	4444,83
493,614	4575,83
493,827	4485,83
494,039	4479,83
494,251	4426,83
494,464	4410,83
494,676	4151,83
494,888	4114,83
495,101	4124,83
495,313	4282,83
495,525	4463,83
495,737	4768,83
495,95	4630,83
496,162	4667,83
496,374	4530,83
496,586	4309,83
496,798	4221,83
497,01	4177,83
497,222	3952,83
497,435	4160,83
497,647	4058,83
497,859	4146,83
498,071	4236,83
498,283	4210,83
498,495	4264,83
498,707	4463,83
498,919	4306,83
499,131	4548,83
499,343	4294,83
499,555	4064,83
499,767	4183,83
499,979	4174,83
500,191	4232,83
500,402	4080,83
500,614	4340,83
500,826	4440,83
501,038	4213,83
501,25	4055,83
501,462	4233,83
501,673	4383,83
501,885	4270,83
502,097	4432,83
502,309	4453,83
502,521	4412,83
502,732	4303,83
502,944	4304,83
503,156	4246,83
503,367	4067,83
503,579	4043,83
503,791	4166,83
504,002	4046,83
504,214	4072,83
504,425	4257,83
504,637	4272,83
504,849	4126,83
505,06	4084,83
505,272	4076,83
505,483	3949,83
505,695	4044,83
505,906	3926,83
506,118	4077,83
506,329	3924,83
506,541	3808,83
506,752	3806,83
506,963	3725,83
507,175	3729,83
507,386	3955,83
507,598	3960,83
507,809	3722,83
508,02	3891,83
508,232	3933,83
508,443	3661,83
508,654	3894,83
508,865	3728,83
509,077	3604,83
509,288	3754,83
509,499	3868,83
509,71	3576,83
509,922	3729,83
510,133	3776,83
510,344	3765,83
510,555	3687,83
510,766	3740,83
510,977	3565,83
511,188	3732,83
511,4	3510,83
511,611	3456,83
511,822	3509,83
512,033	3429,83
512,244	3555,83
512,455	3481,83
512,666	3494,83
512,877	3576,83
513,088	3454,83
513,299	3490,83
513,51	3439,83
513,721	3401,83
513,931	3485,83
514,142	3516,83
514,353	3505,83
514,564	3228,83
514,775	3355,83
514,986	3347,83
515,196	3460,83
515,407	3321,83
515,618	3427,83
515,829	3385,83
516,04	3423,83
516,25	3360,83
516,461	3354,83
516,672	3375,83
516,882	3246,83
517,093	3213,83
517,304	3340,83
517,514	3164,83
517,725	3233,83
517,936	3240,83
518,146	3147,83
518,357	3404,83
518,567	3304,83
518,778	3571,83
518,988	3375,83
519,199	3506,83
519,409	3167,83
519,62	3195,83
519,83	3078,83
520,041	2873,83
520,251	3163,83
520,462	3202,83
520,672	3176,83
520,882	3199,83
521,093	3165,83
521,303	3253,83
521,513	3101,83
521,724	3890,83
521,934	3038,83
522,144	3092,83
522,355	2959,83
522,565	3126,83
522,775	3093,83
522,985	3087,83
523,196	3168,83
523,406	3039,83
523,616	3287,83
523,826	3098,83
524,036	3788,83
524,246	2976,83
524,457	2876,83
524,667	2853,83
524,877	3004,83
525,087	3015,83
525,297	3120,83
525,507	3150,83
525,717	2984,83
525,927	3048,83
526,137	3003,83
526,347	3316,83
526,557	2955,83
526,767	2937,83
526,977	3213,83
527,187	2984,83
527,397	2794,83
527,607	3055,83
527,816	2987,83
528,026	3062,83
528,236	3179,83
528,446	3234,83
528,656	3241,83
528,865	3357,83
529,075	3018,83
529,285	2991,83
529,495	3041,83
529,704	3039,83
529,914	2895,83
530,124	2982,83
530,334	2814,83
530,543	2844,83
530,753	3167,83
530,963	3273,83
531,172	2853,83
531,382	2868,83
531,591	3114,83
531,801	2744,83
532,01	2885,83
532,22	2960,83
532,43	3009,83
532,639	3227,83
532,849	3131,83
533,058	2957,83
533,267	3360,83
533,477	3012,83
533,686	2861,83
533,896	2919,83
534,105	2929,83
534,315	3045,83
534,524	2984,83
534,733	2812,83
534,943	3042,83
535,152	2983,83
535,361	2788,83
535,57	2705,83
535,78	2703,83
535,989	2629,83
536,198	2851,83
536,407	2545,83
536,617	2730,83
536,826	2707,83
537,035	2780,83
537,244	2764,83
537,453	2556,83
537,662	2886,83
537,872	2897,83
538,081	2765,83
538,29	2759,83
538,499	2767,83
538,708	2804,83
538,917	2844,83
539,126	2770,83
539,335	2931,83
539,544	3168,83
539,753	2578,83
539,962	2732,83
540,171	2710,83
540,38	2938,83
540,589	2815,83
540,797	2928,83
541,006	2744,83
541,215	2765,83
541,424	2930,83
541,633	2834,83
541,842	2900,83
542,05	2904,83
542,259	2878,83
542,468	2794,83
542,677	2851,83
542,885	2814,83
543,094	2820,83
543,303	2801,83
543,512	2970,83
543,72	2801,83
543,929	2901,83
544,138	2872,83
544,346	2781,83
544,555	2889,83
544,763	2889,83
544,972	2439,83
545,18	2607,83
545,389	2648,83
545,598	2645,83
545,806	2721,83
546,015	2662,83
546,223	2737,83
546,431	2531,83
546,64	2699,83
546,848	2737,83
547,057	2850,83
547,265	2849,83
547,474	2911,83
547,682	2957,83
547,89	2929,83
548,099	2772,83
548,307	2736,83
548,515	2765,83
548,723	2693,83
548,932	2570,83
549,14	2690,83
549,348	2680,83
549,556	2397,83
549,765	2726,83
549,973	2430,83
550,181	2646,83
550,389	2590,83
550,597	2635,83
550,805	2403,83
551,014	2632,83
551,222	4815,83
551,43	2690,83
551,638	2767,83
551,846	2886,83
552,054	2900,83
552,262	2795,83
552,47	2478,83
552,678	2517,83
552,886	2559,83
553,094	2505,83
553,302	2674,83
553,51	2540,83
553,717	2638,83
553,925	2307,83
554,133	2685,83
554,341	2405,83
554,549	2609,83
554,757	2567,83
554,965	2844,83
555,172	2608,83
555,38	2949,83
555,588	2551,83
555,796	2607,83
556,003	2590,83
556,211	2341,83
556,419	2444,83
556,626	2503,83
556,834	2320,83
557,042	2392,83
557,249	2460,83
557,457	2432,83
557,664	2201,83
557,872	2302,83
558,08	2258,83
558,287	2431,83
558,495	2299,83
558,702	2236,83
558,91	2305,83
559,117	2221,83
559,325	2376,83
559,532	2456,83
559,74	2689,83
559,947	2337,83
560,154	2606,83
560,362	2402,83
560,569	2418,83
560,776	2394,83
560,984	2446,83
561,191	2455,83
561,398	2284,83
561,606	2556,83
561,813	2320,83
562,02	2063,83
562,227	2123,83
562,435	2255,83
562,642	2400,83
562,849	2281,83
563,056	2250,83
563,263	2300,83
563,471	2485,83
563,678	1897,83
563,885	2242,83
564,092	2275,83
564,299	2265,83
564,506	2389,83
564,713	2341,83
564,92	2280,83
565,127	2319,83
565,334	2317,83
565,541	2613,83
565,748	2326,83
565,955	2188,83
566,162	2283,83
566,369	2400,83
566,576	2511,83
566,783	2550,83
566,99	2648,83
567,196	2462,83
567,403	2446,83
567,61	2631,83
567,817	2501,83
568,024	2579,83
568,23	2690,83
568,437	2657,83
568,644	2775,83
568,851	2903,83
569,057	3309,83
569,264	3308,83
569,471	3120,83
569,677	3072,83
569,884	2999,83
570,091	3170,83
570,297	3982,83
570,504	3440,83
570,71	3278,83
570,917	3255,83
571,123	3118,83
571,33	3369,83
571,536	3259,83
571,743	3252,83
571,949	2792,83
572,156	2747,83
572,362	3101,83
572,569	3004,83
572,775	3327,83
572,982	3418,83
573,188	3281,83
573,394	3158,83
573,601	3273,83
573,807	3321,83
574,013	3421,83
574,22	3281,83
574,426	3177,83
574,632	3243,83
574,838	3049,83
575,045	2806,83
575,251	2879,83
575,457	2832,83
575,663	2831,83
575,869	3072,83
576,076	3056,83
576,282	3161,83
576,488	3171,83
576,694	3133,83
576,9	2974,83
577,106	3596,83
577,312	3847,83
577,518	3761,83
577,724	3465,83
577,93	3191,83
578,136	3001,83
578,342	2859,83
578,548	2696,83
578,754	2653,83
578,96	2793,83
579,166	2965,83
579,372	3136,83
579,578	2921,83
579,784	3200,83
579,989	2991,83
580,195	2802,83
580,401	2785,83
580,607	3146,83
580,813	4012,83
581,018	4318,83
581,224	3973,83
581,43	3694,83
581,636	3646,83
581,841	3491,83
582,047	3029,83
582,253	2906,83
582,458	2659,83
582,664	2467,83
582,869	2373,83
583,075	2229,83
583,281	2625,83
583,486	2541,83
583,692	2611,83
583,897	2755,83
584,103	2688,83
584,308	3085,83
584,514	3037,83
584,719	3245,83
584,925	2966,83
585,13	2883,83
585,335	2809,83
585,541	2583,83
585,746	2472,83
585,952	2328,83
586,157	2333,83
586,362	2420,83
586,568	2551,83
586,773	2693,83
586,978	2542,83
587,183	2561,83
587,389	2533,83
587,594	2332,83
587,799	2352,83
588,004	2333,83
588,21	2399,83
588,415	1966,83
588,62	2084,83
588,825	2135,83
589,03	2057,83
589,235	2662,83
589,44	2422,83
589,645	2146,83
589,85	2162,83
590,055	2220,83
590,26	1987,83
590,465	1914,83
590,67	1960,83
590,875	2101,83
591,08	2053,83
591,285	1981,83
591,49	1956,83
591,695	1913,83
591,9	1918,83
592,105	2162,83
592,31	2197,83
592,515	2587,83
592,719	2026,83
592,924	1931,83
593,129	2049,83
593,334	2134,83
593,539	1937,83
593,743	1943,83
593,948	1802,83
594,153	1913,83
594,357	2139,83
594,562	1997,83
594,767	2414,83
594,971	1789,83
595,176	1874,83
595,381	1991,83
595,585	1821,83
595,79	1957,83
595,994	1641,83
596,199	2235,83
596,403	1589,83
596,608	1926,83
596,812	1798,83
597,017	1900,83
597,221	1948,83
597,426	1959,83
597,63	1734,83
597,835	1811,83
598,039	1581,83
598,243	1833,83
598,448	2142,83
598,652	1899,83
598,856	1798,83
599,061	1864,83
599,265	1785,83
599,469	1784,83
599,673	1886,83
599,878	1951,83
600,082	1732,83
600,286	1763,83
600,49	1891,83
600,695	1733,83
600,899	1833,83
601,103	1714,83
601,307	1923,83
601,511	1844,83
601,715	1605,83
601,919	1653,83
602,123	1943,83
602,327	1737,83
602,531	1775,83
602,735	1955,83
602,939	1980,83
603,143	1772,83
603,347	1831,83
603,551	1745,83
603,755	1761,83
603,959	1720,83
604,163	1752,83
604,367	1674,83
604,571	1660,83
604,775	1825,83
604,978	1846,83
605,182	1591,83
605,386	1883,83
605,59	1816,83
605,793	1719,83
605,997	1752,83
606,201	1904,83
606,405	1800,83
606,608	1850,83
606,812	1694,83
607,016	1779,83
607,219	1716,83
607,423	1680,83
607,627	1835,83
607,83	1696,83
608,034	1641,83
608,237	1694,83
608,441	1635,83
608,644	1806,83
608,848	1751,83
609,051	1687,83
609,255	1610,83
609,458	1771,83
609,662	1732,83
609,865	1693,83
610,069	1540,83
610,272	1523,83
610,475	1576,83
610,679	1619,83
610,882	1659,83
611,085	1661,83
611,289	1721,83
611,492	1637,83
611,695	1552,83
611,898	1568,83
612,102	1723,83
612,305	1683,83
612,508	1570,83
612,711	1730,83
612,914	1642,83
613,118	1648,83
613,321	1637,83
613,524	1469,83
613,727	1549,83
613,93	1485,83
614,133	1654,83
614,336	1670,83
614,539	1589,83
614,742	1683,83
614,945	1591,83
615,148	1742,83
615,351	1637,83
615,554	1688,83
615,757	1524,83
615,96	1618,83
616,163	1568,83
616,366	1660,83
616,569	1583,83
616,772	1798,83
616,974	1599,83
617,177	1805,83
617,38	1602,83
617,583	1609,83
617,786	1511,83
617,988	1363,83
618,191	1712,83
618,394	1559,83
618,596	1561,83
618,799	1507,83
619,002	1565,83
619,204	1639,83
619,407	1585,83
619,61	1540,83
619,812	1485,83
620,015	1569,83
620,217	1698,83
620,42	1552,83
620,623	1554,83
620,825	1550,83
621,028	1685,83
621,23	1685,83
621,432	1664,83
621,635	1728,83
621,837	1635,83
622,04	1747,83
622,242	1583,83
622,445	1675,83
622,647	1622,83
622,849	1758,83
623,052	1709,83
623,254	1637,83
623,456	1623,83
623,658	1817,83
623,861	1719,83
624,063	1608,83
624,265	1657,83
624,467	1663,83
624,67	1502,83
624,872	1674,83
625,074	1823,83
625,276	1692,83
625,478	1599,83
625,68	1430,83
625,882	1476,83
626,084	1585,83
626,287	1587,83
626,489	1682,83
626,691	1539,83
626,893	1659,83
627,095	1582,83
627,297	1607,83
627,499	1499,83
627,7	1349,83
627,902	1420,83
628,104	1420,83
628,306	1464,83
628,508	1496,83
628,71	1531,83
628,912	1573,83
629,114	1775,83
629,315	1548,83
629,517	1490,83
629,719	1395,83
629,921	1520,83
630,122	1559,83
630,324	1571,83
630,526	1563,83
630,728	1619,83
630,929	1495,83
631,131	1447,83
631,332	1638,83
631,534	1767,83
631,736	1528,83
631,937	1325,83
632,139	1502,83
632,34	1524,83
632,542	1648,83
632,743	1597,83
632,945	1441,83
633,146	1468,83
633,348	1535,83
633,549	1512,83
633,751	1453,83
633,952	1479,83
634,154	1354,83
634,355	1316,83
634,556	1438,83
634,758	1327,83
634,959	1403,83
635,16	1471,83
635,362	1371,83
635,563	1529,83
635,764	1515,83
635,965	1513,83
636,167	1506,83
636,368	1463,83
636,569	1427,83
636,77	1577,83
636,971	1375,83
637,172	1523,83
637,374	1366,83
637,575	1557,83
637,776	1335,83
637,977	1414,83
638,178	1503,83
638,379	1456,83
638,58	1508,83
638,781	1298,83
638,982	1401,83
639,183	1459,83
639,384	1361,83
639,585	1413,83
639,786	1483,83
639,987	1396,83
640,187	1565,83
640,388	1664,83
640,589	1307,83
640,79	1381,83
640,991	1421,83
641,192	1538,83
641,392	1330,83
641,593	1371,83
641,794	1281,83
641,995	1376,83
642,195	1211,83
642,396	1344,83
642,597	1328,83
642,797	1425,83
642,998	1393,83
643,199	1343,83
643,399	1452,83
643,6	1345,83
643,8	1273,83
644,001	1371,83
644,202	1432,83
644,402	1327,83
644,603	1456,83
644,803	1273,83
645,004	1418,83
645,204	1243,83
645,404	1345,83
645,605	1637,83
645,805	1319,83
646,006	1271,83
646,206	1793,83
646,406	1296,83
646,607	1201,83
646,807	1105,83
647,007	-39,17
647,208	123,83
647,408	-24,17
647,608	-14,17
