200,697	981
200,927	27
201,158	31
201,388	-121
201,618	1256
201,849	1224
202,079	1396
202,309	1290
202,539	1392
202,77	1478
203	1316
203,23	1401
203,46	1382
203,691	1357
203,921	1413
204,151	1384
204,381	1263
204,611	1447
204,841	1291
205,071	1328
205,302	1474
205,532	1414
205,762	3307
205,992	1252
206,222	1323
206,452	1421
206,682	1345
206,912	1462
207,142	1511
207,372	1398
207,602	1294
207,832	1397
208,062	1406
208,292	1444
208,522	1233
208,752	1647
208,982	1332
209,212	1548
209,442	1426
209,672	1331
209,902	1229
210,131	1488
210,361	1293
210,591	1430
210,821	1258
211,051	1538
211,281	1376
211,51	1416
211,74	1451
211,97	1351
212,2	1425
212,429	1802
212,659	1468
212,889	1501
213,119	1296
213,348	1395
213,578	1581
213,808	1496
214,037	1481
214,267	1480
214,497	1443
214,726	1282
214,956	1333
215,186	1414
215,415	1380
215,645	1423
215,874	1532
216,104	1280
216,333	1446
216,563	1410
216,792	1468
217,022	1485
217,251	1446
217,481	1330
217,71	1456
217,94	1417
218,169	1532
218,399	1419
218,628	1423
218,858	1531
219,087	1503
219,316	1523
219,546	1480
219,775	1438
220,004	1553
220,234	1398
220,463	1603
220,692	1526
220,922	1421
221,151	1540
221,38	1357
221,61	1833
221,839	1616
222,068	1246
222,297	1538
222,526	1525
222,756	1510
222,985	1554
223,214	1531
223,443	1414
223,672	1920
223,902	1413
224,131	1480
224,36	1552
224,589	1363
224,818	1477
225,047	1551
225,276	1431
225,505	1719
225,734	1536
225,963	1416
226,192	1505
226,421	1459
226,65	1529
226,879	1603
227,108	1629
227,337	1633
227,566	1758
227,795	1533
228,024	1580
228,253	1536
228,482	1384
228,711	1614
228,94	1425
229,168	1507
229,397	1534
229,626	1580
229,855	1547
230,084	1354
230,313	1493
230,541	1682
230,77	1600
230,999	1521
231,228	1821
231,456	1731
231,685	1526
231,914	1704
232,143	1652
232,371	1714
232,6	1645
232,829	1655
233,057	1813
233,286	1778
233,515	1717
233,743	1799
233,972	1676
234,2	1850
234,429	1801
234,658	1841
234,886	1753
235,115	1851
235,343	1874
235,572	1962
235,8	2009
236,029	2226
236,257	1939
236,486	1977
236,714	2102
236,943	2124
237,171	1992
237,399	1868
237,628	2167
237,856	2222
238,085	2200
238,313	2087
238,541	2362
238,77	2506
238,998	2164
239,226	2299
239,455	2224
239,683	2470
239,911	2246
240,14	2450
240,368	2485
240,596	2407
240,824	2403
241,053	2423
241,281	2539
241,509	2514
241,737	2480
241,965	2500
242,193	2396
242,422	2725
242,65	2656
242,878	2712
243,106	2665
243,334	2784
243,562	2846
243,79	2889
244,018	2847
244,246	2816
244,474	2896
244,702	2888
244,93	2960
245,158	2990
245,386	2891
245,614	2978
245,842	3167
246,07	2994
246,298	3132
246,526	3521
246,754	2820
246,982	3313
247,21	3139
247,438	3120
247,666	3267
247,893	3200
248,121	3125
248,349	3166
248,577	3292
248,805	3430
249,033	3465
249,26	3401
249,488	3355
249,716	3374
249,944	3321
250,171	3342
250,399	3279
250,627	3810
250,854	3507
251,082	3453
251,31	3529
251,537	3367
251,765	3637
251,993	3316
252,22	3831
252,448	3456
252,676	3627
252,903	3613
253,131	3879
253,358	3477
253,586	3526
253,813	3471
254,041	3605
254,268	3734
254,496	3569
254,723	3639
254,951	3662
255,178	3695
255,406	3657
255,633	3732
255,86	3879
256,088	3694
256,315	4062
256,543	3861
256,77	3738
256,997	3672
257,225	3832
257,452	3622
257,679	3594
257,907	3977
258,134	3798
258,361	3880
258,588	3487
258,816	3838
259,043	3685
259,27	3825
259,497	3849
259,725	3755
259,952	3766
260,179	3791
260,406	3811
260,633	3729
260,86	3826
261,088	3814
261,315	4062
261,542	3726
261,769	3732
261,996	4125
262,223	3935
262,45	4075
262,677	3715
262,904	3680
263,131	3873
263,358	3784
263,585	3817
263,812	4132
264,039	3904
264,266	3711
264,493	3829
264,72	3697
264,947	3723
265,174	3907
265,401	3822
265,627	3974
265,854	3743
266,081	3839
266,308	3740
266,535	3636
266,762	3734
266,988	3661
267,215	3724
267,442	3625
267,669	3795
267,896	3663
268,122	3999
268,349	3732
268,576	3570
268,802	3556
269,029	3616
269,256	3638
269,482	3593
269,709	3625
269,936	3570
270,162	3789
270,389	3520
270,616	3649
270,842	3731
271,069	3872
271,295	3658
271,522	3610
271,748	3803
271,975	3791
272,201	3854
272,428	3735
272,654	3659
272,881	3942
273,107	3665
273,334	3858
273,56	3914
273,787	3710
274,013	3867
274,239	4032
274,466	3827
274,692	3803
274,918	3879
275,145	3832
275,371	3883
275,597	4053
275,824	4046
276,05	4016
276,276	4054
276,503	3819
276,729	3992
276,955	3944
277,181	3974
277,407	4119
277,634	3983
277,86	4057
278,086	4127
278,312	4162
278,538	3923
278,764	4067
278,991	4020
279,217	4003
279,443	3966
279,669	4003
279,895	4140
280,121	3972
280,347	4214
280,573	4063
280,799	4107
281,025	4416
281,251	4152
281,477	4478
281,703	4270
281,929	4288
282,155	4357
282,381	4474
282,607	4506
282,833	4529
283,059	4581
283,285	4524
283,51	4514
283,736	4416
283,962	4585
284,188	4578
284,414	4666
284,64	4747
284,865	4739
285,091	4650
285,317	4859
285,543	4928
285,768	4726
285,994	5137
286,22	5097
286,446	5020
286,671	4861
286,897	4882
287,123	4890
287,348	4924
287,574	5498
287,799	5150
288,025	4941
288,251	5196
288,476	5174
288,702	5128
288,927	5120
289,153	5087
289,378	5381
289,604	5297
289,829	5240
290,055	5218
290,28	5289
290,506	5332
290,731	5249
290,957	5415
291,182	5385
291,408	5411
291,633	5494
291,858	5410
292,084	5518
292,309	5410
292,535	5347
292,76	5554
292,985	5545
293,211	5403
293,436	5321
293,661	5201
293,886	5385
294,112	5417
294,337	5494
294,562	5220
294,787	5487
295,013	5450
295,238	5598
295,463	5330
295,688	5633
295,913	5530
296,138	5463
296,364	5295
296,589	5411
296,814	5205
297,039	5263
297,264	5252
297,489	5318
297,714	5261
297,939	5184
298,164	5256
298,389	5413
298,614	5387
298,839	5530
299,064	5589
299,289	5505
299,514	5591
299,739	5531
299,964	5581
300,189	5659
300,414	5794
300,639	5762
300,863	5601
301,088	5771
301,313	5519
301,538	5748
301,763	5650
301,988	5659
302,212	5711
302,437	6104
302,662	5672
302,887	5783
303,111	5760
303,336	5900
303,561	5781
303,786	5676
304,01	5749
304,235	5851
304,46	5532
304,684	5788
304,909	5547
305,134	5434
305,358	5617
305,583	5540
305,807	5617
306,032	5234
306,256	5492
306,481	5470
306,706	5420
306,93	5374
307,155	5738
307,379	5535
307,604	5605
307,828	5553
308,052	5888
308,277	5833
308,501	5656
308,726	5798
308,95	5815
309,175	5672
309,399	5817
309,623	5717
309,848	5646
310,072	5536
310,296	6016
310,521	5835
310,745	5665
310,969	5886
311,193	5785
311,418	5762
311,642	5700
311,866	5756
312,09	5671
312,315	5683
312,539	5749
312,763	5519
312,987	5770
313,211	5576
313,435	5724
313,659	5785
313,884	5973
314,108	5559
314,332	5889
314,556	5563
314,78	5839
315,004	5750
315,228	5886
315,452	5724
315,676	5664
315,9	5688
316,124	5435
316,348	5599
316,572	5656
316,796	5706
317,02	5541
317,244	5588
317,468	5434
317,691	5679
317,915	5587
318,139	5419
318,363	5896
318,587	5631
318,811	5385
319,034	5309
319,258	5576
319,482	5595
319,706	5636
319,93	5271
320,153	5536
320,377	5540
320,601	5326
320,824	5401
321,048	5646
321,272	5453
321,495	5495
321,719	5596
321,943	5344
322,166	5582
322,39	5548
322,614	5570
322,837	5577
323,061	5496
323,284	5548
323,508	5491
323,731	5418
323,955	5524
324,178	5502
324,402	5640
324,625	5521
324,849	5395
325,072	5595
325,296	5567
325,519	5511
325,743	5453
325,966	5661
326,189	5593
326,413	5500
326,636	5623
326,859	5478
327,083	5613
327,306	5350
327,529	5342
327,753	5186
327,976	5498
328,199	5362
328,422	5272
328,646	5450
328,869	5281
329,092	5584
329,315	5649
329,538	5380
329,762	5379
329,985	5329
330,208	5428
330,431	5522
330,654	5573
330,877	5419
331,1	5530
331,323	5613
331,546	5583
331,769	5532
331,993	5389
332,216	5391
332,439	5432
332,662	5511
332,885	5573
333,107	5375
333,33	5419
333,553	5553
333,776	5332
333,999	5525
334,222	5415
334,445	5375
334,668	5420
334,891	5469
335,114	5383
335,336	5396
335,559	5462
335,782	5709
336,005	5378
336,228	5189
336,45	5374
336,673	5314
336,896	5333
337,119	5412
337,341	5296
337,564	5199
337,787	5474
338,009	5325
338,232	5619
338,455	5184
338,677	5336
338,9	5306
339,122	5441
339,345	5211
339,568	5140
339,79	5298
340,013	5343
340,235	5381
340,458	5179
340,68	5155
340,903	5220
341,125	5158
341,348	5220
341,57	5097
341,793	5324
342,015	4863
342,238	5147
342,46	5126
342,682	5135
342,905	5103
343,127	4945
343,349	5022
343,572	5144
343,794	4882
344,016	4914
344,239	5013
344,461	4906
344,683	4973
344,905	5107
345,128	4974
345,35	5062
345,572	5058
345,794	5254
346,017	5080
346,239	5042
346,461	4986
346,683	5079
346,905	5111
347,127	5122
347,349	5050
347,571	5098
347,793	5331
348,016	5099
348,238	4942
348,46	5075
348,682	5045
348,904	5049
349,126	5042
349,348	5062
349,57	4965
349,792	4831
350,014	5255
350,235	4895
350,457	5347
350,679	5002
350,901	4902
351,123	4924
351,345	5095
351,567	4899
351,789	5022
352,01	4925
352,232	4873
352,454	4719
352,676	4806
352,897	4823
353,119	4645
353,341	4619
353,563	4579
353,784	4489
354,006	4622
354,228	4609
354,449	4650
354,671	4701
354,893	4984
355,114	4833
355,336	4743
355,558	4864
355,779	4772
356,001	4837
356,222	4825
356,444	4712
356,665	5596
356,887	4756
357,108	4732
357,33	4669
357,551	4852
357,773	4784
357,994	4796
358,216	4545
358,437	4851
358,659	4857
358,88	4696
359,101	4797
359,323	4730
359,544	4667
359,765	4626
359,987	4636
360,208	4693
360,429	4671
360,651	4561
360,872	4786
361,093	4617
361,314	4564
361,536	4611
361,757	4610
361,978	4545
362,199	4423
362,42	4336
362,642	4660
362,863	4656
363,084	4491
363,305	4540
363,526	4472
363,747	4303
363,968	4532
364,189	4551
364,41	4354
364,631	4273
364,852	4474
365,073	4383
365,294	4387
365,515	4276
365,736	4524
365,957	4477
366,178	4659
366,399	4506
366,62	4513
366,841	4498
367,062	4538
367,283	4403
367,504	4511
367,724	4327
367,945	4288
368,166	4577
368,387	4290
368,608	4358
368,828	4463
369,049	4376
369,27	4351
369,491	4340
369,711	4434
369,932	4363
370,153	4346
370,373	4341
370,594	4473
370,815	4351
371,035	4536
371,256	4153
371,477	4248
371,697	4308
371,918	4224
372,138	4354
372,359	4522
372,579	4163
372,8	4328
373,02	4106
373,241	4377
373,461	4285
373,682	4411
373,902	4236
374,123	4244
374,343	4349
374,564	4291
374,784	4206
375,004	4509
375,225	4131
375,445	3978
375,666	4299
375,886	4037
376,106	4178
376,326	4176
376,547	4350
376,767	4350
376,987	4255
377,208	4344
377,428	4264
377,648	4428
377,868	4351
378,088	4605
378,309	4450
378,529	4601
378,749	4542
378,969	4328
379,189	4515
379,409	4356
379,629	4271
379,849	4471
380,069	4340
380,29	4190
380,51	4279
380,73	4334
380,95	4462
381,17	4299
381,39	4300
381,61	4154
381,829	4226
382,049	4155
382,269	4214
382,489	4307
382,709	4132
382,929	4161
383,149	4272
383,369	4460
383,589	4147
383,808	4231
384,028	4200
384,248	4209
384,468	4303
384,688	4175
384,907	4206
385,127	4155
385,347	4230
385,567	4177
385,786	4433
386,006	4191
386,226	4407
386,445	4281
386,665	4397
386,885	4433
387,104	4388
387,324	4376
387,543	4345
387,763	4502
387,982	4419
388,202	4413
388,422	4648
388,641	4369
388,861	4364
389,08	4424
389,3	4205
389,519	4492
389,738	4319
389,958	4348
390,177	4380
390,397	4384
390,616	4406
390,836	4469
391,055	4353
391,274	4392
391,494	4477
391,713	4357
391,932	4684
392,151	4538
392,371	4594
392,59	4673
392,809	4705
393,029	4514
393,248	4690
393,467	4109
393,686	4156
393,905	5163
394,124	4167
394,344	4302
394,563	4274
394,782	4273
395,001	4356
395,22	4162
395,439	4348
395,658	4275
395,877	4201
396,096	4343
396,315	4522
396,534	4471
396,753	4467
396,972	4400
397,191	4629
397,41	4704
397,629	4624
397,848	4593
398,067	4775
398,286	4640
398,505	4637
398,724	4573
398,943	5076
399,161	4328
399,38	4473
399,599	4366
399,818	4332
400,037	4467
400,255	4290
400,474	4378
400,693	4398
400,912	4449
401,13	4235
401,349	4264
401,568	4180
401,786	4277
402,005	4220
402,224	4261
402,442	4188
402,661	4193
402,88	4385
403,098	4075
403,317	4222
403,535	4244
403,754	4055
403,972	4209
404,191	4094
404,409	4199
404,628	4835
404,846	4199
405,065	4497
405,283	4207
405,502	4128
405,72	4184
405,938	4035
406,157	4014
406,375	4019
406,594	4163
406,812	3967
407,03	3993
407,249	3894
407,467	3998
407,685	4094
407,903	3994
408,122	4284
408,34	4238
408,558	4169
408,776	4023
408,995	4065
409,213	4196
409,431	4276
409,649	4200
409,867	4064
410,085	3979
410,303	4076
410,522	3916
410,74	3912
410,958	3904
411,176	4027
411,394	3972
411,612	3916
411,83	4270
412,048	4133
412,266	4150
412,484	4023
412,702	4220
412,92	3917
413,138	4102
413,356	4060
413,573	4106
413,791	4046
414,009	4086
414,227	4001
414,445	3946
414,663	3974
414,881	3881
415,098	3898
415,316	3934
415,534	4336
415,752	3835
415,969	4147
416,187	3719
416,405	3826
416,623	4007
416,84	3757
417,058	3921
417,276	4001
417,493	3882
417,711	3866
417,928	3904
418,146	3937
418,364	4028
418,581	4049
418,799	3874
419,016	3795
419,234	3868
419,451	4412
419,669	3985
419,886	4049
420,104	3906
420,321	4180
420,539	4023
420,756	4212
420,974	4386
421,191	4211
421,408	4347
421,626	4358
421,843	4191
422,06	4137
422,278	4074
422,495	4142
422,712	4025
422,93	4153
423,147	3981
423,364	3943
423,581	4026
423,799	3918
424,016	3981
424,233	4025
424,45	4043
424,667	4099
424,884	3849
425,102	4016
425,319	3817
425,536	3829
425,753	3933
425,97	3880
426,187	3893
426,404	3859
426,621	4202
426,838	4098
427,055	4073
427,272	4150
427,489	4153
427,706	3785
427,923	3886
428,14	4020
428,357	4212
428,574	4118
428,791	4084
429,008	4117
429,224	4296
429,441	4248
429,658	4348
429,875	4600
430,092	4303
430,308	4519
430,525	4261
430,742	4210
430,959	4090
431,175	3895
431,392	3788
431,609	3887
431,826	3743
432,042	3496
432,259	3748
432,476	3910
432,692	3616
432,909	3862
433,125	4061
433,342	4036
433,559	4118
433,775	3993
433,992	3843
434,208	3698
434,425	3716
434,641	3807
434,858	4100
435,074	3855
435,291	3865
435,507	3846
435,723	3829
435,94	3778
436,156	3911
436,373	4075
436,589	3853
436,805	3786
437,022	3717
437,238	3772
437,454	3724
437,671	3767
437,887	3852
438,103	3800
438,319	3834
438,536	3841
438,752	3839
438,968	3824
439,184	3764
439,4	3639
439,616	3560
439,833	3835
440,049	3725
440,265	4057
440,481	4015
440,697	4128
440,913	4076
441,129	4238
441,345	4167
441,561	4156
441,777	4042
441,993	3940
442,209	3882
442,425	4024
442,641	3856
442,857	3999
443,073	4073
443,289	4048
443,505	4037
443,721	4084
443,937	3972
444,152	3783
444,368	3868
444,584	3842
444,8	3998
445,016	3758
445,231	3849
445,447	4086
445,663	3813
445,879	3854
446,094	3945
446,31	3965
446,526	3835
446,742	3812
446,957	3679
447,173	3693
447,388	3800
447,604	3730
447,82	3752
448,035	3771
448,251	3902
448,466	3863
448,682	3686
448,897	3620
449,113	3780
449,328	3822
449,544	3585
449,759	3970
449,975	3568
450,19	3453
450,406	3609
450,621	3483
450,836	3538
451,052	3583
451,267	3488
451,483	3548
451,698	3394
451,913	3519
452,129	3601
452,344	3384
452,559	3544
452,774	3555
452,99	3415
453,205	3395
453,42	3574
453,635	3523
453,85	3374
454,066	3452
454,281	3534
454,496	3353
454,711	3538
454,926	3496
455,141	3452
455,356	3449
455,571	3293
455,786	3366
456,001	3294
456,217	3266
456,432	3171
456,647	3478
456,861	3421
457,076	3510
457,291	3383
457,506	3429
457,721	3533
457,936	3546
458,151	3462
458,366	3712
458,581	3473
458,796	3734
459,01	3425
459,225	3532
459,44	3323
459,655	3549
459,87	3431
460,084	3354
460,299	3477
460,514	3405
460,729	3716
460,943	3498
461,158	3272
461,373	3110
461,587	3240
461,802	3068
462,016	3243
462,231	3160
462,446	3216
462,66	3116
462,875	3333
463,089	3294
463,304	3449
463,518	3367
463,733	3412
463,947	3368
464,162	3409
464,376	3434
464,591	3576
464,805	3466
465,02	3665
465,234	3384
465,448	3565
465,663	3494
465,877	3414
466,091	3265
466,306	3367
466,52	3456
466,734	3169
466,949	3025
467,163	3254
467,377	3082
467,591	3068
467,806	3128
468,02	3044
468,234	2929
468,448	3170
468,662	3071
468,876	3177
469,091	2999
469,305	2949
469,519	2798
469,733	2867
469,947	2957
470,161	3125
470,375	2684
470,589	2945
470,803	2982
471,017	2850
471,231	2920
471,445	2854
471,659	2920
471,873	2940
472,087	2815
472,301	3035
472,515	2908
472,728	2956
472,942	2998
473,156	3004
473,37	3020
473,584	2906
473,798	3006
474,011	3039
474,225	3069
474,439	3094
474,653	3222
474,866	3105
475,08	2869
475,294	3139
475,507	2836
475,721	3003
475,935	3078
476,148	2986
476,362	2789
476,576	2883
476,789	2962
477,003	2836
477,216	3037
477,43	3031
477,643	3097
477,857	3233
478,07	3064
478,284	3039
478,497	2928
478,711	2843
478,924	2929
479,138	3083
479,351	3126
479,564	3081
479,778	3149
479,991	2944
480,204	3125
480,418	3161
480,631	2995
480,844	3233
481,058	3097
481,271	3214
481,484	3258
481,697	3136
481,911	3150
482,124	3048
482,337	3000
482,55	3055
482,763	3011
482,976	3134
483,19	3121
483,403	3045
483,616	3203
483,829	3245
484,042	3336
484,255	3254
484,468	3341
484,681	3209
484,894	3758
485,107	5903
485,32	7605
485,533	7536
485,746	6645
485,959	5799
486,172	4616
486,385	3759
486,598	3595
486,81	3335
487,023	3219
487,236	3366
487,449	3118
487,662	3069
487,875	2939
488,087	3030
488,3	2949
488,513	2767
488,726	2824
488,938	3028
489,151	2976
489,364	2886
489,576	2948
489,789	2963
490,002	2989
490,214	2930
490,427	2732
490,64	2861
490,852	2964
491,065	2849
491,277	2890
491,49	2865
491,702	2683
491,915	3108
492,127	2924
492,34	2938
492,552	2857
492,765	2989
492,977	3258
493,19	2957
493,402	2865
493,614	2918
493,827	2899
494,039	2772
494,251	2775
494,464	2951
494,676	2349
494,888	2799
495,101	2701
495,313	2765
495,525	2962
495,737	3036
495,95	2974
496,162	2911
496,374	2902
496,586	2654
496,798	2699
497,01	2700
497,222	2532
497,435	2789
497,647	2664
497,859	2711
498,071	2730
498,283	2755
498,495	2732
498,707	3001
498,919	2781
499,131	2591
499,343	2826
499,555	2624
499,767	2838
499,979	2681
500,191	2834
500,402	2630
500,614	2916
500,826	2612
501,038	2778
501,25	2833
501,462	2640
501,673	2842
501,885	2608
502,097	2894
502,309	2925
502,521	2874
502,732	2688
502,944	2792
503,156	2547
503,367	2685
503,579	2561
503,791	2753
504,002	2630
504,214	2790
504,425	2914
504,637	2855
504,849	2652
505,06	2709
505,272	2713
505,483	2720
505,695	2685
505,906	2649
506,118	2710
506,329	2511
506,541	2571
506,752	2590
506,963	2584
507,175	2477
507,386	2834
507,598	2627
507,809	2496
508,02	2923
508,232	2602
508,443	2473
508,654	2643
508,865	2659
509,077	2350
509,288	2429
509,499	2594
509,71	2436
509,922	2517
510,133	2476
510,344	2644
510,555	2586
510,766	2568
510,977	2499
511,188	2448
511,4	2423
511,611	2348
511,822	2488
512,033	2337
512,244	2481
512,455	2336
512,666	2424
512,877	2513
513,088	2294
513,299	2494
513,51	2438
513,721	2373
513,931	2497
514,142	2482
514,353	2520
514,564	2372
514,775	2271
514,986	2404
515,196	2408
515,407	2288
515,618	2378
515,829	2460
516,04	2345
516,25	2330
516,461	2274
516,672	2481
516,882	2169
517,093	2453
517,304	2270
517,514	2164
517,725	2376
517,936	2167
518,146	2204
518,357	2519
518,567	2320
518,778	2674
518,988	2292
519,199	2473
519,409	2121
519,62	2308
519,83	2210
520,041	2222
520,251	2274
520,462	2257
520,672	2199
520,882	2363
521,093	2312
521,303	2368
521,513	2234
521,724	3096
521,934	2137
522,144	2292
522,355	2155
522,565	2247
522,775	2269
522,985	2241
523,196	2238
523,406	2215
523,616	2352
523,826	2215
524,036	2919
524,246	2228
524,457	2144
524,667	2053
524,877	2201
525,087	2178
525,297	2216
525,507	2358
525,717	2067
525,927	2283
526,137	2252
526,347	2153
526,557	2150
526,767	2200
526,977	2429
527,187	2152
527,397	2103
527,607	2044
527,816	2185
528,026	2153
528,236	2269
528,446	2265
528,656	2282
528,865	2442
529,075	2079
529,285	2205
529,495	2238
529,704	2248
529,914	2191
530,124	2190
530,334	2122
530,543	2125
530,753	2401
530,963	2547
531,172	2149
531,382	2119
531,591	2287
531,801	2044
532,01	2187
532,22	2140
532,43	2154
532,639	2472
532,849	2232
533,058	2140
533,267	2330
533,477	2220
533,686	2045
533,896	2087
534,105	1922
534,315	2418
534,524	2107
534,733	2171
534,943	2327
535,152	2261
535,361	2023
535,57	2079
535,78	2027
535,989	1986
536,198	2013
536,407	1984
536,617	2096
536,826	2096
537,035	2451
537,244	1986
537,453	2000
537,662	2168
537,872	2287
538,081	1980
538,29	2050
538,499	1996
538,708	2058
538,917	2118
539,126	2103
539,335	2133
539,544	2486
539,753	1911
539,962	2099
540,171	2112
540,38	2142
540,589	2083
540,797	2227
541,006	2046
541,215	2032
541,424	2186
541,633	2119
541,842	2105
542,05	2339
542,259	2071
542,468	2111
542,677	2119
542,885	1971
543,094	2188
543,303	1996
543,512	2149
543,72	2217
543,929	2206
544,138	2082
544,346	1977
544,555	1909
544,763	2193
544,972	2023
545,18	1927
545,389	2093
545,598	1919
545,806	1984
546,015	2044
546,223	1990
546,431	1999
546,64	2071
546,848	2020
547,057	2086
547,265	2181
547,474	2094
547,682	2164
547,89	2197
548,099	2029
548,307	2048
548,515	2114
548,723	2151
548,932	1996
549,14	2079
549,348	2110
549,556	1940
549,765	1988
549,973	1847
550,181	1999
550,389	1982
550,597	1993
550,805	1904
551,014	2103
551,222	3650
551,43	1818
551,638	2187
551,846	2205
552,054	2201
552,262	2160
552,47	1976
552,678	1965
552,886	1968
553,094	1741
553,302	2234
553,51	1934
553,717	2063
553,925	1870
554,133	2162
554,341	1950
554,549	1840
554,757	1931
554,965	1897
555,172	1999
555,38	2198
555,588	1899
555,796	1910
556,003	2059
556,211	1855
556,419	1979
556,626	1997
556,834	1906
557,042	1902
557,249	1982
557,457	1883
557,664	1754
557,872	1811
558,08	1782
558,287	1935
558,495	1990
558,702	1762
558,91	1888
559,117	1855
559,325	1933
559,532	1822
559,74	2055
559,947	2039
560,154	1953
560,362	1668
560,569	1928
560,776	1850
560,984	1960
561,191	1821
561,398	1880
561,606	2156
561,813	2008
562,02	1698
562,227	1755
562,435	1884
562,642	1972
562,849	1960
563,056	1901
563,263	1945
563,471	1964
563,678	1963
563,885	1881
564,092	1797
564,299	2010
564,506	2004
564,713	1885
564,92	1837
565,127	1892
565,334	1883
565,541	2147
565,748	1930
565,955	1868
566,162	1864
566,369	1936
566,576	1987
566,783	2037
566,99	1898
567,196	2017
567,403	2035
567,61	2127
567,817	1926
568,024	1967
568,23	2037
568,437	2011
568,644	1985
568,851	2029
569,057	2609
569,264	2370
569,471	2168
569,677	2176
569,884	2195
570,091	2372
570,297	3130
570,504	2315
570,71	2325
570,917	2244
571,123	2218
571,33	2332
571,536	2254
571,743	2188
571,949	2094
572,156	1932
572,362	2221
572,569	2146
572,775	2232
572,982	2558
573,188	2340
573,394	2232
573,601	2292
573,807	2194
574,013	2565
574,22	2344
574,426	2290
574,632	2352
574,838	2194
575,045	2073
575,251	2073
575,457	2069
575,663	2227
575,869	2189
576,076	2180
576,282	2348
576,488	2235
576,694	2224
576,9	2142
577,106	2559
577,312	2430
577,518	2690
577,724	2329
577,93	2304
578,136	2194
578,342	2173
578,548	2061
578,754	1986
578,96	1986
579,166	2265
579,372	2363
579,578	2222
579,784	2260
579,989	2119
580,195	2064
580,401	2158
580,607	2304
580,813	2713
581,018	2905
581,224	2444
581,43	2516
581,636	2474
581,841	2420
582,047	2234
582,253	2156
582,458	2116
582,664	1955
582,869	1903
583,075	1806
583,281	2144
583,486	2028
583,692	1917
583,897	2119
584,103	2061
584,308	2141
584,514	2208
584,719	2350
584,925	2252
585,13	2136
585,335	2045
585,541	2005
585,746	1879
585,952	1810
586,157	1885
586,362	1910
586,568	2046
586,773	2100
586,978	1908
587,183	1947
587,389	1964
587,594	1970
587,799	1866
588,004	2054
588,21	1958
588,415	1729
588,62	1820
588,825	1929
589,03	2004
589,235	2271
589,44	1956
589,645	1706
589,85	1854
590,055	1884
590,26	1763
590,465	1689
590,67	1785
590,875	1856
591,08	1867
591,285	1682
591,49	1697
591,695	1716
591,9	1655
592,105	1745
592,31	1797
592,515	2110
592,719	1729
592,924	1725
593,129	1813
593,334	1765
593,539	1652
593,743	1730
593,948	1581
594,153	1661
594,357	1828
594,562	1691
594,767	1848
594,971	1561
595,176	1654
595,381	1740
595,585	1602
595,79	1748
595,994	1542
596,199	1898
596,403	1421
596,608	1563
596,812	1622
597,017	1771
597,221	1796
597,426	1768
597,63	1502
597,835	1569
598,039	1620
598,243	1693
598,448	1788
598,652	1644
598,856	1591
599,061	1678
599,265	1591
599,469	1618
599,673	1761
599,878	1782
600,082	1624
600,286	1575
600,49	1722
600,695	1487
600,899	1594
601,103	1683
601,307	1762
601,511	1661
601,715	1520
601,919	1481
602,123	1753
602,327	1671
602,531	1604
602,735	1542
602,939	1737
603,143	1495
603,347	1752
603,551	1645
603,755	1636
603,959	1640
604,163	1637
604,367	1548
604,571	1548
604,775	1821
604,978	1631
605,182	1487
605,386	1634
605,59	1591
605,793	1566
605,997	1762
606,201	1682
606,405	1717
606,608	1831
606,812	1533
607,016	1725
607,219	1577
607,423	1581
607,627	1753
607,83	1580
608,034	1497
608,237	1565
608,441	1489
608,644	1668
608,848	1639
609,051	1541
609,255	1521
609,458	1689
609,662	1537
609,865	1610
610,069	1559
610,272	1429
610,475	1506
610,679	1505
610,882	1503
611,085	1586
611,289	1663
611,492	1537
611,695	1499
611,898	1428
612,102	1687
612,305	1613
612,508	1609
612,711	1732
612,914	1452
613,118	1579
613,321	1619
613,524	1517
613,727	1517
613,93	1547
614,133	1613
614,336	1600
614,539	1603
614,742	1400
614,945	1508
615,148	1722
615,351	1488
615,554	1626
615,757	1370
615,96	1580
616,163	1423
616,366	1623
616,569	1570
616,772	1724
616,974	1560
617,177	1790
617,38	1577
617,583	1543
617,786	1475
617,988	1367
618,191	1686
618,394	1539
618,596	1391
618,799	1398
619,002	1562
619,204	1614
619,407	1514
619,61	1400
619,812	1518
620,015	1492
620,217	1724
620,42	1606
620,623	1525
620,825	1536
621,028	1632
621,23	1625
621,432	1544
621,635	1760
621,837	1618
622,04	1529
622,242	1518
622,445	1575
622,647	1490
622,849	1700
623,052	1190
623,254	1587
623,456	1629
623,658	1657
623,861	1513
624,063	1511
624,265	1565
624,467	1621
624,67	1412
624,872	1587
625,074	1712
625,276	1581
625,478	1607
625,68	1437
625,882	1452
626,084	1568
626,287	1675
626,489	1591
626,691	1546
626,893	1575
627,095	1605
627,297	1594
627,499	1498
627,7	1315
627,902	1328
628,104	1421
628,306	1452
628,508	1387
628,71	1216
628,912	1562
629,114	1654
629,315	1535
629,517	1431
629,719	1357
629,921	1716
630,122	1495
630,324	1414
630,526	1624
630,728	1500
630,929	1435
631,131	1467
631,332	1732
631,534	1690
631,736	1219
631,937	1434
632,139	1604
632,34	1541
632,542	1653
632,743	1547
632,945	1381
633,146	1527
633,348	1574
633,549	1508
633,751	1461
633,952	1498
634,154	1362
634,355	1341
634,556	1494
634,758	1453
634,959	1360
635,16	1658
635,362	1444
635,563	1501
635,764	1464
635,965	1539
636,167	1467
636,368	1736
636,569	1443
636,77	1595
636,971	1401
637,172	1727
637,374	1357
637,575	1598
637,776	1354
637,977	1364
638,178	1473
638,379	1301
638,58	1452
638,781	1249
638,982	1435
639,183	1475
639,384	1375
639,585	1416
639,786	1602
639,987	1457
640,187	1467
640,388	1600
640,589	1342
640,79	1356
640,991	1494
641,192	1526
641,392	1305
641,593	1436
641,794	1278
641,995	1401
642,195	1274
642,396	1261
642,597	1290
642,797	1466
642,998	1508
643,199	1383
643,399	1518
643,6	1266
643,8	1270
644,001	1389
644,202	1423
644,402	1320
644,603	1476
644,803	1438
645,004	1475
645,204	1326
645,404	1315
645,605	1761
645,805	1302
646,006	1364
646,206	1816
646,406	1350
646,607	1252
646,807	1274
647,007	42
647,208	29
647,408	67
647,608	-48
