200,697	922
200,927	-37
201,158	53
201,388	-39
201,618	1231
201,849	1130
202,079	1389
202,309	1235
202,539	1277
202,77	1187
203	1373
203,23	1292
203,46	1175
203,691	1354
203,921	1246
204,151	1350
204,381	1334
204,611	1254
204,841	1246
205,071	1306
205,302	1387
205,532	1432
205,762	3196
205,992	1187
206,222	1450
206,452	1310
206,682	1600
206,912	1451
207,142	1354
207,372	1340
207,602	1216
207,832	1272
208,062	1156
208,292	1571
208,522	1103
208,752	1324
208,982	1270
209,212	1324
209,442	1221
209,672	1287
209,902	1192
210,131	1347
210,361	1279
210,591	1253
210,821	1231
211,051	1437
211,281	1313
211,51	1370
211,74	1354
211,97	1203
212,2	1358
212,429	1529
212,659	1324
212,889	1374
213,119	1222
213,348	1260
213,578	1448
213,808	1376
214,037	1415
214,267	1365
214,497	1292
214,726	1262
214,956	1288
215,186	1316
215,415	1322
215,645	1340
215,874	1207
216,104	1338
216,333	1209
216,563	1352
216,792	1393
217,022	1406
217,251	1337
217,481	1276
217,71	1410
217,94	1207
218,169	1322
218,399	1363
218,628	1230
218,858	1549
219,087	1287
219,316	1394
219,546	1356
219,775	1350
220,004	1458
220,234	1322
220,463	1270
220,692	1384
220,922	1332
221,151	1394
221,38	1324
221,61	1745
221,839	1566
222,068	1366
222,297	1423
222,526	1428
222,756	1410
222,985	1468
223,214	1385
223,443	1344
223,672	1791
223,902	1249
224,131	1407
224,36	1485
224,589	1250
224,818	1321
225,047	1496
225,276	1265
225,505	1715
225,734	1114
225,963	1244
226,192	1367
226,421	1289
226,65	1395
226,879	1440
227,108	1452
227,337	1432
227,566	1473
227,795	1349
228,024	1379
228,253	1513
228,482	1346
228,711	1450
228,94	1320
229,168	1333
229,397	1344
229,626	1348
229,855	1308
230,084	1208
230,313	1274
230,541	1482
230,77	1320
230,999	1228
231,228	1550
231,456	1497
231,685	1321
231,914	1360
232,143	1373
232,371	1434
232,6	1339
232,829	1398
233,057	1385
233,286	1395
233,515	1413
233,743	1358
233,972	1316
234,2	1413
234,429	1338
234,658	1317
234,886	1217
235,115	1312
235,343	1624
235,572	1359
235,8	1442
236,029	1612
236,257	1305
236,486	1418
236,714	1434
236,943	1421
237,171	1358
237,399	1308
237,628	1429
237,856	1516
238,085	1427
238,313	1205
238,541	1317
238,77	1741
238,998	1281
239,226	1298
239,455	1321
239,683	1351
239,911	1287
240,14	1546
240,368	1404
240,596	1380
240,824	1465
241,053	1319
241,281	1309
241,509	1357
241,737	1335
241,965	1250
242,193	1289
242,422	1277
242,65	1351
242,878	1313
243,106	1353
243,334	1391
243,562	1383
243,79	1418
244,018	1554
244,246	1338
244,474	1386
244,702	1400
244,93	1306
245,158	1398
245,386	1342
245,614	1351
245,842	1522
246,07	1318
246,298	1471
246,526	1550
246,754	1326
246,982	1333
247,21	1457
247,438	1395
247,666	1282
247,893	1386
248,121	1295
248,349	1274
248,577	1415
248,805	1476
249,033	1353
249,26	1887
249,488	1306
249,716	1449
249,944	1391
250,171	1335
250,399	1377
250,627	1419
250,854	1398
251,082	1327
251,31	1376
251,537	1366
251,765	1617
251,993	1257
252,22	1656
252,448	1317
252,676	1476
252,903	1389
253,131	1615
253,358	1423
253,586	1162
253,813	1208
254,041	1440
254,268	1107
254,496	1265
254,723	1298
254,951	1304
255,178	1388
255,406	1312
255,633	1372
255,86	1363
256,088	1422
256,315	1262
256,543	1457
256,77	1509
256,997	1368
257,225	1449
257,452	1314
257,679	1322
257,907	1437
258,134	1335
258,361	1357
258,588	1494
258,816	1339
259,043	1353
259,27	1311
259,497	1406
259,725	1359
259,952	1397
260,179	1257
260,406	1437
260,633	1440
260,86	1384
261,088	1358
261,315	1510
261,542	1275
261,769	1410
261,996	1606
262,223	1507
262,45	1621
262,677	1236
262,904	1389
263,131	1436
263,358	1319
263,585	1457
263,812	1964
264,039	1481
264,266	1351
264,493	1401
264,72	1299
264,947	1367
265,174	1566
265,401	1681
265,627	1554
265,854	1349
266,081	1443
266,308	1403
266,535	1372
266,762	1322
266,988	1413
267,215	1389
267,442	1288
267,669	1523
267,896	1445
268,122	1577
268,349	1543
268,576	1165
268,802	1399
269,029	1400
269,256	1443
269,482	1344
269,709	1330
269,936	1384
270,162	1525
270,389	1327
270,616	1403
270,842	1522
271,069	1445
271,295	1429
271,522	1366
271,748	1390
271,975	1481
272,201	1515
272,428	1287
272,654	1403
272,881	1605
273,107	1379
273,334	1201
273,56	1492
273,787	1294
274,013	1389
274,239	1645
274,466	1338
274,692	1355
274,918	1384
275,145	1446
275,371	1371
275,597	1564
275,824	1302
276,05	1452
276,276	1456
276,503	1356
276,729	1412
276,955	1316
277,181	1369
277,407	1195
277,634	1807
277,86	1335
278,086	1458
278,312	1372
278,538	1347
278,764	1407
278,991	1487
279,217	1338
279,443	1315
279,669	1349
279,895	1485
280,121	1354
280,347	1362
280,573	1343
280,799	1353
281,025	1466
281,251	1342
281,477	1505
281,703	1378
281,929	1255
282,155	1309
282,381	1376
282,607	1237
282,833	1432
283,059	1282
283,285	1306
283,51	1354
283,736	1228
283,962	1354
284,188	1413
284,414	1308
284,64	1365
284,865	1457
285,091	1279
285,317	1427
285,543	1481
285,768	1370
285,994	1404
286,22	1601
286,446	1433
286,671	1242
286,897	1309
287,123	1186
287,348	1309
287,574	1750
287,799	1418
288,025	1291
288,251	1461
288,476	1373
288,702	1441
288,927	1396
289,153	1319
289,378	1569
289,604	1388
289,829	1401
290,055	1260
290,28	1291
290,506	1447
290,731	1315
290,957	1420
291,182	1393
291,408	1466
291,633	1460
291,858	1325
292,084	1582
292,309	1301
292,535	1456
292,76	1436
292,985	1387
293,211	1312
293,436	1196
293,661	1218
293,886	1370
294,112	1222
294,337	1379
294,562	1188
294,787	1410
295,013	1434
295,238	1354
295,463	1421
295,688	1557
295,913	1406
296,138	1199
296,364	1360
296,589	1387
296,814	998
297,039	1518
297,264	1383
297,489	1416
297,714	1400
297,939	1343
298,164	1356
298,389	1458
298,614	1269
298,839	1353
299,064	1456
299,289	1394
299,514	1461
299,739	1382
299,964	1335
300,189	1352
300,414	1370
300,639	1380
300,863	1358
301,088	1679
301,313	1389
301,538	1353
301,763	1353
301,988	1341
302,212	1419
302,437	1676
302,662	1292
302,887	1307
303,111	1362
303,336	1477
303,561	1468
303,786	1331
304,01	1490
304,235	1462
304,46	1279
304,684	1337
304,909	1393
305,134	1314
305,358	1458
305,583	1210
305,807	1516
306,032	1176
306,256	1374
306,481	1346
306,706	1327
306,93	1305
307,155	1588
307,379	1310
307,604	1351
307,828	1335
308,052	1481
308,277	1389
308,501	1370
308,726	1524
308,95	1361
309,175	1298
309,399	1550
309,623	1316
309,848	1051
310,072	1181
310,296	1633
310,521	1417
310,745	1320
310,969	1617
311,193	1504
311,418	1414
311,642	1308
311,866	1425
312,09	1399
312,315	1429
312,539	1451
312,763	1317
312,987	1497
313,211	1333
313,435	1468
313,659	1347
313,884	1560
314,108	1480
314,332	1510
314,556	1332
314,78	1472
315,004	1340
315,228	1711
315,452	1486
315,676	1310
315,9	1512
316,124	1233
316,348	1393
316,572	1488
316,796	1381
317,02	1368
317,244	1401
317,468	1197
317,691	1590
317,915	1398
318,139	1299
318,363	1669
318,587	1436
318,811	1328
319,034	1341
319,258	1775
319,482	1590
319,706	1544
319,93	1400
320,153	1335
320,377	1418
320,601	1326
320,824	1249
321,048	1532
321,272	1494
321,495	1389
321,719	1377
321,943	1365
322,166	1401
322,39	1348
322,614	1439
322,837	1423
323,061	1301
323,284	1350
323,508	1412
323,731	1342
323,955	1446
324,178	1270
324,402	1476
324,625	1225
324,849	1150
325,072	1454
325,296	1389
325,519	1338
325,743	1317
325,966	1449
326,189	1497
326,413	1382
326,636	1626
326,859	1444
327,083	1645
327,306	1317
327,529	1296
327,753	1274
327,976	1466
328,199	1453
328,422	1530
328,646	1215
328,869	1303
329,092	1397
329,315	1540
329,538	1308
329,762	1345
329,985	1343
330,208	1313
330,431	1322
330,654	1546
330,877	1396
331,1	1417
331,323	1353
331,546	1447
331,769	1448
331,993	1288
332,216	1410
332,439	1326
332,662	1414
332,885	1369
333,107	1199
333,33	1161
333,553	1430
333,776	1124
333,999	1529
334,222	1007
334,445	1351
334,668	1386
334,891	1404
335,114	1248
335,336	1378
335,559	1387
335,782	1627
336,005	1315
336,228	1372
336,45	1320
336,673	1290
336,896	1385
337,119	1403
337,341	1301
337,564	1266
337,787	1326
338,009	1298
338,232	1403
338,455	1444
338,677	1367
338,9	1421
339,122	1444
339,345	1265
339,568	1213
339,79	1312
340,013	1465
340,235	1438
340,458	1236
340,68	1446
340,903	1338
341,125	1298
341,348	1320
341,57	1264
341,793	1527
342,015	1204
342,238	1341
342,46	1419
342,682	1237
342,905	1290
343,127	1414
343,349	1307
343,572	1627
343,794	1228
344,016	1297
344,239	1519
344,461	1267
344,683	1254
344,905	1304
345,128	1230
345,35	1372
345,572	1429
345,794	1520
346,017	1280
346,239	1403
346,461	1288
346,683	1278
346,905	1550
347,127	1210
347,349	1298
347,571	1363
347,793	1525
348,016	1368
348,238	1389
348,46	1372
348,682	1296
348,904	1414
349,126	1418
349,348	1389
349,57	1247
349,792	1314
350,014	1428
350,235	1378
350,457	1750
350,679	1422
350,901	1219
351,123	1287
351,345	1359
351,567	1337
351,789	1237
352,01	1393
352,232	1258
352,454	1656
352,676	1435
352,897	1297
353,119	1339
353,341	1411
353,563	1334
353,784	1313
354,006	1343
354,228	1289
354,449	1324
354,671	1444
354,893	1410
355,114	1383
355,336	1355
355,558	1320
355,779	1264
356,001	1329
356,222	1362
356,444	1388
356,665	1959
356,887	1272
357,108	1288
357,33	1328
357,551	1462
357,773	1354
357,994	1285
358,216	1247
358,437	1404
358,659	1426
358,88	1361
359,101	1346
359,323	1392
359,544	1288
359,765	1246
359,987	1331
360,208	1302
360,429	1382
360,651	1303
360,872	1515
361,093	1375
361,314	1416
361,536	1395
361,757	1324
361,978	1355
362,199	1299
362,42	1194
362,642	1357
362,863	1489
363,084	1294
363,305	1327
363,526	1343
363,747	1296
363,968	1338
364,189	1457
364,41	1258
364,631	1292
364,852	1437
365,073	1248
365,294	1450
365,515	1301
365,736	1325
365,957	1427
366,178	1280
366,399	1403
366,62	1366
366,841	1440
367,062	1336
367,283	1342
367,504	1387
367,724	1281
367,945	1197
368,166	1474
368,387	1343
368,608	1259
368,828	1419
369,049	1198
369,27	1314
369,491	1299
369,711	1428
369,932	1450
370,153	1153
370,373	1538
370,594	1430
370,815	1395
371,035	1480
371,256	1072
371,477	1159
371,697	1359
371,918	1153
372,138	1393
372,359	1505
372,579	1152
372,8	1373
373,02	1397
373,241	1310
373,461	1441
373,682	1361
373,902	1355
374,123	1202
374,343	1324
374,564	1373
374,784	1098
375,004	1409
375,225	1192
375,445	1303
375,666	1477
375,886	1265
376,106	1314
376,326	1305
376,547	1519
376,767	1415
376,987	1258
377,208	1292
377,428	1223
377,648	1380
377,868	1349
378,088	1470
378,309	1401
378,529	1348
378,749	1418
378,969	1197
379,189	1355
379,409	1638
379,629	1209
379,849	1472
380,069	1348
380,29	1205
380,51	1424
380,73	1425
380,95	1548
381,17	1401
381,39	1327
381,61	1234
381,829	1285
382,049	1357
382,269	1261
382,489	1394
382,709	1299
382,929	1369
383,149	1369
383,369	1685
383,589	1287
383,808	1393
384,028	1467
384,248	1345
384,468	1333
384,688	1303
384,907	1281
385,127	1331
385,347	1370
385,567	1301
385,786	1484
386,006	1238
386,226	1392
386,445	1201
386,665	1274
386,885	1416
387,104	1214
387,324	1302
387,543	1186
387,763	1334
387,982	1348
388,202	1286
388,422	1409
388,641	1249
388,861	1359
389,08	1609
389,3	1452
389,519	1529
389,738	1293
389,958	1366
390,177	1351
390,397	1385
390,616	1317
390,836	1409
391,055	1302
391,274	1399
391,494	1259
391,713	1277
391,932	1349
392,151	1350
392,371	1216
392,59	1338
392,809	1459
393,029	1481
393,248	1432
393,467	1161
393,686	1240
393,905	2167
394,124	1280
394,344	1361
394,563	1356
394,782	1294
395,001	1324
395,22	1248
395,439	1386
395,658	1271
395,877	1341
396,096	1246
396,315	1438
396,534	1274
396,753	1404
396,972	1226
397,191	1357
397,41	1316
397,629	1306
397,848	1229
398,067	1335
398,286	1286
398,505	1139
398,724	1584
398,943	1912
399,161	1210
399,38	1381
399,599	1427
399,818	1314
400,037	1407
400,255	1397
400,474	1230
400,693	1318
400,912	1472
401,13	1345
401,349	1302
401,568	1292
401,786	1416
402,005	1386
402,224	1206
402,442	1429
402,661	1348
402,88	1252
403,098	1269
403,317	1358
403,535	1357
403,754	1233
403,972	1381
404,191	1259
404,409	1283
404,628	1909
404,846	1336
405,065	1394
405,283	1345
405,502	1284
405,72	1258
405,938	1310
406,157	1252
406,375	1240
406,594	1436
406,812	1149
407,03	1328
407,249	1242
407,467	1290
407,685	1474
407,903	1043
408,122	1486
408,34	1299
408,558	1243
408,776	1286
408,995	1300
409,213	1302
409,431	1403
409,649	1370
409,867	1278
410,085	1315
410,303	1360
410,522	1218
410,74	1343
410,958	1234
411,176	1327
411,394	1378
411,612	1281
411,83	1452
412,048	1384
412,266	1297
412,484	1292
412,702	1470
412,92	1244
413,138	1276
413,356	1355
413,573	1423
413,791	1556
414,009	1475
414,227	1526
414,445	1329
414,663	1313
414,881	1387
415,098	1316
415,316	1340
415,534	1679
415,752	1080
415,969	1460
416,187	1164
416,405	1067
416,623	1112
416,84	1179
417,058	1302
417,276	1451
417,493	1350
417,711	1265
417,928	1330
418,146	1326
418,364	1407
418,581	1328
418,799	1249
419,016	1196
419,234	1293
419,451	1763
419,669	1245
419,886	1366
420,104	1177
420,321	1322
420,539	1241
420,756	1394
420,974	1314
421,191	1172
421,408	1352
421,626	1353
421,843	1304
422,06	1278
422,278	1239
422,495	1365
422,712	1331
422,93	1380
423,147	1393
423,364	1313
423,581	1393
423,799	1255
424,016	1350
424,233	1317
424,45	1300
424,667	1340
424,884	1425
425,102	1424
425,319	1195
425,536	1175
425,753	1510
425,97	1184
426,187	1558
426,404	1287
426,621	1564
426,838	1432
427,055	1340
427,272	1410
427,489	1239
427,706	1240
427,923	1234
428,14	1333
428,357	1511
428,574	1311
428,791	1374
429,008	1280
429,224	1208
429,441	1067
429,658	1324
429,875	1454
430,092	1339
430,308	1379
430,525	1342
430,742	1342
430,959	1369
431,175	1358
431,392	1218
431,609	1401
431,826	1362
432,042	1224
432,259	1288
432,476	1598
432,692	1255
432,909	1292
433,125	1348
433,342	1245
433,559	1467
433,775	1343
433,992	1153
434,208	1207
434,425	921
434,641	1404
434,858	1489
435,074	1524
435,291	1188
435,507	1338
435,723	1301
435,94	1320
436,156	1367
436,373	1463
436,589	1273
436,805	1350
437,022	1299
437,238	1288
437,454	1306
437,671	1200
437,887	1356
438,103	1259
438,319	1282
438,536	1571
438,752	1404
438,968	1357
439,184	1345
439,4	1261
439,616	1114
439,833	1421
440,049	1284
440,265	1380
440,481	1410
440,697	1311
440,913	1377
441,129	1272
441,345	1344
441,561	1318
441,777	1263
441,993	1399
442,209	1260
442,425	1394
442,641	1294
442,857	1373
443,073	1359
443,289	1286
443,505	1477
443,721	1440
443,937	1218
444,152	1466
444,368	1359
444,584	1327
444,8	1418
445,016	1304
445,231	1336
445,447	1450
445,663	1380
445,879	1247
446,094	1428
446,31	1452
446,526	1413
446,742	1370
446,957	1288
447,173	1418
447,388	1433
447,604	1315
447,82	1405
448,035	1345
448,251	1335
448,466	1409
448,682	1266
448,897	1281
449,113	1333
449,328	1373
449,544	1250
449,759	1593
449,975	1207
450,19	1242
450,406	1300
450,621	1285
450,836	1283
451,052	1315
451,267	1203
451,483	1288
451,698	1206
451,913	1123
452,129	1308
452,344	1139
452,559	1468
452,774	1270
452,99	1309
453,205	1098
453,42	1346
453,635	1424
453,85	1188
454,066	1447
454,281	1348
454,496	1297
454,711	1435
454,926	1299
455,141	1292
455,356	1193
455,571	1272
455,786	1384
456,001	1289
456,217	1254
456,432	1270
456,647	1412
456,861	1313
457,076	1288
457,291	1434
457,506	1304
457,721	1289
457,936	1308
458,151	1266
458,366	1462
458,581	1290
458,796	1514
459,01	1338
459,225	1315
459,44	1177
459,655	1389
459,87	1273
460,084	1289
460,299	1372
460,514	1313
460,729	1440
460,943	1253
461,158	1065
461,373	1598
461,587	1322
461,802	1222
462,016	1429
462,231	1308
462,446	1442
462,66	1351
462,875	1274
463,089	1296
463,304	1362
463,518	1284
463,733	1296
463,947	1363
464,162	1254
464,376	1268
464,591	1374
464,805	1295
465,02	1432
465,234	1349
465,448	1552
465,663	1375
465,877	1365
466,091	1271
466,306	1468
466,52	1550
466,734	1368
466,949	1332
467,163	1530
467,377	1227
467,591	1365
467,806	1327
468,02	1222
468,234	1152
468,448	1387
468,662	1424
468,876	1524
469,091	1302
469,305	1418
469,519	1302
469,733	1570
469,947	1308
470,161	1721
470,375	1185
470,589	1490
470,803	1537
471,017	1251
471,231	1537
471,445	1226
471,659	1346
471,873	1378
472,087	1195
472,301	1411
472,515	1210
472,728	1261
472,942	1266
473,156	1258
473,37	1383
473,584	1232
473,798	1332
474,011	1349
474,225	1221
474,439	1385
474,653	1331
474,866	1326
475,08	1323
475,294	1378
475,507	1279
475,721	1351
475,935	1361
476,148	1242
476,362	1209
476,576	1182
476,789	1307
477,003	1368
477,216	1323
477,43	1321
477,643	1331
477,857	1456
478,07	1339
478,284	1344
478,497	1377
478,711	1274
478,924	1292
479,138	1151
479,351	1294
479,564	1173
479,778	1188
479,991	1282
480,204	1181
480,418	1354
480,631	1331
480,844	1373
481,058	1245
481,271	1345
481,484	1395
481,697	1310
481,911	1310
482,124	1229
482,337	1387
482,55	1220
482,763	1216
482,976	1357
483,19	1395
483,403	1234
483,616	1462
483,829	1342
484,042	1314
484,255	1345
484,468	1272
484,681	1306
484,894	1298
485,107	1429
485,32	1250
485,533	1261
485,746	1442
485,959	1240
486,172	1334
486,385	1202
486,598	1369
486,81	1249
487,023	1306
487,236	1380
487,449	1365
487,662	1252
487,875	1269
488,087	1357
488,3	1395
488,513	1308
488,726	1115
488,938	1589
489,151	1451
489,364	1280
489,576	1299
489,789	1409
490,002	1367
490,214	1302
490,427	1194
490,64	1310
490,852	1358
491,065	1300
491,277	1393
491,49	1378
491,702	1187
491,915	1340
492,127	1244
492,34	1330
492,552	1287
492,765	1445
492,977	1492
493,19	1334
493,402	1407
493,614	1433
493,827	1344
494,039	1326
494,251	1328
494,464	1431
494,676	1215
494,888	1325
495,101	1290
495,313	1322
495,525	1217
495,737	1441
495,95	1331
496,162	1322
496,374	1067
496,586	1295
496,798	1210
497,01	1362
497,222	1154
497,435	1327
497,647	1364
497,859	996
498,071	1248
498,283	1292
498,495	1289
498,707	1501
498,919	1280
499,131	1412
499,343	1229
499,555	1267
499,767	1373
499,979	1294
500,191	1397
500,402	1320
500,614	1356
500,826	1379
501,038	1287
501,25	1326
501,462	1342
501,673	1268
501,885	1281
502,097	1427
502,309	1347
502,521	1434
502,732	1248
502,944	1277
503,156	1205
503,367	1332
503,579	1197
503,791	1322
504,002	1340
504,214	1400
504,425	1632
504,637	1484
504,849	1311
505,06	1222
505,272	1542
505,483	1246
505,695	1466
505,906	1238
506,118	1314
506,329	1234
506,541	1201
506,752	1353
506,963	1341
507,175	1250
507,386	1439
507,598	1435
507,809	1221
508,02	1318
508,232	1360
508,443	1227
508,654	1530
508,865	1439
509,077	1181
509,288	1325
509,499	1509
509,71	1205
509,922	1417
510,133	1309
510,344	1453
510,555	1272
510,766	1342
510,977	1324
511,188	1311
511,4	1306
511,611	1279
511,822	1328
512,033	1327
512,244	1384
512,455	1326
512,666	1303
512,877	1426
513,088	1336
513,299	1371
513,51	1350
513,721	1271
513,931	1595
514,142	1438
514,353	1691
514,564	1216
514,775	1279
514,986	1388
515,196	1706
515,407	1295
515,618	1481
515,829	1343
516,04	1317
516,25	1315
516,461	1263
516,672	1398
516,882	1261
517,093	1365
517,304	1234
517,514	1142
517,725	1378
517,936	1252
518,146	1258
518,357	1327
518,567	1226
518,778	1590
518,988	1269
519,199	1437
519,409	1234
519,62	1338
519,83	1336
520,041	1366
520,251	1301
520,462	1420
520,672	1300
520,882	1357
521,093	1359
521,303	1357
521,513	1353
521,724	2143
521,934	1250
522,144	1339
522,355	1306
522,565	1418
522,775	1284
522,985	1333
523,196	1048
523,406	1216
523,616	1405
523,826	1295
524,036	1933
524,246	1299
524,457	1162
524,667	1233
524,877	1427
525,087	1306
525,297	1365
525,507	1397
525,717	1220
525,927	1361
526,137	1266
526,347	1382
526,557	1243
526,767	1255
526,977	1506
527,187	1449
527,397	1180
527,607	1276
527,816	1317
528,026	1338
528,236	1294
528,446	1253
528,656	1393
528,865	1549
529,075	1284
529,285	1282
529,495	1391
529,704	1342
529,914	1328
530,124	1313
530,334	1267
530,543	1273
530,753	1617
530,963	1714
531,172	1297
531,382	1145
531,591	1441
531,801	1124
532,01	1416
532,22	1358
532,43	1357
532,639	1656
532,849	1330
533,058	1536
533,267	1493
533,477	1338
533,686	1299
533,896	1288
534,105	1381
534,315	1472
534,524	1363
534,733	1396
534,943	1498
535,152	1421
535,361	1253
535,57	1300
535,78	1316
535,989	1177
536,198	1320
536,407	1288
536,617	1367
536,826	1404
537,035	1418
537,244	1314
537,453	1186
537,662	1322
537,872	1480
538,081	1279
538,29	1278
538,499	1302
538,708	1266
538,917	1391
539,126	1394
539,335	1394
539,544	1778
539,753	1296
539,962	1389
540,171	1068
540,38	1511
540,589	1462
540,797	1538
541,006	1338
541,215	1228
541,424	1317
541,633	1364
541,842	1135
542,05	1450
542,259	1331
542,468	1316
542,677	1380
542,885	1313
543,094	1350
543,303	1150
543,512	1360
543,72	1333
543,929	1380
544,138	1302
544,346	1224
544,555	1359
544,763	1346
544,972	1295
545,18	1265
545,389	1330
545,598	1270
545,806	1407
546,015	1307
546,223	1264
546,431	1379
546,64	1288
546,848	1278
547,057	1373
547,265	1270
547,474	1279
547,682	1317
547,89	1374
548,099	1355
548,307	1301
548,515	1436
548,723	1361
548,932	1449
549,14	1366
549,348	1362
549,556	1235
549,765	1308
549,973	1264
550,181	1350
550,389	1310
550,597	1215
550,805	1247
551,014	1462
551,222	4750
551,43	1167
551,638	1303
551,846	1485
552,054	1440
552,262	1450
552,47	1234
552,678	1224
552,886	1238
553,094	1318
553,302	1264
553,51	1360
553,717	1403
553,925	1138
554,133	1617
554,341	1269
554,549	1357
554,757	1241
554,965	1308
555,172	1308
555,38	1563
555,588	1229
555,796	1321
556,003	1431
556,211	1274
556,419	1369
556,626	1440
556,834	1303
557,042	1317
557,249	1393
557,457	1442
557,664	1156
557,872	1265
558,08	1247
558,287	1449
558,495	1417
558,702	1280
558,91	1639
559,117	1366
559,325	1441
559,532	1373
559,74	1538
559,947	1337
560,154	1421
560,362	1236
560,569	1274
560,776	1371
560,984	1369
561,191	1397
561,398	1388
561,606	1666
561,813	1376
562,02	1222
562,227	1206
562,435	1330
562,642	1428
562,849	1416
563,056	1323
563,263	1343
563,471	1466
563,678	1393
563,885	1286
564,092	1318
564,299	1375
564,506	1421
564,713	1318
564,92	1349
565,127	1445
565,334	1373
565,541	1624
565,748	1423
565,955	1254
566,162	1248
566,369	1389
566,576	1445
566,783	1424
566,99	1258
567,196	1407
567,403	1366
567,61	1317
567,817	1259
568,024	1414
568,23	1360
568,437	1231
568,644	1305
568,851	1328
569,057	1503
569,264	1507
569,471	1248
569,677	1260
569,884	1352
570,091	1467
570,297	2238
570,504	1607
570,71	1313
570,917	1326
571,123	1327
571,33	1382
571,536	1267
571,743	1495
571,949	1306
572,156	1343
572,362	1527
572,569	1226
572,775	1380
572,982	1434
573,188	1391
573,394	1329
573,601	1207
573,807	1249
574,013	1503
574,22	1341
574,426	1224
574,632	1191
574,838	1320
575,045	1255
575,251	1403
575,457	1343
575,663	1468
575,869	1330
576,076	1258
576,282	1334
576,488	1324
576,694	1232
576,9	1203
577,106	1310
577,312	1286
577,518	1401
577,724	1333
577,93	1386
578,136	1316
578,342	1303
578,548	1266
578,754	1339
578,96	1284
579,166	1176
579,372	1585
579,578	1354
579,784	1390
579,989	1299
580,195	1237
580,401	1343
580,607	1361
580,813	1397
581,018	1354
581,224	1385
581,43	1362
581,636	1278
581,841	1413
582,047	1384
582,253	1386
582,458	1435
582,664	1265
582,869	1331
583,075	1217
583,281	1957
583,486	1351
583,692	1240
583,897	1353
584,103	1388
584,308	1451
584,514	1325
584,719	1310
584,925	1384
585,13	1420
585,335	1387
585,541	1365
585,746	1363
585,952	1301
586,157	1233
586,362	1335
586,568	1325
586,773	1449
586,978	1284
587,183	1310
587,389	1351
587,594	1254
587,799	1344
588,004	1486
588,21	1395
588,415	1250
588,62	1376
588,825	1473
589,03	1401
589,235	1757
589,44	1461
589,645	1360
589,85	1401
590,055	1559
590,26	1345
590,465	1344
590,67	1424
590,875	1541
591,08	1469
591,285	1360
591,49	1391
591,695	1486
591,9	1344
592,105	1313
592,31	1309
592,515	1668
592,719	1208
592,924	1301
593,129	1266
593,334	1398
593,539	1262
593,743	1436
593,948	1350
594,153	1230
594,357	1550
594,562	1354
594,767	1674
594,971	1258
595,176	1298
595,381	1472
595,585	1340
595,79	1524
595,994	1234
596,199	1581
596,403	1129
596,608	1268
596,812	1344
597,017	1433
597,221	1541
597,426	1554
597,63	1355
597,835	1313
598,039	1283
598,243	1253
598,448	1570
598,652	1374
598,856	1330
599,061	1431
599,265	1383
599,469	1350
599,673	1395
599,878	1427
600,082	1298
600,286	1373
600,49	1249
600,695	1139
600,899	1305
601,103	1405
601,307	1484
601,511	1384
601,715	1192
601,919	1425
602,123	1422
602,327	1158
602,531	1303
602,735	1451
602,939	1455
603,143	1412
603,347	1357
603,551	1327
603,755	1369
603,959	1338
604,163	1399
604,367	1311
604,571	1146
604,775	1446
604,978	1341
605,182	1232
605,386	1410
605,59	1248
605,793	1310
605,997	1429
606,201	1390
606,405	1368
606,608	1465
606,812	1411
607,016	1429
607,219	1322
607,423	1296
607,627	1480
607,83	1349
608,034	1304
608,237	1346
608,441	1261
608,644	1412
608,848	1338
609,051	1385
609,255	1234
609,458	1423
609,662	1322
609,865	1367
610,069	1305
610,272	1277
610,475	1060
610,679	1256
610,882	1363
611,085	1318
611,289	1464
611,492	1332
611,695	1301
611,898	1268
612,102	1387
612,305	1348
612,508	1342
612,711	1491
612,914	1310
613,118	1343
613,321	1484
613,524	1227
613,727	1300
613,93	1322
614,133	1389
614,336	1405
614,539	1339
614,742	1249
614,945	1334
615,148	1412
615,351	1327
615,554	1463
615,757	1241
615,96	1385
616,163	1327
616,366	1427
616,569	1355
616,772	1495
616,974	1343
617,177	1579
617,38	1381
617,583	1339
617,786	1351
617,988	1242
618,191	1524
618,394	1274
618,596	1227
618,799	1312
619,002	1378
619,204	1401
619,407	1320
619,61	1274
619,812	1222
620,015	1266
620,217	1476
620,42	1373
620,623	1305
620,825	1404
621,028	1473
621,23	1454
621,432	1313
621,635	1600
621,837	1401
622,04	1296
622,242	1341
622,445	1401
622,647	1404
622,849	1460
623,052	1250
623,254	1399
623,456	1201
623,658	1452
623,861	1488
624,063	1300
624,265	1363
624,467	1450
624,67	1286
624,872	1357
625,074	1497
625,276	1418
625,478	1420
625,68	1227
625,882	1149
626,084	1426
626,287	1343
626,489	1406
626,691	1352
626,893	1348
627,095	1433
627,297	1265
627,499	1283
627,7	1111
627,902	1222
628,104	1186
628,306	1338
628,508	1257
628,71	1286
628,912	1373
629,114	1531
629,315	1354
629,517	1368
629,719	1202
629,921	1420
630,122	1426
630,324	1208
630,526	1519
630,728	1310
630,929	1306
631,131	1295
631,332	1534
631,534	1460
631,736	1389
631,937	1278
632,139	1352
632,34	1357
632,542	1454
632,743	1363
632,945	1242
633,146	1435
633,348	1337
633,549	1375
633,751	1234
633,952	1330
634,154	998
634,355	1217
634,556	1262
634,758	1384
634,959	1244
635,16	1411
635,362	1304
635,563	1406
635,764	1387
635,965	1567
636,167	1278
636,368	1394
636,569	1362
636,77	1427
636,971	1317
637,172	1335
637,374	1280
637,575	1485
637,776	1200
637,977	1202
638,178	1344
638,379	1469
638,58	1392
638,781	1206
638,982	1370
639,183	1313
639,384	1269
639,585	1314
639,786	1197
639,987	1310
640,187	1426
640,388	1440
640,589	1229
640,79	1254
640,991	1328
641,192	1468
641,392	1249
641,593	1259
641,794	1181
641,995	1214
642,195	1178
642,396	1141
642,597	1306
642,797	1234
642,998	1551
643,199	1287
643,399	1392
643,6	1211
643,8	1207
644,001	1337
644,202	1563
644,402	1281
644,603	1411
644,803	1264
645,004	1308
645,204	1217
645,404	1305
645,605	1587
645,805	1255
646,006	1216
646,206	1741
646,406	1323
646,607	1266
646,807	1131
647,007	6
647,208	-4
647,408	-6
647,608	-10
