200,697	962
200,927	-58
201,158	-19
201,388	18
201,618	1381
201,849	1363
202,079	1582
202,309	1481
202,539	1648
202,77	1515
203	1670
203,23	1558
203,46	1627
203,691	1622
203,921	1648
204,151	1655
204,381	1516
204,611	1644
204,841	1548
205,071	1564
205,302	1820
205,532	1723
205,762	3740
205,992	1492
206,222	1593
206,452	1659
206,682	1627
206,912	1666
207,142	1741
207,372	1687
207,602	1498
207,832	1589
208,062	1697
208,292	1632
208,522	1595
208,752	1665
208,982	1561
209,212	1737
209,442	1615
209,672	1542
209,902	1780
210,131	1583
210,361	1533
210,591	1646
210,821	1580
211,051	1852
211,281	1569
211,51	1702
211,74	1727
211,97	1558
212,2	1628
212,429	1858
212,659	1638
212,889	1690
213,119	1440
213,348	1563
213,578	1739
213,808	1708
214,037	1863
214,267	1658
214,497	1593
214,726	1685
214,956	1451
215,186	1689
215,415	1682
215,645	1620
215,874	1693
216,104	1566
216,333	1649
216,563	1638
216,792	1597
217,022	1717
217,251	1654
217,481	1541
217,71	1657
217,94	1656
218,169	1674
218,399	1647
218,628	1612
218,858	1726
219,087	1730
219,316	1740
219,546	1656
219,775	1817
220,004	1861
220,234	1659
220,463	1606
220,692	1533
220,922	1591
221,151	1744
221,38	1729
221,61	2016
221,839	1915
222,068	1683
222,297	1759
222,526	1758
222,756	1734
222,985	1793
223,214	1718
223,443	1688
223,672	2149
223,902	1568
224,131	1685
224,36	1767
224,589	1543
224,818	1612
225,047	1766
225,276	1633
225,505	1955
225,734	1730
225,963	1662
226,192	1711
226,421	1705
226,65	1719
226,879	1814
227,108	1809
227,337	1840
227,566	1707
227,795	1729
228,024	1722
228,253	1591
228,482	1650
228,711	1861
228,94	1674
229,168	1828
229,397	1671
229,626	1814
229,855	1773
230,084	1650
230,313	1620
230,541	1911
230,77	1759
230,999	1648
231,228	1970
231,456	1846
231,685	1743
231,914	1826
232,143	1786
232,371	1749
232,6	1827
232,829	1745
233,057	1858
233,286	1790
233,515	1815
233,743	1747
233,972	1989
234,2	1805
234,429	1754
234,658	1883
234,886	1683
235,115	1829
235,343	1884
235,572	1665
235,8	2031
236,029	2135
236,257	1725
236,486	1878
236,714	1804
236,943	1928
237,171	1974
237,399	1828
237,628	1937
237,856	1995
238,085	1856
238,313	1851
238,541	1765
238,77	2086
238,998	1669
239,226	1977
239,455	1896
239,683	1867
239,911	1834
240,14	1972
240,368	1963
240,596	1911
240,824	1911
241,053	1847
241,281	1920
241,509	1773
241,737	1870
241,965	1809
242,193	1760
242,422	1869
242,65	1798
242,878	1752
243,106	1920
243,334	2005
243,562	1874
243,79	2001
244,018	1977
244,246	1847
244,474	1912
244,702	1858
244,93	1901
245,158	1921
245,386	1863
245,614	1933
245,842	2037
246,07	1872
246,298	2024
246,526	2462
246,754	1652
246,982	1940
247,21	2000
247,438	1839
247,666	1923
247,893	1984
248,121	1799
248,349	1874
248,577	2079
248,805	1919
249,033	1931
249,26	2090
249,488	1862
249,716	2063
249,944	1892
250,171	1835
250,399	1962
250,627	2127
250,854	1964
251,082	1868
251,31	1959
251,537	1949
251,765	2170
251,993	1863
252,22	2241
252,448	1847
252,676	2084
252,903	1974
253,131	2272
253,358	1861
253,586	1852
253,813	1819
254,041	1963
254,268	1983
254,496	1833
254,723	1900
254,951	1991
255,178	2024
255,406	1897
255,633	2103
255,86	2136
256,088	1839
256,315	2013
256,543	2009
256,77	2066
256,997	1985
257,225	2009
257,452	1880
257,679	1802
257,907	2203
258,134	1957
258,361	1938
258,588	1976
258,816	2056
259,043	1891
259,27	1980
259,497	2058
259,725	1912
259,952	1985
260,179	1831
260,406	2035
260,633	1941
260,86	1977
261,088	1988
261,315	2150
261,542	1896
261,769	1875
261,996	2199
262,223	2153
262,45	2451
262,677	1790
262,904	1973
263,131	2072
263,358	2012
263,585	2107
263,812	2287
264,039	2153
264,266	2066
264,493	2033
264,72	1930
264,947	1997
265,174	2105
265,401	2160
265,627	2318
265,854	2049
266,081	2122
266,308	2004
266,535	2062
266,762	1935
266,988	1979
267,215	2060
267,442	1993
267,669	2384
267,896	2081
268,122	2214
268,349	2098
268,576	1841
268,802	2014
269,029	1993
269,256	2018
269,482	2061
269,709	1917
269,936	1987
270,162	2217
270,389	1760
270,616	2017
270,842	2191
271,069	2084
271,295	2065
271,522	1988
271,748	1945
271,975	2191
272,201	2285
272,428	2059
272,654	2061
272,881	2380
273,107	2026
273,334	2120
273,56	2236
273,787	2090
274,013	2149
274,239	2419
274,466	2113
274,692	2229
274,918	2276
275,145	2170
275,371	2228
275,597	2350
275,824	2235
276,05	2387
276,276	2205
276,503	2189
276,729	2391
276,955	2200
277,181	2375
277,407	2318
277,634	2443
277,86	2518
278,086	2576
278,312	2411
278,538	2524
278,764	2564
278,991	2782
279,217	2584
279,443	2644
279,669	2723
279,895	3017
280,121	2767
280,347	2846
280,573	2887
280,799	3039
281,025	3161
281,251	3017
281,477	3271
281,703	3173
281,929	3350
282,155	3382
282,381	3453
282,607	3502
282,833	3483
283,059	3658
283,285	3633
283,51	3534
283,736	3637
283,962	3894
284,188	3763
284,414	3827
284,64	4077
284,865	3897
285,091	4005
285,317	4143
285,543	4211
285,768	4254
285,994	4461
286,22	4424
286,446	4387
286,671	4226
286,897	4388
287,123	4403
287,348	4402
287,574	5002
287,799	4611
288,025	4588
288,251	4845
288,476	4727
288,702	4703
288,927	4672
289,153	4957
289,378	4982
289,604	4893
289,829	4891
290,055	4756
290,28	4879
290,506	4976
290,731	4880
290,957	5115
291,182	5020
291,408	5204
291,633	5101
291,858	5032
292,084	5250
292,309	5141
292,535	5173
292,76	5401
292,985	5352
293,211	5178
293,436	5238
293,661	5241
293,886	5359
294,112	5417
294,337	5353
294,562	5299
294,787	5643
295,013	5562
295,238	5519
295,463	5402
295,688	5743
295,913	5624
296,138	5620
296,364	5678
296,589	5710
296,814	5449
297,039	5486
297,264	5593
297,489	5665
297,714	5572
297,939	5405
298,164	5626
298,389	5865
298,614	5878
298,839	5958
299,064	5900
299,289	5976
299,514	6073
299,739	6001
299,964	5952
300,189	5922
300,414	6126
300,639	6295
300,863	6082
301,088	6418
301,313	6136
301,538	6159
301,763	6086
301,988	6231
302,212	6268
302,437	6587
302,662	6248
302,887	6215
303,111	6197
303,336	6449
303,561	6377
303,786	6339
304,01	6413
304,235	6323
304,46	6115
304,684	6195
304,909	6194
305,134	6000
305,358	6309
305,583	6089
305,807	6261
306,032	5980
306,256	6070
306,481	6206
306,706	6135
306,93	6030
307,155	6491
307,379	6261
307,604	6291
307,828	6207
308,052	6334
308,277	6301
308,501	6496
308,726	6473
308,95	6369
309,175	6313
309,399	6587
309,623	6467
309,848	6399
310,072	6390
310,296	6790
310,521	6426
310,745	6262
310,969	6565
311,193	6549
311,418	6526
311,642	6507
311,866	6369
312,09	6324
312,315	6510
312,539	6626
312,763	6274
312,987	6577
313,211	6445
313,435	6432
313,659	6243
313,884	6579
314,108	6311
314,332	6516
314,556	6324
314,78	6566
315,004	6478
315,228	6509
315,452	6393
315,676	6370
315,9	6280
316,124	6127
316,348	6246
316,572	6383
316,796	6212
317,02	6180
317,244	6404
317,468	6241
317,691	6412
317,915	6299
318,139	6198
318,363	6642
318,587	6150
318,811	6114
319,034	5955
319,258	6224
319,482	6364
319,706	6180
319,93	6116
320,153	6026
320,377	6100
320,601	6062
320,824	5950
321,048	6348
321,272	6423
321,495	6165
321,719	6112
321,943	6071
322,166	6148
322,39	6121
322,614	6239
322,837	6282
323,061	5928
323,284	6176
323,508	6051
323,731	6098
323,955	6101
324,178	6121
324,402	6039
324,625	6163
324,849	6101
325,072	6118
325,296	6207
325,519	6169
325,743	5919
325,966	6093
326,189	6275
326,413	5857
326,636	6376
326,859	5876
327,083	6293
327,306	5997
327,529	5707
327,753	5726
327,976	5945
328,199	5908
328,422	5903
328,646	5776
328,869	5749
329,092	5883
329,315	6117
329,538	5864
329,762	5884
329,985	5878
330,208	5882
330,431	5954
330,654	5959
330,877	5909
331,1	6012
331,323	5889
331,546	6097
331,769	5916
331,993	5763
332,216	5910
332,439	5937
332,662	5865
332,885	5782
333,107	5844
333,33	5707
333,553	6029
333,776	5836
333,999	5727
334,222	5657
334,445	5780
334,668	5741
334,891	5806
335,114	5731
335,336	5800
335,559	5730
335,782	6108
336,005	5798
336,228	5775
336,45	5703
336,673	5670
336,896	5715
337,119	5673
337,341	5625
337,564	5581
337,787	5683
338,009	5572
338,232	5772
338,455	5746
338,677	5542
338,9	5655
339,122	5686
339,345	5356
339,568	5480
339,79	5322
340,013	5633
340,235	5582
340,458	5370
340,68	5478
340,903	5361
341,125	5289
341,348	5361
341,57	5364
341,793	5724
342,015	5201
342,238	5293
342,46	5421
342,682	5331
342,905	5207
343,127	5310
343,349	5110
343,572	5229
343,794	5072
344,016	5098
344,239	5180
344,461	5023
344,683	5049
344,905	4816
345,128	5025
345,35	4940
345,572	5151
345,794	5313
346,017	5063
346,239	5173
346,461	5129
346,683	5131
346,905	5134
347,127	5213
347,349	5112
347,571	5146
347,793	5358
348,016	5221
348,238	5058
348,46	5129
348,682	5046
348,904	5185
349,126	5088
349,348	5089
349,57	4971
349,792	5093
350,014	5087
350,235	5016
350,457	5183
350,679	5023
350,901	4973
351,123	4918
351,345	5149
351,567	5069
351,789	5033
352,01	5050
352,232	5008
352,454	4781
352,676	4890
352,897	4706
353,119	4658
353,341	4604
353,563	4656
353,784	4524
354,006	4437
354,228	4569
354,449	4533
354,671	4923
354,893	4805
355,114	4772
355,336	4619
355,558	4769
355,779	4651
356,001	4815
356,222	4738
356,444	4657
356,665	5301
356,887	4577
357,108	4611
357,33	4674
357,551	4751
357,773	4689
357,994	4694
358,216	4465
358,437	4653
358,659	4692
358,88	4553
359,101	4600
359,323	4615
359,544	4500
359,765	4424
359,987	4497
360,208	4725
360,429	4561
360,651	4419
360,872	4656
361,093	4417
361,314	4472
361,536	4477
361,757	4347
361,978	4399
362,199	4342
362,42	4237
362,642	4353
362,863	4470
363,084	4218
363,305	4063
363,526	4393
363,747	4162
363,968	4247
364,189	4478
364,41	4110
364,631	4101
364,852	4337
365,073	4176
365,294	4176
365,515	4066
365,736	4238
365,957	4314
366,178	4193
366,399	4273
366,62	4227
366,841	4234
367,062	4238
367,283	4136
367,504	4315
367,724	4182
367,945	4022
368,166	4321
368,387	4251
368,608	4175
368,828	4321
369,049	4062
369,27	4033
369,491	4103
369,711	4059
369,932	4288
370,153	4131
370,373	4133
370,594	4269
370,815	4141
371,035	4213
371,256	3982
371,477	4035
371,697	4029
371,918	3891
372,138	4131
372,359	4149
372,579	3836
372,8	4032
373,02	4276
373,241	4016
373,461	4187
373,682	4057
373,902	3993
374,123	3910
374,343	4138
374,564	3961
374,784	3889
375,004	3969
375,225	3852
375,445	3859
375,666	3926
375,886	3796
376,106	3854
376,326	3858
376,547	4111
376,767	3929
376,987	3766
377,208	3975
377,428	3840
377,648	4109
377,868	4085
378,088	4183
378,309	4192
378,529	4359
378,749	4098
378,969	4017
379,189	4185
379,409	4084
379,629	3897
379,849	4009
380,069	3877
380,29	3878
380,51	3934
380,73	3987
380,95	4055
381,17	4075
381,39	3783
381,61	3432
381,829	3916
382,049	3837
382,269	3581
382,489	3925
382,709	3765
382,929	3857
383,149	3793
383,369	4081
383,589	3711
383,808	3850
384,028	3769
384,248	3835
384,468	3753
384,688	3748
384,907	3798
385,127	3827
385,347	3874
385,567	3753
385,786	3973
386,006	3915
386,226	3964
386,445	3682
386,665	3871
386,885	4005
387,104	3855
387,324	3909
387,543	3912
387,763	3961
387,982	3975
388,202	4043
388,422	3877
388,641	3964
388,861	3925
389,08	3931
389,3	3743
389,519	4027
389,738	3796
389,958	3804
390,177	3775
390,397	3875
390,616	3756
390,836	3927
391,055	3887
391,274	3987
391,494	3737
391,713	4005
391,932	4049
392,151	4006
392,371	3996
392,59	4009
392,809	4126
393,029	4073
393,248	4073
393,467	3713
393,686	3723
393,905	4849
394,124	3676
394,344	3904
394,563	3902
394,782	3747
395,001	3993
395,22	3690
395,439	3829
395,658	3745
395,877	3841
396,096	3716
396,315	3994
396,534	3752
396,753	4053
396,972	3823
397,191	4047
397,41	3981
397,629	3969
397,848	3933
398,067	4030
398,286	3993
398,505	3947
398,724	4013
398,943	4444
399,161	3734
399,38	3889
399,599	3901
399,818	3596
400,037	3895
400,255	3761
400,474	3628
400,693	3919
400,912	3937
401,13	3698
401,349	3731
401,568	3575
401,786	3701
402,005	3801
402,224	3648
402,442	3539
402,661	3652
402,88	3615
403,098	3593
403,317	3675
403,535	3556
403,754	3497
403,972	3649
404,191	3459
404,409	3639
404,628	4314
404,846	3674
405,065	3790
405,283	3803
405,502	3650
405,72	3735
405,938	3549
406,157	3433
406,375	3321
406,594	3588
406,812	3424
407,03	3572
407,249	3217
407,467	3550
407,685	3625
407,903	3379
408,122	3711
408,34	3715
408,558	3528
408,776	3437
408,995	3596
409,213	3520
409,431	3676
409,649	3557
409,867	3357
410,085	3488
410,303	3595
410,522	3381
410,74	3372
410,958	3394
411,176	3446
411,394	3434
411,612	3371
411,83	3631
412,048	3554
412,266	3469
412,484	3468
412,702	3730
412,92	3324
413,138	3543
413,356	3527
413,573	3569
413,791	3682
414,009	3463
414,227	3583
414,445	3295
414,663	3408
414,881	3500
415,098	3312
415,316	3513
415,534	3753
415,752	3318
415,969	3589
416,187	3244
416,405	3424
416,623	3489
416,84	3129
417,058	3422
417,276	3446
417,493	3389
417,711	3243
417,928	3408
418,146	3399
418,364	3299
418,581	3299
418,799	3450
419,016	3261
419,234	3243
419,451	3852
419,669	3337
419,886	3368
420,104	3360
420,321	3436
420,539	3457
420,756	3631
420,974	3514
421,191	3531
421,408	3608
421,626	3650
421,843	3512
422,06	3505
422,278	3491
422,495	3349
422,712	3415
422,93	3546
423,147	3463
423,364	3389
423,581	3491
423,799	3339
424,016	3355
424,233	3397
424,45	3384
424,667	3427
424,884	3319
425,102	3433
425,319	3269
425,536	3287
425,753	3396
425,97	3155
426,187	3253
426,404	3168
426,621	3581
426,838	3429
427,055	3553
427,272	3451
427,489	3381
427,706	3307
427,923	3081
428,14	3366
428,357	3449
428,574	3391
428,791	3406
429,008	3358
429,224	3441
429,441	3460
429,658	3628
429,875	3703
430,092	3593
430,308	3761
430,525	3551
430,742	3521
430,959	3481
431,175	3318
431,392	3143
431,609	3292
431,826	3216
432,042	3075
432,259	3093
432,476	3516
432,692	3128
432,909	3137
433,125	3198
433,342	3375
433,559	3512
433,775	3287
433,992	3185
434,208	3138
434,425	3180
434,641	3355
434,858	3427
435,074	3207
435,291	3161
435,507	3201
435,723	3158
435,94	3483
436,156	3237
436,373	3377
436,589	3236
436,805	3258
437,022	2923
437,238	3133
437,454	3193
437,671	3142
437,887	3174
438,103	3178
438,319	3192
438,536	3297
438,752	3191
438,968	3208
439,184	3228
439,4	3144
439,616	2995
439,833	3224
440,049	3073
440,265	3285
440,481	3168
440,697	3243
440,913	3429
441,129	3390
441,345	3472
441,561	3357
441,777	3342
441,993	3176
442,209	3204
442,425	3383
442,641	3057
442,857	3296
443,073	3186
443,289	3301
443,505	3369
443,721	3273
443,937	3342
444,152	3195
444,368	3225
444,584	3194
444,8	3344
445,016	2924
445,231	3121
445,447	3307
445,663	3202
445,879	3009
446,094	3388
446,31	3358
446,526	3222
446,742	3256
446,957	3089
447,173	3263
447,388	3294
447,604	3232
447,82	3119
448,035	3069
448,251	3087
448,466	3263
448,682	3093
448,897	2973
449,113	3218
449,328	3078
449,544	3009
449,759	3468
449,975	2986
450,19	3083
450,406	3060
450,621	2862
450,836	2834
451,052	3051
451,267	2907
451,483	2924
451,698	2802
451,913	2961
452,129	3080
452,344	2871
452,559	3117
452,774	3049
452,99	2888
453,205	2986
453,42	2977
453,635	3001
453,85	2775
454,066	3063
454,281	2903
454,496	2912
454,711	3062
454,926	2957
455,141	2951
455,356	3013
455,571	2830
455,786	2926
456,001	2921
456,217	2702
456,432	2855
456,647	2997
456,861	2939
457,076	2924
457,291	3000
457,506	2830
457,721	2888
457,936	2961
458,151	2848
458,366	3161
458,581	2887
458,796	3178
459,01	2992
459,225	2976
459,44	2744
459,655	2970
459,87	3017
460,084	2909
460,299	2919
460,514	2846
460,729	3482
460,943	2875
461,158	2686
461,373	2865
461,587	2821
461,802	2650
462,016	2771
462,231	2724
462,446	2763
462,66	2737
462,875	2768
463,089	2918
463,304	2863
463,518	2717
463,733	2785
463,947	2941
464,162	2676
464,376	2902
464,591	2979
464,805	2814
465,02	3026
465,234	2973
465,448	3038
465,663	2962
465,877	2902
466,091	2824
466,306	2984
466,52	2987
466,734	2684
466,949	2657
467,163	2819
467,377	2594
467,591	2712
467,806	2664
468,02	2573
468,234	2557
468,448	2759
468,662	2684
468,876	2846
469,091	2584
469,305	2538
469,519	2549
469,733	2429
469,947	2502
470,161	2752
470,375	2391
470,589	2656
470,803	2589
471,017	2529
471,231	2519
471,445	2476
471,659	2611
471,873	2651
472,087	2421
472,301	2678
472,515	2573
472,728	2497
472,942	2718
473,156	2651
473,37	2543
473,584	2547
473,798	2613
474,011	2612
474,225	2547
474,439	2644
474,653	2670
474,866	2658
475,08	2669
475,294	2655
475,507	2429
475,721	2613
475,935	2631
476,148	2450
476,362	2405
476,576	2455
476,789	2608
477,003	2604
477,216	2459
477,43	2625
477,643	2687
477,857	2770
478,07	2574
478,284	2594
478,497	2426
478,711	2597
478,924	2481
479,138	2441
479,351	2533
479,564	2447
479,778	2665
479,991	2486
480,204	2603
480,418	2670
480,631	2611
480,844	2550
481,058	2569
481,271	2593
481,484	2737
481,697	2633
481,911	2467
482,124	2614
482,337	2603
482,55	2525
482,763	2403
482,976	2567
483,19	2560
483,403	2533
483,616	2614
483,829	2675
484,042	2591
484,255	2737
484,468	2687
484,681	2567
484,894	2759
485,107	3609
485,32	4641
485,533	5129
485,746	4964
485,959	4320
486,172	3994
486,385	3325
486,598	2959
486,81	2715
487,023	2642
487,236	2793
487,449	2557
487,662	2546
487,875	2476
488,087	2554
488,3	2446
488,513	2314
488,726	2346
488,938	2544
489,151	2480
489,364	2467
489,576	2303
489,789	2532
490,002	2381
490,214	2270
490,427	2329
490,64	2383
490,852	2198
491,065	2363
491,277	2399
491,49	2446
491,702	2294
491,915	2468
492,127	2427
492,34	2431
492,552	2424
492,765	2606
492,977	2631
493,19	2415
493,402	2495
493,614	2483
493,827	2436
494,039	2393
494,251	2481
494,464	2512
494,676	2145
494,888	2355
495,101	2239
495,313	2249
495,525	2369
495,737	2467
495,95	2502
496,162	2511
496,374	2499
496,586	2294
496,798	2500
497,01	2311
497,222	2228
497,435	2346
497,647	2235
497,859	2281
498,071	2304
498,283	2319
498,495	2476
498,707	2541
498,919	2253
499,131	2528
499,343	2236
499,555	2329
499,767	2572
499,979	2344
500,191	2443
500,402	2234
500,614	2310
500,826	2413
501,038	2249
501,25	2345
501,462	2246
501,673	2405
501,885	2267
502,097	2470
502,309	2421
502,521	2381
502,732	2244
502,944	2299
503,156	2225
503,367	2302
503,579	2135
503,791	2366
504,002	2278
504,214	2534
504,425	2532
504,637	2478
504,849	2293
505,06	2372
505,272	2390
505,483	2332
505,695	2262
505,906	2190
506,118	2279
506,329	2263
506,541	2182
506,752	2382
506,963	2202
507,175	2183
507,386	2281
507,598	2381
507,809	2125
508,02	2195
508,232	2256
508,443	2025
508,654	2453
508,865	2300
509,077	2144
509,288	2064
509,499	2437
509,71	2154
509,922	2185
510,133	2180
510,344	2324
510,555	2218
510,766	2232
510,977	2180
511,188	2163
511,4	2179
511,611	2128
511,822	2227
512,033	2138
512,244	2176
512,455	2075
512,666	2099
512,877	2261
513,088	2153
513,299	2192
513,51	2185
513,721	2118
513,931	2273
514,142	2167
514,353	2259
514,564	2006
514,775	2054
514,986	2186
515,196	2184
515,407	2009
515,618	2172
515,829	2116
516,04	1905
516,25	2026
516,461	2079
516,672	2195
516,882	2004
517,093	2124
517,304	1967
517,514	1850
517,725	2235
517,936	1994
518,146	1964
518,357	2180
518,567	2021
518,778	2329
518,988	2097
519,199	2292
519,409	1994
519,62	2094
519,83	2080
520,041	2090
520,251	2005
520,462	2163
520,672	2087
520,882	2025
521,093	2137
521,303	2203
521,513	2011
521,724	3086
521,934	1884
522,144	1993
522,355	2088
522,565	2033
522,775	1897
522,985	2102
523,196	1959
523,406	2004
523,616	2113
523,826	1997
524,036	2856
524,246	1975
524,457	1980
524,667	1860
524,877	2203
525,087	1954
525,297	2139
525,507	2137
525,717	1842
525,927	2063
526,137	2189
526,347	2072
526,557	1965
526,767	2011
526,977	2240
527,187	2007
527,397	1879
527,607	1938
527,816	2045
528,026	1928
528,236	2053
528,446	2119
528,656	2043
528,865	2266
529,075	1988
529,285	2078
529,495	2127
529,704	2013
529,914	2014
530,124	2079
530,334	1879
530,543	1770
530,753	2310
530,963	2423
531,172	1984
531,382	1939
531,591	2166
531,801	1858
532,01	2051
532,22	2018
532,43	1992
532,639	2289
532,849	2036
533,058	2017
533,267	2225
533,477	2154
533,686	1766
533,896	2093
534,105	2099
534,315	2084
534,524	2036
534,733	1975
534,943	2158
535,152	2249
535,361	1820
535,57	1941
535,78	2045
535,989	1845
536,198	1898
536,407	1919
536,617	1995
536,826	2002
537,035	2019
537,244	1893
537,453	1763
537,662	1905
537,872	2167
538,081	1965
538,29	1877
538,499	1907
538,708	1918
538,917	2028
539,126	1844
539,335	2082
539,544	2413
539,753	1859
539,962	2026
540,171	1911
540,38	2307
540,589	2004
540,797	2201
541,006	2034
541,215	1931
541,424	2152
541,633	2039
541,842	1999
542,05	2093
542,259	1861
542,468	2009
542,677	2065
542,885	1993
543,094	2005
543,303	1939
543,512	2032
543,72	1893
543,929	2035
544,138	1948
544,346	1873
544,555	1939
544,763	2047
544,972	1959
545,18	1822
545,389	1933
545,598	1867
545,806	2017
546,015	1947
546,223	1896
546,431	1935
546,64	1917
546,848	1866
547,057	1969
547,265	1952
547,474	1938
547,682	2056
547,89	2298
548,099	2040
548,307	1961
548,515	2128
548,723	2042
548,932	1875
549,14	1834
549,348	2113
549,556	1858
549,765	1857
549,973	1847
550,181	1991
550,389	1979
550,597	2041
550,805	1850
551,014	2200
551,222	3655
551,43	1881
551,638	1934
551,846	2061
552,054	2098
552,262	2085
552,47	1751
552,678	1839
552,886	1868
553,094	1825
553,302	2007
553,51	2034
553,717	2046
553,925	1682
554,133	2266
554,341	1853
554,549	1907
554,757	1796
554,965	1836
555,172	1899
555,38	2173
555,588	1838
555,796	1938
556,003	2049
556,211	1778
556,419	2031
556,626	1974
556,834	1908
557,042	1898
557,249	1869
557,457	1907
557,664	1760
557,872	1772
558,08	1857
558,287	1975
558,495	1959
558,702	1754
558,91	1939
559,117	1814
559,325	1871
559,532	1847
559,74	2035
559,947	1926
560,154	2021
560,362	1851
560,569	1885
560,776	1919
560,984	1992
561,191	2044
561,398	1905
561,606	2280
561,813	2017
562,02	1655
562,227	1654
562,435	1839
562,642	1987
562,849	1910
563,056	1916
563,263	1805
563,471	2045
563,678	1919
563,885	1898
564,092	1901
564,299	1949
564,506	2019
564,713	1914
564,92	1895
565,127	1867
565,334	1955
565,541	2249
565,748	1963
565,955	1908
566,162	1852
566,369	1856
566,576	2055
566,783	2001
566,99	1888
567,196	2065
567,403	2009
567,61	2126
567,817	1916
568,024	1989
568,23	2033
568,437	1865
568,644	1909
568,851	2004
569,057	2381
569,264	2211
569,471	1999
569,677	1946
569,884	2206
570,091	2187
570,297	3147
570,504	2366
570,71	2129
570,917	2178
571,123	2109
571,33	2225
571,536	2154
571,743	2391
571,949	2057
572,156	1968
572,362	2233
572,569	2080
572,775	2120
572,982	2320
573,188	2141
573,394	2137
573,601	2098
573,807	2150
574,013	2503
574,22	2296
574,426	2085
574,632	2255
574,838	2164
575,045	2028
575,251	1985
575,457	2167
575,663	2240
575,869	2053
576,076	2079
576,282	2194
576,488	2117
576,694	2136
576,9	2033
577,106	2105
577,312	2238
577,518	2394
577,724	2325
577,93	2239
578,136	2093
578,342	2237
578,548	2147
578,754	1963
578,96	1996
579,166	1922
579,372	2263
579,578	2200
579,784	2190
579,989	2101
580,195	2029
580,401	2045
580,607	2093
580,813	2343
581,018	2475
581,224	2325
581,43	2256
581,636	2364
581,841	2375
582,047	2237
582,253	2230
582,458	2069
582,664	1949
582,869	1966
583,075	1816
583,281	2207
583,486	2011
583,692	2121
583,897	2199
584,103	2061
584,308	2137
584,514	2079
584,719	2230
584,925	2132
585,13	2080
585,335	2007
585,541	2069
585,746	2001
585,952	1933
586,157	1823
586,362	1975
586,568	2049
586,773	2100
586,978	2063
587,183	2049
587,389	2115
587,594	1873
587,799	2003
588,004	2081
588,21	1968
588,415	1791
588,62	1975
588,825	1981
589,03	1804
589,235	2368
589,44	2009
589,645	1871
589,85	1974
590,055	2130
590,26	1861
590,465	1885
590,67	1886
590,875	2026
591,08	1983
591,285	1891
591,49	1899
591,695	1831
591,9	1866
592,105	1869
592,31	1679
592,515	2180
592,719	1837
592,924	1761
593,129	1845
593,334	1994
593,539	1795
593,743	2015
593,948	2049
594,153	1981
594,357	1961
594,562	1852
594,767	2331
594,971	1722
595,176	1806
595,381	1927
595,585	1798
595,79	2060
595,994	1667
596,199	2272
596,403	1605
596,608	1730
596,812	1683
597,017	1950
597,221	2014
597,426	1948
597,63	1777
597,835	1781
598,039	1705
598,243	1712
598,448	2075
598,652	1883
598,856	1826
599,061	1900
599,265	1803
599,469	1565
599,673	1808
599,878	1904
600,082	1768
600,286	1823
600,49	1816
600,695	1729
600,899	1720
601,103	1852
601,307	1927
601,511	1777
601,715	1662
601,919	1651
602,123	1892
602,327	1853
602,531	1606
602,735	1871
602,939	2081
603,143	1693
603,347	1785
603,551	1737
603,755	1867
603,959	1498
604,163	1838
604,367	1807
604,571	1691
604,775	2074
604,978	1795
605,182	1738
605,386	1918
605,59	1730
605,793	1807
605,997	1885
606,201	1779
606,405	1833
606,608	1932
606,812	1826
607,016	1891
607,219	1660
607,423	1743
607,627	2057
607,83	1656
608,034	1815
608,237	1785
608,441	1674
608,644	1855
608,848	1837
609,051	1860
609,255	1504
609,458	1992
609,662	1707
609,865	1805
610,069	1765
610,272	1655
610,475	1605
610,679	1676
610,882	1784
611,085	1900
611,289	1829
611,492	1695
611,695	1692
611,898	1747
612,102	1851
612,305	1674
612,508	1761
612,711	1922
612,914	1703
613,118	1797
613,321	1817
613,524	1732
613,727	1718
613,93	1687
614,133	1858
614,336	1831
614,539	1777
614,742	1665
614,945	1715
615,148	1947
615,351	1745
615,554	1808
615,757	1714
615,96	1885
616,163	1666
616,366	2089
616,569	1750
616,772	1982
616,974	1860
617,177	1807
617,38	1800
617,583	1864
617,786	1650
617,988	1603
618,191	1887
618,394	1683
618,596	1850
618,799	1697
619,002	1784
619,204	1842
619,407	1805
619,61	1650
619,812	1691
620,015	1717
620,217	1922
620,42	1730
620,623	1724
620,825	1703
621,028	1885
621,23	1897
621,432	1857
621,635	1930
621,837	1860
622,04	1686
622,242	1744
622,445	1744
622,647	1774
622,849	1856
623,052	1679
623,254	1847
623,456	1545
623,658	1845
623,861	1939
624,063	1749
624,265	1791
624,467	1841
624,67	1728
624,872	1760
625,074	2018
625,276	1829
625,478	1831
625,68	1582
625,882	1624
626,084	1773
626,287	2095
626,489	1889
626,691	1723
626,893	1808
627,095	1723
627,297	1791
627,499	1707
627,7	1508
627,902	1610
628,104	1623
628,306	1679
628,508	1574
628,71	1743
628,912	1725
629,114	1839
629,315	1721
629,517	1679
629,719	1669
629,921	1724
630,122	1746
630,324	1633
630,526	1867
630,728	1756
630,929	1640
631,131	1664
631,332	1878
631,534	1836
631,736	1771
631,937	1550
632,139	1956
632,34	1761
632,542	1864
632,743	1825
632,945	1642
633,146	1646
633,348	1820
633,549	1681
633,751	1608
633,952	1722
634,154	1533
634,355	1519
634,556	1744
634,758	1553
634,959	1603
635,16	1799
635,362	1652
635,563	1891
635,764	1775
635,965	1754
636,167	1665
636,368	1702
636,569	1593
636,77	1808
636,971	1632
637,172	1739
637,374	1521
637,575	1900
637,776	1526
637,977	1542
638,178	1720
638,379	1675
638,58	1720
638,781	1550
638,982	1699
639,183	1671
639,384	1611
639,585	1627
639,786	1583
639,987	1617
640,187	1753
640,388	1925
640,589	1396
640,79	1627
640,991	1745
641,192	1815
641,392	1572
641,593	1737
641,794	1503
641,995	1534
642,195	1395
642,396	1637
642,597	1507
642,797	1600
642,998	1778
643,199	1596
643,399	1704
643,6	1519
643,8	1501
644,001	1374
644,202	1620
644,402	1582
644,603	1684
644,803	1477
645,004	1680
645,204	1479
645,404	1574
645,605	1942
645,805	1542
646,006	1569
646,206	2033
646,406	1515
646,607	1519
646,807	1478
647,007	-51
647,208	2
647,408	56
647,608	-6
