200,697	822
200,927	-15
201,158	-40
201,388	-7
201,618	1314
201,849	1184
202,079	1376
202,309	1319
202,539	1393
202,77	1299
203	1446
203,23	1423
203,46	1393
203,691	1419
203,921	1459
204,151	1346
204,381	1354
204,611	1479
204,841	1251
205,071	1327
205,302	1400
205,532	1485
205,762	3321
205,992	1335
206,222	1410
206,452	1426
206,682	1347
206,912	1413
207,142	1510
207,372	1241
207,602	1268
207,832	1372
208,062	1439
208,292	1485
208,522	1190
208,752	1439
208,982	1357
209,212	1570
209,442	1436
209,672	1303
209,902	1335
210,131	1407
210,361	1376
210,591	1391
210,821	1343
211,051	1519
211,281	1388
211,51	1381
211,74	1401
211,97	1335
212,2	1385
212,429	1704
212,659	1516
212,889	1351
213,119	1278
213,348	1354
213,578	1591
213,808	1497
214,037	1499
214,267	1464
214,497	1438
214,726	1359
214,956	1348
215,186	1371
215,415	1418
215,645	1435
215,874	1468
216,104	1354
216,333	1378
216,563	1442
216,792	1521
217,022	1481
217,251	1412
217,481	1328
217,71	1460
217,94	1222
218,169	1434
218,399	1455
218,628	1366
218,858	1329
219,087	1642
219,316	1459
219,546	1415
219,775	1394
220,004	1640
220,234	1253
220,463	1328
220,692	1410
220,922	1418
221,151	1510
221,38	1365
221,61	1798
221,839	1638
222,068	1454
222,297	1576
222,526	1470
222,756	1484
222,985	1544
223,214	1478
223,443	1464
223,672	1882
223,902	1344
224,131	1446
224,36	1558
224,589	1255
224,818	1443
225,047	1510
225,276	1426
225,505	1668
225,734	1440
225,963	1360
226,192	1487
226,421	1262
226,65	1475
226,879	1370
227,108	1567
227,337	1364
227,566	1660
227,795	1330
228,024	1395
228,253	1429
228,482	1364
228,711	1418
228,94	1341
229,168	1348
229,397	1470
229,626	1483
229,855	1372
230,084	1405
230,313	1333
230,541	1582
230,77	1372
230,999	1300
231,228	1629
231,456	1534
231,685	1418
231,914	1486
232,143	1422
232,371	1481
232,6	1426
232,829	1420
233,057	1512
233,286	1386
233,515	1474
233,743	1461
233,972	1416
234,2	1481
234,429	1428
234,658	1537
234,886	1406
235,115	1470
235,343	1442
235,572	1388
235,8	1504
236,029	1681
236,257	1348
236,486	1520
236,714	1533
236,943	1934
237,171	1430
237,399	1483
237,628	1528
237,856	1532
238,085	1764
238,313	1401
238,541	1491
238,77	1695
238,998	1388
239,226	1513
239,455	1437
239,683	1500
239,911	1406
240,14	1584
240,368	1586
240,596	1352
240,824	1433
241,053	1454
241,281	1403
241,509	1398
241,737	1479
241,965	1371
242,193	1420
242,422	1398
242,65	1356
242,878	1471
243,106	1461
243,334	1463
243,562	1411
243,79	1452
244,018	1542
244,246	1451
244,474	1439
244,702	1398
244,93	1527
245,158	1465
245,386	1414
245,614	1650
245,842	1530
246,07	1462
246,298	1686
246,526	1673
246,754	1422
246,982	1495
247,21	1502
247,438	1416
247,666	1302
247,893	1326
248,121	1337
248,349	1536
248,577	1453
248,805	1510
249,033	1450
249,26	1507
249,488	1420
249,716	1537
249,944	1421
250,171	1461
250,399	1462
250,627	1607
250,854	1458
251,082	1400
251,31	1519
251,537	1437
251,765	1687
251,993	1376
252,22	1758
252,448	1435
252,676	1492
252,903	1480
253,131	1916
253,358	1476
253,586	1362
253,813	1379
254,041	1519
254,268	1447
254,496	1328
254,723	1532
254,951	1557
255,178	1422
255,406	1478
255,633	1526
255,86	1361
256,088	1379
256,315	1340
256,543	1587
256,77	1575
256,997	1511
257,225	1380
257,452	1401
257,679	1382
257,907	1558
258,134	1390
258,361	1521
258,588	1392
258,816	1515
259,043	1382
259,27	1479
259,497	1489
259,725	1371
259,952	1444
260,179	1363
260,406	1490
260,633	1417
260,86	1478
261,088	1439
261,315	1608
261,542	1403
261,769	1428
261,996	1824
262,223	1589
262,45	1663
262,677	1277
262,904	1524
263,131	1496
263,358	1398
263,585	1450
263,812	1758
264,039	1631
264,266	1418
264,493	1359
264,72	1385
264,947	1447
265,174	1678
265,401	1681
265,627	1647
265,854	1529
266,081	1524
266,308	1530
266,535	1384
266,762	1523
266,988	1424
267,215	1485
267,442	1420
267,669	1636
267,896	1529
268,122	1600
268,349	1464
268,576	1343
268,802	1382
269,029	1383
269,256	1515
269,482	1429
269,709	1316
269,936	1557
270,162	1658
270,389	1424
270,616	1524
270,842	1584
271,069	1535
271,295	1476
271,522	1412
271,748	1440
271,975	1400
272,201	1540
272,428	1429
272,654	1469
272,881	1699
273,107	1419
273,334	1482
273,56	1592
273,787	1446
274,013	1516
274,239	1767
274,466	1465
274,692	1545
274,918	1629
275,145	1454
275,371	1448
275,597	1606
275,824	1548
276,05	1240
276,276	1488
276,503	1352
276,729	1543
276,955	1337
277,181	1540
277,407	1474
277,634	1562
277,86	1438
278,086	1488
278,312	1476
278,538	1410
278,764	1463
278,991	1592
279,217	1455
279,443	1438
279,669	1490
279,895	1555
280,121	1454
280,347	1474
280,573	1432
280,799	1436
281,025	1630
281,251	1345
281,477	1708
281,703	1370
281,929	1442
282,155	1427
282,381	1525
282,607	1473
282,833	1498
283,059	1519
283,285	1325
283,51	1464
283,736	1413
283,962	1269
284,188	1466
284,414	1411
284,64	1515
284,865	1576
285,091	1383
285,317	1531
285,543	1640
285,768	1384
285,994	1577
286,22	1714
286,446	1566
286,671	1385
286,897	1507
287,123	1466
287,348	1382
287,574	1892
287,799	1510
288,025	1400
288,251	1637
288,476	1454
288,702	1476
288,927	1434
289,153	1377
289,378	1633
289,604	1464
289,829	1489
290,055	1454
290,28	1467
290,506	1535
290,731	1349
290,957	1439
291,182	1527
291,408	1544
291,633	1497
291,858	1433
292,084	1538
292,309	1350
292,535	1498
292,76	1538
292,985	1478
293,211	1429
293,436	1309
293,661	1235
293,886	1452
294,112	1429
294,337	1468
294,562	1292
294,787	1525
295,013	1718
295,238	1328
295,463	1566
295,688	1604
295,913	1487
296,138	1558
296,364	1433
296,589	1581
296,814	1385
297,039	1472
297,264	1581
297,489	1511
297,714	1424
297,939	1398
298,164	1506
298,389	1561
298,614	1376
298,839	1409
299,064	1633
299,289	1508
299,514	1576
299,739	1488
299,964	1472
300,189	1387
300,414	1606
300,639	1599
300,863	1390
301,088	1807
301,313	1471
301,538	1479
301,763	1442
301,988	1470
302,212	1444
302,437	1935
302,662	1307
302,887	1384
303,111	1563
303,336	1543
303,561	1533
303,786	1414
304,01	1516
304,235	1540
304,46	1218
304,684	1451
304,909	1625
305,134	1298
305,358	1607
305,583	1551
305,807	1649
306,032	1262
306,256	1506
306,481	1523
306,706	1434
306,93	1374
307,155	1730
307,379	1447
307,604	1482
307,828	1416
308,052	1665
308,277	1482
308,501	1519
308,726	1544
308,95	1505
309,175	1240
309,399	1635
309,623	1442
309,848	1337
310,072	1313
310,296	1788
310,521	1457
310,745	1400
310,969	1627
311,193	1535
311,418	1427
311,642	1455
311,866	1476
312,09	1403
312,315	1650
312,539	1450
312,763	1518
312,987	1559
313,211	1382
313,435	1566
313,659	1477
313,884	1639
314,108	1574
314,332	1204
314,556	1438
314,78	1588
315,004	1550
315,228	1575
315,452	1591
315,676	1542
315,9	1463
316,124	1287
316,348	1504
316,572	1550
316,796	1569
317,02	1404
317,244	1502
317,468	1378
317,691	1700
317,915	1554
318,139	1397
318,363	1830
318,587	1514
318,811	1510
319,034	1342
319,258	1516
319,482	1641
319,706	1516
319,93	1587
320,153	1398
320,377	1450
320,601	1450
320,824	1306
321,048	1616
321,272	1568
321,495	1473
321,719	1334
321,943	1440
322,166	1433
322,39	1451
322,614	1509
322,837	1534
323,061	1271
323,284	1658
323,508	1402
323,731	1537
323,955	1452
324,178	1464
324,402	1586
324,625	1453
324,849	1357
325,072	1449
325,296	1556
325,519	1436
325,743	1389
325,966	1619
326,189	1580
326,413	1504
326,636	1775
326,859	1534
327,083	1795
327,306	1353
327,529	1359
327,753	1296
327,976	1573
328,199	1502
328,422	1455
328,646	1483
328,869	1369
329,092	1526
329,315	1602
329,538	1382
329,762	1495
329,985	1367
330,208	1418
330,431	1461
330,654	1577
330,877	1389
331,1	1657
331,323	1332
331,546	1554
331,769	1556
331,993	1402
332,216	1409
332,439	1336
332,662	1376
332,885	1156
333,107	1239
333,33	1297
333,553	1678
333,776	1391
333,999	1456
334,222	1379
334,445	1431
334,668	1387
334,891	1518
335,114	1336
335,336	1454
335,559	1525
335,782	1679
336,005	1440
336,228	1414
336,45	1362
336,673	1374
336,896	1498
337,119	1566
337,341	1406
337,564	1413
337,787	1448
338,009	1373
338,232	1451
338,455	1530
338,677	1425
338,9	1562
339,122	1498
339,345	1285
339,568	1340
339,79	1414
340,013	1468
340,235	1657
340,458	1254
340,68	1532
340,903	1321
341,125	1427
341,348	1412
341,57	1338
341,793	1760
342,015	1318
342,238	1399
342,46	1529
342,682	1519
342,905	1332
343,127	1502
343,349	1411
343,572	1509
343,794	1402
344,016	1373
344,239	1535
344,461	1367
344,683	1415
344,905	1431
345,128	1361
345,35	1428
345,572	1550
345,794	1521
346,017	1473
346,239	1327
346,461	1509
346,683	1368
346,905	1403
347,127	1491
347,349	1312
347,571	1440
347,793	1575
348,016	1410
348,238	1478
348,46	1428
348,682	1390
348,904	1487
349,126	1483
349,348	1465
349,57	1238
349,792	1398
350,014	1463
350,235	1431
350,457	1648
350,679	1403
350,901	1318
351,123	1606
351,345	1331
351,567	1332
351,789	1445
352,01	1355
352,232	1441
352,454	1353
352,676	1474
352,897	1448
353,119	1462
353,341	1417
353,563	1489
353,784	1317
354,006	1391
354,228	1472
354,449	1322
354,671	1654
354,893	1532
355,114	1427
355,336	1490
355,558	1465
355,779	1334
356,001	1505
356,222	1460
356,444	1335
356,665	2059
356,887	1398
357,108	1365
357,33	1420
357,551	1524
357,773	1436
357,994	1437
358,216	1270
358,437	1519
358,659	1494
358,88	1492
359,101	1452
359,323	1444
359,544	1378
359,765	1215
359,987	1428
360,208	1481
360,429	1517
360,651	1208
360,872	1652
361,093	1414
361,314	1538
361,536	1419
361,757	1449
361,978	1329
362,199	1267
362,42	1329
362,642	1427
362,863	1513
363,084	1380
363,305	1457
363,526	1447
363,747	1365
363,968	1398
364,189	1532
364,41	1361
364,631	1181
364,852	1574
365,073	1457
365,294	1420
365,515	1343
365,736	1452
365,957	1462
366,178	1383
366,399	1424
366,62	1503
366,841	1423
367,062	1502
367,283	1315
367,504	1441
367,724	1362
367,945	1229
368,166	1507
368,387	1422
368,608	1415
368,828	1570
369,049	1344
369,27	1392
369,491	1258
369,711	1599
369,932	1742
370,153	1486
370,373	1537
370,594	1598
370,815	1441
371,035	1546
371,256	1305
371,477	1365
371,697	1402
371,918	1275
372,138	1483
372,359	1584
372,579	1283
372,8	1426
373,02	1441
373,241	1384
373,461	1540
373,682	1476
373,902	1436
374,123	1382
374,343	1471
374,564	1384
374,784	1350
375,004	1385
375,225	1348
375,445	1267
375,666	1584
375,886	1338
376,106	1373
376,326	1431
376,547	1603
376,767	1513
376,987	1358
377,208	1394
377,428	1302
377,648	1428
377,868	1438
378,088	1544
378,309	1510
378,529	1554
378,749	1662
378,969	1265
379,189	1348
379,409	1423
379,629	1272
379,849	1414
380,069	1369
380,29	1321
380,51	1486
380,73	1451
380,95	1690
381,17	1441
381,39	1354
381,61	1356
381,829	1267
382,049	1385
382,269	1353
382,489	1395
382,709	1396
382,929	1368
383,149	1473
383,369	1726
383,589	1391
383,808	1456
384,028	1416
384,248	1476
384,468	1385
384,688	1415
384,907	1394
385,127	1416
385,347	1452
385,567	1338
385,786	1470
386,006	1358
386,226	1502
386,445	1330
386,665	1404
386,885	1511
387,104	1308
387,324	1354
387,543	1418
387,763	1192
387,982	1748
388,202	1438
388,422	1468
388,641	1385
388,861	1421
389,08	1583
389,3	1367
389,519	1526
389,738	1360
389,958	1420
390,177	1396
390,397	1446
390,616	1382
390,836	1486
391,055	1364
391,274	1498
391,494	1372
391,713	1335
391,932	1498
392,151	1385
392,371	1370
392,59	1420
392,809	1515
393,029	1487
393,248	1557
393,467	1274
393,686	1357
393,905	2358
394,124	1268
394,344	1419
394,563	1492
394,782	1295
395,001	1433
395,22	1355
395,439	1319
395,658	1290
395,877	1427
396,096	1369
396,315	1490
396,534	1326
396,753	1420
396,972	1439
397,191	1458
397,41	1649
397,629	1317
397,848	1368
398,067	1418
398,286	1366
398,505	1353
398,724	1503
398,943	1928
399,161	1288
399,38	1462
399,599	1445
399,818	1383
400,037	1575
400,255	1484
400,474	1439
400,693	1448
400,912	1573
401,13	1248
401,349	1443
401,568	1182
401,786	1534
402,005	1511
402,224	1342
402,442	1507
402,661	1416
402,88	1395
403,098	1354
403,317	1437
403,535	1698
403,754	1392
403,972	1475
404,191	1354
404,409	1369
404,628	1993
404,846	1418
405,065	1473
405,283	1441
405,502	1361
405,72	1402
405,938	1326
406,157	1542
406,375	1326
406,594	1479
406,812	1495
407,03	1414
407,249	1228
407,467	1462
407,685	1539
407,903	1372
408,122	1466
408,34	1463
408,558	1282
408,776	1366
408,995	1335
409,213	1343
409,431	1525
409,649	1335
409,867	1371
410,085	1486
410,303	1398
410,522	1347
410,74	1314
410,958	1329
411,176	1413
411,394	1311
411,612	1338
411,83	1571
412,048	1424
412,266	1358
412,484	1388
412,702	1623
412,92	1097
413,138	1460
413,356	1432
413,573	1494
413,791	1675
414,009	1503
414,227	1600
414,445	1382
414,663	1517
414,881	1459
415,098	1629
415,316	1490
415,534	1784
415,752	1080
415,969	1409
416,187	1257
416,405	1345
416,623	1442
416,84	1294
417,058	1442
417,276	1505
417,493	1400
417,711	1374
417,928	1407
418,146	1235
418,364	1596
418,581	1414
418,799	1303
419,016	1242
419,234	1312
419,451	1855
419,669	1424
419,886	1426
420,104	1350
420,321	1392
420,539	1398
420,756	1499
420,974	1380
421,191	1289
421,408	1404
421,626	1487
421,843	1296
422,06	1583
422,278	1262
422,495	1406
422,712	1428
422,93	1429
423,147	1551
423,364	1391
423,581	1472
423,799	1365
424,016	1375
424,233	1529
424,45	1364
424,667	1416
424,884	1391
425,102	1481
425,319	1293
425,536	1377
425,753	1462
425,97	1381
426,187	1420
426,404	1353
426,621	1650
426,838	1513
427,055	1457
427,272	1498
427,489	1357
427,706	1268
427,923	1352
428,14	1389
428,357	1479
428,574	1434
428,791	1387
429,008	1462
429,224	1297
429,441	1276
429,658	1415
429,875	1558
430,092	1503
430,308	1476
430,525	1475
430,742	1449
430,959	1388
431,175	1301
431,392	1314
431,609	1516
431,826	1448
432,042	1385
432,259	1383
432,476	1673
432,692	1339
432,909	1383
433,125	1631
433,342	1291
433,559	1486
433,775	1443
433,992	1242
434,208	1314
434,425	1381
434,641	1496
434,858	1631
435,074	1388
435,291	1360
435,507	1373
435,723	1363
435,94	1366
436,156	1350
436,373	1475
436,589	1402
436,805	1339
437,022	1390
437,238	1374
437,454	1384
437,671	1405
437,887	1407
438,103	1333
438,319	1378
438,536	1503
438,752	1418
438,968	1440
439,184	1373
439,4	1377
439,616	1293
439,833	1559
440,049	1457
440,265	1570
440,481	1371
440,697	1411
440,913	1452
441,129	1412
441,345	1504
441,561	1473
441,777	1444
441,993	1433
442,209	1337
442,425	1478
442,641	1344
442,857	1363
443,073	1366
443,289	1362
443,505	1416
443,721	1493
443,937	1390
444,152	1344
444,368	1412
444,584	1345
444,8	1530
445,016	1411
445,231	1128
445,447	1617
445,663	1398
445,879	1342
446,094	1550
446,31	1472
446,526	1439
446,742	1456
446,957	1425
447,173	1409
447,388	1524
447,604	1547
447,82	1380
448,035	1461
448,251	1421
448,466	1505
448,682	1373
448,897	1375
449,113	1311
449,328	1439
449,544	1257
449,759	1624
449,975	1281
450,19	1356
450,406	1333
450,621	1416
450,836	1360
451,052	1540
451,267	1207
451,483	1429
451,698	1335
451,913	1244
452,129	1396
452,344	1291
452,559	1542
452,774	1438
452,99	1363
453,205	1444
453,42	1480
453,635	1486
453,85	1386
454,066	1494
454,281	1323
454,496	1424
454,711	1499
454,926	1457
455,141	1370
455,356	1320
455,571	1353
455,786	1502
456,001	1477
456,217	1282
456,432	1447
456,647	1488
456,861	1473
457,076	1367
457,291	1496
457,506	1397
457,721	1467
457,936	1302
458,151	1433
458,366	1519
458,581	1355
458,796	1617
459,01	1382
459,225	1414
459,44	1250
459,655	1455
459,87	1282
460,084	1054
460,299	1447
460,514	1447
460,729	1751
460,943	1391
461,158	1240
461,373	1472
461,587	1435
461,802	1326
462,016	1450
462,231	1337
462,446	1510
462,66	1378
462,875	1351
463,089	1243
463,304	1665
463,518	1334
463,733	1430
463,947	1432
464,162	1329
464,376	1368
464,591	1553
464,805	1318
465,02	1528
465,234	1428
465,448	1497
465,663	1515
465,877	1442
466,091	1373
466,306	1510
466,52	1670
466,734	1455
466,949	1430
467,163	1463
467,377	1392
467,591	1480
467,806	1390
468,02	1345
468,234	1264
468,448	1457
468,662	1410
468,876	1513
469,091	1357
469,305	1454
469,519	1440
469,733	1391
469,947	1391
470,161	1620
470,375	1288
470,589	1546
470,803	1434
471,017	1438
471,231	1406
471,445	1370
471,659	1371
471,873	1420
472,087	1170
472,301	1277
472,515	1360
472,728	1287
472,942	1410
473,156	1421
473,37	1368
473,584	1299
473,798	1511
474,011	1416
474,225	1430
474,439	1500
474,653	1430
474,866	1400
475,08	1471
475,294	1509
475,507	1420
475,721	1474
475,935	1397
476,148	1325
476,362	1295
476,576	1303
476,789	1344
477,003	1420
477,216	1430
477,43	1392
477,643	1374
477,857	1392
478,07	1382
478,284	1396
478,497	1362
478,711	1413
478,924	1387
479,138	1384
479,351	1379
479,564	1267
479,778	1403
479,991	1302
480,204	1319
480,418	1477
480,631	1326
480,844	1341
481,058	1323
481,271	1465
481,484	1449
481,697	1384
481,911	1418
482,124	1379
482,337	1445
482,55	1366
482,763	1183
482,976	1450
483,19	1321
483,403	1328
483,616	1489
483,829	1399
484,042	1427
484,255	1388
484,468	1428
484,681	1422
484,894	1335
485,107	1552
485,32	1337
485,533	1308
485,746	1473
485,959	1342
486,172	1384
486,385	1245
486,598	1361
486,81	1396
487,023	1308
487,236	1526
487,449	1464
487,662	1163
487,875	1402
488,087	1387
488,3	1394
488,513	1278
488,726	1246
488,938	1507
489,151	1511
489,364	1391
489,576	1337
489,789	1355
490,002	1381
490,214	1596
490,427	1265
490,64	1429
490,852	1427
491,065	1337
491,277	1464
491,49	1424
491,702	1242
491,915	1442
492,127	1473
492,34	1400
492,552	1446
492,765	1499
492,977	1515
493,19	1360
493,402	1476
493,614	1351
493,827	1362
494,039	1363
494,251	1457
494,464	1526
494,676	1283
494,888	1402
495,101	1315
495,313	1390
495,525	1400
495,737	1584
495,95	1456
496,162	1464
496,374	1322
496,586	1560
496,798	1454
497,01	1457
497,222	1288
497,435	1485
497,647	1368
497,859	1350
498,071	1363
498,283	1417
498,495	1196
498,707	1568
498,919	1437
499,131	1447
499,343	1201
499,555	1385
499,767	1524
499,979	1366
500,191	1544
500,402	1382
500,614	1495
500,826	1497
501,038	1266
501,25	1401
501,462	1337
501,673	1413
501,885	1289
502,097	1555
502,309	1376
502,521	1664
502,732	1433
502,944	1390
503,156	1286
503,367	1346
503,579	1245
503,791	1391
504,002	1385
504,214	1513
504,425	1856
504,637	1544
504,849	1405
505,06	1462
505,272	1470
505,483	1433
505,695	1387
505,906	1291
506,118	1434
506,329	1320
506,541	1321
506,752	1534
506,963	1406
507,175	1259
507,386	1474
507,598	1506
507,809	1289
508,02	1443
508,232	1391
508,443	1316
508,654	1630
508,865	1502
509,077	1205
509,288	1330
509,499	1650
509,71	1245
509,922	1426
510,133	1308
510,344	1574
510,555	1383
510,766	1391
510,977	1397
511,188	1414
511,4	1347
511,611	1354
511,822	1462
512,033	1409
512,244	1473
512,455	1419
512,666	1427
512,877	1471
513,088	1568
513,299	1333
513,51	1486
513,721	1426
513,931	1463
514,142	1694
514,353	1518
514,564	1358
514,775	1398
514,986	1504
515,196	1460
515,407	1388
515,618	1386
515,829	1398
516,04	1214
516,25	1340
516,461	1251
516,672	1260
516,882	1330
517,093	1464
517,304	1301
517,514	1289
517,725	1433
517,936	1379
518,146	1306
518,357	1442
518,567	1298
518,778	1691
518,988	1394
519,199	1561
519,409	1351
519,62	1424
519,83	1426
520,041	1384
520,251	1453
520,462	1503
520,672	1368
520,882	1422
521,093	1436
521,303	1468
521,513	1409
521,724	2252
521,934	974
522,144	1431
522,355	1388
522,565	1346
522,775	1416
522,985	1320
523,196	1441
523,406	1326
523,616	1506
523,826	1382
524,036	2158
524,246	1352
524,457	1323
524,667	1183
524,877	1370
525,087	1386
525,297	1467
525,507	1636
525,717	1284
525,927	1446
526,137	1384
526,347	1433
526,557	1350
526,767	1317
526,977	1680
527,187	1380
527,397	1250
527,607	1296
527,816	1384
528,026	1343
528,236	1445
528,446	1354
528,656	1438
528,865	1718
529,075	1380
529,285	1405
529,495	1560
529,704	1466
529,914	1426
530,124	1433
530,334	1356
530,543	1251
530,753	1696
530,963	1725
531,172	1398
531,382	1352
531,591	1638
531,801	1170
532,01	1423
532,22	1385
532,43	1438
532,639	1670
532,849	1442
533,058	1370
533,267	1558
533,477	1132
533,686	1329
533,896	1337
534,105	1352
534,315	1556
534,524	1352
534,733	1418
534,943	1619
535,152	1548
535,361	1265
535,57	1473
535,78	1364
535,989	1394
536,198	1426
536,407	1400
536,617	1479
536,826	1457
537,035	1482
537,244	1379
537,453	1290
537,662	1383
537,872	1547
538,081	1397
538,29	1367
538,499	1383
538,708	1343
538,917	1456
539,126	1502
539,335	1481
539,544	1903
539,753	1329
539,962	1452
540,171	1382
540,38	1547
540,589	1490
540,797	1497
541,006	1487
541,215	1287
541,424	1610
541,633	1435
541,842	1293
542,05	1454
542,259	1578
542,468	1358
542,677	1440
542,885	1502
543,094	1453
543,303	1359
543,512	1423
543,72	1473
543,929	1535
544,138	1424
544,346	1307
544,555	1344
544,763	1442
544,972	1353
545,18	1332
545,389	1372
545,598	1376
545,806	1483
546,015	1422
546,223	1344
546,431	1394
546,64	1337
546,848	1356
547,057	1399
547,265	1356
547,474	1394
547,682	1507
547,89	1412
548,099	1454
548,307	1375
548,515	1448
548,723	1539
548,932	1441
549,14	1400
549,348	1518
549,556	1289
549,765	1409
549,973	1323
550,181	1437
550,389	1442
550,597	1489
550,805	1366
551,014	1580
551,222	3064
551,43	1306
551,638	1412
551,846	1543
552,054	1505
552,262	1505
552,47	1347
552,678	1250
552,886	1379
553,094	1249
553,302	1414
553,51	1365
553,717	1449
553,925	1250
554,133	1656
554,341	1378
554,549	1457
554,757	1371
554,965	1488
555,172	1390
555,38	1749
555,588	1285
555,796	1453
556,003	1537
556,211	1363
556,419	1486
556,626	1574
556,834	1294
557,042	1494
557,249	1481
557,457	1417
557,664	1257
557,872	1471
558,08	1372
558,287	1526
558,495	1508
558,702	1313
558,91	1459
559,117	1403
559,325	1423
559,532	1526
559,74	1576
559,947	1386
560,154	1532
560,362	1074
560,569	1265
560,776	1423
560,984	1452
561,191	1390
561,398	1633
561,606	1686
561,813	1418
562,02	1336
562,227	1266
562,435	1472
562,642	1465
562,849	1447
563,056	1419
563,263	1350
563,471	1516
563,678	1483
563,885	1366
564,092	1471
564,299	1444
564,506	1484
564,713	1380
564,92	1429
565,127	1497
565,334	1442
565,541	1688
565,748	1380
565,955	1338
566,162	1432
566,369	1509
566,576	1412
566,783	1537
566,99	1282
567,196	1442
567,403	1445
567,61	1472
567,817	1312
568,024	1639
568,23	1415
568,437	1382
568,644	1360
568,851	1364
569,057	1810
569,264	1514
569,471	1329
569,677	1365
569,884	1404
570,091	1543
570,297	2382
570,504	1546
570,71	1450
570,917	1431
571,123	1355
571,33	1464
571,536	1360
571,743	1626
571,949	1397
572,156	1354
572,362	1600
572,569	1389
572,775	1428
572,982	1521
573,188	1456
573,394	1432
573,601	1306
573,807	1286
574,013	1795
574,22	1405
574,426	1315
574,632	1525
574,838	1336
575,045	1390
575,251	1346
575,457	1384
575,663	1574
575,869	1407
576,076	1318
576,282	1478
576,488	1336
576,694	1187
576,9	1211
577,106	1329
577,312	1369
577,518	1394
577,724	1522
577,93	1478
578,136	1389
578,342	1396
578,548	1498
578,754	1381
578,96	1356
579,166	1376
579,372	1627
579,578	1430
579,784	1579
579,989	1418
580,195	1298
580,401	1441
580,607	1511
580,813	1393
581,018	1451
581,224	1447
581,43	1384
581,636	1373
581,841	1439
582,047	1422
582,253	1474
582,458	1649
582,664	1266
582,869	1464
583,075	1364
583,281	1715
583,486	1453
583,692	1333
583,897	1645
584,103	1438
584,308	1489
584,514	1411
584,719	1548
584,925	1454
585,13	1321
585,335	1437
585,541	1420
585,746	1413
585,952	1389
586,157	1393
586,362	1289
586,568	1488
586,773	1455
586,978	1491
587,183	1348
587,389	1380
587,594	1409
587,799	1490
588,004	1586
588,21	1426
588,415	1311
588,62	1471
588,825	1512
589,03	1426
589,235	1859
589,44	1537
589,645	1380
589,85	1493
590,055	1628
590,26	1443
590,465	1432
590,67	1493
590,875	1610
591,08	1320
591,285	1463
591,49	1422
591,695	1440
591,9	1382
592,105	1421
592,31	1353
592,515	1644
592,719	1344
592,924	1425
593,129	1442
593,334	1454
593,539	1415
593,743	1554
593,948	1408
594,153	1457
594,357	1674
594,562	1489
594,767	1871
594,971	1403
595,176	1428
595,381	1507
595,585	1350
595,79	1577
595,994	1336
596,199	1839
596,403	1189
596,608	1362
596,812	1430
597,017	1495
597,221	1655
597,426	1629
597,63	1433
597,835	1317
598,039	1352
598,243	1356
598,448	1635
598,652	1437
598,856	1423
599,061	1517
599,265	1355
599,469	1419
599,673	1501
599,878	1474
600,082	1497
600,286	1368
600,49	1425
600,695	1262
600,899	1541
601,103	1478
601,307	1517
601,511	1438
601,715	1375
601,919	1309
602,123	1540
602,327	1535
602,531	1431
602,735	1573
602,939	1537
603,143	1382
603,347	1249
603,551	1390
603,755	1420
603,959	1434
604,163	1358
604,367	1379
604,571	1369
604,775	1479
604,978	1406
605,182	1310
605,386	1506
605,59	1356
605,793	1428
605,997	1569
606,201	1437
606,405	1472
606,608	1596
606,812	1352
607,016	1518
607,219	1358
607,423	1340
607,627	1563
607,83	1391
608,034	1617
608,237	1531
608,441	1393
608,644	1482
608,848	1496
609,051	1469
609,255	1375
609,458	1491
609,662	1416
609,865	1443
610,069	1340
610,272	1321
610,475	1358
610,679	1479
610,882	1324
611,085	1443
611,289	1535
611,492	1399
611,695	1379
611,898	1336
612,102	1472
612,305	1473
612,508	1377
612,711	1504
612,914	1407
613,118	1505
613,321	1466
613,524	1437
613,727	1332
613,93	1415
614,133	1480
614,336	1451
614,539	1378
614,742	1392
614,945	1380
615,148	1526
615,351	1440
615,554	1523
615,757	1339
615,96	1483
616,163	1344
616,366	1500
616,569	1113
616,772	1582
616,974	1395
617,177	1554
617,38	1434
617,583	1445
617,786	1361
617,988	1098
618,191	1583
618,394	1397
618,596	1315
618,799	1391
619,002	1510
619,204	1357
619,407	1484
619,61	1295
619,812	1396
620,015	1404
620,217	1536
620,42	1588
620,623	1380
620,825	1473
621,028	1540
621,23	1553
621,432	1470
621,635	1534
621,837	1460
622,04	1402
622,242	1428
622,445	1420
622,647	1440
622,849	1467
623,052	1282
623,254	1471
623,456	1281
623,658	1536
623,861	1532
624,063	1409
624,265	1410
624,467	1417
624,67	1355
624,872	1418
625,074	1595
625,276	1583
625,478	1428
625,68	1233
625,882	1384
626,084	1359
626,287	1646
626,489	1607
626,691	1416
626,893	1464
627,095	1536
627,297	1474
627,499	1354
627,7	1422
627,902	1291
628,104	1258
628,306	1344
628,508	1353
628,71	1388
628,912	1400
629,114	1685
629,315	1392
629,517	1370
629,719	1259
629,921	1395
630,122	1458
630,324	1379
630,526	1540
630,728	1426
630,929	1328
631,131	1396
631,332	1515
631,534	1570
631,736	1542
631,937	1292
632,139	1497
632,34	1428
632,542	1502
632,743	1566
632,945	1362
633,146	1477
633,348	1710
633,549	1461
633,751	1391
633,952	1451
634,154	1354
634,355	1284
634,556	1384
634,758	1312
634,959	1382
635,16	1507
635,362	1362
635,563	1480
635,764	1463
635,965	1634
636,167	1406
636,368	1492
636,569	1400
636,77	1592
636,971	1450
637,172	1659
637,374	1309
637,575	1659
637,776	1388
637,977	1306
638,178	1543
638,379	1377
638,58	1425
638,781	1123
638,982	1398
639,183	1398
639,384	1380
639,585	1396
639,786	1344
639,987	1372
640,187	1508
640,388	1534
640,589	1314
640,79	1391
640,991	1401
641,192	1521
641,392	1323
641,593	1377
641,794	958
641,995	1348
642,195	1193
642,396	1342
642,597	1330
642,797	1366
642,998	1488
643,199	1552
643,399	1484
643,6	1332
643,8	1309
644,001	1425
644,202	1355
644,402	1095
644,603	1453
644,803	1195
645,004	1490
645,204	1238
645,404	1397
645,605	1795
645,805	1377
646,006	1264
646,206	1779
646,406	1296
646,607	1219
646,807	1178
647,007	41
647,208	-17
647,408	20
647,608	3
