200,697	869,17
200,927	-49,83
201,158	-40,83
201,388	-95,83
201,618	1314,17
201,849	1125,17
202,079	1579,17
202,309	1302,17
202,539	1438,17
202,77	1293,17
203	1364,17
203,23	1393,17
203,46	1424,17
203,691	1391,17
203,921	1452,17
204,151	1404,17
204,381	1388,17
204,611	1564,17
204,841	1295,17
205,071	1345,17
205,302	1489,17
205,532	1418,17
205,762	3519,17
205,992	1346,17
206,222	1356,17
206,452	1434,17
206,682	1372,17
206,912	1431,17
207,142	1441,17
207,372	1429,17
207,602	1327,17
207,832	1351,17
208,062	1445,17
208,292	1447,17
208,522	1307,17
208,752	1408,17
208,982	1411,17
209,212	1352,17
209,442	1345,17
209,672	1362,17
209,902	1424,17
210,131	1423,17
210,361	1044,17
210,591	1465,17
210,821	1333,17
211,051	1508,17
211,281	1426,17
211,51	1347,17
211,74	1436,17
211,97	1487,17
212,2	1419,17
212,429	1654,17
212,659	1395,17
212,889	1393,17
213,119	1353,17
213,348	1317,17
213,578	1533,17
213,808	1479,17
214,037	1567,17
214,267	1441,17
214,497	1431,17
214,726	1370,17
214,956	1311,17
215,186	1427,17
215,415	1439,17
215,645	1435,17
215,874	1496,17
216,104	1292,17
216,333	1435,17
216,563	1376,17
216,792	1471,17
217,022	1472,17
217,251	1511,17
217,481	1331,17
217,71	1397,17
217,94	1434,17
218,169	1460,17
218,399	1466,17
218,628	1201,17
218,858	1664,17
219,087	1432,17
219,316	1450,17
219,546	1453,17
219,775	1430,17
220,004	1722,17
220,234	1290,17
220,463	1484,17
220,692	1488,17
220,922	1409,17
221,151	1636,17
221,38	1340,17
221,61	1890,17
221,839	1708,17
222,068	1486,17
222,297	1528,17
222,526	1589,17
222,756	1583,17
222,985	1581,17
223,214	1479,17
223,443	1488,17
223,672	1961,17
223,902	1391,17
224,131	1448,17
224,36	1522,17
224,589	1360,17
224,818	1490,17
225,047	1547,17
225,276	1428,17
225,505	1692,17
225,734	1537,17
225,963	1345,17
226,192	1407,17
226,421	1481,17
226,65	1535,17
226,879	1553,17
227,108	1653,17
227,337	1625,17
227,566	1652,17
227,795	1544,17
228,024	1585,17
228,253	1827,17
228,482	1431,17
228,711	1617,17
228,94	1446,17
229,168	1550,17
229,397	1721,17
229,626	1491,17
229,855	1525,17
230,084	1449,17
230,313	1493,17
230,541	1653,17
230,77	1627,17
230,999	1466,17
231,228	1756,17
231,456	1645,17
231,685	1515,17
231,914	1568,17
232,143	1552,17
232,371	1648,17
232,6	1618,17
232,829	1595,17
233,057	1692,17
233,286	1498,17
233,515	1643,17
233,743	1603,17
233,972	1535,17
234,2	1612,17
234,429	1614,17
234,658	1712,17
234,886	1529,17
235,115	1645,17
235,343	1688,17
235,572	1617,17
235,8	1720,17
236,029	1911,17
236,257	1554,17
236,486	1769,17
236,714	1811,17
236,943	1835,17
237,171	1670,17
237,399	1703,17
237,628	1932,17
237,856	1812,17
238,085	1805,17
238,313	1671,17
238,541	1775,17
238,77	2094,17
238,998	1628,17
239,226	1791,17
239,455	1770,17
239,683	1828,17
239,911	1745,17
240,14	1954,17
240,368	1699,17
240,596	1673,17
240,824	1751,17
241,053	1785,17
241,281	1778,17
241,509	1843,17
241,737	1793,17
241,965	1747,17
242,193	1745,17
242,422	1794,17
242,65	1754,17
242,878	1886,17
243,106	1896,17
243,334	1819,17
243,562	1909,17
243,79	1950,17
244,018	1941,17
244,246	1861,17
244,474	1976,17
244,702	1840,17
244,93	1956,17
245,158	1933,17
245,386	1874,17
245,614	1967,17
245,842	2091,17
246,07	1960,17
246,298	2073,17
246,526	2381,17
246,754	1865,17
246,982	2034,17
247,21	2052,17
247,438	1994,17
247,666	2093,17
247,893	1944,17
248,121	1927,17
248,349	1766,17
248,577	1808,17
248,805	2069,17
249,033	1951,17
249,26	2095,17
249,488	2016,17
249,716	2079,17
249,944	1879,17
250,171	1964,17
250,399	2024,17
250,627	2201,17
250,854	2031,17
251,082	2037,17
251,31	2018,17
251,537	2093,17
251,765	2284,17
251,993	1983,17
252,22	2489,17
252,448	2007,17
252,676	2147,17
252,903	2133,17
253,131	2437,17
253,358	2087,17
253,586	2039,17
253,813	2026,17
254,041	2257,17
254,268	2170,17
254,496	2025,17
254,723	2151,17
254,951	2237,17
255,178	2157,17
255,406	2104,17
255,633	2207,17
255,86	2308,17
256,088	2150,17
256,315	2176,17
256,543	2335,17
256,77	2029,17
256,997	2163,17
257,225	2217,17
257,452	2168,17
257,679	2220,17
257,907	2489,17
258,134	2161,17
258,361	2266,17
258,588	2150,17
258,816	2301,17
259,043	2188,17
259,27	2207,17
259,497	2453,17
259,725	2157,17
259,952	2150,17
260,179	2183,17
260,406	2230,17
260,633	2195,17
260,86	2269,17
261,088	2271,17
261,315	2428,17
261,542	2127,17
261,769	2099,17
261,996	2502,17
262,223	2288,17
262,45	2436,17
262,677	2217,17
262,904	2237,17
263,131	2284,17
263,358	2219,17
263,585	2304,17
263,812	2480,17
264,039	2384,17
264,266	2192,17
264,493	2268,17
264,72	2201,17
264,947	2241,17
265,174	2415,17
265,401	2292,17
265,627	2393,17
265,854	2298,17
266,081	2061,17
266,308	2351,17
266,535	2199,17
266,762	2199,17
266,988	2280,17
267,215	2396,17
267,442	2103,17
267,669	2653,17
267,896	2317,17
268,122	2413,17
268,349	2371,17
268,576	2117,17
268,802	2134,17
269,029	2258,17
269,256	2266,17
269,482	2266,17
269,709	2235,17
269,936	2197,17
270,162	2461,17
270,389	2210,17
270,616	2348,17
270,842	2423,17
271,069	2424,17
271,295	2330,17
271,522	2283,17
271,748	2330,17
271,975	2413,17
272,201	2420,17
272,428	2322,17
272,654	2297,17
272,881	2505,17
273,107	2206,17
273,334	2342,17
273,56	2422,17
273,787	2304,17
274,013	2393,17
274,239	2661,17
274,466	2313,17
274,692	2335,17
274,918	2397,17
275,145	2427,17
275,371	2321,17
275,597	2795,17
275,824	2514,17
276,05	2398,17
276,276	2475,17
276,503	2344,17
276,729	2254,17
276,955	2363,17
277,181	2366,17
277,407	2402,17
277,634	2501,17
277,86	2390,17
278,086	2472,17
278,312	2430,17
278,538	2241,17
278,764	2368,17
278,991	2561,17
279,217	2335,17
279,443	2311,17
279,669	2357,17
279,895	2554,17
280,121	2329,17
280,347	2381,17
280,573	2247,17
280,799	2336,17
281,025	2551,17
281,251	2369,17
281,477	2602,17
281,703	2406,17
281,929	2436,17
282,155	2460,17
282,381	2559,17
282,607	2487,17
282,833	2548,17
283,059	2573,17
283,285	2457,17
283,51	2501,17
283,736	2371,17
283,962	2562,17
284,188	2525,17
284,414	2559,17
284,64	2612,17
284,865	2696,17
285,091	2442,17
285,317	2669,17
285,543	2642,17
285,768	2565,17
285,994	2639,17
286,22	2938,17
286,446	2788,17
286,671	2464,17
286,897	2762,17
287,123	2630,17
287,348	2555,17
287,574	3131,17
287,799	2799,17
288,025	2684,17
288,251	2808,17
288,476	2693,17
288,702	2617,17
288,927	2568,17
289,153	2591,17
289,378	2912,17
289,604	2712,17
289,829	2643,17
290,055	2679,17
290,28	2737,17
290,506	2855,17
290,731	2687,17
290,957	2804,17
291,182	2745,17
291,408	2908,17
291,633	2786,17
291,858	2715,17
292,084	2824,17
292,309	2676,17
292,535	2700,17
292,76	2826,17
292,985	2746,17
293,211	2750,17
293,436	2654,17
293,661	2624,17
293,886	2675,17
294,112	2870,17
294,337	2707,17
294,562	2561,17
294,787	2829,17
295,013	2730,17
295,238	2631,17
295,463	2793,17
295,688	2857,17
295,913	2584,17
296,138	2901,17
296,364	2651,17
296,589	2813,17
296,814	2562,17
297,039	2657,17
297,264	2826,17
297,489	2749,17
297,714	2738,17
297,939	2661,17
298,164	2666,17
298,389	2845,17
298,614	2656,17
298,839	2782,17
299,064	2884,17
299,289	2728,17
299,514	2972,17
299,739	2834,17
299,964	2819,17
300,189	2799,17
300,414	2880,17
300,639	2972,17
300,863	2727,17
301,088	3188,17
301,313	2923,17
301,538	2851,17
301,763	2869,17
301,988	2924,17
302,212	3017,17
302,437	3223,17
302,662	2784,17
302,887	2858,17
303,111	2831,17
303,336	2945,17
303,561	2893,17
303,786	2950,17
304,01	3026,17
304,235	3000,17
304,46	2804,17
304,684	2893,17
304,909	2909,17
305,134	2877,17
305,358	2904,17
305,583	2723,17
305,807	3087,17
306,032	2612,17
306,256	2847,17
306,481	2956,17
306,706	2727,17
306,93	2751,17
307,155	3148,17
307,379	2743,17
307,604	2960,17
307,828	2847,17
308,052	3043,17
308,277	2883,17
308,501	2882,17
308,726	3094,17
308,95	2970,17
309,175	2969,17
309,399	3083,17
309,623	2852,17
309,848	2849,17
310,072	2776,17
310,296	3233,17
310,521	3036,17
310,745	2803,17
310,969	3178,17
311,193	2967,17
311,418	2887,17
311,642	2852,17
311,866	2963,17
312,09	2944,17
312,315	3140,17
312,539	2936,17
312,763	2834,17
312,987	3111,17
313,211	2804,17
313,435	3013,17
313,659	2914,17
313,884	3132,17
314,108	2994,17
314,332	2916,17
314,556	2811,17
314,78	3363,17
315,004	3070,17
315,228	2983,17
315,452	2994,17
315,676	2932,17
315,9	2904,17
316,124	2642,17
316,348	2906,17
316,572	3013,17
316,796	3007,17
317,02	2903,17
317,244	2955,17
317,468	2757,17
317,691	3079,17
317,915	3000,17
318,139	2869,17
318,363	3140,17
318,587	2831,17
318,811	2812,17
319,034	2733,17
319,258	2997,17
319,482	3025,17
319,706	2927,17
319,93	2895,17
320,153	2746,17
320,377	2866,17
320,601	2721,17
320,824	2699,17
321,048	2994,17
321,272	2945,17
321,495	2868,17
321,719	2878,17
321,943	2855,17
322,166	2919,17
322,39	2809,17
322,614	2903,17
322,837	2993,17
323,061	2771,17
323,284	2852,17
323,508	2905,17
323,731	2871,17
323,955	2812,17
324,178	2624,17
324,402	2964,17
324,625	2858,17
324,849	2655,17
325,072	2858,17
325,296	3070,17
325,519	2812,17
325,743	2889,17
325,966	2989,17
326,189	2865,17
326,413	2821,17
326,636	3186,17
326,859	2874,17
327,083	3074,17
327,306	2828,17
327,529	2664,17
327,753	2683,17
327,976	2882,17
328,199	2878,17
328,422	2848,17
328,646	2821,17
328,869	2674,17
329,092	2929,17
329,315	3025,17
329,538	2810,17
329,762	2825,17
329,985	2755,17
330,208	2693,17
330,431	2752,17
330,654	2937,17
330,877	2833,17
331,1	2929,17
331,323	2826,17
331,546	2951,17
331,769	2763,17
331,993	2733,17
332,216	2833,17
332,439	2769,17
332,662	2792,17
332,885	2987,17
333,107	2681,17
333,33	2792,17
333,553	2963,17
333,776	2749,17
333,999	2836,17
334,222	2703,17
334,445	2815,17
334,668	2838,17
334,891	2859,17
335,114	2710,17
335,336	2881,17
335,559	2818,17
335,782	3042,17
336,005	2674,17
336,228	2825,17
336,45	2834,17
336,673	2709,17
336,896	2792,17
337,119	2928,17
337,341	2663,17
337,564	2708,17
337,787	2815,17
338,009	2759,17
338,232	2816,17
338,455	2881,17
338,677	2850,17
338,9	2847,17
339,122	2861,17
339,345	2654,17
339,568	2363,17
339,79	2759,17
340,013	2822,17
340,235	2779,17
340,458	2640,17
340,68	2807,17
340,903	2718,17
341,125	2754,17
341,348	2883,17
341,57	2560,17
341,793	2858,17
342,015	2603,17
342,238	2680,17
342,46	2746,17
342,682	2634,17
342,905	2676,17
343,127	2627,17
343,349	2772,17
343,572	2789,17
343,794	2643,17
344,016	2668,17
344,239	2825,17
344,461	2604,17
344,683	2601,17
344,905	2657,17
345,128	2618,17
345,35	2713,17
345,572	2748,17
345,794	2804,17
346,017	2692,17
346,239	2671,17
346,461	2722,17
346,683	2709,17
346,905	2808,17
347,127	2856,17
347,349	2651,17
347,571	2791,17
347,793	2938,17
348,016	2781,17
348,238	2730,17
348,46	2717,17
348,682	2702,17
348,904	2795,17
349,126	2791,17
349,348	2761,17
349,57	2703,17
349,792	2819,17
350,014	2743,17
350,235	2740,17
350,457	2912,17
350,679	2805,17
350,901	2644,17
351,123	2685,17
351,345	2737,17
351,567	2824,17
351,789	2770,17
352,01	2751,17
352,232	2712,17
352,454	2619,17
352,676	2694,17
352,897	2666,17
353,119	2606,17
353,341	2654,17
353,563	2599,17
353,784	2558,17
354,006	2673,17
354,228	2688,17
354,449	2615,17
354,671	2801,17
354,893	2898,17
355,114	2711,17
355,336	2719,17
355,558	2695,17
355,779	2627,17
356,001	2941,17
356,222	2521,17
356,444	2636,17
356,665	3400,17
356,887	2760,17
357,108	2610,17
357,33	2765,17
357,551	2820,17
357,773	2813,17
357,994	2605,17
358,216	2613,17
358,437	2851,17
358,659	2889,17
358,88	2679,17
359,101	2760,17
359,323	2818,17
359,544	2558,17
359,765	2632,17
359,987	2672,17
360,208	2661,17
360,429	2759,17
360,651	2667,17
360,872	2870,17
361,093	2755,17
361,314	3088,17
361,536	2691,17
361,757	2728,17
361,978	2667,17
362,199	2653,17
362,42	2552,17
362,642	2712,17
362,863	2802,17
363,084	2627,17
363,305	2739,17
363,526	2644,17
363,747	2666,17
363,968	2723,17
364,189	2821,17
364,41	2683,17
364,631	2605,17
364,852	2752,17
365,073	2631,17
365,294	2523,17
365,515	2673,17
365,736	2707,17
365,957	2719,17
366,178	2690,17
366,399	2701,17
366,62	2839,17
366,841	2762,17
367,062	2781,17
367,283	2767,17
367,504	2816,17
367,724	2685,17
367,945	2647,17
368,166	2832,17
368,387	2757,17
368,608	2752,17
368,828	2882,17
369,049	2639,17
369,27	2755,17
369,491	2731,17
369,711	2775,17
369,932	2945,17
370,153	2764,17
370,373	2885,17
370,594	2748,17
370,815	2857,17
371,035	2911,17
371,256	2652,17
371,477	2604,17
371,697	2824,17
371,918	2632,17
372,138	2763,17
372,359	2989,17
372,579	2659,17
372,8	2804,17
373,02	2772,17
373,241	2939,17
373,461	2789,17
373,682	2855,17
373,902	2763,17
374,123	2702,17
374,343	2944,17
374,564	2648,17
374,784	2679,17
375,004	2879,17
375,225	2705,17
375,445	2739,17
375,666	2899,17
375,886	2686,17
376,106	2727,17
376,326	2815,17
376,547	2963,17
376,767	2889,17
376,987	2802,17
377,208	2938,17
377,428	2763,17
377,648	2879,17
377,868	2868,17
378,088	3071,17
378,309	3280,17
378,529	3019,17
378,749	3099,17
378,969	2875,17
379,189	3031,17
379,409	3031,17
379,629	2921,17
379,849	2855,17
380,069	2904,17
380,29	2870,17
380,51	2855,17
380,73	2969,17
380,95	3122,17
381,17	2942,17
381,39	2904,17
381,61	2849,17
381,829	2926,17
382,049	2930,17
382,269	2871,17
382,489	2831,17
382,709	2917,17
382,929	2918,17
383,149	2913,17
383,369	3216,17
383,589	2884,17
383,808	3005,17
384,028	3005,17
384,248	3154,17
384,468	2929,17
384,688	2944,17
384,907	2932,17
385,127	3069,17
385,347	2918,17
385,567	3029,17
385,786	3131,17
386,006	3004,17
386,226	3105,17
386,445	2984,17
386,665	3106,17
386,885	3160,17
387,104	3193,17
387,324	3243,17
387,543	2962,17
387,763	3207,17
387,982	3192,17
388,202	3189,17
388,422	3203,17
388,641	3149,17
388,861	3106,17
389,08	3269,17
389,3	3066,17
389,519	3284,17
389,738	3106,17
389,958	3260,17
390,177	3140,17
390,397	3274,17
390,616	3191,17
390,836	3360,17
391,055	3215,17
391,274	3344,17
391,494	3255,17
391,713	3248,17
391,932	3448,17
392,151	3430,17
392,371	3320,17
392,59	3457,17
392,809	3484,17
393,029	3328,17
393,248	3401,17
393,467	3096,17
393,686	3170,17
393,905	4153,17
394,124	3168,17
394,344	3313,17
394,563	3384,17
394,782	3196,17
395,001	3315,17
395,22	3228,17
395,439	3291,17
395,658	3244,17
395,877	3355,17
396,096	3368,17
396,315	3387,17
396,534	3368,17
396,753	3488,17
396,972	3293,17
397,191	3519,17
397,41	3571,17
397,629	3488,17
397,848	3449,17
398,067	3421,17
398,286	3576,17
398,505	3511,17
398,724	3513,17
398,943	4110,17
399,161	3267,17
399,38	3435,17
399,599	3461,17
399,818	3324,17
400,037	3486,17
400,255	3272,17
400,474	3262,17
400,693	3232,17
400,912	3398,17
401,13	3231,17
401,349	3271,17
401,568	3147,17
401,786	3477,17
402,005	3189,17
402,224	3371,17
402,442	3215,17
402,661	3255,17
402,88	3184,17
403,098	3124,17
403,317	3233,17
403,535	3160,17
403,754	3112,17
403,972	3207,17
404,191	3173,17
404,409	3263,17
404,628	3842,17
404,846	3291,17
405,065	3377,17
405,283	3169,17
405,502	3263,17
405,72	3210,17
405,938	3103,17
406,157	3133,17
406,375	3087,17
406,594	3132,17
406,812	3165,17
407,03	3097,17
407,249	3194,17
407,467	3170,17
407,685	3293,17
407,903	3090,17
408,122	3178,17
408,34	3249,17
408,558	3170,17
408,776	3061,17
408,995	3120,17
409,213	3125,17
409,431	3272,17
409,649	3283,17
409,867	3062,17
410,085	3184,17
410,303	3155,17
410,522	3022,17
410,74	3115,17
410,958	2822,17
411,176	2948,17
411,394	2901,17
411,612	3016,17
411,83	3248,17
412,048	3137,17
412,266	3177,17
412,484	3199,17
412,702	3325,17
412,92	3019,17
413,138	3210,17
413,356	3047,17
413,573	3164,17
413,791	3309,17
414,009	3033,17
414,227	3170,17
414,445	3173,17
414,663	2983,17
414,881	3105,17
415,098	3079,17
415,316	2988,17
415,534	3312,17
415,752	3021,17
415,969	3120,17
416,187	2980,17
416,405	2875,17
416,623	3008,17
416,84	2901,17
417,058	3012,17
417,276	3081,17
417,493	3045,17
417,711	2979,17
417,928	2977,17
418,146	3013,17
418,364	3053,17
418,581	2970,17
418,799	2843,17
419,016	2824,17
419,234	2953,17
419,451	3509,17
419,669	2951,17
419,886	3135,17
420,104	2951,17
420,321	3458,17
420,539	3152,17
420,756	3341,17
420,974	3252,17
421,191	3169,17
421,408	3309,17
421,626	3303,17
421,843	3132,17
422,06	3148,17
422,278	3051,17
422,495	3182,17
422,712	3099,17
422,93	3221,17
423,147	3165,17
423,364	3186,17
423,581	3081,17
423,799	3024,17
424,016	3067,17
424,233	3068,17
424,45	3131,17
424,667	3077,17
424,884	2962,17
425,102	3175,17
425,319	2904,17
425,536	2862,17
425,753	3020,17
425,97	2801,17
426,187	2976,17
426,404	2950,17
426,621	3235,17
426,838	3180,17
427,055	3221,17
427,272	3067,17
427,489	3114,17
427,706	3153,17
427,923	2945,17
428,14	3109,17
428,357	3299,17
428,574	3108,17
428,791	3173,17
429,008	3033,17
429,224	3209,17
429,441	3031,17
429,658	3355,17
429,875	3465,17
430,092	3345,17
430,308	3432,17
430,525	3310,17
430,742	3223,17
430,959	3175,17
431,175	3101,17
431,392	2963,17
431,609	3037,17
431,826	2966,17
432,042	2844,17
432,259	2866,17
432,476	3103,17
432,692	2942,17
432,909	2802,17
433,125	3101,17
433,342	3173,17
433,559	3268,17
433,775	3239,17
433,992	2914,17
434,208	2846,17
434,425	2848,17
434,641	3093,17
434,858	3324,17
435,074	3018,17
435,291	2927,17
435,507	2945,17
435,723	3033,17
435,94	3047,17
436,156	3078,17
436,373	3255,17
436,589	3038,17
436,805	2960,17
437,022	3005,17
437,238	2981,17
437,454	3025,17
437,671	3021,17
437,887	3039,17
438,103	2896,17
438,319	3185,17
438,536	3128,17
438,752	3127,17
438,968	2999,17
439,184	2991,17
439,4	3036,17
439,616	2977,17
439,833	3001,17
440,049	2967,17
440,265	3208,17
440,481	3125,17
440,697	3217,17
440,913	3268,17
441,129	3297,17
441,345	3447,17
441,561	3248,17
441,777	3185,17
441,993	3301,17
442,209	3161,17
442,425	3245,17
442,641	3160,17
442,857	3218,17
443,073	3239,17
443,289	3227,17
443,505	3302,17
443,721	3174,17
443,937	3259,17
444,152	3236,17
444,368	3119,17
444,584	3199,17
444,8	3203,17
445,016	3067,17
445,231	3097,17
445,447	3233,17
445,663	3368,17
445,879	3046,17
446,094	3303,17
446,31	3379,17
446,526	3178,17
446,742	3192,17
446,957	2959,17
447,173	3133,17
447,388	2950,17
447,604	3207,17
447,82	3051,17
448,035	3072,17
448,251	3116,17
448,466	3180,17
448,682	3043,17
448,897	3037,17
449,113	3136,17
449,328	3138,17
449,544	3047,17
449,759	3435,17
449,975	2986,17
450,19	3011,17
450,406	3044,17
450,621	2984,17
450,836	3015,17
451,052	2901,17
451,267	2894,17
451,483	3001,17
451,698	2755,17
451,913	3114,17
452,129	3018,17
452,344	3147,17
452,559	3143,17
452,774	3011,17
452,99	2927,17
453,205	3050,17
453,42	2975,17
453,635	3018,17
453,85	2943,17
454,066	3025,17
454,281	2933,17
454,496	3049,17
454,711	3084,17
454,926	3026,17
455,141	3103,17
455,356	2968,17
455,571	2904,17
455,786	2940,17
456,001	2818,17
456,217	2881,17
456,432	3004,17
456,647	2983,17
456,861	3152,17
457,076	3071,17
457,291	3183,17
457,506	2996,17
457,721	3025,17
457,936	3089,17
458,151	3145,17
458,366	3345,17
458,581	3074,17
458,796	3354,17
459,01	3128,17
459,225	3055,17
459,44	3091,17
459,655	3014,17
459,87	2960,17
460,084	3031,17
460,299	3020,17
460,514	3139,17
460,729	3550,17
460,943	3023,17
461,158	2915,17
461,373	3042,17
461,587	2827,17
461,802	2813,17
462,016	2933,17
462,231	2821,17
462,446	2971,17
462,66	2953,17
462,875	2976,17
463,089	3057,17
463,304	3114,17
463,518	3070,17
463,733	3067,17
463,947	3021,17
464,162	3079,17
464,376	3177,17
464,591	3355,17
464,805	2959,17
465,02	3492,17
465,234	3370,17
465,448	3575,17
465,663	3382,17
465,877	3143,17
466,091	3057,17
466,306	3098,17
466,52	3161,17
466,734	3068,17
466,949	2922,17
467,163	3008,17
467,377	2937,17
467,591	3087,17
467,806	2921,17
468,02	2957,17
468,234	2695,17
468,448	3008,17
468,662	2902,17
468,876	3112,17
469,091	2849,17
469,305	2808,17
469,519	2699,17
469,733	2675,17
469,947	2834,17
470,161	2914,17
470,375	2613,17
470,589	2885,17
470,803	2780,17
471,017	2755,17
471,231	2781,17
471,445	2709,17
471,659	2818,17
471,873	2961,17
472,087	2633,17
472,301	3016,17
472,515	2864,17
472,728	2901,17
472,942	3008,17
473,156	3083,17
473,37	2741,17
473,584	2831,17
473,798	2933,17
474,011	2847,17
474,225	2951,17
474,439	2879,17
474,653	3099,17
474,866	3047,17
475,08	3137,17
475,294	3093,17
475,507	2930,17
475,721	3040,17
475,935	2993,17
476,148	2944,17
476,362	2823,17
476,576	2877,17
476,789	2949,17
477,003	2963,17
477,216	2999,17
477,43	3047,17
477,643	3146,17
477,857	3175,17
478,07	3016,17
478,284	2994,17
478,497	2921,17
478,711	3003,17
478,924	3045,17
479,138	3105,17
479,351	3114,17
479,564	3044,17
479,778	3333,17
479,991	3059,17
480,204	3131,17
480,418	3263,17
480,631	3089,17
480,844	3226,17
481,058	3239,17
481,271	3316,17
481,484	3311,17
481,697	3195,17
481,911	3062,17
482,124	3208,17
482,337	3184,17
482,55	3097,17
482,763	3164,17
482,976	3294,17
483,19	3213,17
483,403	3174,17
483,616	3343,17
483,829	3424,17
484,042	3490,17
484,255	3479,17
484,468	3450,17
484,681	3438,17
484,894	4088,17
485,107	6306,17
485,32	8649,17
485,533	8633,17
485,746	7941,17
485,959	6690,17
486,172	5513,17
486,385	4295,17
486,598	3971,17
486,81	3450,17
487,023	3451,17
487,236	3602,17
487,449	3337,17
487,662	3176,17
487,875	3168,17
488,087	3189,17
488,3	3199,17
488,513	3035,17
488,726	3044,17
488,938	3300,17
489,151	3184,17
489,364	3197,17
489,576	3141,17
489,789	3139,17
490,002	3105,17
490,214	3097,17
490,427	3037,17
490,64	2861,17
490,852	3252,17
491,065	3010,17
491,277	2949,17
491,49	3243,17
491,702	3010,17
491,915	3118,17
492,127	3018,17
492,34	3121,17
492,552	3119,17
492,765	3279,17
492,977	3239,17
493,19	3185,17
493,402	3256,17
493,614	3137,17
493,827	3190,17
494,039	3160,17
494,251	3148,17
494,464	3275,17
494,676	2944,17
494,888	3030,17
495,101	2940,17
495,313	3049,17
495,525	3130,17
495,737	3475,17
495,95	3362,17
496,162	3371,17
496,374	3235,17
496,586	3155,17
496,798	3108,17
497,01	3027,17
497,222	2881,17
497,435	3121,17
497,647	3022,17
497,859	3051,17
498,071	3082,17
498,283	3184,17
498,495	3134,17
498,707	3414,17
498,919	3081,17
499,131	3275,17
499,343	3317,17
499,555	3248,17
499,767	3221,17
499,979	3316,17
500,191	3457,17
500,402	2993,17
500,614	3249,17
500,826	3349,17
501,038	3249,17
501,25	3158,17
501,462	3214,17
501,673	3304,17
501,885	3220,17
502,097	3351,17
502,309	3277,17
502,521	3332,17
502,732	3261,17
502,944	3274,17
503,156	3159,17
503,367	3279,17
503,579	3097,17
503,791	3079,17
504,002	3175,17
504,214	3150,17
504,425	3452,17
504,637	3309,17
504,849	3151,17
505,06	3259,17
505,272	3105,17
505,483	3250,17
505,695	3167,17
505,906	3116,17
506,118	3300,17
506,329	3114,17
506,541	2924,17
506,752	3210,17
506,963	2951,17
507,175	2909,17
507,386	3259,17
507,598	3134,17
507,809	3007,17
508,02	3138,17
508,232	2945,17
508,443	2807,17
508,654	3212,17
508,865	2988,17
509,077	2959,17
509,288	2893,17
509,499	3174,17
509,71	2889,17
509,922	3250,17
510,133	2993,17
510,344	3092,17
510,555	2993,17
510,766	3068,17
510,977	2942,17
511,188	2886,17
511,4	2872,17
511,611	2804,17
511,822	2886,17
512,033	2847,17
512,244	3002,17
512,455	2883,17
512,666	2858,17
512,877	3030,17
513,088	2847,17
513,299	2760,17
513,51	2961,17
513,721	2824,17
513,931	2839,17
514,142	2964,17
514,353	2910,17
514,564	2730,17
514,775	2782,17
514,986	2791,17
515,196	2933,17
515,407	2825,17
515,618	2830,17
515,829	2822,17
516,04	2868,17
516,25	2816,17
516,461	2844,17
516,672	2908,17
516,882	2953,17
517,093	2810,17
517,304	2849,17
517,514	2654,17
517,725	3036,17
517,936	2680,17
518,146	2729,17
518,357	2879,17
518,567	2695,17
518,778	2920,17
518,988	2902,17
519,199	2967,17
519,409	2672,17
519,62	2790,17
519,83	2640,17
520,041	2707,17
520,251	2790,17
520,462	2788,17
520,672	2711,17
520,882	2877,17
521,093	2808,17
521,303	2907,17
521,513	2680,17
521,724	3607,17
521,934	2524,17
522,144	2707,17
522,355	2654,17
522,565	2737,17
522,775	2617,17
522,985	2672,17
523,196	2729,17
523,406	2694,17
523,616	2816,17
523,826	2685,17
524,036	3482,17
524,246	2640,17
524,457	2643,17
524,667	2528,17
524,877	2675,17
525,087	2696,17
525,297	2639,17
525,507	2753,17
525,717	2411,17
525,927	2567,17
526,137	2628,17
526,347	2884,17
526,557	2424,17
526,767	2717,17
526,977	2928,17
527,187	2643,17
527,397	2602,17
527,607	2560,17
527,816	2612,17
528,026	2737,17
528,236	2792,17
528,446	2840,17
528,656	2851,17
528,865	2980,17
529,075	2739,17
529,285	2682,17
529,495	2777,17
529,704	2671,17
529,914	2613,17
530,124	2639,17
530,334	2482,17
530,543	2559,17
530,753	2836,17
530,963	3027,17
531,172	2651,17
531,382	2538,17
531,591	2950,17
531,801	2506,17
532,01	2490,17
532,22	2611,17
532,43	2685,17
532,639	2938,17
532,849	2770,17
533,058	2712,17
533,267	2869,17
533,477	2717,17
533,686	2646,17
533,896	2684,17
534,105	2689,17
534,315	2944,17
534,524	2578,17
534,733	2792,17
534,943	2850,17
535,152	2520,17
535,361	2414,17
535,57	2488,17
535,78	2514,17
535,989	2464,17
536,198	2219,17
536,407	2388,17
536,617	2374,17
536,826	2421,17
537,035	2597,17
537,244	2504,17
537,453	2385,17
537,662	2597,17
537,872	2802,17
538,081	2521,17
538,29	2662,17
538,499	2511,17
538,708	2501,17
538,917	2659,17
539,126	2587,17
539,335	2534,17
539,544	3074,17
539,753	2418,17
539,962	2475,17
540,171	2469,17
540,38	2675,17
540,589	2599,17
540,797	2731,17
541,006	2567,17
541,215	2445,17
541,424	2762,17
541,633	2627,17
541,842	2563,17
542,05	2697,17
542,259	2629,17
542,468	2623,17
542,677	2571,17
542,885	2655,17
543,094	2606,17
543,303	2520,17
543,512	2450,17
543,72	2655,17
543,929	2749,17
544,138	2624,17
544,346	2471,17
544,555	2527,17
544,763	2577,17
544,972	2506,17
545,18	2308,17
545,389	2586,17
545,598	2412,17
545,806	2524,17
546,015	2354,17
546,223	2473,17
546,431	2512,17
546,64	2429,17
546,848	2516,17
547,057	2687,17
547,265	2516,17
547,474	2701,17
547,682	2698,17
547,89	2687,17
548,099	2708,17
548,307	2492,17
548,515	2577,17
548,723	2509,17
548,932	2395,17
549,14	2428,17
549,348	2514,17
549,556	2360,17
549,765	2391,17
549,973	2312,17
550,181	2417,17
550,389	2382,17
550,597	2319,17
550,805	2268,17
551,014	2492,17
551,222	4573,17
551,43	2337,17
551,638	2793,17
551,846	2613,17
552,054	2657,17
552,262	2675,17
552,47	2335,17
552,678	2432,17
552,886	2409,17
553,094	2320,17
553,302	2431,17
553,51	2423,17
553,717	2779,17
553,925	2179,17
554,133	2596,17
554,341	2196,17
554,549	2387,17
554,757	2344,17
554,965	2373,17
555,172	2369,17
555,38	2671,17
555,588	2496,17
555,796	2434,17
556,003	2504,17
556,211	2176,17
556,419	2267,17
556,626	2369,17
556,834	2198,17
557,042	2260,17
557,249	2248,17
557,457	2307,17
557,664	2077,17
557,872	2073,17
558,08	2028,17
558,287	2161,17
558,495	2212,17
558,702	2023,17
558,91	2224,17
559,117	2096,17
559,325	2165,17
559,532	2225,17
559,74	2439,17
559,947	2242,17
560,154	2410,17
560,362	2096,17
560,569	2215,17
560,776	2295,17
560,984	2231,17
561,191	2403,17
561,398	2212,17
561,606	2535,17
561,813	2223,17
562,02	1961,17
562,227	1983,17
562,435	2025,17
562,642	2284,17
562,849	2126,17
563,056	2136,17
563,263	2119,17
563,471	2295,17
563,678	2192,17
563,885	2108,17
564,092	2132,17
564,299	2244,17
564,506	2229,17
564,713	2131,17
564,92	2157,17
565,127	2155,17
565,334	2157,17
565,541	2513,17
565,748	2177,17
565,955	2026,17
566,162	2128,17
566,369	2230,17
566,576	2325,17
566,783	2363,17
566,99	2301,17
567,196	2429,17
567,403	2277,17
567,61	2426,17
567,817	2325,17
568,024	2461,17
568,23	2459,17
568,437	2437,17
568,644	2449,17
568,851	2778,17
569,057	2918,17
569,264	3031,17
569,471	2733,17
569,677	2884,17
569,884	2567,17
570,091	2938,17
570,297	3752,17
570,504	3131,17
570,71	3065,17
570,917	2958,17
571,123	2701,17
571,33	3046,17
571,536	3004,17
571,743	3079,17
571,949	2650,17
572,156	2473,17
572,362	2606,17
572,569	2693,17
572,775	3006,17
572,982	3177,17
573,188	3045,17
573,394	2985,17
573,601	2993,17
573,807	3120,17
574,013	3299,17
574,22	3036,17
574,426	2845,17
574,632	3037,17
574,838	2923,17
575,045	2693,17
575,251	2547,17
575,457	2639,17
575,663	2809,17
575,869	2745,17
576,076	2794,17
576,282	3004,17
576,488	2897,17
576,694	2975,17
576,9	2639,17
577,106	3215,17
577,312	3481,17
577,518	3393,17
577,724	3305,17
577,93	2924,17
578,136	2683,17
578,342	2496,17
578,548	2574,17
578,754	2449,17
578,96	2565,17
579,166	2742,17
579,372	2949,17
579,578	2830,17
579,784	3047,17
579,989	2791,17
580,195	2654,17
580,401	2624,17
580,607	2909,17
580,813	3703,17
581,018	4102,17
581,224	3758,17
581,43	3575,17
581,636	3481,17
581,841	3383,17
582,047	3010,17
582,253	2822,17
582,458	2582,17
582,664	2365,17
582,869	2281,17
583,075	2141,17
583,281	2563,17
583,486	2341,17
583,692	2393,17
583,897	2647,17
584,103	2578,17
584,308	2782,17
584,514	2809,17
584,719	3070,17
584,925	2846,17
585,13	2786,17
585,335	2738,17
585,541	2581,17
585,746	2310,17
585,952	2264,17
586,157	2210,17
586,362	2349,17
586,568	2474,17
586,773	2705,17
586,978	2751,17
587,183	2564,17
587,389	2479,17
587,594	2226,17
587,799	2292,17
588,004	2392,17
588,21	2105,17
588,415	1986,17
588,62	2017,17
588,825	2135,17
589,03	1999,17
589,235	2499,17
589,44	2117,17
589,645	1984,17
589,85	2119,17
590,055	2142,17
590,26	1898,17
590,465	1911,17
590,67	1975,17
590,875	2089,17
591,08	1980,17
591,285	1911,17
591,49	1904,17
591,695	1803,17
591,9	1852,17
592,105	2028,17
592,31	2170,17
592,515	2447,17
592,719	2055,17
592,924	1940,17
593,129	2019,17
593,334	1988,17
593,539	1867,17
593,743	1979,17
593,948	1769,17
594,153	1791,17
594,357	2102,17
594,562	1652,17
594,767	2305,17
594,971	1745,17
595,176	1970,17
595,381	1947,17
595,585	1657,17
595,79	1893,17
595,994	1536,17
596,199	2198,17
596,403	1529,17
596,608	1693,17
596,812	1652,17
597,017	1691,17
597,221	2060,17
597,426	1909,17
597,63	1740,17
597,835	1614,17
598,039	1650,17
598,243	1657,17
598,448	2148,17
598,652	1853,17
598,856	1761,17
599,061	1840,17
599,265	1746,17
599,469	1654,17
599,673	1800,17
599,878	1861,17
600,082	1680,17
600,286	1769,17
600,49	1857,17
600,695	1638,17
600,899	1730,17
601,103	1783,17
601,307	1796,17
601,511	1736,17
601,715	1698,17
601,919	1562,17
602,123	1954,17
602,327	1644,17
602,531	1779,17
602,735	1886,17
602,939	1934,17
603,143	1723,17
603,347	1744,17
603,551	1616,17
603,755	1686,17
603,959	1520,17
604,163	1737,17
604,367	1605,17
604,571	1624,17
604,775	1764,17
604,978	1756,17
605,182	1594,17
605,386	2073,17
605,59	1732,17
605,793	1682,17
605,997	1759,17
606,201	1727,17
606,405	1683,17
606,608	1738,17
606,812	1700,17
607,016	1801,17
607,219	1637,17
607,423	1592,17
607,627	1780,17
607,83	1612,17
608,034	1595,17
608,237	1693,17
608,441	1636,17
608,644	1744,17
608,848	1624,17
609,051	1697,17
609,255	1533,17
609,458	1789,17
609,662	1718,17
609,865	1583,17
610,069	1596,17
610,272	1498,17
610,475	1475,17
610,679	1637,17
610,882	1552,17
611,085	1651,17
611,289	1762,17
611,492	1528,17
611,695	1587,17
611,898	1466,17
612,102	1621,17
612,305	1681,17
612,508	1818,17
612,711	1778,17
612,914	1527,17
613,118	1615,17
613,321	1689,17
613,524	1563,17
613,727	1512,17
613,93	1515,17
614,133	1674,17
614,336	1650,17
614,539	1555,17
614,742	1486,17
614,945	1681,17
615,148	1684,17
615,351	1552,17
615,554	1693,17
615,757	1427,17
615,96	1687,17
616,163	1544,17
616,366	1544,17
616,569	1607,17
616,772	1702,17
616,974	1538,17
617,177	1704,17
617,38	1547,17
617,583	1603,17
617,786	1460,17
617,988	1458,17
618,191	1704,17
618,394	1489,17
618,596	1489,17
618,799	1491,17
619,002	1530,17
619,204	1616,17
619,407	1568,17
619,61	1496,17
619,812	1471,17
620,015	1559,17
620,217	1675,17
620,42	1505,17
620,623	1446,17
620,825	1603,17
621,028	1501,17
621,23	1616,17
621,432	1729,17
621,635	1620,17
621,837	1647,17
622,04	1536,17
622,242	1520,17
622,445	1562,17
622,647	1664,17
622,849	1623,17
623,052	1436,17
623,254	1564,17
623,456	1488,17
623,658	1596,17
623,861	1718,17
624,063	1572,17
624,265	1673,17
624,467	1657,17
624,67	1413,17
624,872	1561,17
625,074	1732,17
625,276	1639,17
625,478	1677,17
625,68	1404,17
625,882	1467,17
626,084	1559,17
626,287	1685,17
626,489	1665,17
626,691	1557,17
626,893	1587,17
627,095	1636,17
627,297	1648,17
627,499	1433,17
627,7	1330,17
627,902	1441,17
628,104	1333,17
628,306	1519,17
628,508	1497,17
628,71	1468,17
628,912	1698,17
629,114	1873,17
629,315	1347,17
629,517	1555,17
629,719	1391,17
629,921	1511,17
630,122	1548,17
630,324	1456,17
630,526	1601,17
630,728	1609,17
630,929	1468,17
631,131	1400,17
631,332	1664,17
631,534	1634,17
631,736	1417,17
631,937	1385,17
632,139	1520,17
632,34	1530,17
632,542	1540,17
632,743	1506,17
632,945	1398,17
633,146	1470,17
633,348	1575,17
633,549	1541,17
633,751	1468,17
633,952	1451,17
634,154	1443,17
634,355	1323,17
634,556	1451,17
634,758	1459,17
634,959	1369,17
635,16	1552,17
635,362	1481,17
635,563	1465,17
635,764	1536,17
635,965	1543,17
636,167	1478,17
636,368	1528,17
636,569	1446,17
636,77	1795,17
636,971	1446,17
637,172	1534,17
637,374	1373,17
637,575	1649,17
637,776	1595,17
637,977	1339,17
638,178	1534,17
638,379	1516,17
638,58	1481,17
638,781	1349,17
638,982	1450,17
639,183	1254,17
639,384	1467,17
639,585	1351,17
639,786	1315,17
639,987	1449,17
640,187	1530,17
640,388	1469,17
640,589	1419,17
640,79	1349,17
640,991	1401,17
641,192	1648,17
641,392	1229,17
641,593	1408,17
641,794	1295,17
641,995	1329,17
642,195	1286,17
642,396	1357,17
642,597	1342,17
642,797	1421,17
642,998	1522,17
643,199	1391,17
643,399	1497,17
643,6	1343,17
643,8	1330,17
644,001	1441,17
644,202	1467,17
644,402	1360,17
644,603	1539,17
644,803	1353,17
645,004	1656,17
645,204	1247,17
645,404	1472,17
645,605	1714,17
645,805	1318,17
646,006	1213,17
646,206	1570,17
646,406	1379,17
646,607	1242,17
646,807	1143,17
647,007	14,17
647,208	-71,83
647,408	35,17
647,608	159,17
