200,697	970,5
200,927	-29,5
201,158	-3,5
201,388	-18,5
201,618	1419,5
201,849	1145,5
202,079	1468,5
202,309	1352,5
202,539	1499,5
202,77	1358,5
203	1479,5
203,23	1466,5
203,46	1478,5
203,691	1477,5
203,921	1468,5
204,151	1514,5
204,381	1386,5
204,611	1519,5
204,841	1388,5
205,071	1424,5
205,302	1602,5
205,532	1577,5
205,762	3435,5
205,992	1418,5
206,222	1511,5
206,452	1470,5
206,682	1428,5
206,912	1538,5
207,142	1661,5
207,372	1457,5
207,602	1351,5
207,832	1408,5
208,062	1504,5
208,292	1548,5
208,522	1321,5
208,752	1500,5
208,982	1441,5
209,212	1696,5
209,442	1491,5
209,672	1425,5
209,902	1423,5
210,131	1543,5
210,361	1358,5
210,591	1512,5
210,821	1457,5
211,051	1531,5
211,281	1492,5
211,51	1661,5
211,74	1518,5
211,97	1421,5
212,2	1487,5
212,429	1625,5
212,659	1560,5
212,889	1430,5
213,119	1373,5
213,348	1429,5
213,578	1631,5
213,808	1606,5
214,037	1651,5
214,267	1526,5
214,497	1569,5
214,726	1478,5
214,956	1444,5
215,186	1491,5
215,415	1479,5
215,645	1541,5
215,874	1540,5
216,104	1457,5
216,333	1504,5
216,563	1523,5
216,792	1637,5
217,022	1576,5
217,251	1804,5
217,481	1502,5
217,71	1516,5
217,94	1538,5
218,169	1590,5
218,399	1518,5
218,628	1503,5
218,858	1668,5
219,087	1497,5
219,316	1558,5
219,546	1519,5
219,775	1542,5
220,004	1711,5
220,234	1409,5
220,463	1484,5
220,692	1539,5
220,922	1519,5
221,151	1502,5
221,38	1462,5
221,61	1876,5
221,839	1764,5
222,068	1511,5
222,297	1662,5
222,526	1541,5
222,756	1639,5
222,985	1616,5
223,214	1573,5
223,443	1581,5
223,672	2030,5
223,902	1467,5
224,131	1598,5
224,36	1661,5
224,589	1471,5
224,818	1570,5
225,047	1635,5
225,276	1690,5
225,505	1825,5
225,734	1602,5
225,963	1575,5
226,192	1604,5
226,421	1499,5
226,65	1741,5
226,879	1414,5
227,108	1733,5
227,337	1729,5
227,566	1729,5
227,795	1655,5
228,024	1647,5
228,253	1628,5
228,482	1549,5
228,711	1701,5
228,94	1507,5
229,168	1643,5
229,397	1580,5
229,626	1672,5
229,855	1626,5
230,084	1557,5
230,313	1549,5
230,541	1737,5
230,77	1664,5
230,999	1499,5
231,228	1853,5
231,456	1748,5
231,685	1636,5
231,914	1745,5
232,143	1691,5
232,371	1637,5
232,6	1752,5
232,829	1695,5
233,057	1716,5
233,286	1739,5
233,515	1727,5
233,743	1610,5
233,972	1669,5
234,2	1681,5
234,429	1756,5
234,658	1790,5
234,886	1495,5
235,115	1823,5
235,343	1838,5
235,572	1727,5
235,8	1972,5
236,029	2038,5
236,257	1820,5
236,486	1978,5
236,714	1963,5
236,943	1985,5
237,171	1786,5
237,399	1795,5
237,628	1892,5
237,856	2048,5
238,085	1879,5
238,313	1823,5
238,541	1829,5
238,77	2184,5
238,998	1837,5
239,226	2065,5
239,455	1929,5
239,683	1963,5
239,911	1971,5
240,14	2011,5
240,368	2024,5
240,596	2065,5
240,824	2073,5
241,053	1980,5
241,281	2000,5
241,509	2026,5
241,737	2063,5
241,965	1938,5
242,193	1979,5
242,422	2024,5
242,65	2025,5
242,878	2170,5
243,106	2162,5
243,334	2153,5
243,562	2185,5
243,79	2154,5
244,018	2140,5
244,246	2163,5
244,474	2159,5
244,702	2139,5
244,93	2226,5
245,158	2297,5
245,386	2034,5
245,614	2322,5
245,842	2164,5
246,07	2170,5
246,298	2389,5
246,526	2718,5
246,754	2130,5
246,982	2316,5
247,21	2371,5
247,438	2386,5
247,666	2350,5
247,893	2280,5
248,121	2278,5
248,349	2437,5
248,577	2385,5
248,805	2525,5
249,033	2306,5
249,26	2436,5
249,488	2331,5
249,716	2385,5
249,944	2402,5
250,171	2461,5
250,399	2406,5
250,627	2617,5
250,854	2498,5
251,082	2447,5
251,31	2517,5
251,537	2489,5
251,765	2696,5
251,993	2478,5
252,22	2809,5
252,448	2420,5
252,676	2711,5
252,903	2646,5
253,131	2848,5
253,358	2530,5
253,586	2442,5
253,813	2471,5
254,041	2695,5
254,268	2681,5
254,496	2548,5
254,723	2538,5
254,951	2671,5
255,178	2691,5
255,406	2908,5
255,633	2714,5
255,86	2883,5
256,088	2772,5
256,315	2661,5
256,543	2781,5
256,77	2781,5
256,997	2734,5
257,225	2809,5
257,452	2725,5
257,679	2702,5
257,907	2886,5
258,134	2709,5
258,361	2815,5
258,588	2784,5
258,816	2901,5
259,043	2755,5
259,27	2843,5
259,497	2837,5
259,725	2779,5
259,952	2785,5
260,179	2751,5
260,406	2849,5
260,633	2785,5
260,86	2846,5
261,088	2814,5
261,315	3001,5
261,542	2746,5
261,769	2793,5
261,996	3134,5
262,223	2884,5
262,45	3007,5
262,677	2692,5
262,904	2806,5
263,131	2911,5
263,358	2886,5
263,585	2793,5
263,812	3118,5
264,039	3074,5
264,266	2629,5
264,493	2858,5
264,72	2785,5
264,947	2865,5
265,174	2934,5
265,401	3025,5
265,627	2904,5
265,854	2823,5
266,081	2796,5
266,308	2867,5
266,535	2815,5
266,762	2715,5
266,988	2890,5
267,215	2866,5
267,442	2769,5
267,669	2923,5
267,896	2783,5
268,122	2999,5
268,349	2816,5
268,576	2616,5
268,802	2751,5
269,029	2700,5
269,256	2888,5
269,482	2706,5
269,709	2622,5
269,936	2808,5
270,162	2968,5
270,389	2693,5
270,616	2829,5
270,842	2927,5
271,069	2838,5
271,295	2788,5
271,522	2653,5
271,748	2786,5
271,975	2872,5
272,201	2974,5
272,428	2798,5
272,654	2761,5
272,881	3054,5
273,107	2793,5
273,334	2858,5
273,56	2814,5
273,787	2692,5
274,013	2819,5
274,239	3136,5
274,466	2720,5
274,692	2885,5
274,918	2857,5
275,145	2769,5
275,371	2993,5
275,597	2958,5
275,824	2861,5
276,05	2973,5
276,276	3015,5
276,503	2953,5
276,729	2796,5
276,955	2781,5
277,181	2919,5
277,407	2876,5
277,634	2943,5
277,86	2824,5
278,086	2979,5
278,312	2916,5
278,538	2893,5
278,764	2922,5
278,991	3040,5
279,217	2825,5
279,443	2810,5
279,669	2866,5
279,895	2967,5
280,121	2864,5
280,347	2860,5
280,573	2839,5
280,799	2822,5
281,025	3092,5
281,251	2841,5
281,477	3070,5
281,703	2864,5
281,929	2935,5
282,155	3002,5
282,381	2744,5
282,607	3047,5
282,833	3030,5
283,059	2897,5
283,285	2860,5
283,51	2959,5
283,736	2838,5
283,962	3134,5
284,188	3003,5
284,414	3011,5
284,64	3014,5
284,865	3051,5
285,091	3017,5
285,317	3135,5
285,543	3231,5
285,768	3080,5
285,994	3082,5
286,22	3343,5
286,446	3165,5
286,671	2945,5
286,897	3168,5
287,123	3112,5
287,348	3086,5
287,574	3593,5
287,799	3166,5
288,025	3057,5
288,251	3385,5
288,476	3166,5
288,702	3227,5
288,927	3185,5
289,153	3165,5
289,378	3350,5
289,604	3189,5
289,829	3312,5
290,055	3069,5
290,28	3205,5
290,506	3400,5
290,731	3257,5
290,957	3347,5
291,182	3317,5
291,408	3393,5
291,633	3298,5
291,858	3416,5
292,084	3314,5
292,309	3001,5
292,535	3231,5
292,76	3399,5
292,985	3297,5
293,211	3080,5
293,436	3135,5
293,661	3068,5
293,886	3286,5
294,112	3358,5
294,337	3322,5
294,562	3151,5
294,787	3409,5
295,013	3324,5
295,238	3353,5
295,463	3404,5
295,688	3463,5
295,913	3268,5
296,138	3360,5
296,364	3312,5
296,589	3267,5
296,814	3112,5
297,039	3169,5
297,264	3378,5
297,489	3265,5
297,714	3158,5
297,939	3206,5
298,164	3155,5
298,389	3379,5
298,614	3209,5
298,839	3346,5
299,064	3398,5
299,289	3386,5
299,514	3428,5
299,739	3508,5
299,964	3318,5
300,189	3375,5
300,414	3476,5
300,639	3598,5
300,863	3403,5
301,088	3638,5
301,313	3462,5
301,538	3437,5
301,763	3443,5
301,988	3528,5
302,212	3463,5
302,437	3865,5
302,662	3650,5
302,887	3518,5
303,111	3481,5
303,336	3642,5
303,561	3542,5
303,786	3330,5
304,01	3605,5
304,235	3615,5
304,46	3349,5
304,684	3366,5
304,909	3427,5
305,134	3322,5
305,358	3499,5
305,583	3413,5
305,807	3601,5
306,032	3285,5
306,256	3483,5
306,481	3527,5
306,706	3427,5
306,93	3360,5
307,155	3678,5
307,379	3483,5
307,604	3479,5
307,828	3461,5
308,052	3686,5
308,277	3552,5
308,501	3603,5
308,726	3593,5
308,95	3571,5
309,175	3249,5
309,399	3739,5
309,623	3578,5
309,848	3433,5
310,072	3420,5
310,296	3940,5
310,521	3758,5
310,745	3494,5
310,969	3859,5
311,193	3827,5
311,418	3594,5
311,642	3656,5
311,866	3678,5
312,09	3574,5
312,315	3815,5
312,539	3852,5
312,763	3748,5
312,987	3941,5
313,211	3773,5
313,435	3903,5
313,659	3877,5
313,884	4176,5
314,108	4110,5
314,332	4093,5
314,556	3951,5
314,78	4293,5
315,004	4214,5
315,228	4279,5
315,452	4186,5
315,676	4258,5
315,9	4219,5
316,124	4136,5
316,348	4323,5
316,572	4409,5
316,796	4459,5
317,02	4413,5
317,244	4666,5
317,468	4424,5
317,691	4990,5
317,915	4700,5
318,139	4640,5
318,363	5043,5
318,587	4901,5
318,811	4815,5
319,034	4795,5
319,258	5190,5
319,482	5216,5
319,706	5176,5
319,93	5250,5
320,153	5204,5
320,377	5650,5
320,601	5176,5
320,824	5321,5
321,048	5678,5
321,272	5793,5
321,495	5543,5
321,719	5819,5
321,943	5836,5
322,166	5897,5
322,39	5950,5
322,614	5989,5
322,837	6208,5
323,061	6019,5
323,284	6264,5
323,508	6216,5
323,731	6219,5
323,955	6350,5
324,178	6316,5
324,402	6480,5
324,625	6394,5
324,849	6365,5
325,072	6694,5
325,296	6713,5
325,519	6482,5
325,743	6601,5
325,966	6829,5
326,189	6854,5
326,413	6798,5
326,636	7026,5
326,859	6846,5
327,083	7061,5
327,306	6688,5
327,529	6630,5
327,753	6662,5
327,976	6927,5
328,199	6820,5
328,422	6847,5
328,646	6893,5
328,869	6826,5
329,092	6921,5
329,315	6850,5
329,538	7113,5
329,762	6959,5
329,985	7078,5
330,208	7075,5
330,431	7222,5
330,654	7169,5
330,877	7295,5
331,1	7316,5
331,323	7221,5
331,546	7352,5
331,769	7440,5
331,993	7288,5
332,216	7268,5
332,439	7347,5
332,662	7350,5
332,885	7251,5
333,107	7208,5
333,33	7220,5
333,553	7488,5
333,776	7306,5
333,999	7292,5
334,222	7335,5
334,445	7438,5
334,668	7407,5
334,891	7478,5
335,114	7308,5
335,336	7448,5
335,559	7399,5
335,782	7829,5
336,005	7273,5
336,228	7424,5
336,45	7371,5
336,673	7352,5
336,896	7463,5
337,119	7527,5
337,341	7361,5
337,564	7484,5
337,787	7538,5
338,009	7430,5
338,232	7451,5
338,455	7696,5
338,677	7541,5
338,9	7253,5
339,122	7386,5
339,345	7521,5
339,568	7302,5
339,79	7352,5
340,013	7430,5
340,235	7483,5
340,458	7466,5
340,68	7497,5
340,903	7462,5
341,125	7498,5
341,348	7502,5
341,57	7390,5
341,793	7540,5
342,015	7340,5
342,238	7415,5
342,46	7428,5
342,682	7468,5
342,905	7390,5
343,127	7310,5
343,349	7384,5
343,572	7387,5
343,794	7204,5
344,016	7324,5
344,239	7459,5
344,461	7309,5
344,683	7307,5
344,905	7371,5
345,128	7249,5
345,35	7511,5
345,572	7598,5
345,794	7623,5
346,017	7673,5
346,239	7741,5
346,461	7492,5
346,683	7614,5
346,905	7809,5
347,127	7735,5
347,349	7704,5
347,571	7810,5
347,793	7950,5
348,016	7845,5
348,238	7769,5
348,46	7843,5
348,682	7711,5
348,904	7851,5
349,126	7769,5
349,348	8026,5
349,57	7740,5
349,792	7760,5
350,014	8085,5
350,235	7817,5
350,457	8102,5
350,679	7962,5
350,901	7783,5
351,123	7740,5
351,345	7771,5
351,567	7950,5
351,789	7882,5
352,01	7892,5
352,232	7878,5
352,454	7793,5
352,676	7856,5
352,897	7740,5
353,119	7538,5
353,341	7562,5
353,563	7451,5
353,784	7412,5
354,006	7459,5
354,228	7474,5
354,449	7509,5
354,671	7847,5
354,893	7890,5
355,114	8000,5
355,336	7878,5
355,558	7755,5
355,779	8013,5
356,001	7992,5
356,222	8085,5
356,444	7998,5
356,665	8741,5
356,887	8051,5
357,108	8190,5
357,33	8044,5
357,551	8364,5
357,773	8202,5
357,994	8125,5
358,216	8027,5
358,437	8291,5
358,659	8321,5
358,88	8283,5
359,101	8173,5
359,323	8322,5
359,544	8321,5
359,765	8182,5
359,987	8171,5
360,208	8304,5
360,429	8628,5
360,651	8174,5
360,872	8479,5
361,093	8389,5
361,314	8313,5
361,536	8244,5
361,757	8331,5
361,978	8305,5
362,199	8233,5
362,42	8154,5
362,642	8353,5
362,863	8366,5
363,084	8459,5
363,305	8355,5
363,526	8292,5
363,747	8274,5
363,968	8284,5
364,189	8468,5
364,41	8261,5
364,631	8223,5
364,852	8468,5
365,073	8360,5
365,294	8260,5
365,515	8333,5
365,736	8416,5
365,957	8550,5
366,178	8466,5
366,399	8514,5
366,62	8839,5
366,841	8665,5
367,062	8823,5
367,283	8802,5
367,504	8823,5
367,724	8699,5
367,945	8471,5
368,166	8935,5
368,387	8797,5
368,608	8710,5
368,828	8949,5
369,049	8940,5
369,27	8820,5
369,491	8720,5
369,711	8986,5
369,932	8962,5
370,153	8814,5
370,373	8951,5
370,594	8915,5
370,815	8838,5
371,035	9026,5
371,256	8679,5
371,477	8912,5
371,697	8891,5
371,918	8767,5
372,138	8879,5
372,359	9006,5
372,579	8782,5
372,8	8833,5
373,02	8936,5
373,241	8943,5
373,461	8949,5
373,682	8929,5
373,902	9131,5
374,123	8840,5
374,343	9144,5
374,564	9050,5
374,784	8925,5
375,004	9015,5
375,225	8681,5
375,445	8767,5
375,666	8701,5
375,886	8439,5
376,106	8704,5
376,326	8706,5
376,547	8945,5
376,767	8955,5
376,987	8954,5
377,208	9145,5
377,428	9168,5
377,648	9334,5
377,868	9374,5
378,088	9632,5
378,309	9613,5
378,529	9737,5
378,749	9718,5
378,969	9678,5
379,189	9711,5
379,409	9446,5
379,629	9367,5
379,849	9413,5
380,069	9355,5
380,29	9255,5
380,51	9396,5
380,73	9508,5
380,95	9479,5
381,17	9132,5
381,39	9244,5
381,61	9049,5
381,829	9056,5
382,049	9201,5
382,269	9123,5
382,489	9301,5
382,709	9110,5
382,929	9099,5
383,149	8834,5
383,369	9350,5
383,589	9002,5
383,808	9028,5
384,028	9016,5
384,248	9231,5
384,468	9078,5
384,688	9118,5
384,907	9089,5
385,127	9252,5
385,347	9257,5
385,567	9244,5
385,786	9428,5
386,006	9448,5
386,226	9289,5
386,445	9541,5
386,665	9580,5
386,885	9810,5
387,104	9908,5
387,324	9833,5
387,543	9667,5
387,763	10067,5
387,982	9983,5
388,202	9985,5
388,422	10064,5
388,641	9905,5
388,861	9832,5
389,08	9791,5
389,3	9559,5
389,519	9754,5
389,738	9530,5
389,958	9735,5
390,177	9772,5
390,397	9782,5
390,616	9828,5
390,836	9946,5
391,055	9779,5
391,274	9983,5
391,494	9882,5
391,713	10121,5
391,932	10339,5
392,151	10306,5
392,371	10377,5
392,59	10622,5
392,809	10633,5
393,029	10519,5
393,248	10096,5
393,467	9719,5
393,686	9619,5
393,905	10702,5
394,124	9832,5
394,344	9745,5
394,563	9864,5
394,782	9737,5
395,001	9788,5
395,22	9669,5
395,439	9859,5
395,658	9799,5
395,877	9894,5
396,096	9848,5
396,315	10237,5
396,534	9996,5
396,753	10152,5
396,972	10068,5
397,191	10325,5
397,41	10474,5
397,629	10792,5
397,848	10690,5
398,067	10796,5
398,286	10811,5
398,505	10783,5
398,724	10680,5
398,943	10982,5
399,161	10058,5
399,38	10214,5
399,599	10079,5
399,818	10038,5
400,037	10023,5
400,255	9921,5
400,474	9933,5
400,693	9933,5
400,912	9992,5
401,13	9835,5
401,349	9731,5
401,568	9477,5
401,786	9802,5
402,005	9632,5
402,224	9398,5
402,442	9433,5
402,661	9532,5
402,88	9387,5
403,098	9553,5
403,317	9488,5
403,535	9398,5
403,754	9397,5
403,972	9444,5
404,191	9531,5
404,409	9532,5
404,628	10599,5
404,846	9853,5
405,065	9865,5
405,283	9819,5
405,502	9827,5
405,72	9720,5
405,938	9595,5
406,157	9286,5
406,375	9283,5
406,594	9312,5
406,812	9228,5
407,03	9177,5
407,249	8981,5
407,467	9272,5
407,685	9394,5
407,903	9156,5
408,122	9673,5
408,34	9501,5
408,558	9516,5
408,776	9452,5
408,995	9420,5
409,213	9411,5
409,431	9550,5
409,649	9395,5
409,867	9306,5
410,085	9255,5
410,303	9284,5
410,522	9158,5
410,74	9179,5
410,958	9032,5
411,176	9047,5
411,394	9066,5
411,612	9090,5
411,83	9365,5
412,048	9293,5
412,266	9190,5
412,484	9503,5
412,702	9693,5
412,92	9241,5
413,138	9410,5
413,356	9276,5
413,573	9140,5
413,791	9100,5
414,009	9033,5
414,227	9129,5
414,445	8819,5
414,663	8825,5
414,881	8931,5
415,098	8795,5
415,316	8941,5
415,534	9220,5
415,752	8913,5
415,969	9186,5
416,187	8786,5
416,405	8843,5
416,623	8996,5
416,84	8737,5
417,058	8779,5
417,276	9041,5
417,493	8837,5
417,711	8794,5
417,928	9018,5
418,146	8919,5
418,364	9105,5
418,581	8895,5
418,799	8871,5
419,016	8872,5
419,234	8947,5
419,451	9565,5
419,669	9125,5
419,886	9230,5
420,104	9137,5
420,321	9394,5
420,539	9456,5
420,756	9634,5
420,974	9684,5
421,191	9803,5
421,408	10040,5
421,626	9986,5
421,843	9807,5
422,06	9761,5
422,278	9377,5
422,495	9400,5
422,712	9388,5
422,93	9392,5
423,147	9393,5
423,364	9288,5
423,581	9288,5
423,799	9037,5
424,016	9064,5
424,233	9129,5
424,45	9087,5
424,667	9182,5
424,884	9009,5
425,102	9319,5
425,319	8798,5
425,536	8679,5
425,753	8785,5
425,97	8607,5
426,187	8566,5
426,404	8525,5
426,621	9074,5
426,838	9110,5
427,055	9230,5
427,272	9214,5
427,489	9267,5
427,706	9057,5
427,923	8916,5
428,14	8938,5
428,357	9240,5
428,574	9065,5
428,791	9369,5
429,008	9359,5
429,224	9702,5
429,441	9887,5
429,658	10249,5
429,875	10505,5
430,092	10268,5
430,308	10302,5
430,525	9762,5
430,742	9633,5
430,959	9503,5
431,175	9071,5
431,392	8703,5
431,609	8696,5
431,826	8393,5
432,042	8342,5
432,259	8239,5
432,476	8539,5
432,692	8201,5
432,909	8593,5
433,125	8927,5
433,342	9296,5
433,559	9525,5
433,775	9363,5
433,992	9159,5
434,208	8615,5
434,425	8457,5
434,641	8636,5
434,858	8820,5
435,074	8608,5
435,291	8578,5
435,507	8514,5
435,723	8687,5
435,94	8680,5
436,156	8844,5
436,373	9033,5
436,589	8758,5
436,805	8782,5
437,022	8467,5
437,238	8437,5
437,454	8386,5
437,671	8696,5
437,887	8695,5
438,103	8554,5
438,319	8492,5
438,536	8743,5
438,752	8565,5
438,968	8579,5
439,184	8529,5
439,4	8127,5
439,616	8228,5
439,833	8248,5
440,049	8254,5
440,265	8581,5
440,481	8599,5
440,697	9038,5
440,913	9206,5
441,129	9502,5
441,345	9658,5
441,561	9470,5
441,777	9305,5
441,993	9122,5
442,209	9037,5
442,425	8924,5
442,641	8931,5
442,857	9068,5
443,073	9086,5
443,289	9145,5
443,505	9060,5
443,721	9034,5
443,937	8921,5
444,152	8776,5
444,368	8725,5
444,584	8733,5
444,8	8844,5
445,016	8546,5
445,231	8455,5
445,447	8735,5
445,663	8571,5
445,879	8570,5
446,094	8691,5
446,31	8787,5
446,526	8584,5
446,742	8556,5
446,957	8366,5
447,173	8375,5
447,388	8370,5
447,604	8339,5
447,82	8112,5
448,035	8169,5
448,251	8227,5
448,466	8443,5
448,682	8241,5
448,897	8204,5
449,113	8261,5
449,328	8436,5
449,544	8064,5
449,759	8445,5
449,975	8079,5
450,19	7978,5
450,406	8048,5
450,621	7834,5
450,836	7866,5
451,052	7682,5
451,267	7671,5
451,483	7818,5
451,698	7603,5
451,913	7883,5
452,129	7878,5
452,344	7534,5
452,559	7707,5
452,774	7443,5
452,99	7467,5
453,205	7374,5
453,42	7521,5
453,635	7411,5
453,85	7248,5
454,066	7353,5
454,281	7282,5
454,496	7277,5
454,711	7536,5
454,926	7558,5
455,141	7450,5
455,356	7399,5
455,571	7250,5
455,786	7250,5
456,001	7015,5
456,217	6961,5
456,432	7199,5
456,647	7226,5
456,861	7218,5
457,076	7354,5
457,291	7620,5
457,506	7370,5
457,721	7580,5
457,936	7690,5
458,151	7554,5
458,366	7767,5
458,581	7543,5
458,796	7660,5
459,01	7679,5
459,225	7608,5
459,44	7347,5
459,655	7510,5
459,87	7406,5
460,084	7398,5
460,299	7337,5
460,514	7245,5
460,729	7746,5
460,943	7192,5
461,158	7023,5
461,373	6981,5
461,587	6623,5
461,802	6545,5
462,016	6759,5
462,231	6421,5
462,446	6572,5
462,66	6567,5
462,875	6694,5
463,089	6881,5
463,304	6949,5
463,518	6990,5
463,733	7091,5
463,947	7086,5
464,162	7020,5
464,376	7277,5
464,591	7442,5
464,805	7224,5
465,02	7512,5
465,234	7598,5
465,448	7746,5
465,663	7498,5
465,877	7315,5
466,091	6966,5
466,306	6787,5
466,52	6979,5
466,734	6574,5
466,949	6340,5
467,163	6488,5
467,377	6314,5
467,591	6533,5
467,806	6365,5
468,02	6390,5
468,234	6197,5
468,448	6209,5
468,662	6185,5
468,876	6273,5
469,091	5825,5
469,305	5863,5
469,519	5733,5
469,733	5579,5
469,947	5727,5
470,161	5845,5
470,375	5550,5
470,589	5762,5
470,803	5587,5
471,017	5578,5
471,231	5722,5
471,445	5684,5
471,659	5682,5
471,873	5751,5
472,087	5590,5
472,301	5890,5
472,515	5823,5
472,728	5880,5
472,942	5993,5
473,156	6019,5
473,37	5906,5
473,584	5835,5
473,798	5916,5
474,011	5835,5
474,225	5809,5
474,439	6016,5
474,653	6227,5
474,866	6142,5
475,08	6205,5
475,294	6426,5
475,507	5870,5
475,721	5947,5
475,935	6008,5
476,148	5918,5
476,362	5752,5
476,576	5599,5
476,789	5655,5
477,003	5784,5
477,216	5927,5
477,43	5822,5
477,643	5966,5
477,857	6357,5
478,07	5941,5
478,284	5950,5
478,497	5816,5
478,711	5837,5
478,924	5902,5
479,138	5827,5
479,351	5811,5
479,564	5951,5
479,778	6288,5
479,991	6065,5
480,204	6068,5
480,418	6070,5
480,631	5997,5
480,844	6051,5
481,058	6071,5
481,271	6133,5
481,484	6299,5
481,697	6155,5
481,911	6037,5
482,124	5925,5
482,337	5961,5
482,55	5778,5
482,763	5786,5
482,976	5925,5
483,19	5778,5
483,403	5868,5
483,616	6041,5
483,829	6207,5
484,042	6300,5
484,255	6130,5
484,468	6364,5
484,681	6406,5
484,894	6939,5
485,107	10422,5
485,32	15800,5
485,533	18791,5
485,746	17196,5
485,959	14947,5
486,172	12802,5
486,385	9827,5
486,598	8098,5
486,81	6979,5
487,023	6518,5
487,236	6376,5
487,449	6145,5
487,662	5749,5
487,875	5491,5
488,087	5607,5
488,3	5458,5
488,513	5243,5
488,726	5273,5
488,938	5553,5
489,151	5472,5
489,364	5485,5
489,576	5389,5
489,789	5396,5
490,002	5400,5
490,214	5310,5
490,427	5140,5
490,64	5340,5
490,852	5471,5
491,065	5183,5
491,277	4995,5
491,49	5194,5
491,702	5054,5
491,915	5193,5
492,127	5321,5
492,34	5189,5
492,552	5180,5
492,765	5276,5
492,977	5336,5
493,19	5379,5
493,402	5253,5
493,614	5033,5
493,827	5179,5
494,039	5232,5
494,251	5157,5
494,464	5173,5
494,676	4842,5
494,888	4724,5
495,101	4697,5
495,313	4786,5
495,525	5116,5
495,737	5515,5
495,95	5471,5
496,162	5464,5
496,374	5345,5
496,586	5132,5
496,798	4889,5
497,01	4834,5
497,222	4566,5
497,435	4932,5
497,647	4522,5
497,859	4695,5
498,071	4817,5
498,283	4899,5
498,495	4835,5
498,707	5058,5
498,919	4846,5
499,131	5037,5
499,343	5001,5
499,555	4942,5
499,767	4959,5
499,979	4689,5
500,191	4911,5
500,402	4573,5
500,614	4820,5
500,826	4861,5
501,038	4875,5
501,25	4987,5
501,462	4810,5
501,673	5028,5
501,885	4930,5
502,097	5125,5
502,309	4966,5
502,521	4973,5
502,732	4850,5
502,944	4944,5
503,156	4826,5
503,367	4824,5
503,579	4643,5
503,791	4722,5
504,002	4576,5
504,214	4613,5
504,425	4809,5
504,637	4741,5
504,849	4601,5
505,06	4647,5
505,272	4565,5
505,483	4627,5
505,695	4561,5
505,906	4549,5
506,118	4762,5
506,329	4472,5
506,541	4318,5
506,752	4212,5
506,963	4167,5
507,175	4122,5
507,386	4526,5
507,598	4522,5
507,809	4181,5
508,02	4395,5
508,232	4486,5
508,443	4273,5
508,654	4618,5
508,865	4263,5
509,077	4066,5
509,288	4085,5
509,499	4379,5
509,71	4059,5
509,922	4232,5
510,133	4198,5
510,344	4358,5
510,555	4092,5
510,766	4161,5
510,977	4105,5
511,188	3988,5
511,4	3999,5
511,611	3870,5
511,822	3922,5
512,033	3841,5
512,244	4056,5
512,455	3883,5
512,666	3972,5
512,877	3973,5
513,088	3817,5
513,299	3997,5
513,51	3905,5
513,721	3856,5
513,931	3869,5
514,142	3922,5
514,353	3952,5
514,564	3673,5
514,775	3700,5
514,986	3650,5
515,196	3773,5
515,407	3728,5
515,618	3767,5
515,829	3727,5
516,04	3719,5
516,25	3758,5
516,461	3702,5
516,672	3793,5
516,882	3677,5
517,093	3796,5
517,304	3548,5
517,514	3671,5
517,725	3648,5
517,936	3514,5
518,146	3565,5
518,357	3703,5
518,567	3649,5
518,778	3980,5
518,988	3813,5
519,199	3914,5
519,409	3616,5
519,62	3650,5
519,83	3569,5
520,041	3522,5
520,251	3438,5
520,462	3567,5
520,672	3362,5
520,882	3632,5
521,093	3576,5
521,303	3640,5
521,513	3397,5
521,724	4437,5
521,934	3286,5
522,144	3815,5
522,355	3453,5
522,565	3428,5
522,775	3442,5
522,985	3455,5
523,196	3429,5
523,406	3421,5
523,616	3562,5
523,826	3562,5
524,036	4248,5
524,246	3464,5
524,457	3441,5
524,667	3202,5
524,877	3411,5
525,087	3391,5
525,297	3320,5
525,507	3514,5
525,717	3245,5
525,927	3419,5
526,137	3283,5
526,347	3442,5
526,557	3282,5
526,767	3369,5
526,977	3642,5
527,187	3306,5
527,397	3010,5
527,607	3156,5
527,816	3226,5
528,026	3281,5
528,236	3556,5
528,446	3588,5
528,656	3595,5
528,865	3680,5
529,075	3406,5
529,285	3354,5
529,495	3415,5
529,704	3353,5
529,914	3272,5
530,124	3277,5
530,334	3125,5
530,543	3191,5
530,753	3279,5
530,963	3604,5
531,172	3163,5
531,382	3134,5
531,591	3561,5
531,801	3111,5
532,01	3115,5
532,22	3197,5
532,43	3273,5
532,639	3735,5
532,849	3512,5
533,058	3450,5
533,267	3619,5
533,477	3330,5
533,686	3284,5
533,896	3310,5
534,105	3347,5
534,315	3398,5
534,524	3302,5
534,733	3183,5
534,943	3435,5
535,152	3276,5
535,361	3166,5
535,57	3110,5
535,78	3090,5
535,989	2923,5
536,198	3078,5
536,407	2935,5
536,617	3025,5
536,826	2958,5
537,035	3002,5
537,244	2914,5
537,453	2886,5
537,662	3157,5
537,872	3375,5
538,081	3119,5
538,29	3186,5
538,499	3120,5
538,708	3026,5
538,917	3191,5
539,126	3197,5
539,335	3185,5
539,544	3397,5
539,753	3024,5
539,962	2950,5
540,171	2982,5
540,38	3180,5
540,589	3115,5
540,797	3306,5
541,006	3140,5
541,215	3214,5
541,424	2974,5
541,633	3161,5
541,842	3119,5
542,05	3288,5
542,259	3250,5
542,468	3216,5
542,677	3185,5
542,885	3152,5
543,094	3207,5
543,303	3136,5
543,512	3170,5
543,72	3294,5
543,929	3213,5
544,138	3111,5
544,346	3095,5
544,555	3084,5
544,763	3210,5
544,972	3023,5
545,18	2839,5
545,389	3028,5
545,598	2915,5
545,806	3074,5
546,015	2918,5
546,223	2930,5
546,431	2991,5
546,64	2917,5
546,848	3037,5
547,057	3227,5
547,265	3075,5
547,474	3223,5
547,682	3318,5
547,89	3355,5
548,099	3095,5
548,307	3146,5
548,515	3115,5
548,723	3054,5
548,932	2841,5
549,14	2893,5
549,348	2971,5
549,556	2810,5
549,765	2929,5
549,973	2871,5
550,181	3111,5
550,389	2912,5
550,597	2875,5
550,805	2713,5
551,014	2819,5
551,222	5790,5
551,43	2806,5
551,638	3170,5
551,846	3188,5
552,054	3194,5
552,262	3096,5
552,47	2769,5
552,678	2754,5
552,886	2866,5
553,094	2774,5
553,302	2993,5
553,51	2886,5
553,717	3080,5
553,925	2652,5
554,133	2915,5
554,341	2596,5
554,549	2818,5
554,757	2830,5
554,965	2846,5
555,172	2913,5
555,38	3165,5
555,588	2853,5
555,796	2895,5
556,003	3000,5
556,211	2696,5
556,419	2737,5
556,626	2705,5
556,834	2662,5
557,042	2752,5
557,249	2685,5
557,457	2692,5
557,664	2581,5
557,872	2466,5
558,08	2486,5
558,287	2556,5
558,495	2754,5
558,702	2203,5
558,91	2575,5
559,117	2479,5
559,325	2467,5
559,532	2553,5
559,74	2807,5
559,947	2657,5
560,154	2821,5
560,362	2660,5
560,569	2673,5
560,776	2483,5
560,984	2728,5
561,191	2665,5
561,398	2576,5
561,606	2904,5
561,813	2542,5
562,02	2318,5
562,227	2334,5
562,435	2465,5
562,642	2545,5
562,849	2455,5
563,056	2415,5
563,263	2409,5
563,471	2620,5
563,678	2545,5
563,885	2523,5
564,092	2634,5
564,299	2607,5
564,506	2477,5
564,713	2538,5
564,92	2532,5
565,127	2486,5
565,334	2290,5
565,541	2879,5
565,748	2479,5
565,955	2441,5
566,162	2491,5
566,369	2594,5
566,576	2716,5
566,783	2822,5
566,99	2683,5
567,196	2871,5
567,403	2921,5
567,61	2830,5
567,817	2740,5
568,024	2837,5
568,23	2954,5
568,437	2908,5
568,644	2949,5
568,851	3047,5
569,057	3524,5
569,264	3622,5
569,471	3435,5
569,677	3440,5
569,884	3433,5
570,091	3478,5
570,297	4343,5
570,504	3768,5
570,71	3905,5
570,917	3768,5
571,123	3544,5
571,33	3681,5
571,536	3769,5
571,743	3866,5
571,949	3345,5
572,156	3065,5
572,362	3107,5
572,569	3002,5
572,775	3458,5
572,982	3774,5
573,188	3740,5
573,394	3639,5
573,601	3553,5
573,807	3695,5
574,013	4030,5
574,22	3614,5
574,426	3661,5
574,632	3662,5
574,838	3631,5
575,045	3322,5
575,251	3089,5
575,457	3125,5
575,663	3361,5
575,869	3229,5
576,076	3377,5
576,282	3548,5
576,488	3532,5
576,694	3495,5
576,9	3291,5
577,106	3693,5
577,312	4236,5
577,518	4471,5
577,724	4169,5
577,93	3698,5
578,136	3438,5
578,342	3285,5
578,548	3045,5
578,754	2899,5
578,96	2983,5
579,166	3209,5
579,372	3622,5
579,578	3334,5
579,784	3432,5
579,989	3382,5
580,195	3267,5
580,401	3144,5
580,607	3229,5
580,813	3871,5
581,018	4701,5
581,224	4788,5
581,43	4463,5
581,636	4202,5
581,841	4104,5
582,047	3808,5
582,253	3519,5
582,458	3061,5
582,664	2923,5
582,869	2705,5
583,075	2507,5
583,281	2851,5
583,486	2553,5
583,692	2668,5
583,897	3082,5
584,103	2917,5
584,308	3084,5
584,514	3234,5
584,719	3397,5
584,925	3378,5
585,13	3244,5
585,335	3129,5
585,541	3023,5
585,746	2823,5
585,952	2553,5
586,157	2490,5
586,362	2680,5
586,568	2674,5
586,773	3068,5
586,978	2908,5
587,183	2888,5
587,389	2869,5
587,594	2642,5
587,799	2594,5
588,004	2548,5
588,21	2571,5
588,415	2377,5
588,62	2318,5
588,825	2369,5
589,03	2234,5
589,235	2626,5
589,44	2419,5
589,645	2248,5
589,85	2306,5
590,055	2300,5
590,26	2113,5
590,465	2183,5
590,67	2060,5
590,875	2192,5
591,08	2256,5
591,285	2065,5
591,49	2369,5
591,695	2047,5
591,9	1993,5
592,105	2157,5
592,31	2324,5
592,515	2724,5
592,719	2426,5
592,924	2150,5
593,129	2227,5
593,334	2410,5
593,539	2034,5
593,743	2198,5
593,948	1920,5
594,153	1943,5
594,357	2204,5
594,562	2086,5
594,767	2478,5
594,971	1965,5
595,176	1843,5
595,381	2005,5
595,585	1974,5
595,79	2035,5
595,994	1756,5
596,199	2281,5
596,403	1675,5
596,608	1846,5
596,812	1907,5
597,017	2002,5
597,221	2159,5
597,426	1985,5
597,63	1792,5
597,835	1729,5
598,039	1777,5
598,243	1852,5
598,448	2239,5
598,652	2079,5
598,856	1954,5
599,061	1976,5
599,265	1881,5
599,469	1779,5
599,673	2029,5
599,878	2055,5
600,082	1846,5
600,286	1920,5
600,49	1948,5
600,695	1766,5
600,899	1900,5
601,103	1944,5
601,307	1915,5
601,511	1934,5
601,715	1698,5
601,919	1603,5
602,123	2040,5
602,327	1928,5
602,531	1868,5
602,735	2092,5
602,939	2111,5
603,143	1833,5
603,347	2108,5
603,551	1857,5
603,755	1847,5
603,959	1814,5
604,163	1843,5
604,367	1732,5
604,571	1700,5
604,775	1883,5
604,978	1872,5
605,182	1650,5
605,386	1921,5
605,59	1903,5
605,793	1819,5
605,997	1906,5
606,201	1832,5
606,405	1860,5
606,608	1944,5
606,812	1826,5
607,016	1929,5
607,219	1754,5
607,423	1740,5
607,627	1869,5
607,83	1778,5
608,034	2005,5
608,237	1749,5
608,441	1570,5
608,644	1988,5
608,848	1822,5
609,051	1707,5
609,255	1727,5
609,458	1857,5
609,662	1898,5
609,865	1722,5
610,069	1733,5
610,272	1776,5
610,475	1714,5
610,679	1711,5
610,882	1692,5
611,085	1772,5
611,289	1814,5
611,492	1725,5
611,695	1597,5
611,898	1801,5
612,102	1768,5
612,305	1740,5
612,508	1717,5
612,711	1907,5
612,914	1679,5
613,118	1722,5
613,321	1778,5
613,524	1530,5
613,727	1635,5
613,93	1698,5
614,133	1772,5
614,336	1886,5
614,539	1750,5
614,742	1572,5
614,945	1722,5
615,148	1745,5
615,351	1669,5
615,554	1790,5
615,757	1615,5
615,96	1670,5
616,163	1680,5
616,366	1922,5
616,569	1659,5
616,772	1844,5
616,974	1697,5
617,177	1840,5
617,38	1765,5
617,583	1736,5
617,786	1657,5
617,988	1603,5
618,191	1634,5
618,394	1573,5
618,596	1560,5
618,799	1351,5
619,002	1704,5
619,204	1701,5
619,407	1657,5
619,61	1573,5
619,812	1657,5
620,015	1649,5
620,217	1773,5
620,42	1701,5
620,623	1520,5
620,825	1691,5
621,028	1774,5
621,23	1788,5
621,432	1716,5
621,635	1814,5
621,837	1649,5
622,04	1778,5
622,242	1667,5
622,445	1702,5
622,647	1725,5
622,849	1837,5
623,052	1600,5
623,254	1785,5
623,456	1559,5
623,658	1770,5
623,861	1789,5
624,063	1671,5
624,265	1749,5
624,467	1806,5
624,67	1528,5
624,872	1745,5
625,074	1824,5
625,276	1878,5
625,478	2114,5
625,68	1533,5
625,882	1569,5
626,084	1682,5
626,287	1838,5
626,489	1696,5
626,691	1618,5
626,893	1654,5
627,095	1707,5
627,297	1821,5
627,499	1611,5
627,7	1521,5
627,902	1525,5
628,104	1493,5
628,306	1589,5
628,508	1600,5
628,71	1642,5
628,912	1671,5
629,114	1899,5
629,315	1666,5
629,517	1576,5
629,719	1580,5
629,921	1650,5
630,122	1618,5
630,324	1593,5
630,526	1693,5
630,728	1634,5
630,929	1602,5
631,131	1546,5
631,332	1816,5
631,534	1769,5
631,736	1701,5
631,937	1512,5
632,139	1651,5
632,34	1679,5
632,542	1692,5
632,743	1656,5
632,945	1508,5
633,146	1706,5
633,348	1509,5
633,549	1663,5
633,751	1530,5
633,952	1519,5
634,154	1558,5
634,355	1448,5
634,556	1629,5
634,758	1522,5
634,959	1303,5
635,16	1670,5
635,362	1513,5
635,563	1553,5
635,764	1696,5
635,965	1644,5
636,167	1573,5
636,368	1565,5
636,569	1573,5
636,77	1705,5
636,971	1414,5
637,172	1665,5
637,374	1474,5
637,575	1778,5
637,776	1411,5
637,977	1438,5
638,178	1629,5
638,379	1572,5
638,58	1606,5
638,781	1374,5
638,982	1607,5
639,183	1480,5
639,384	1526,5
639,585	1643,5
639,786	1403,5
639,987	1496,5
640,187	1631,5
640,388	1680,5
640,589	1447,5
640,79	1528,5
640,991	1530,5
641,192	1703,5
641,392	1434,5
641,593	1457,5
641,794	1366,5
641,995	1475,5
642,195	1310,5
642,396	1535,5
642,597	1379,5
642,797	1486,5
642,998	1614,5
643,199	1417,5
643,399	1575,5
643,6	1422,5
643,8	1439,5
644,001	1710,5
644,202	1481,5
644,402	1508,5
644,603	1640,5
644,803	1421,5
645,004	1565,5
645,204	1435,5
645,404	1576,5
645,605	1820,5
645,805	1520,5
646,006	1377,5
646,206	1875,5
646,406	1522,5
646,607	1308,5
646,807	1298,5
647,007	-68,5
647,208	81,5
647,408	9,5
647,608	-0,5
