200,697	455
200,927	306,67
201,158	3,67
201,388	512
201,618	961
201,849	1470,33
202,079	1456,33
202,309	1536,67
202,539	1530,33
202,77	1585
203	1594
203,23	1615
203,46	1637
203,691	1630,67
203,921	1642,67
204,151	1592,67
204,381	1596,33
204,611	1581,67
204,841	1567,33
205,071	1609
205,302	1690
205,532	2377,67
205,762	2331
205,992	2252,33
206,222	1599
206,452	1584,33
206,682	1624,33
206,912	1609,67
207,142	1613,33
207,372	1493,33
207,602	1506,67
207,832	1559,67
208,062	1669,67
208,292	1618
208,522	1577
208,752	1525,33
208,982	1631,33
209,212	1612
209,442	1599
209,672	1529
209,902	1552,67
210,131	1580,67
210,361	1621,67
210,591	1601
210,821	1680
211,051	1649
211,281	1709,33
211,51	1634,33
211,74	1664,33
211,97	1667,67
212,2	1768,33
212,429	1773,67
212,659	1722
212,889	1590
213,119	1536
213,348	1585,33
213,578	1660,33
213,808	1717,67
214,037	1702,33
214,267	1688,33
214,497	1629,67
214,726	1562,67
214,956	1501,33
215,186	1519
215,415	1565
215,645	1638,67
215,874	1611,67
216,104	1609
216,333	1587,67
216,563	1720,67
216,792	1760,33
217,022	1862
217,251	1729
217,481	1714,33
217,71	1591
217,94	1626,67
218,169	1621,33
218,399	1610,67
218,628	1665,67
218,858	1668,33
219,087	1749,67
219,316	1701,67
219,546	1680
219,775	1694,67
220,004	1677
220,234	1681,33
220,463	1626,33
220,692	1627,33
220,922	1676
221,151	1657
221,38	1813,33
221,61	1855,33
221,839	1883,67
222,068	1776,33
222,297	1715,33
222,526	1736,33
222,756	1749
222,985	1730,33
223,214	1696
223,443	1824,67
223,672	1794,33
223,902	1788,67
224,131	1680,33
224,36	1664,33
224,589	1686,67
224,818	1664,33
225,047	1677,67
225,276	1757,67
225,505	1739,67
225,734	1747,67
225,963	1676
226,192	1636,33
226,421	1710
226,65	1666,33
226,879	1738
227,108	1699,33
227,337	1789
227,566	1763,33
227,795	1785,33
228,024	1738
228,253	1711,67
228,482	1699
228,711	1656
228,94	1658
229,168	1653,33
229,397	1721
229,626	1742
229,855	1742,33
230,084	1692,67
230,313	1776,67
230,541	1783,67
230,77	1769,33
230,999	1748,67
231,228	1782,67
231,456	1847
231,685	1816,67
231,914	1808,67
232,143	1822,33
232,371	1830
232,6	1839
232,829	1830,67
233,057	1825
233,286	1803,33
233,515	1828,67
233,743	1795,33
233,972	1812,33
234,2	1757
234,429	1843,33
234,658	1836,33
234,886	1909
235,115	1901
235,343	1923,33
235,572	1979,33
235,8	2042,67
236,029	2042,33
236,257	2021,67
236,486	1977,67
236,714	2034,67
236,943	1997
237,171	1976,67
237,399	1977,33
237,628	2027
237,856	2057,33
238,085	2024
238,313	1987,33
238,541	2057,67
238,77	2065
238,998	2091
239,226	2027,33
239,455	2081,33
239,683	2032,33
239,911	2112,67
240,14	2124,67
240,368	2201,67
240,596	2132
240,824	2127,67
241,053	2093,33
241,281	2097,33
241,509	2069,33
241,737	2049,33
241,965	2023,33
242,193	2011
242,422	2046,67
242,65	2079,67
242,878	2126
243,106	2150,67
243,334	2175,67
243,562	2219,67
243,79	2257,67
244,018	2237
244,246	2196,67
244,474	2157,33
244,702	2183,33
244,93	2212,33
245,158	2220,67
245,386	2246,33
245,614	2173,67
245,842	2164,33
246,07	2187,33
246,298	2385,67
246,526	2414,67
246,754	2372,33
246,982	2249,67
247,21	2254,33
247,438	2287,67
247,666	2318,67
247,893	2316,67
248,121	2279,33
248,349	2319
248,577	2299,33
248,805	2295
249,033	2251
249,26	2294,67
249,488	2339
249,716	2319,67
249,944	2316
250,171	2303,33
250,399	2371,67
250,627	2394,67
250,854	2391
251,082	2347,67
251,31	2341
251,537	2451,67
251,765	2405,33
251,993	2609,33
252,22	2478,33
252,448	2554,33
252,676	2370,33
252,903	2498,33
253,131	2451,67
253,358	2395
253,586	2244
253,813	2277,33
254,041	2310,67
254,268	2349,33
254,496	2339
254,723	2383,33
254,951	2413,67
255,178	2500,67
255,406	2500
255,633	2571
255,86	2498
256,088	2467,67
256,315	2459
256,543	2458,67
256,77	2469,67
256,997	2443
257,225	2440,33
257,452	2440,67
257,679	2449,67
257,907	2419,33
258,134	2483,33
258,361	2469,67
258,588	2501,33
258,816	2435,33
259,043	2433,33
259,27	2444,67
259,497	2416,67
259,725	2404
259,952	2378
260,179	2415
260,406	2414
260,633	2407
260,86	2399
261,088	2474,67
261,315	2451
261,542	2411,67
261,769	2455
261,996	2551,67
262,223	2662
262,45	2514
262,677	2463,33
262,904	2440
263,131	2472,33
263,358	2497,67
263,585	2587
263,812	2638
264,039	2567,67
264,266	2453
264,493	2392,67
264,72	2401,67
264,947	2452,67
265,174	2508,67
265,401	2607,67
265,627	2552
265,854	2532
266,081	2475
266,308	2471,67
266,535	2426,67
266,762	2433,67
266,988	2483
267,215	2614,67
267,442	2689
267,669	2662,67
267,896	2615,33
268,122	2577,33
268,349	2509,67
268,576	2425,67
268,802	2353
269,029	2415
269,256	2430,67
269,482	2441,67
269,709	2441
269,936	2509,67
270,162	2530,33
270,389	2553
270,616	2570
270,842	2596,67
271,069	2556
271,295	2455,67
271,522	2458,33
271,748	2537
271,975	2653,33
272,201	2674
272,428	2644
272,654	2690
272,881	2652,33
273,107	2656,67
273,334	2583
273,56	2566,33
273,787	2570,67
274,013	2603,33
274,239	2696,33
274,466	2684,67
274,692	2668,67
274,918	2654
275,145	2668
275,371	2716
275,597	2717
275,824	2754,67
276,05	2718,33
276,276	2727,33
276,503	2694,33
276,729	2617,67
276,955	2625
277,181	2645,33
277,407	2752,67
277,634	2754,67
277,86	2793
278,086	2762,33
278,312	2738
278,538	2713,67
278,764	2784,67
278,991	2801,33
279,217	2775,33
279,443	2692,67
279,669	2741,33
279,895	2758
280,121	2782,33
280,347	2743
280,573	2819,33
280,799	2922
281,025	2900
281,251	2916,33
281,477	2865,33
281,703	2923,67
281,929	2904,67
282,155	2915,33
282,381	2924,67
282,607	2940,67
282,833	2866,33
283,059	2854,33
283,285	2861,67
283,51	2892,33
283,736	2926,33
283,962	2933,33
284,188	2999
284,414	3055,33
284,64	3091,67
284,865	3118
285,091	3141,67
285,317	3178,33
285,543	3205
285,768	3227,33
285,994	3279,67
286,22	3395,67
286,446	3347,33
286,671	3316,33
286,897	3184
287,123	3251
287,348	3418,67
287,574	3501,67
287,799	3502
288,025	3424
288,251	3445,33
288,476	3472,33
288,702	3403,67
288,927	3370
289,153	3459,33
289,378	3521
289,604	3551
289,829	3473
290,055	3444,33
290,28	3510,67
290,506	3524
290,731	3578,33
290,957	3592,33
291,182	3704
291,408	3747,33
291,633	3715,67
291,858	3668
292,084	3536
292,309	3579
292,535	3624
292,76	3747,33
292,985	3858,67
293,211	3818
293,436	3786,67
293,661	3688,33
293,886	3744,67
294,112	3796
294,337	3764
294,562	3805,33
294,787	3833,67
295,013	3884
295,238	3856,33
295,463	3922
295,688	3945
295,913	3940,33
296,138	3884,33
296,364	3913,33
296,589	3862
296,814	3785,33
297,039	3764,67
297,264	3815,33
297,489	3847
297,714	3801
297,939	3786,33
298,164	3845
298,389	3857,67
298,614	3887
298,839	3924
299,064	4004
299,289	4054
299,514	4109
299,739	4061,33
299,964	4059
300,189	4038,67
300,414	4150,67
300,639	4170,33
300,863	4244,33
301,088	4202,33
301,313	4197,33
301,538	4184
301,763	4230
301,988	4265,33
302,212	4371
302,437	4326,33
302,662	4303,67
302,887	4130,67
303,111	4206,67
303,336	4290
303,561	4313
303,786	4281,67
304,01	4252,33
304,235	4247,33
304,46	4237,67
304,684	4152
304,909	4205
305,134	4247
305,358	4313,67
305,583	4304,67
305,807	4183
306,032	4178,33
306,256	4150,67
306,481	4180,33
306,706	4169
306,93	4241
307,155	4318
307,379	4354,67
307,604	4297,67
307,828	4373
308,052	4418
308,277	4464
308,501	4452,67
308,726	4513,33
308,95	4476
309,175	4526,67
309,399	4491
309,623	4493,33
309,848	4406,33
310,072	4514
310,296	4551,33
310,521	4569,67
310,745	4522,67
310,969	4613,67
311,193	4609,67
311,418	4511
311,642	4451
311,866	4464,67
312,09	4530,33
312,315	4503,67
312,539	4483,33
312,763	4462
312,987	4450,33
313,211	4500
313,435	4448,67
313,659	4529
313,884	4527
314,108	4565
314,332	4373,33
314,556	4389,67
314,78	4408
315,004	4547
315,228	4492
315,452	4452,67
315,676	4415,67
315,9	4358,67
316,124	4311,33
316,348	4311,33
316,572	4365,67
316,796	4348
317,02	4332
317,244	4244
317,468	4327
317,691	4357,33
317,915	4376
318,139	4496,67
318,363	4448,33
318,587	4436
318,811	4178,33
319,034	4180
319,258	4262,67
319,482	4337
319,706	4294,67
319,93	4193,67
320,153	4237,33
320,377	4215,67
320,601	4214
320,824	4214,33
321,048	4274,33
321,272	4309,33
321,495	4234,33
321,719	4201
321,943	4203
322,166	4231,33
322,39	4250,33
322,614	4274,67
322,837	4250,67
323,061	4300,67
323,284	4208
323,508	4191,67
323,731	4200,67
323,955	4244,67
324,178	4305
324,402	4243,67
324,625	4270,67
324,849	4304,67
325,072	4345,33
325,296	4334,67
325,519	4267
325,743	4266,33
325,966	4327,33
326,189	4313,33
326,413	4376,67
326,636	4347
326,859	4471
327,083	4318,67
327,306	4259
327,529	4060,33
327,753	4089,33
327,976	4106,67
328,199	4164,67
328,422	4146,33
328,646	4094,33
328,869	4118,33
329,092	4187,33
329,315	4253,67
329,538	4233,33
329,762	4124
329,985	4066,67
330,208	4089,67
330,431	4257
330,654	4316,67
330,877	4342,67
331,1	4211,33
331,323	4225
331,546	4226
331,769	4192,67
331,993	4147
332,216	4054
332,439	4047
332,662	4037,67
332,885	3991,33
333,107	3995,67
333,33	4052,33
333,553	4102,67
333,776	4134
333,999	4044
334,222	4038
334,445	4017
334,668	4075
334,891	4054,67
335,114	4076,67
335,336	4076,67
335,559	4227
335,782	4198,33
336,005	4141
336,228	4013,67
336,45	3982
336,673	3962
336,896	3962,67
337,119	3965
337,341	3996,67
337,564	3990
337,787	4001,67
338,009	3967,33
338,232	3995
338,455	3992,33
338,677	4003,67
338,9	3958,67
339,122	3910,33
339,345	3845,33
339,568	3809
339,79	3878
340,013	3933,33
340,235	3932
340,458	3920
340,68	3871
340,903	3867,33
341,125	3823,67
341,348	3850,67
341,57	3925,33
341,793	3790,33
342,015	3754,33
342,238	3716,67
342,46	3871,67
342,682	3864,67
342,905	3845,67
343,127	3789,33
343,349	3802,33
343,572	3736
343,794	3716,67
344,016	3704,33
344,239	3694
344,461	3673
344,683	3647,33
344,905	3621
345,128	3654
345,35	3705,67
345,572	3813,33
345,794	3829,67
346,017	3847,67
346,239	3785,67
346,461	3758,33
346,683	3718
346,905	3710
347,127	3702,67
347,349	3694
347,571	3747,67
347,793	3754,67
348,016	3667
348,238	3612,33
348,46	3602,67
348,682	3674,67
348,904	3706,33
349,126	3690,67
349,348	3673
349,57	3620,33
349,792	3676
350,014	3685
350,235	3760
350,457	3714,33
350,679	3663
350,901	3529,33
351,123	3485,67
351,345	3538
351,567	3541,33
351,789	3559,67
352,01	3512,67
352,232	3501,33
352,454	3500,33
352,676	3491,33
352,897	3438,67
353,119	3407,67
353,341	3365
353,563	3365,67
353,784	3356
354,006	3357,67
354,228	3402
354,449	3444,33
354,671	3495,67
354,893	3525,33
355,114	3507,67
355,336	3453,33
355,558	3417,67
355,779	3437,33
356,001	3469
356,222	3462
356,444	3646,67
356,665	3622
356,887	3617,67
357,108	3310,33
357,33	3424,33
357,551	3442,33
357,773	3530
357,994	3381,33
358,216	3338
358,437	3377,33
358,659	3362,67
358,88	3404
359,101	3372,33
359,323	3415,33
359,544	3357
359,765	3335,33
359,987	3296
360,208	3280
360,429	3247,33
360,651	3316,67
360,872	3354
361,093	3351,33
361,314	3298,33
361,536	3329,67
361,757	3332,33
361,978	3327,67
362,199	3227,67
362,42	3194,33
362,642	3230
362,863	3297,33
363,084	3332,33
363,305	3304
363,526	3271,67
363,747	3234,67
363,968	3244
364,189	3237
364,41	3159,67
364,631	3163,33
364,852	3176
365,073	3248,67
365,294	3167,67
365,515	3154
365,736	3136
365,957	3188,33
366,178	3190,67
366,399	3280,33
366,62	3293,33
366,841	3354,67
367,062	3273
367,283	3285,67
367,504	3195,67
367,724	3139,33
367,945	3151,67
368,166	3190,33
368,387	3247,67
368,608	3236,33
368,828	3197,33
369,049	3191,67
369,27	3104
369,491	3161,33
369,711	3200
369,932	3255
370,153	3272,67
370,373	3284,67
370,594	3242,33
370,815	3244
371,035	3172,67
371,256	3181,67
371,477	3114,67
371,697	3060,67
371,918	3074,67
372,138	3144,33
372,359	3197,33
372,579	3200,33
372,8	3177,67
373,02	3172,67
373,241	3171,33
373,461	3117,67
373,682	3169,67
373,902	3083,33
374,123	3134
374,343	3100,33
374,564	3130,33
374,784	3105,67
375,004	3067
375,225	3048,33
375,445	3094,33
375,666	3065,33
375,886	3071
376,106	2986,33
376,326	3071,33
376,547	3123
376,767	3182,67
376,987	3162
377,208	3122,67
377,428	3091,67
377,648	3136,33
377,868	3209,33
378,088	3278,67
378,309	3293,33
378,529	3294
378,749	3214,67
378,969	3164
379,189	3138,67
379,409	3103
379,629	3105,33
379,849	3104,67
380,069	3098,33
380,29	3083,67
380,51	3111
380,73	3219,33
380,95	3220,67
381,17	3155,67
381,39	3037,33
381,61	3008,67
381,829	3021,67
382,049	3063,33
382,269	3068,33
382,489	3044,67
382,709	3039,67
382,929	3011,33
383,149	3134
383,369	3103
383,589	3112
383,808	2984,33
384,028	2998,67
384,248	2998,67
384,468	3017
384,688	2947,67
384,907	2945,67
385,127	2958,33
385,347	3015,67
385,567	3065,33
385,786	3056,67
386,006	3046,33
386,226	3001,33
386,445	3014,67
386,665	3080,67
386,885	3102
387,104	3110
387,324	3105
387,543	3142
387,763	3216
387,982	3218,67
388,202	3183,67
388,422	3186,33
388,641	3209,67
388,861	3273
389,08	3183,33
389,3	3179,33
389,519	3170,67
389,738	3186
389,958	3136
390,177	3098,33
390,397	3094,67
390,616	3141,67
390,836	3149,67
391,055	3164,67
391,274	3116,33
391,494	3105,67
391,713	3127,33
391,932	3140,33
392,151	3186,67
392,371	3173,33
392,59	3250,33
392,809	3259,67
393,029	3274
393,248	3127
393,467	3061,67
393,686	3371
393,905	3442,67
394,124	3471,67
394,344	3130,67
394,563	3117,67
394,782	3108,67
395,001	3107
395,22	3120,67
395,439	3079,67
395,658	3056,67
395,877	3043,67
396,096	3112,67
396,315	3113,67
396,534	3150,67
396,753	3141
396,972	3209,33
397,191	3234,33
397,41	3244
397,629	3173
397,848	3200,67
398,067	3180
398,286	3215,33
398,505	3213,33
398,724	3384
398,943	3334,33
399,161	3271
399,38	3085,33
399,599	3083
399,818	3107,67
400,037	3085,67
400,255	3086,33
400,474	3030
400,693	3089,33
400,912	3076,67
401,13	3086
401,349	2971
401,568	3027,33
401,786	3026
402,005	3029,33
402,224	2975,67
402,442	2942,33
402,661	2949,67
402,88	2967,67
403,098	2951,67
403,317	2970,67
403,535	2914,33
403,754	2944
403,972	2896,67
404,191	2865
404,409	3111,67
404,628	3180,33
404,846	3265,67
405,065	3024,67
405,283	3017
405,502	3023,67
405,72	2971,33
405,938	2947,33
406,157	2901,33
406,375	2948,67
406,594	2943,33
406,812	2852,33
407,03	2734
407,249	2703,67
407,467	2789,67
407,685	2846
407,903	2928,67
408,122	2929,33
408,34	2954
408,558	2875
408,776	2857
408,995	2857,33
409,213	2898
409,431	2896,67
409,649	2825
409,867	2794
410,085	2833
410,303	2851,67
410,522	2808,67
410,74	2743,67
410,958	2757,67
411,176	2778,33
411,394	2763,33
411,612	2854
411,83	2861,33
412,048	2907,33
412,266	2845,33
412,484	2945
412,702	2901,67
412,92	2913,33
413,138	2835
413,356	2926,33
413,573	3006,67
413,791	3006,67
414,009	2997,67
414,227	2876
414,445	2862
414,663	2793,33
414,881	2850
415,098	2783,33
415,316	2922
415,534	2875,67
415,752	2984,33
415,969	2883
416,187	2885,67
416,405	2834,67
416,623	2753,33
416,84	2708
417,058	2733,33
417,276	2792,67
417,493	2820,67
417,711	2781,67
417,928	2751,33
418,146	2776,33
418,364	2750,67
418,581	2739,33
418,799	2662
419,016	2663,67
419,234	2876,67
419,451	2937,33
419,669	2976,33
419,886	2796,67
420,104	2796,67
420,321	2802
420,539	2858,33
420,756	2893,33
420,974	2918,33
421,191	2880,33
421,408	2938,67
421,626	2927,67
421,843	2963,67
422,06	2878,67
422,278	2867,67
422,495	2934
422,712	2981,33
422,93	3003,67
423,147	2911
423,364	2913,33
423,581	2859,67
423,799	2855,67
424,016	2725
424,233	2752,67
424,45	2758,33
424,667	2819
424,884	2820,33
425,102	2743,33
425,319	2750,33
425,536	2766,33
425,753	2777,33
425,97	2796,67
426,187	2728
426,404	2846,67
426,621	2874
426,838	2949,67
427,055	2892,33
427,272	2868,33
427,489	2806,33
427,706	2811,33
427,923	2802
428,14	2881,33
428,357	2847,67
428,574	2873,67
428,791	2855,67
429,008	2876,67
429,224	2861,33
429,441	2893,33
429,658	3025,67
429,875	3132,67
430,092	3165
430,308	3161,67
430,525	3074
430,742	3012,33
430,959	2899,67
431,175	2873,67
431,392	2880
431,609	2786,33
431,826	2720
432,042	2619
432,259	2772,33
432,476	2763
432,692	2775
432,909	2664,33
433,125	2812,33
433,342	2887
433,559	2914,33
433,775	2829,67
433,992	2813
434,208	2765
434,425	2833
434,641	2895,33
434,858	2905,33
435,074	2803,33
435,291	2709
435,507	2729,33
435,723	2757,67
435,94	2794,67
436,156	2863,33
436,373	2876
436,589	2873
436,805	2826
437,022	2793
437,238	2758,67
437,454	2747,67
437,671	2787,67
437,887	2790,67
438,103	2785,67
438,319	2808,67
438,536	2843,67
438,752	2855
438,968	2826,67
439,184	2780,33
439,4	2734
439,616	2758,33
439,833	2749
440,049	2832,67
440,265	2804
440,481	2914,33
440,697	2919,33
440,913	2964
441,129	2962,67
441,345	2970
441,561	2952
441,777	2914,67
441,993	2926
442,209	2979,33
442,425	2968,33
442,641	2939,67
442,857	2906,33
443,073	2924,33
443,289	2950
443,505	2955,67
443,721	2938
443,937	2914,67
444,152	2886,67
444,368	2868,67
444,584	2903,33
444,8	2879,33
445,016	2864,33
445,231	2832,67
445,447	2848,67
445,663	2842
445,879	2881,67
446,094	2944,33
446,31	2989,67
446,526	2935,67
446,742	2847,67
446,957	2848,33
447,173	2862,33
447,388	2921,33
447,604	2886,67
447,82	2878,67
448,035	2799,67
448,251	2756,67
448,466	2707
448,682	2712,67
448,897	2757,67
449,113	2810
449,328	2823,33
449,544	2870,33
449,759	2826,33
449,975	2785
450,19	2689,33
450,406	2656,67
450,621	2680,67
450,836	2705
451,052	2679,67
451,267	2696,33
451,483	2673,67
451,698	2725,67
451,913	2729,33
452,129	2628,33
452,344	2655,67
452,559	2645
452,774	2775
452,99	2757,33
453,205	2783,33
453,42	2782,67
453,635	2715,33
453,85	2682
454,066	2667
454,281	2735,33
454,496	2753,67
454,711	2766
454,926	2742
455,141	2719,33
455,356	2710,67
455,571	2737,33
455,786	2709,33
456,001	2643,67
456,217	2619,67
456,432	2653,67
456,647	2735,67
456,861	2716
457,076	2716,67
457,291	2753,33
457,506	2770,67
457,721	2752
457,936	2697
458,151	2764,67
458,366	2805
458,581	2886
458,796	2827
459,01	2836,67
459,225	2731,67
459,44	2765,67
459,655	2727,33
459,87	2730
460,084	2682,67
460,299	2696,67
460,514	2889,67
460,729	2890,33
460,943	2821,67
461,158	2676,33
461,373	2654,67
461,587	2658,67
461,802	2679,33
462,016	2680
462,231	2731
462,446	2657,67
462,66	2664,67
462,875	2685,67
463,089	2705,33
463,304	2720
463,518	2709,67
463,733	2759,33
463,947	2760,67
464,162	2802
464,376	2852,33
464,591	2871,33
464,805	2894,33
465,02	2872,67
465,234	2960,67
465,448	2969,33
465,663	2971
465,877	2861,33
466,091	2909
466,306	2926,67
466,52	2935,67
466,734	2811,67
466,949	2743,33
467,163	2720
467,377	2747
467,591	2816,33
467,806	2837
468,02	2712,33
468,234	2648,67
468,448	2651,33
468,662	2783,67
468,876	2694,67
469,091	2676,67
469,305	2567
469,519	2538
469,733	2487
469,947	2563,33
470,161	2602,67
470,375	2654
470,589	2635,33
470,803	2618,67
471,017	2596
471,231	2536,67
471,445	2576
471,659	2586,67
471,873	2590,33
472,087	2632,33
472,301	2602,33
472,515	2623,67
472,728	2586,67
472,942	2630,33
473,156	2685,33
473,37	2676,67
473,584	2695,67
473,798	2688
474,011	2700,33
474,225	2731
474,439	2746
474,653	2775
474,866	2787,33
475,08	2779,33
475,294	2742,67
475,507	2698,33
475,721	2693,67
475,935	2714
476,148	2645
476,362	2616,33
476,576	2568
476,789	2643,33
477,003	2671
477,216	2718,33
477,43	2735
477,643	2806
477,857	2895,67
478,07	2888,33
478,284	2817,33
478,497	2743
478,711	2733,67
478,924	2751,33
479,138	2733,67
479,351	2716,67
479,564	2740,33
479,778	2773,67
479,991	2811,67
480,204	2835,67
480,418	2846
480,631	2886
480,844	2868,33
481,058	2913
481,271	2943,33
481,484	2966,33
481,697	2959,67
481,911	2928
482,124	2917
482,337	2877,67
482,55	2820,33
482,763	2846
482,976	2860
483,19	2904,67
483,403	2921,67
483,616	2995
483,829	2934,33
484,042	2994
484,255	3013,33
484,468	3114
484,681	3086,33
484,894	3427
485,107	4314
485,32	5568,67
485,533	6411,33
485,746	6480
485,959	5933,33
486,172	5149
486,385	4493,33
486,598	3927
486,81	3518,67
487,023	3336,67
487,236	3211
487,449	3177,33
487,662	3022
487,875	3029
488,087	3043,67
488,3	3030,67
488,513	2891
488,726	2920,67
488,938	2979
489,151	3023
489,364	2963,67
489,576	2928
489,789	2975,67
490,002	2980,33
490,214	2909,67
490,427	2897,67
490,64	2906
490,852	2956,33
491,065	2937
491,277	2949,33
491,49	2913
491,702	2916,67
491,915	2907
492,127	2992
492,34	2986
492,552	3026,33
492,765	3169,67
492,977	3198,67
493,19	3181,67
493,402	3024
493,614	3012
493,827	2999,67
494,039	2989
494,251	2951,33
494,464	2926,33
494,676	2885,67
494,888	2852
495,101	2856,33
495,313	2899,67
495,525	2961,33
495,737	3008,33
495,95	3091,33
496,162	3154,33
496,374	3132,67
496,586	3106,33
496,798	3012,67
497,01	2971,33
497,222	2880,67
497,435	2870,67
497,647	2875,67
497,859	2904,67
498,071	2940
498,283	2937
498,495	3047
498,707	3047
498,919	3147,67
499,131	3086,67
499,343	3144,67
499,555	3170,33
499,767	3151,67
499,979	3157,67
500,191	3058,33
500,402	3111,33
500,614	3160
500,826	3200,33
501,038	3225,67
501,25	3143
501,462	3175,67
501,673	3133,33
501,885	3210,67
502,097	3233,33
502,309	3302,33
502,521	3264,33
502,732	3239,67
502,944	3170,33
503,156	3183,33
503,367	3124,67
503,579	3117,67
503,791	3126,67
504,002	3185,67
504,214	3270,67
504,425	3363,33
504,637	3349,33
504,849	3301,33
505,06	3201,67
505,272	3193
505,483	3164,33
505,695	3038,33
505,906	3047,33
506,118	3044
506,329	3153,67
506,541	3157,33
506,752	3121
506,963	3041
507,175	3059,33
507,386	3165,67
507,598	3185,67
507,809	3154,67
508,02	3139,67
508,232	3167,67
508,443	3196
508,654	3133,67
508,865	3089,33
509,077	3027,67
509,288	3079,67
509,499	3103,33
509,71	3156
509,922	3117
510,133	3217
510,344	3102,33
510,555	3051
510,766	2961
510,977	2997,33
511,188	3003,33
511,4	2988,33
511,611	3011,67
511,822	3028,33
512,033	3166,67
512,244	3173
512,455	3184
512,666	3094
512,877	3093,33
513,088	3137,67
513,299	3106
513,51	3097,67
513,721	3037,67
513,931	3071,33
514,142	3123,67
514,353	3078,67
514,564	3030
514,775	2915,33
514,986	2979
515,196	2955,33
515,407	3023,33
515,618	2982
515,829	3079,67
516,04	3070,33
516,25	3087
516,461	3027
516,672	3027,67
516,882	3028,33
517,093	2993,33
517,304	2924,67
517,514	2944
517,725	2906
517,936	2953,67
518,146	2955
518,357	3010,67
518,567	3161,67
518,778	3153
518,988	3248
519,199	3228,33
519,409	3234,67
519,62	3135
519,83	3008
520,041	2954,33
520,251	2977,33
520,462	2966
520,672	2967
520,882	2902
521,093	3001,33
521,303	2984,33
521,513	3382,33
521,724	3233,67
521,934	3147
522,144	2771,67
522,355	2825,67
522,565	2948,67
522,775	2962,33
522,985	2947,33
523,196	2890,33
523,406	2987,67
523,616	3050,67
523,826	3236,67
524,036	3135
524,246	3070
524,457	2839
524,667	2886,67
524,877	2876,67
525,087	3005,33
525,297	3015
525,507	3010
525,717	2981
525,927	2920,33
526,137	2971
526,347	2963
526,557	2985,33
526,767	3084,33
526,977	3070
527,187	3023,67
527,397	2874,33
527,607	2879
527,816	2967
528,026	3019,33
528,236	3117
528,446	3177,33
528,656	3308,33
528,865	3274
529,075	3203,67
529,285	3110,67
529,495	3141,33
529,704	3096,33
529,914	3057
530,124	2968,67
530,334	2945,67
530,543	3010
530,753	3205,33
530,963	3215,33
531,172	3079,33
531,382	2985
531,591	2973,33
531,801	3032,67
532,01	2957,67
532,22	2980
532,43	3142,67
532,639	3190
532,849	3262
533,058	3253,33
533,267	3209,67
533,477	3191,33
533,686	3099,33
533,896	3114,67
534,105	3116,67
534,315	3122,33
534,524	3119
534,733	3138,67
534,943	3140
535,152	3108
535,361	3030
535,57	2947
535,78	2905,67
535,989	2889,33
536,198	2842,33
536,407	2845,67
536,617	2840
536,826	2843,67
537,035	2854,33
537,244	2824,67
537,453	2921
537,662	3031,33
537,872	3106
538,081	3051,67
538,29	2901
538,499	2935,33
538,708	2967
538,917	3058
539,126	3044,67
539,335	3271
539,544	3221,33
539,753	3190,67
539,962	2949,33
540,171	3048
540,38	3046,67
540,589	3129,33
540,797	3178,67
541,006	3202,33
541,215	3178
541,424	3102
541,633	3098
541,842	3156,33
542,05	3164
542,259	3187
542,468	3139,33
542,677	3140,67
542,885	3174,67
543,094	3095,33
543,303	3115
543,512	3125
543,72	3226,33
543,929	3230,67
544,138	3190
544,346	3155,67
544,555	3174,33
544,763	3159,67
544,972	3074
545,18	2979,67
545,389	2936
545,598	2975,33
545,806	2967,67
546,015	2966,67
546,223	2971,33
546,431	2942
546,64	2971,33
546,848	3021
547,057	3075,67
547,265	3108,67
547,474	3144
547,682	3254,67
547,89	3264
548,099	3037,33
548,307	2964,33
548,515	2935,67
548,723	3034,33
548,932	2938,33
549,14	2898
549,348	2909,67
549,556	2954,33
549,765	2907,67
549,973	2904
550,181	2859,33
550,389	2879
550,597	2848,67
550,805	2868
551,014	3729,67
551,222	3721,33
551,43	3753,33
551,638	3012,67
551,846	3143,33
552,054	3199,67
552,262	3095,67
552,47	2995,33
552,678	2874,67
552,886	2818
553,094	2811
553,302	2849,33
553,51	2939,67
553,717	2856,67
553,925	2918,33
554,133	2804
554,341	2873,33
554,549	2752,67
554,757	2828,33
554,965	2852,67
555,172	3018
555,38	2993,67
555,588	2974,67
555,796	2940
556,003	2908,67
556,211	2879
556,419	2762,67
556,626	2742
556,834	2800,33
557,042	2768,67
557,249	2780,67
557,457	2637,67
557,664	2612,33
557,872	2550
558,08	2594,67
558,287	2530,67
558,495	2498,33
558,702	2490,67
558,91	2531,67
559,117	2607,33
559,325	2636,33
559,532	2706,67
559,74	2712
559,947	2752
560,154	2742,33
560,362	2774,67
560,569	2724,33
560,776	2729
560,984	2716,67
561,191	2703,67
561,398	2784,33
561,606	2733
561,813	2648,67
562,02	2433,67
562,227	2389
562,435	2448,67
562,642	2534,67
562,849	2559
563,056	2549,33
563,263	2591
563,471	2632
563,678	2639,33
563,885	2602,33
564,092	2607,33
564,299	2648
564,506	2716
564,713	2682,33
564,92	2672
565,127	2588
565,334	2751
565,541	2715,67
565,748	2694,67
565,955	2559,33
566,162	2588
566,369	2668
566,576	2742,33
566,783	2813
566,99	2829,33
567,196	2827,33
567,403	2888
567,61	2905
567,817	2940,67
568,024	2930
568,23	2959,67
568,437	2994,33
568,644	3051
568,851	3254,67
569,057	3430
569,264	3563,33
569,471	3584,67
569,677	3598,33
569,884	3597,67
570,091	3878,33
570,297	3906
570,504	3968,33
570,71	3726,33
570,917	3680,33
571,123	3653,33
571,33	3685,67
571,536	3842
571,743	3778,33
571,949	3564,33
572,156	3316
572,362	3178
572,569	3292,67
572,775	3497,33
572,982	3738
573,188	3755,33
573,394	3677,67
573,601	3649
573,807	3807
574,013	3824,67
574,22	3807,67
574,426	3713,33
574,632	3679,67
574,838	3614,33
575,045	3461
575,251	3309
575,457	3188,33
575,663	3216,33
575,869	3270
576,076	3437,33
576,282	3544
576,488	3645,67
576,694	3574,33
576,9	3581
577,106	3744
577,312	4120
577,518	4305
577,724	4216
577,93	3894,67
578,136	3581
578,342	3381
578,548	3196,33
578,754	3074
578,96	3065,67
579,166	3293,67
579,372	3434,33
579,578	3534,33
579,784	3535
579,989	3479,33
580,195	3370,67
580,401	3244
580,607	3456
580,813	3934,33
581,018	4458
581,224	4684,67
581,43	4593,67
581,636	4436,67
581,841	4230,67
582,047	3991,33
582,253	3636
582,458	3275
582,664	3072,33
582,869	2864,33
583,075	2905,67
583,281	2792
583,486	2819
583,692	2855,33
583,897	2996,67
584,103	3099,33
584,308	3187,67
584,514	3363,33
584,719	3505
584,925	3506,67
585,13	3383
585,335	3244
585,541	3086,33
585,746	2914
585,952	2778,33
586,157	2688,33
586,362	2689
586,568	2844,33
586,773	2964,33
586,978	3040
587,183	2986
587,389	2908,33
587,594	2822
587,799	2739,67
588,004	2731,67
588,21	2641,33
588,415	2556,33
588,62	2438,67
588,825	2387
589,03	2481,67
589,235	2528,67
589,44	2517,33
589,645	2399,67
589,85	2391,33
590,055	2398
590,26	2341,67
590,465	2256
590,67	2218
590,875	2224,33
591,08	2227
591,285	2212,33
591,49	2189
591,695	2156,67
591,9	2173,33
592,105	2247,33
592,31	2483,67
592,515	2554,33
592,719	2534,67
592,924	2363,33
593,129	2355,33
593,334	2247,67
593,539	2238
593,743	2124,67
593,948	2116
594,153	2108,67
594,357	2129
594,562	2328,67
594,767	2227,67
594,971	2224
595,176	2091,67
595,381	2116,33
595,585	2149
595,79	2009
595,994	2109,67
596,199	1958,33
596,403	1991
596,608	1891,33
596,812	2025,67
597,017	2179
597,221	2180,33
597,426	2130,33
597,63	1943,67
597,835	1876,67
598,039	1860,67
598,243	2058
598,448	2172,67
598,652	2150,67
598,856	2078,67
599,061	2043,33
599,265	2072
599,469	2056,67
599,673	2090,67
599,878	2104,67
600,082	2069
600,286	2014,33
600,49	1993
600,695	1985,67
600,899	1997,33
601,103	2024
601,307	2019,67
601,511	1947,33
601,715	1867,67
601,919	1894,67
602,123	1922,33
602,327	1983,67
602,531	2005,33
602,735	2061
602,939	2056
603,143	2044,33
603,347	1991,67
603,551	1997,33
603,755	1955
603,959	2010,67
604,163	1980,33
604,367	1940
604,571	1924
604,775	1963,67
604,978	1966,33
605,182	1967,67
605,386	1991,67
605,59	1981
605,793	1962,33
605,997	1950,33
606,201	1980,33
606,405	1980,67
606,608	1941,33
606,812	1986
607,016	1949,33
607,219	1926
607,423	1885,33
607,627	1938
607,83	1928,67
608,034	1862,33
608,237	1766
608,441	1831
608,644	1926
608,848	1951,67
609,051	1877,33
609,255	1868
609,458	1848,67
609,662	1911
609,865	1854,67
610,069	1839,67
610,272	1772
610,475	1768,67
610,679	1781,33
610,882	1799,67
611,085	1859,33
611,289	1896
611,492	1872,33
611,695	1797,33
611,898	1781,33
612,102	1803,67
612,305	1827
612,508	1856,67
612,711	1825,33
612,914	1848,67
613,118	1831,33
613,321	1853,67
613,524	1811,67
613,727	1766,33
613,93	1755,33
614,133	1748,33
614,336	1745,67
614,539	1734,67
614,742	1763
614,945	1836
615,148	1873,33
615,351	1905
615,554	1845,33
615,757	1797,33
615,96	1784,33
616,163	1819
616,366	1842,67
616,569	1875,67
616,772	1853
616,974	1920,33
617,177	1842,67
617,38	1855,67
617,583	1795,67
617,786	1744,67
617,988	1738
618,191	1763,33
618,394	1815
618,596	1756,67
618,799	1728
619,002	1755
619,204	1788,33
619,407	1769,67
619,61	1735
619,812	1731
620,015	1796
620,217	1800,67
620,42	1798,33
620,623	1743,33
620,825	1783,67
621,028	1888,67
621,23	1896,33
621,432	1923,33
621,635	1842,67
621,837	1818
622,04	1697,33
622,242	1690,67
622,445	1735
622,647	1831,67
622,849	1789,33
623,052	1799,33
623,254	1734
623,456	1825
623,658	1826,33
623,861	1831,67
624,063	1807,67
624,265	1884,67
624,467	1827,67
624,67	1835,67
624,872	1836,33
625,074	1950
625,276	1935,33
625,478	1780,67
625,68	1708
625,882	1664,67
626,084	1759
626,287	1828
626,489	1843,33
626,691	1769,33
626,893	1763,67
627,095	1782,33
627,297	1787,33
627,499	1693
627,7	1605,67
627,902	1569,67
628,104	1609
628,306	1644,33
628,508	1689,33
628,71	1716,33
628,912	1855
629,114	1865,33
629,315	1864,33
629,517	1707,67
629,719	1699
629,921	1709,33
630,122	1709,67
630,324	1763,33
630,526	1724,67
630,728	1726
630,929	1618,33
631,131	1712,33
631,332	1804,67
631,534	1867,67
631,736	1763
631,937	1723
632,139	1730
632,34	1787
632,542	1830,33
632,743	1798,67
632,945	1796,67
633,146	1747,33
633,348	1743,33
633,549	1662,67
633,751	1657,67
633,952	1610,33
634,154	1608
634,355	1587,67
634,556	1617,67
634,758	1641
634,959	1702,67
635,16	1693
635,362	1735,33
635,563	1702
635,764	1754,67
635,965	1743,67
636,167	1728
636,368	1716,33
636,569	1744,67
636,77	1697,67
636,971	1710
637,172	1620,67
637,374	1689,33
637,575	1592
637,776	1700
637,977	1677,67
638,178	1727
638,379	1670,33
638,58	1621,33
638,781	1591,33
638,982	1608,67
639,183	1607
639,384	1631
639,585	1566
639,786	1570,67
639,987	1621
640,187	1718,33
640,388	1715
640,589	1654,67
640,79	1585
640,991	1667,33
641,192	1613,67
641,392	1603,67
641,593	1506,67
641,794	1543
641,995	1494,33
642,195	1499,33
642,396	1502,33
642,597	1574,67
642,797	1619,33
642,998	1654,33
643,199	1665,67
643,399	1686
643,6	1646,33
643,8	1614
644,001	1587
644,202	1602,33
644,402	1639
644,603	1581
644,803	1622,67
645,004	1539,33
645,204	1577
645,404	1669,33
645,605	1686,33
645,805	1661,33
646,006	1778,33
646,206	1734,67
646,406	1716,33
646,607	1417,33
646,807	950,33
647,007	464
647,208	-17,67
647,408	-1
647,608	-1
