200,697	1099,67
200,927	-10,33
201,158	-19,33
201,388	4,67
201,618	1460,67
201,849	1317,67
202,079	1323,67
202,309	1286,67
202,539	1549,67
202,77	1440,67
203	1534,67
203,23	1492,67
203,46	1520,67
203,691	1545,67
203,921	1549,67
204,151	1418,67
204,381	1472,67
204,611	1572,67
204,841	1401,67
205,071	1454,67
205,302	1630,67
205,532	1486,67
205,762	3700,67
205,992	1423,67
206,222	1481,67
206,452	1549,67
206,682	1479,67
206,912	1606,67
207,142	1587,67
207,372	1626,67
207,602	1404,67
207,832	1496,67
208,062	1628,67
208,292	1568,67
208,522	1343,67
208,752	1567,67
208,982	1478,67
209,212	1706,67
209,442	1492,67
209,672	1532,67
209,902	1613,67
210,131	1930,67
210,361	1386,67
210,591	1582,67
210,821	1456,67
211,051	1599,67
211,281	1545,67
211,51	1531,67
211,74	1610,67
211,97	1454,67
212,2	1542,67
212,429	1828,67
212,659	1570,67
212,889	1593,67
213,119	1450,67
213,348	1452,67
213,578	1689,67
213,808	1658,67
214,037	1703,67
214,267	1570,67
214,497	1564,67
214,726	1564,67
214,956	1474,67
215,186	1643,67
215,415	1602,67
215,645	1466,67
215,874	1517,67
216,104	1432,67
216,333	1566,67
216,563	1712,67
216,792	1622,67
217,022	1597,67
217,251	1634,67
217,481	1487,67
217,71	1594,67
217,94	1559,67
218,169	1580,67
218,399	1588,67
218,628	1536,67
218,858	1700,67
219,087	1641,67
219,316	1764,67
219,546	1355,67
219,775	1325,67
220,004	1706,67
220,234	1532,67
220,463	1582,67
220,692	1610,67
220,922	1585,67
221,151	1630,67
221,38	1431,67
221,61	1950,67
221,839	1902,67
222,068	1610,67
222,297	1696,67
222,526	1646,67
222,756	1754,67
222,985	1722,67
223,214	1664,67
223,443	1446,67
223,672	2060,67
223,902	1642,67
224,131	1581,67
224,36	1745,67
224,589	1471,67
224,818	1632,67
225,047	1728,67
225,276	1588,67
225,505	1898,67
225,734	1662,67
225,963	1633,67
226,192	1627,67
226,421	1603,67
226,65	1698,67
226,879	1714,67
227,108	1783,67
227,337	1786,67
227,566	1831,67
227,795	1666,67
228,024	1763,67
228,253	1666,67
228,482	1644,67
228,711	1931,67
228,94	1486,67
229,168	1775,67
229,397	1711,67
229,626	1690,67
229,855	1805,67
230,084	1813,67
230,313	1604,67
230,541	1810,67
230,77	1728,67
230,999	1715,67
231,228	2097,67
231,456	1886,67
231,685	1774,67
231,914	1913,67
232,143	1815,67
232,371	1899,67
232,6	1876,67
232,829	1686,67
233,057	1999,67
233,286	1906,67
233,515	1891,67
233,743	1980,67
233,972	1932,67
234,2	2146,67
234,429	1993,67
234,658	2133,67
234,886	1968,67
235,115	2150,67
235,343	2182,67
235,572	2142,67
235,8	2316,67
236,029	2533,67
236,257	2168,67
236,486	2410,67
236,714	2501,67
236,943	2502,67
237,171	2494,67
237,399	2507,67
237,628	2631,67
237,856	2762,67
238,085	2552,67
238,313	2720,67
238,541	2788,67
238,77	2950,67
238,998	2771,67
239,226	2891,67
239,455	2861,67
239,683	3007,67
239,911	2970,67
240,14	3152,67
240,368	2928,67
240,596	3184,67
240,824	3267,67
241,053	3188,67
241,281	3232,67
241,509	3403,67
241,737	3404,67
241,965	3408,67
242,193	3484,67
242,422	3543,67
242,65	3482,67
242,878	3627,67
243,106	3768,67
243,334	3783,67
243,562	3928,67
243,79	3869,67
244,018	3914,67
244,246	3879,67
244,474	4056,67
244,702	3999,67
244,93	4167,67
245,158	4194,67
245,386	4114,67
245,614	4173,67
245,842	4388,67
246,07	4195,67
246,298	4383,67
246,526	4780,67
246,754	4296,67
246,982	4395,67
247,21	4542,67
247,438	4495,67
247,666	4605,67
247,893	4695,67
248,121	4726,67
248,349	4731,67
248,577	4624,67
248,805	4754,67
249,033	4710,67
249,26	4735,67
249,488	4671,67
249,716	4793,67
249,944	5022,67
250,171	4894,67
250,399	4908,67
250,627	5057,67
250,854	4953,67
251,082	4866,67
251,31	4893,67
251,537	4894,67
251,765	5156,67
251,993	4787,67
252,22	5254,67
252,448	5011,67
252,676	5112,67
252,903	5169,67
253,131	5385,67
253,358	5057,67
253,586	5127,67
253,813	4996,67
254,041	5246,67
254,268	5203,67
254,496	5047,67
254,723	5265,67
254,951	5260,67
255,178	5266,67
255,406	5351,67
255,633	5308,67
255,86	5460,67
256,088	5381,67
256,315	5292,67
256,543	5479,67
256,77	5341,67
256,997	5288,67
257,225	5508,67
257,452	5373,67
257,679	5017,67
257,907	5408,67
258,134	5377,67
258,361	5442,67
258,588	5308,67
258,816	5417,67
259,043	5348,67
259,27	5243,67
259,497	5590,67
259,725	5344,67
259,952	5373,67
260,179	5350,67
260,406	5460,67
260,633	5353,67
260,86	5525,67
261,088	5487,67
261,315	5707,67
261,542	5346,67
261,769	5366,67
261,996	5657,67
262,223	5532,67
262,45	5695,67
262,677	5228,67
262,904	5417,67
263,131	5437,67
263,358	5406,67
263,585	5441,67
263,812	5696,67
264,039	5545,67
264,266	5340,67
264,493	5415,67
264,72	5245,67
264,947	5377,67
265,174	5443,67
265,401	5532,67
265,627	5584,67
265,854	5368,67
266,081	5436,67
266,308	5323,67
266,535	5407,67
266,762	5394,67
266,988	5281,67
267,215	5382,67
267,442	5359,67
267,669	5417,67
267,896	5352,67
268,122	5514,67
268,349	5368,67
268,576	5054,67
268,802	5398,67
269,029	5044,67
269,256	5321,67
269,482	5250,67
269,709	5185,67
269,936	5251,67
270,162	5372,67
270,389	5243,67
270,616	5307,67
270,842	5419,67
271,069	5302,67
271,295	5392,67
271,522	5277,67
271,748	5294,67
271,975	5431,67
272,201	5545,67
272,428	5416,67
272,654	5499,67
272,881	5833,67
273,107	5445,67
273,334	5567,67
273,56	5654,67
273,787	5448,67
274,013	5622,67
274,239	5876,67
274,466	5728,67
274,692	5718,67
274,918	5857,67
275,145	5831,67
275,371	5795,67
275,597	6022,67
275,824	5936,67
276,05	6209,67
276,276	6056,67
276,503	5809,67
276,729	6110,67
276,955	5953,67
277,181	6161,67
277,407	6137,67
277,634	6295,67
277,86	6201,67
278,086	6256,67
278,312	6146,67
278,538	6193,67
278,764	6233,67
278,991	6286,67
279,217	6123,67
279,443	6099,67
279,669	6156,67
279,895	6421,67
280,121	6271,67
280,347	6465,67
280,573	6423,67
280,799	6513,67
281,025	6720,67
281,251	6573,67
281,477	6978,67
281,703	6917,67
281,929	6978,67
282,155	6999,67
282,381	7147,67
282,607	7162,67
282,833	7250,67
283,059	7356,67
283,285	7292,67
283,51	7350,67
283,736	7405,67
283,962	7686,67
284,188	7720,67
284,414	7719,67
284,64	7858,67
284,865	7893,67
285,091	7989,67
285,317	8230,67
285,543	8396,67
285,768	8324,67
285,994	8742,67
286,22	8581,67
286,446	8622,67
286,671	8469,67
286,897	8695,67
287,123	8655,67
287,348	8748,67
287,574	9425,67
287,799	8667,67
288,025	9052,67
288,251	9400,67
288,476	9164,67
288,702	9292,67
288,927	9225,67
289,153	9277,67
289,378	9584,67
289,604	9597,67
289,829	9542,67
290,055	9536,67
290,28	9616,67
290,506	9815,67
290,731	9718,67
290,957	9965,67
291,182	9949,67
291,408	9990,67
291,633	9905,67
291,858	9984,67
292,084	9991,67
292,309	10045,67
292,535	9976,67
292,76	10311,67
292,985	10214,67
293,211	10227,67
293,436	10106,67
293,661	10008,67
293,886	10308,67
294,112	10306,67
294,337	10459,67
294,562	10179,67
294,787	10555,67
295,013	10370,67
295,238	10282,67
295,463	9924,67
295,688	10558,67
295,913	10361,67
296,138	10462,67
296,364	10238,67
296,589	10120,67
296,814	10048,67
297,039	10112,67
297,264	10336,67
297,489	10097,67
297,714	10041,67
297,939	9942,67
298,164	10106,67
298,389	10219,67
298,614	10182,67
298,839	10452,67
299,064	10449,67
299,289	10647,67
299,514	10611,67
299,739	10838,67
299,964	10667,67
300,189	10913,67
300,414	10968,67
300,639	11031,67
300,863	10875,67
301,088	11431,67
301,313	11048,67
301,538	10961,67
301,763	11220,67
301,988	11176,67
302,212	11158,67
302,437	11499,67
302,662	11170,67
302,887	11130,67
303,111	11223,67
303,336	11207,67
303,561	11182,67
303,786	11146,67
304,01	11354,67
304,235	11313,67
304,46	11053,67
304,684	11048,67
304,909	11017,67
305,134	10900,67
305,358	10962,67
305,583	10968,67
305,807	10954,67
306,032	10650,67
306,256	10668,67
306,481	10606,67
306,706	10790,67
306,93	10729,67
307,155	11190,67
307,379	11018,67
307,604	11140,67
307,828	11208,67
308,052	11447,67
308,277	11346,67
308,501	11448,67
308,726	11592,67
308,95	11684,67
309,175	11384,67
309,399	11739,67
309,623	11390,67
309,848	11426,67
310,072	11375,67
310,296	11752,67
310,521	11633,67
310,745	11385,67
310,969	11759,67
311,193	11710,67
311,418	11633,67
311,642	11492,67
311,866	11570,67
312,09	11546,67
312,315	11635,67
312,539	11619,67
312,763	11571,67
312,987	11736,67
313,211	11617,67
313,435	11844,67
313,659	11540,67
313,884	11834,67
314,108	11744,67
314,332	11881,67
314,556	11558,67
314,78	11794,67
315,004	11604,67
315,228	11690,67
315,452	11602,67
315,676	11541,67
315,9	11621,67
316,124	11230,67
316,348	11458,67
316,572	11325,67
316,796	11454,67
317,02	11463,67
317,244	11529,67
317,468	11283,67
317,691	11619,67
317,915	11360,67
318,139	11278,67
318,363	11617,67
318,587	11270,67
318,811	11222,67
319,034	11042,67
319,258	11323,67
319,482	11332,67
319,706	11235,67
319,93	11188,67
320,153	11173,67
320,377	11215,67
320,601	11044,67
320,824	11110,67
321,048	11321,67
321,272	11261,67
321,495	11151,67
321,719	11342,67
321,943	11248,67
322,166	11281,67
322,39	11233,67
322,614	11739,67
322,837	11465,67
323,061	11411,67
323,284	11672,67
323,508	11236,67
323,731	11195,67
323,955	11524,67
324,178	11369,67
324,402	11598,67
324,625	11403,67
324,849	11327,67
325,072	11485,67
325,296	11422,67
325,519	11514,67
325,743	11424,67
325,966	11362,67
326,189	11507,67
326,413	11334,67
326,636	11710,67
326,859	11451,67
327,083	11492,67
327,306	11115,67
327,529	11018,67
327,753	10940,67
327,976	11207,67
328,199	11027,67
328,422	10921,67
328,646	11142,67
328,869	10953,67
329,092	11249,67
329,315	11363,67
329,538	11280,67
329,762	11273,67
329,985	11231,67
330,208	11335,67
330,431	11368,67
330,654	11603,67
330,877	11393,67
331,1	11434,67
331,323	11410,67
331,546	11475,67
331,769	11484,67
331,993	11287,67
332,216	11430,67
332,439	11478,67
332,662	11424,67
332,885	11721,67
333,107	11305,67
333,33	11316,67
333,553	11656,67
333,776	11416,67
333,999	11441,67
334,222	11301,67
334,445	11352,67
334,668	10995,67
334,891	11428,67
335,114	11219,67
335,336	11311,67
335,559	11374,67
335,782	11577,67
336,005	11277,67
336,228	11327,67
336,45	11334,67
336,673	11391,67
336,896	11259,67
337,119	11357,67
337,341	11214,67
337,564	11201,67
337,787	11315,67
338,009	11237,67
338,232	11279,67
338,455	11267,67
338,677	11251,67
338,9	11160,67
339,122	11194,67
339,345	11024,67
339,568	11038,67
339,79	11049,67
340,013	11150,67
340,235	11214,67
340,458	11010,67
340,68	11186,67
340,903	10956,67
341,125	10894,67
341,348	10835,67
341,57	10827,67
341,793	11096,67
342,015	10847,67
342,238	10826,67
342,46	10692,67
342,682	10754,67
342,905	10609,67
343,127	10676,67
343,349	10583,67
343,572	10521,67
343,794	10465,67
344,016	10521,67
344,239	10416,67
344,461	10382,67
344,683	10352,67
344,905	10434,67
345,128	10441,67
345,35	10445,67
345,572	10596,67
345,794	10842,67
346,017	10639,67
346,239	10638,67
346,461	10760,67
346,683	10727,67
346,905	10846,67
347,127	10928,67
347,349	10822,67
347,571	10807,67
347,793	10874,67
348,016	10834,67
348,238	10713,67
348,46	10731,67
348,682	10622,67
348,904	10731,67
349,126	10694,67
349,348	10693,67
349,57	10631,67
349,792	10661,67
350,014	10690,67
350,235	10537,67
350,457	10674,67
350,679	10536,67
350,901	10507,67
351,123	10310,67
351,345	10382,67
351,567	10326,67
351,789	10509,67
352,01	10443,67
352,232	10389,67
352,454	10208,67
352,676	10273,67
352,897	9898,67
353,119	9810,67
353,341	9652,67
353,563	9665,67
353,784	9439,67
354,006	9622,67
354,228	9596,67
354,449	9708,67
354,671	9902,67
354,893	10140,67
355,114	10055,67
355,336	10123,67
355,558	10170,67
355,779	10016,67
356,001	10356,67
356,222	10171,67
356,444	9954,67
356,665	10647,67
356,887	10245,67
357,108	10083,67
357,33	10096,67
357,551	10182,67
357,773	10148,67
357,994	10114,67
358,216	9978,67
358,437	10189,67
358,659	10167,67
358,88	10065,67
359,101	10074,67
359,323	10040,67
359,544	9915,67
359,765	9941,67
359,987	9988,67
360,208	9885,67
360,429	9837,67
360,651	9950,67
360,872	10254,67
361,093	9828,67
361,314	9977,67
361,536	9808,67
361,757	9673,67
361,978	9829,67
362,199	9623,67
362,42	9875,67
362,642	9772,67
362,863	9799,67
363,084	9572,67
363,305	9587,67
363,526	9583,67
363,747	9631,67
363,968	9432,67
364,189	9718,67
364,41	9428,67
364,631	9194,67
364,852	9376,67
365,073	9437,67
365,294	9440,67
365,515	9221,67
365,736	9338,67
365,957	9357,67
366,178	9522,67
366,399	9467,67
366,62	9547,67
366,841	9567,67
367,062	9482,67
367,283	9585,67
367,504	9644,67
367,724	9399,67
367,945	9488,67
368,166	9649,67
368,387	9606,67
368,608	9495,67
368,828	9841,67
369,049	9453,67
369,27	9432,67
369,491	9509,67
369,711	9644,67
369,932	9393,67
370,153	9376,67
370,373	9363,67
370,594	9519,67
370,815	9333,67
371,035	9447,67
371,256	9154,67
371,477	9333,67
371,697	9131,67
371,918	9124,67
372,138	9445,67
372,359	9455,67
372,579	9304,67
372,8	9302,67
373,02	9365,67
373,241	9271,67
373,461	9388,67
373,682	9316,67
373,902	9240,67
374,123	8975,67
374,343	9470,67
374,564	9153,67
374,784	9212,67
375,004	9305,67
375,225	9117,67
375,445	9058,67
375,666	9040,67
375,886	8784,67
376,106	8719,67
376,326	8791,67
376,547	9147,67
376,767	9119,67
376,987	9156,67
377,208	9340,67
377,428	9141,67
377,648	9682,67
377,868	9617,67
378,088	9511,67
378,309	9715,67
378,529	9802,67
378,749	9830,67
378,969	9406,67
379,189	10127,67
379,409	9750,67
379,629	9553,67
379,849	9590,67
380,069	9512,67
380,29	9506,67
380,51	9548,67
380,73	9625,67
380,95	9673,67
381,17	9315,67
381,39	9356,67
381,61	9224,67
381,829	9224,67
382,049	9315,67
382,269	9376,67
382,489	9319,67
382,709	9219,67
382,929	9235,67
383,149	9003,67
383,369	9593,67
383,589	9104,67
383,808	9068,67
384,028	9085,67
384,248	9328,67
384,468	9136,67
384,688	9106,67
384,907	9216,67
385,127	9209,67
385,347	9260,67
385,567	9308,67
385,786	9502,67
386,006	9317,67
386,226	9624,67
386,445	9606,67
386,665	9744,67
386,885	9866,67
387,104	9646,67
387,324	9716,67
387,543	9872,67
387,763	9997,67
387,982	10096,67
388,202	10138,67
388,422	10163,67
388,641	10079,67
388,861	9956,67
389,08	9847,67
389,3	9619,67
389,519	9871,67
389,738	9745,67
389,958	9687,67
390,177	9712,67
390,397	9712,67
390,616	9804,67
390,836	9944,67
391,055	9986,67
391,274	9936,67
391,494	10019,67
391,713	10164,67
391,932	10450,67
392,151	10401,67
392,371	10498,67
392,59	10633,67
392,809	10628,67
393,029	10469,67
393,248	10251,67
393,467	9743,67
393,686	9735,67
393,905	10618,67
394,124	9592,67
394,344	9766,67
394,563	9816,67
394,782	9725,67
395,001	9847,67
395,22	9799,67
395,439	9849,67
395,658	9731,67
395,877	9905,67
396,096	9867,67
396,315	10182,67
396,534	10107,67
396,753	10302,67
396,972	10320,67
397,191	10657,67
397,41	10607,67
397,629	10558,67
397,848	10916,67
398,067	11140,67
398,286	11000,67
398,505	10885,67
398,724	11097,67
398,943	11220,67
399,161	10299,67
399,38	10468,67
399,599	10250,67
399,818	10175,67
400,037	10202,67
400,255	10136,67
400,474	9889,67
400,693	10153,67
400,912	10298,67
401,13	9950,67
401,349	9752,67
401,568	9768,67
401,786	9861,67
402,005	9813,67
402,224	9569,67
402,442	9726,67
402,661	9742,67
402,88	9580,67
403,098	9551,67
403,317	9549,67
403,535	9672,67
403,754	9706,67
403,972	9715,67
404,191	9885,67
404,409	9856,67
404,628	10481,67
404,846	9942,67
405,065	10099,67
405,283	10160,67
405,502	10092,67
405,72	9843,67
405,938	9744,67
406,157	9638,67
406,375	9324,67
406,594	9480,67
406,812	9328,67
407,03	9381,67
407,249	9199,67
407,467	9447,67
407,685	9578,67
407,903	9515,67
408,122	9744,67
408,34	9698,67
408,558	9698,67
408,776	9738,67
408,995	9692,67
409,213	9604,67
409,431	9784,67
409,649	9772,67
409,867	9536,67
410,085	9562,67
410,303	9395,67
410,522	9086,67
410,74	9320,67
410,958	9101,67
411,176	9344,67
411,394	9264,67
411,612	9177,67
411,83	9677,67
412,048	9556,67
412,266	9516,67
412,484	9613,67
412,702	9854,67
412,92	9524,67
413,138	9615,67
413,356	9383,67
413,573	9414,67
413,791	9699,67
414,009	9195,67
414,227	9243,67
414,445	8961,67
414,663	8982,67
414,881	8976,67
415,098	8845,67
415,316	9016,67
415,534	9341,67
415,752	9045,67
415,969	9480,67
416,187	9113,67
416,405	9114,67
416,623	9169,67
416,84	9067,67
417,058	9125,67
417,276	9086,67
417,493	9190,67
417,711	9034,67
417,928	9130,67
418,146	9226,67
418,364	9228,67
418,581	9161,67
418,799	9184,67
419,016	9150,67
419,234	9164,67
419,451	9715,67
419,669	9296,67
419,886	9498,67
420,104	9466,67
420,321	9481,67
420,539	9710,67
420,756	10102,67
420,974	10162,67
421,191	10192,67
421,408	10353,67
421,626	10473,67
421,843	10308,67
422,06	10152,67
422,278	9920,67
422,495	9926,67
422,712	9791,67
422,93	9791,67
423,147	9756,67
423,364	9635,67
423,581	9703,67
423,799	9549,67
424,016	9536,67
424,233	9401,67
424,45	9489,67
424,667	9577,67
424,884	9314,67
425,102	9780,67
425,319	9304,67
425,536	9204,67
425,753	9299,67
425,97	9063,67
426,187	9105,67
426,404	8967,67
426,621	9447,67
426,838	9640,67
427,055	9648,67
427,272	9691,67
427,489	9786,67
427,706	9581,67
427,923	9485,67
428,14	9426,67
428,357	9662,67
428,574	9488,67
428,791	9722,67
429,008	9590,67
429,224	10362,67
429,441	10412,67
429,658	10682,67
429,875	11111,67
430,092	11012,67
430,308	10987,67
430,525	10549,67
430,742	10288,67
430,959	10116,67
431,175	9775,67
431,392	9337,67
431,609	9125,67
431,826	8943,67
432,042	8818,67
432,259	8630,67
432,476	8880,67
432,692	8778,67
432,909	8997,67
433,125	9401,67
433,342	9886,67
433,559	9987,67
433,775	9884,67
433,992	9942,67
434,208	9289,67
434,425	9224,67
434,641	9162,67
434,858	9228,67
435,074	9146,67
435,291	9114,67
435,507	9036,67
435,723	9129,67
435,94	9168,67
436,156	9266,67
436,373	9489,67
436,589	9259,67
436,805	9410,67
437,022	9086,67
437,238	8886,67
437,454	8934,67
437,671	9011,67
437,887	9070,67
438,103	9035,67
438,319	9263,67
438,536	9275,67
438,752	9251,67
438,968	9216,67
439,184	9004,67
439,4	8831,67
439,616	8744,67
439,833	8857,67
440,049	8621,67
440,265	8976,67
440,481	9215,67
440,697	9615,67
440,913	9943,67
441,129	10069,67
441,345	10332,67
441,561	10249,67
441,777	9874,67
441,993	9868,67
442,209	9413,67
442,425	9598,67
442,641	9524,67
442,857	9494,67
443,073	9858,67
443,289	9790,67
443,505	9711,67
443,721	9854,67
443,937	9618,67
444,152	9349,67
444,368	9581,67
444,584	9453,67
444,8	9525,67
445,016	9436,67
445,231	9166,67
445,447	9285,67
445,663	9183,67
445,879	9178,67
446,094	9365,67
446,31	9322,67
446,526	9326,67
446,742	9204,67
446,957	8887,67
447,173	8925,67
447,388	8982,67
447,604	9053,67
447,82	8829,67
448,035	8921,67
448,251	8886,67
448,466	8867,67
448,682	8834,67
448,897	8721,67
449,113	8986,67
449,328	9036,67
449,544	8721,67
449,759	9073,67
449,975	8692,67
450,19	8724,67
450,406	8726,67
450,621	8453,67
450,836	8465,67
451,052	8217,67
451,267	8403,67
451,483	8415,67
451,698	8163,67
451,913	8501,67
452,129	8297,67
452,344	8180,67
452,559	8420,67
452,774	8167,67
452,99	7972,67
453,205	7950,67
453,42	8032,67
453,635	8000,67
453,85	7801,67
454,066	8011,67
454,281	7907,67
454,496	7978,67
454,711	8097,67
454,926	8193,67
455,141	8065,67
455,356	8070,67
455,571	7922,67
455,786	7963,67
456,001	7522,67
456,217	7573,67
456,432	7764,67
456,647	7766,67
456,861	7940,67
457,076	7954,67
457,291	8149,67
457,506	8180,67
457,721	8187,67
457,936	8331,67
458,151	8227,67
458,366	8338,67
458,581	8082,67
458,796	8431,67
459,01	8256,67
459,225	8296,67
459,44	8121,67
459,655	8136,67
459,87	7988,67
460,084	7964,67
460,299	7959,67
460,514	7946,67
460,729	8411,67
460,943	7882,67
461,158	7484,67
461,373	7656,67
461,587	7343,67
461,802	7063,67
462,016	7332,67
462,231	6955,67
462,446	7157,67
462,66	7059,67
462,875	7248,67
463,089	7479,67
463,304	7508,67
463,518	7661,67
463,733	7826,67
463,947	7696,67
464,162	7755,67
464,376	7984,67
464,591	8086,67
464,805	7666,67
465,02	8252,67
465,234	8126,67
465,448	8367,67
465,663	8244,67
465,877	7957,67
466,091	7663,67
466,306	7721,67
466,52	7553,67
466,734	7177,67
466,949	7014,67
467,163	7016,67
467,377	6947,67
467,591	7196,67
467,806	6995,67
468,02	6955,67
468,234	6734,67
468,448	6827,67
468,662	6731,67
468,876	6713,67
469,091	6419,67
469,305	6422,67
469,519	6152,67
469,733	6080,67
469,947	6218,67
470,161	6519,67
470,375	5993,67
470,589	6162,67
470,803	5982,67
471,017	6267,67
471,231	6100,67
471,445	6087,67
471,659	6290,67
471,873	6232,67
472,087	6116,67
472,301	6441,67
472,515	6478,67
472,728	6290,67
472,942	6528,67
473,156	6633,67
473,37	6635,67
473,584	6382,67
473,798	6365,67
474,011	6675,67
474,225	6353,67
474,439	6596,67
474,653	6781,67
474,866	6735,67
475,08	6890,67
475,294	6814,67
475,507	6549,67
475,721	6617,67
475,935	6564,67
476,148	6451,67
476,362	6344,67
476,576	6320,67
476,789	6230,67
477,003	6281,67
477,216	6311,67
477,43	6635,67
477,643	6794,67
477,857	6765,67
478,07	6731,67
478,284	6596,67
478,497	6450,67
478,711	6419,67
478,924	6340,67
479,138	6426,67
479,351	6555,67
479,564	6482,67
479,778	6978,67
479,991	6924,67
480,204	6798,67
480,418	6899,67
480,631	6699,67
480,844	6803,67
481,058	6714,67
481,271	6943,67
481,484	6924,67
481,697	6855,67
481,911	6810,67
482,124	6749,67
482,337	6640,67
482,55	6248,67
482,763	6391,67
482,976	6520,67
483,19	6532,67
483,403	6604,67
483,616	6884,67
483,829	6998,67
484,042	7075,67
484,255	7116,67
484,468	7248,67
484,681	7200,67
484,894	7619,67
485,107	10471,67
485,32	16842,67
485,533	20861,67
485,746	19540,67
485,959	17054,67
486,172	14948,67
486,385	12042,67
486,598	9867,67
486,81	8296,67
487,023	7464,67
487,236	7332,67
487,449	6913,67
487,662	6553,67
487,875	6302,67
488,087	6316,67
488,3	6264,67
488,513	5977,67
488,726	6013,67
488,938	6201,67
489,151	6212,67
489,364	6222,67
489,576	6222,67
489,789	6252,67
490,002	6107,67
490,214	6092,67
490,427	5858,67
490,64	6127,67
490,852	6151,67
491,065	6010,67
491,277	5952,67
491,49	5726,67
491,702	5738,67
491,915	5705,67
492,127	5964,67
492,34	5890,67
492,552	5801,67
492,765	6054,67
492,977	6203,67
493,19	5956,67
493,402	5959,67
493,614	5891,67
493,827	5910,67
494,039	5919,67
494,251	5861,67
494,464	5911,67
494,676	5583,67
494,888	5620,67
495,101	5425,67
495,313	5818,67
495,525	5691,67
495,737	6098,67
495,95	6200,67
496,162	6251,67
496,374	6112,67
496,586	5888,67
496,798	5895,67
497,01	5612,67
497,222	5323,67
497,435	5444,67
497,647	5218,67
497,859	5327,67
498,071	5387,67
498,283	5633,67
498,495	5581,67
498,707	5860,67
498,919	5602,67
499,131	5901,67
499,343	5643,67
499,555	5621,67
499,767	5784,67
499,979	5492,67
500,191	5392,67
500,402	5328,67
500,614	5337,67
500,826	5656,67
501,038	5694,67
501,25	5756,67
501,462	5514,67
501,673	5700,67
501,885	5705,67
502,097	5872,67
502,309	5642,67
502,521	5716,67
502,732	5654,67
502,944	5680,67
503,156	5583,67
503,367	5519,67
503,579	5389,67
503,791	5466,67
504,002	5466,67
504,214	5318,67
504,425	5611,67
504,637	5554,67
504,849	5395,67
505,06	5473,67
505,272	5206,67
505,483	5142,67
505,695	5288,67
505,906	5164,67
506,118	5384,67
506,329	5277,67
506,541	5198,67
506,752	5113,67
506,963	4924,67
507,175	4740,67
507,386	5181,67
507,598	5115,67
507,809	4978,67
508,02	5024,67
508,232	5155,67
508,443	4942,67
508,654	5123,67
508,865	4914,67
509,077	4738,67
509,288	4826,67
509,499	5269,67
509,71	4729,67
509,922	4928,67
510,133	4786,67
510,344	4943,67
510,555	4756,67
510,766	4687,67
510,977	4668,67
511,188	4598,67
511,4	4599,67
511,611	4593,67
511,822	4621,67
512,033	4515,67
512,244	4490,67
512,455	4522,67
512,666	4574,67
512,877	4526,67
513,088	4501,67
513,299	4409,67
513,51	4456,67
513,721	4430,67
513,931	4347,67
514,142	4499,67
514,353	4339,67
514,564	4247,67
514,775	4215,67
514,986	4335,67
515,196	4418,67
515,407	4280,67
515,618	4366,67
515,829	4318,67
516,04	4379,67
516,25	4331,67
516,461	4345,67
516,672	4402,67
516,882	4227,67
517,093	4324,67
517,304	4082,67
517,514	4084,67
517,725	4186,67
517,936	4178,67
518,146	4076,67
518,357	4064,67
518,567	4245,67
518,778	4555,67
518,988	4368,67
519,199	4664,67
519,409	4130,67
519,62	4209,67
519,83	4034,67
520,041	4052,67
520,251	3955,67
520,462	4054,67
520,672	4000,67
520,882	4020,67
521,093	4268,67
521,303	4136,67
521,513	3925,67
521,724	5084,67
521,934	3814,67
522,144	3972,67
522,355	3978,67
522,565	3936,67
522,775	3935,67
522,985	3894,67
523,196	3908,67
523,406	3888,67
523,616	4170,67
523,826	4045,67
524,036	4885,67
524,246	3880,67
524,457	3834,67
524,667	3702,67
524,877	3770,67
525,087	3862,67
525,297	3975,67
525,507	3870,67
525,717	3810,67
525,927	3872,67
526,137	3651,67
526,347	3883,67
526,557	4159,67
526,767	3840,67
526,977	4204,67
527,187	3828,67
527,397	3685,67
527,607	3690,67
527,816	3751,67
528,026	3755,67
528,236	3949,67
528,446	4102,67
528,656	4104,67
528,865	4185,67
529,075	3988,67
529,285	3900,67
529,495	3845,67
529,704	3746,67
529,914	3763,67
530,124	3798,67
530,334	3605,67
530,543	3709,67
530,753	3884,67
530,963	4030,67
531,172	3680,67
531,382	3608,67
531,591	3871,67
531,801	3585,67
532,01	3648,67
532,22	3585,67
532,43	3746,67
532,639	4091,67
532,849	3937,67
533,058	3945,67
533,267	4057,67
533,477	3854,67
533,686	3792,67
533,896	3763,67
534,105	3799,67
534,315	3904,67
534,524	3797,67
534,733	3647,67
534,943	3867,67
535,152	3881,67
535,361	3482,67
535,57	3491,67
535,78	3461,67
535,989	3426,67
536,198	3405,67
536,407	3289,67
536,617	3379,67
536,826	3383,67
537,035	3441,67
537,244	3456,67
537,453	3346,67
537,662	3537,67
537,872	3795,67
538,081	3492,67
538,29	3655,67
538,499	3642,67
538,708	3423,67
538,917	3594,67
539,126	3712,67
539,335	3614,67
539,544	4049,67
539,753	3463,67
539,962	3509,67
540,171	3402,67
540,38	3731,67
540,589	3513,67
540,797	3753,67
541,006	3597,67
541,215	3473,67
541,424	3645,67
541,633	3588,67
541,842	3564,67
542,05	3858,67
542,259	3623,67
542,468	3634,67
542,677	3673,67
542,885	3580,67
543,094	3682,67
543,303	3533,67
543,512	3713,67
543,72	3702,67
543,929	3923,67
544,138	3711,67
544,346	3678,67
544,555	3962,67
544,763	3762,67
544,972	3570,67
545,18	3415,67
545,389	3500,67
545,598	3260,67
545,806	3465,67
546,015	3358,67
546,223	3302,67
546,431	3442,67
546,64	3367,67
546,848	3552,67
547,057	3327,67
547,265	3537,67
547,474	3686,67
547,682	3741,67
547,89	3911,67
548,099	3736,67
548,307	3515,67
548,515	3606,67
548,723	3511,67
548,932	3318,67
549,14	3305,67
549,348	3433,67
549,556	3314,67
549,765	3291,67
549,973	3148,67
550,181	3406,67
550,389	3363,67
550,597	3290,67
550,805	3039,67
551,014	3273,67
551,222	6342,67
551,43	3233,67
551,638	3586,67
551,846	3774,67
552,054	3790,67
552,262	3567,67
552,47	3367,67
552,678	3236,67
552,886	3237,67
553,094	3314,67
553,302	3232,67
553,51	3400,67
553,717	3370,67
553,925	3144,67
554,133	3416,67
554,341	2946,67
554,549	3183,67
554,757	3197,67
554,965	3278,67
555,172	3306,67
555,38	3614,67
555,588	3254,67
555,796	3562,67
556,003	3480,67
556,211	3185,67
556,419	3164,67
556,626	3240,67
556,834	2951,67
557,042	3002,67
557,249	3040,67
557,457	3028,67
557,664	2930,67
557,872	3022,67
558,08	2903,67
558,287	2934,67
558,495	2997,67
558,702	2771,67
558,91	2873,67
559,117	2882,67
559,325	2884,67
559,532	2914,67
559,74	3229,67
559,947	3066,67
560,154	3218,67
560,362	3131,67
560,569	3098,67
560,776	3112,67
560,984	2925,67
561,191	3019,67
561,398	2897,67
561,606	3275,67
561,813	3005,67
562,02	2588,67
562,227	2662,67
562,435	2790,67
562,642	2934,67
562,849	2880,67
563,056	2885,67
563,263	2849,67
563,471	3024,67
563,678	3036,67
563,885	2844,67
564,092	2978,67
564,299	3011,67
564,506	2867,67
564,713	2877,67
564,92	2930,67
565,127	2948,67
565,334	2823,67
565,541	3154,67
565,748	2940,67
565,955	2831,67
566,162	2851,67
566,369	3006,67
566,576	3118,67
566,783	3143,67
566,99	3198,67
567,196	3404,67
567,403	3184,67
567,61	3339,67
567,817	3219,67
568,024	3330,67
568,23	3424,67
568,437	3489,67
568,644	3426,67
568,851	3598,67
569,057	4157,67
569,264	4299,67
569,471	3933,67
569,677	4466,67
569,884	3899,67
570,091	4068,67
570,297	5013,67
570,504	4169,67
570,71	4409,67
570,917	4308,67
571,123	4187,67
571,33	4352,67
571,536	4457,67
571,743	4672,67
571,949	4004,67
572,156	3722,67
572,362	3650,67
572,569	3517,67
572,775	4133,67
572,982	4425,67
573,188	4534,67
573,394	4406,67
573,601	4248,67
573,807	4377,67
574,013	4918,67
574,22	4558,67
574,426	4257,67
574,632	4397,67
574,838	4294,67
575,045	4026,67
575,251	3716,67
575,457	3761,67
575,663	3794,67
575,869	3785,67
576,076	4016,67
576,282	4298,67
576,488	4298,67
576,694	4368,67
576,9	3920,67
577,106	4362,67
577,312	5071,67
577,518	5323,67
577,724	5221,67
577,93	4738,67
578,136	4264,67
578,342	3788,67
578,548	3853,67
578,754	3477,67
578,96	3487,67
579,166	3899,67
579,372	4217,67
579,578	4042,67
579,784	4090,67
579,989	4116,67
580,195	4071,67
580,401	3777,67
580,607	3809,67
580,813	4558,67
581,018	5615,67
581,224	5928,67
581,43	5470,67
581,636	4983,67
581,841	5038,67
582,047	4659,67
582,253	4316,67
582,458	3726,67
582,664	3524,67
582,869	3400,67
583,075	2912,67
583,281	3275,67
583,486	3059,67
583,692	3160,67
583,897	3605,67
584,103	3556,67
584,308	3549,67
584,514	3837,67
584,719	4262,67
584,925	4163,67
585,13	3948,67
585,335	3849,67
585,541	3755,67
585,746	3433,67
585,952	3125,67
586,157	3006,67
586,362	3108,67
586,568	3218,67
586,773	3466,67
586,978	3777,67
587,183	3444,67
587,389	3441,67
587,594	3208,67
587,799	2864,67
588,004	3139,67
588,21	3062,67
588,415	2883,67
588,62	2856,67
588,825	2769,67
589,03	2473,67
589,235	3091,67
589,44	2807,67
589,645	2528,67
589,85	2781,67
590,055	2740,67
590,26	2573,67
590,465	2517,67
590,67	2473,67
590,875	2570,67
591,08	2526,67
591,285	2456,67
591,49	2419,67
591,695	2366,67
591,9	2344,67
592,105	2482,67
592,31	2739,67
592,515	3158,67
592,719	2739,67
592,924	2565,67
593,129	2635,67
593,334	2632,67
593,539	2456,67
593,743	2518,67
593,948	2248,67
594,153	2226,67
594,357	2514,67
594,562	2386,67
594,767	2784,67
594,971	2422,67
595,176	2417,67
595,381	2284,67
595,585	2306,67
595,79	2410,67
595,994	1989,67
596,199	2563,67
596,403	1854,67
596,608	2006,67
596,812	2110,67
597,017	2276,67
597,221	2403,67
597,426	2272,67
597,63	2109,67
597,835	1989,67
598,039	1994,67
598,243	2021,67
598,448	2508,67
598,652	2484,67
598,856	2176,67
599,061	2426,67
599,265	2176,67
599,469	2131,67
599,673	2272,67
599,878	2284,67
600,082	2119,67
600,286	2198,67
600,49	2226,67
600,695	2009,67
600,899	2156,67
601,103	2188,67
601,307	2199,67
601,511	2075,67
601,715	2072,67
601,919	1927,67
602,123	2306,67
602,327	2221,67
602,531	2098,67
602,735	2210,67
602,939	2316,67
603,143	2198,67
603,347	2276,67
603,551	2148,67
603,755	1986,67
603,959	2298,67
604,163	2103,67
604,367	2004,67
604,571	1987,67
604,775	1957,67
604,978	2122,67
605,182	2028,67
605,386	2116,67
605,59	2126,67
605,793	2097,67
605,997	2178,67
606,201	2071,67
606,405	2057,67
606,608	2166,67
606,812	2079,67
607,016	2181,67
607,219	1780,67
607,423	1964,67
607,627	2114,67
607,83	1926,67
608,034	1854,67
608,237	1997,67
608,441	1983,67
608,644	2088,67
608,848	2107,67
609,051	1925,67
609,255	1916,67
609,458	2168,67
609,662	2071,67
609,865	2110,67
610,069	1912,67
610,272	1848,67
610,475	1906,67
610,679	1895,67
610,882	1884,67
611,085	1967,67
611,289	2034,67
611,492	1929,67
611,695	1844,67
611,898	2066,67
612,102	2051,67
612,305	2087,67
612,508	1856,67
612,711	2149,67
612,914	1906,67
613,118	1926,67
613,321	2152,67
613,524	1859,67
613,727	1835,67
613,93	1847,67
614,133	1966,67
614,336	1916,67
614,539	1892,67
614,742	1808,67
614,945	1798,67
615,148	2004,67
615,351	1944,67
615,554	1917,67
615,757	1971,67
615,96	1996,67
616,163	1876,67
616,366	1924,67
616,569	1875,67
616,772	2108,67
616,974	1851,67
617,177	2070,67
617,38	1906,67
617,583	1961,67
617,786	1836,67
617,988	1778,67
618,191	2010,67
618,394	1832,67
618,596	1779,67
618,799	1841,67
619,002	1842,67
619,204	1891,67
619,407	1871,67
619,61	1810,67
619,812	1831,67
620,015	1867,67
620,217	2057,67
620,42	1942,67
620,623	1850,67
620,825	1952,67
621,028	2000,67
621,23	1940,67
621,432	1852,67
621,635	2012,67
621,837	1892,67
622,04	1840,67
622,242	1789,67
622,445	1840,67
622,647	1913,67
622,849	1999,67
623,052	1718,67
623,254	1918,67
623,456	1749,67
623,658	1973,67
623,861	1998,67
624,063	1895,67
624,265	1767,67
624,467	1987,67
624,67	1749,67
624,872	1900,67
625,074	2051,67
625,276	1868,67
625,478	1962,67
625,68	1662,67
625,882	1710,67
626,084	1839,67
626,287	2005,67
626,489	1922,67
626,691	1768,67
626,893	1962,67
627,095	1849,67
627,297	1843,67
627,499	1868,67
627,7	1583,67
627,902	1626,67
628,104	1718,67
628,306	1630,67
628,508	1637,67
628,71	2062,67
628,912	1854,67
629,114	2084,67
629,315	1542,67
629,517	1672,67
629,719	1701,67
629,921	1728,67
630,122	1886,67
630,324	1647,67
630,526	1925,67
630,728	1772,67
630,929	1727,67
631,131	1622,67
631,332	1927,67
631,534	1899,67
631,736	1819,67
631,937	1527,67
632,139	1764,67
632,34	1752,67
632,542	1892,67
632,743	1794,67
632,945	1639,67
633,146	1715,67
633,348	1808,67
633,549	1716,67
633,751	1634,67
633,952	1828,67
634,154	1596,67
634,355	1578,67
634,556	1646,67
634,758	1673,67
634,959	1680,67
635,16	1779,67
635,362	1631,67
635,563	1744,67
635,764	1673,67
635,965	1702,67
636,167	1716,67
636,368	1674,67
636,569	1626,67
636,77	1835,67
636,971	1652,67
637,172	1835,67
637,374	1582,67
637,575	1477,67
637,776	1678,67
637,977	1464,67
638,178	1673,67
638,379	1704,67
638,58	1456,67
638,781	1564,67
638,982	1602,67
639,183	1634,67
639,384	1559,67
639,585	1537,67
639,786	1609,67
639,987	1660,67
640,187	1774,67
640,388	1688,67
640,589	1500,67
640,79	1636,67
640,991	1673,67
641,192	1712,67
641,392	1622,67
641,593	1564,67
641,794	1468,67
641,995	1452,67
642,195	1419,67
642,396	1559,67
642,597	1488,67
642,797	1557,67
642,998	1690,67
643,199	1553,67
643,399	1636,67
643,6	1465,67
643,8	1447,67
644,001	1609,67
644,202	1623,67
644,402	1557,67
644,603	1639,67
644,803	1506,67
645,004	1626,67
645,204	1436,67
645,404	1843,67
645,605	1935,67
645,805	1488,67
646,006	1371,67
646,206	1972,67
646,406	1527,67
646,607	1326,67
646,807	1304,67
647,007	-27,33
647,208	2,67
647,408	30,67
647,608	8,67
