200,697	853,67
200,927	8,67
201,158	93,67
201,388	-24,33
201,618	1039,67
201,849	797,67
202,079	1034,67
202,309	1041,67
202,539	1065,67
202,77	977,67
203	1040,67
203,23	1013,67
203,46	1001,67
203,691	1053,67
203,921	1064,67
204,151	1053,67
204,381	895,67
204,611	1104,67
204,841	953,67
205,071	1000,67
205,302	1103,67
205,532	1054,67
205,762	2903,67
205,992	984,67
206,222	1013,67
206,452	1071,67
206,682	1021,67
206,912	1208,67
207,142	1188,67
207,372	1096,67
207,602	959,67
207,832	1035,67
208,062	1123,67
208,292	1146,67
208,522	986,67
208,752	1048,67
208,982	1025,67
209,212	1129,67
209,442	1010,67
209,672	1005,67
209,902	965,67
210,131	1117,67
210,361	1045,67
210,591	1034,67
210,821	1008,67
211,051	1173,67
211,281	1041,67
211,51	1077,67
211,74	1118,67
211,97	1005,67
212,2	1075,67
212,429	1269,67
212,659	1095,67
212,889	1101,67
213,119	978,67
213,348	1042,67
213,578	1174,67
213,808	1121,67
214,037	1173,67
214,267	1081,67
214,497	1138,67
214,726	1077,67
214,956	978,67
215,186	1037,67
215,415	1053,67
215,645	1110,67
215,874	1119,67
216,104	1125,67
216,333	1130,67
216,563	1045,67
216,792	1045,67
217,022	1127,67
217,251	1097,67
217,481	1032,67
217,71	1101,67
217,94	914,67
218,169	1117,67
218,399	1141,67
218,628	1037,67
218,858	1142,67
219,087	1198,67
219,316	1081,67
219,546	1037,67
219,775	877,67
220,004	1198,67
220,234	1039,67
220,463	1112,67
220,692	1067,67
220,922	979,67
221,151	1141,67
221,38	1077,67
221,61	1289,67
221,839	1341,67
222,068	1155,67
222,297	1185,67
222,526	1146,67
222,756	1100,67
222,985	1194,67
223,214	1094,67
223,443	1029,67
223,672	1549,67
223,902	977,67
224,131	1128,67
224,36	1206,67
224,589	1039,67
224,818	1151,67
225,047	1206,67
225,276	1094,67
225,505	1359,67
225,734	1189,67
225,963	1021,67
226,192	1077,67
226,421	1184,67
226,65	1192,67
226,879	1193,67
227,108	1275,67
227,337	1261,67
227,566	1331,67
227,795	1193,67
228,024	1189,67
228,253	1157,67
228,482	1114,67
228,711	963,67
228,94	1181,67
229,168	1146,67
229,397	1312,67
229,626	1225,67
229,855	1109,67
230,084	1191,67
230,313	1070,67
230,541	1342,67
230,77	1287,67
230,999	1175,67
231,228	1373,67
231,456	1430,67
231,685	1215,67
231,914	1309,67
232,143	1237,67
232,371	1313,67
232,6	1254,67
232,829	1272,67
233,057	1230,67
233,286	1336,67
233,515	1285,67
233,743	1311,67
233,972	1253,67
234,2	1315,67
234,429	1302,67
234,658	1407,67
234,886	1309,67
235,115	1341,67
235,343	1398,67
235,572	1309,67
235,8	1485,67
236,029	1544,67
236,257	1269,67
236,486	1463,67
236,714	1480,67
236,943	1377,67
237,171	1414,67
237,399	1373,67
237,628	1439,67
237,856	1477,67
238,085	1462,67
238,313	1397,67
238,541	1571,67
238,77	1721,67
238,998	1325,67
239,226	1593,67
239,455	1541,67
239,683	1485,67
239,911	1375,67
240,14	1629,67
240,368	1584,67
240,596	1512,67
240,824	1562,67
241,053	1555,67
241,281	1529,67
241,509	1557,67
241,737	1525,67
241,965	1493,67
242,193	1487,67
242,422	1547,67
242,65	1511,67
242,878	1633,67
243,106	1621,67
243,334	1593,67
243,562	1677,67
243,79	1630,67
244,018	1745,67
244,246	1653,67
244,474	1661,67
244,702	1631,67
244,93	1693,67
245,158	1709,67
245,386	1685,67
245,614	1694,67
245,842	1813,67
246,07	1641,67
246,298	1779,67
246,526	1949,67
246,754	1591,67
246,982	1735,67
247,21	1776,67
247,438	1749,67
247,666	1670,67
247,893	1613,67
248,121	1622,67
248,349	1753,67
248,577	1832,67
248,805	1837,67
249,033	1769,67
249,26	1847,67
249,488	1749,67
249,716	1813,67
249,944	1758,67
250,171	1826,67
250,399	1837,67
250,627	1909,67
250,854	1901,67
251,082	1805,67
251,31	1867,67
251,537	1825,67
251,765	2189,67
251,993	1685,67
252,22	2021,67
252,448	1762,67
252,676	1941,67
252,903	1894,67
253,131	2160,67
253,358	1807,67
253,586	1818,67
253,813	1829,67
254,041	2009,67
254,268	1926,67
254,496	1734,67
254,723	1842,67
254,951	2003,67
255,178	1926,67
255,406	1914,67
255,633	1920,67
255,86	2041,67
256,088	2168,67
256,315	1923,67
256,543	2053,67
256,77	2001,67
256,997	1875,67
257,225	2149,67
257,452	1939,67
257,679	1989,67
257,907	1764,67
258,134	1875,67
258,361	2039,67
258,588	1917,67
258,816	1967,67
259,043	1981,67
259,27	2021,67
259,497	2059,67
259,725	1920,67
259,952	1974,67
260,179	1946,67
260,406	2029,67
260,633	2000,67
260,86	1984,67
261,088	1989,67
261,315	2301,67
261,542	1941,67
261,769	1989,67
261,996	2275,67
262,223	2157,67
262,45	2117,67
262,677	1929,67
262,904	2027,67
263,131	2082,67
263,358	2014,67
263,585	2080,67
263,812	2304,67
264,039	2246,67
264,266	1960,67
264,493	1998,67
264,72	1983,67
264,947	2037,67
265,174	2173,67
265,401	2096,67
265,627	2293,67
265,854	2013,67
266,081	2109,67
266,308	2129,67
266,535	2173,67
266,762	2110,67
266,988	2096,67
267,215	2094,67
267,442	2194,67
267,669	2124,67
267,896	2090,67
268,122	2125,67
268,349	2058,67
268,576	1906,67
268,802	2013,67
269,029	2005,67
269,256	2077,67
269,482	2064,67
269,709	2006,67
269,936	2065,67
270,162	2170,67
270,389	2069,67
270,616	2050,67
270,842	2181,67
271,069	2093,67
271,295	2128,67
271,522	1973,67
271,748	1989,67
271,975	2159,67
272,201	2208,67
272,428	2005,67
272,654	2099,67
272,881	2216,67
273,107	1987,67
273,334	2249,67
273,56	2229,67
273,787	2104,67
274,013	2181,67
274,239	2376,67
274,466	2109,67
274,692	2126,67
274,918	2125,67
275,145	2088,67
275,371	2194,67
275,597	2318,67
275,824	2226,67
276,05	2153,67
276,276	2226,67
276,503	2163,67
276,729	2109,67
276,955	2205,67
277,181	2241,67
277,407	2199,67
277,634	2233,67
277,86	2240,67
278,086	2231,67
278,312	2163,67
278,538	2210,67
278,764	2197,67
278,991	2290,67
279,217	2151,67
279,443	2193,67
279,669	2173,67
279,895	2269,67
280,121	2269,67
280,347	2218,67
280,573	2146,67
280,799	2269,67
281,025	2373,67
281,251	2226,67
281,477	2415,67
281,703	2216,67
281,929	2234,67
282,155	2293,67
282,381	2349,67
282,607	2321,67
282,833	2154,67
283,059	2355,67
283,285	2330,67
283,51	2309,67
283,736	2309,67
283,962	2358,67
284,188	2381,67
284,414	2425,67
284,64	2338,67
284,865	2413,67
285,091	2349,67
285,317	2489,67
285,543	2509,67
285,768	2525,67
285,994	2453,67
286,22	2808,67
286,446	2479,67
286,671	2395,67
286,897	2509,67
287,123	2423,67
287,348	2365,67
287,574	2869,67
287,799	2477,67
288,025	2402,67
288,251	2637,67
288,476	2512,67
288,702	2518,67
288,927	2485,67
289,153	2493,67
289,378	2554,67
289,604	2576,67
289,829	2501,67
290,055	2453,67
290,28	2497,67
290,506	2634,67
290,731	2517,67
290,957	2562,67
291,182	2586,67
291,408	2693,67
291,633	2598,67
291,858	2554,67
292,084	2591,67
292,309	2801,67
292,535	2553,67
292,76	2694,67
292,985	2599,67
293,211	2605,67
293,436	2447,67
293,661	2494,67
293,886	2349,67
294,112	2613,67
294,337	2710,67
294,562	2449,67
294,787	2497,67
295,013	2630,67
295,238	2505,67
295,463	2623,67
295,688	2770,67
295,913	2610,67
296,138	2555,67
296,364	2493,67
296,589	2598,67
296,814	2440,67
297,039	2493,67
297,264	2637,67
297,489	2580,67
297,714	2589,67
297,939	2478,67
298,164	2527,67
298,389	2691,67
298,614	2593,67
298,839	2557,67
299,064	2704,67
299,289	2674,67
299,514	2729,67
299,739	2622,67
299,964	2661,67
300,189	2657,67
300,414	2735,67
300,639	2800,67
300,863	2719,67
301,088	2923,67
301,313	2733,67
301,538	2798,67
301,763	2645,67
301,988	2741,67
302,212	2757,67
302,437	3029,67
302,662	2616,67
302,887	2722,67
303,111	2693,67
303,336	2883,67
303,561	2826,67
303,786	2741,67
304,01	2750,67
304,235	2909,67
304,46	2629,67
304,684	2807,67
304,909	2737,67
305,134	2541,67
305,358	2729,67
305,583	2704,67
305,807	2861,67
306,032	2561,67
306,256	2672,67
306,481	2731,67
306,706	2678,67
306,93	2601,67
307,155	2915,67
307,379	2761,67
307,604	2693,67
307,828	2658,67
308,052	2835,67
308,277	2791,67
308,501	2817,67
308,726	2951,67
308,95	2848,67
309,175	2703,67
309,399	2861,67
309,623	2747,67
309,848	2763,67
310,072	2718,67
310,296	3062,67
310,521	2806,67
310,745	2770,67
310,969	2830,67
311,193	3018,67
311,418	2785,67
311,642	2805,67
311,866	2789,67
312,09	2826,67
312,315	2821,67
312,539	2845,67
312,763	2709,67
312,987	2917,67
313,211	2847,67
313,435	2865,67
313,659	2749,67
313,884	2925,67
314,108	2807,67
314,332	2869,67
314,556	2805,67
314,78	2937,67
315,004	2907,67
315,228	2957,67
315,452	2789,67
315,676	2762,67
315,9	2781,67
316,124	2693,67
316,348	2782,67
316,572	2821,67
316,796	2829,67
317,02	2752,67
317,244	2786,67
317,468	2610,67
317,691	2904,67
317,915	2813,67
318,139	2682,67
318,363	3113,67
318,587	2744,67
318,811	2695,67
319,034	2663,67
319,258	2882,67
319,482	2904,67
319,706	2793,67
319,93	2706,67
320,153	2701,67
320,377	2753,67
320,601	2643,67
320,824	2709,67
321,048	2928,67
321,272	2829,67
321,495	2849,67
321,719	2794,67
321,943	2997,67
322,166	2758,67
322,39	2600,67
322,614	2875,67
322,837	2904,67
323,061	2675,67
323,284	2834,67
323,508	2877,67
323,731	2874,67
323,955	2639,67
324,178	2789,67
324,402	2829,67
324,625	2731,67
324,849	2685,67
325,072	2835,67
325,296	2786,67
325,519	2793,67
325,743	2733,67
325,966	2878,67
326,189	2936,67
326,413	2725,67
326,636	3071,67
326,859	2813,67
327,083	2961,67
327,306	2645,67
327,529	2616,67
327,753	2608,67
327,976	2829,67
328,199	2682,67
328,422	2781,67
328,646	2734,67
328,869	2632,67
329,092	2862,67
329,315	2864,67
329,538	2662,67
329,762	2861,67
329,985	2720,67
330,208	2657,67
330,431	2811,67
330,654	2856,67
330,877	2745,67
331,1	2864,67
331,323	2735,67
331,546	2857,67
331,769	2656,67
331,993	2789,67
332,216	2649,67
332,439	2738,67
332,662	2816,67
332,885	2729,67
333,107	2701,67
333,33	2773,67
333,553	2878,67
333,776	2736,67
333,999	2774,67
334,222	2693,67
334,445	2854,67
334,668	2803,67
334,891	2823,67
335,114	2621,67
335,336	2737,67
335,559	2806,67
335,782	2898,67
336,005	2761,67
336,228	2678,67
336,45	2669,67
336,673	2697,67
336,896	2697,67
337,119	2838,67
337,341	2691,67
337,564	2648,67
337,787	2762,67
338,009	2664,67
338,232	2717,67
338,455	2832,67
338,677	2765,67
338,9	2696,67
339,122	2721,67
339,345	2632,67
339,568	2538,67
339,79	2662,67
340,013	2778,67
340,235	2742,67
340,458	2559,67
340,68	2735,67
340,903	2645,67
341,125	2646,67
341,348	2498,67
341,57	2589,67
341,793	2652,67
342,015	2498,67
342,238	2583,67
342,46	2482,67
342,682	2747,67
342,905	2405,67
343,127	2574,67
343,349	2594,67
343,572	2591,67
343,794	2597,67
344,016	2537,67
344,239	2626,67
344,461	2541,67
344,683	2517,67
344,905	2533,67
345,128	2614,67
345,35	2605,67
345,572	2631,67
345,794	2713,67
346,017	2582,67
346,239	2709,67
346,461	2601,67
346,683	2567,67
346,905	2656,67
347,127	2640,67
347,349	2529,67
347,571	2637,67
347,793	2773,67
348,016	2642,67
348,238	2581,67
348,46	2670,67
348,682	2578,67
348,904	2699,67
349,126	2707,67
349,348	2645,67
349,57	2481,67
349,792	2549,67
350,014	2613,67
350,235	2625,67
350,457	2638,67
350,679	2619,67
350,901	2439,67
351,123	2486,67
351,345	2541,67
351,567	2655,67
351,789	2712,67
352,01	2583,67
352,232	2599,67
352,454	2518,67
352,676	2600,67
352,897	2749,67
353,119	2514,67
353,341	2502,67
353,563	2410,67
353,784	2410,67
354,006	2409,67
354,228	2352,67
354,449	2440,67
354,671	2565,67
354,893	2618,67
355,114	2541,67
355,336	2469,67
355,558	2577,67
355,779	2437,67
356,001	2541,67
356,222	2641,67
356,444	2341,67
356,665	3085,67
356,887	2479,67
357,108	2519,67
357,33	2521,67
357,551	2687,67
357,773	2530,67
357,994	2561,67
358,216	2393,67
358,437	2581,67
358,659	2515,67
358,88	2475,67
359,101	2537,67
359,323	2521,67
359,544	2496,67
359,765	2485,67
359,987	2465,67
360,208	2467,67
360,429	2541,67
360,651	2413,67
360,872	2517,67
361,093	2501,67
361,314	2434,67
361,536	2383,67
361,757	2453,67
361,978	2435,67
362,199	2200,67
362,42	2310,67
362,642	2416,67
362,863	2509,67
363,084	2458,67
363,305	2494,67
363,526	2360,67
363,747	2462,67
363,968	2320,67
364,189	2537,67
364,41	2311,67
364,631	2406,67
364,852	2486,67
365,073	2423,67
365,294	2375,67
365,515	2320,67
365,736	2542,67
365,957	2328,67
366,178	2416,67
366,399	2397,67
366,62	2493,67
366,841	2487,67
367,062	2494,67
367,283	2382,67
367,504	2491,67
367,724	2294,67
367,945	2295,67
368,166	2543,67
368,387	2382,67
368,608	2405,67
368,828	2501,67
369,049	2409,67
369,27	2389,67
369,491	2440,67
369,711	2421,67
369,932	2415,67
370,153	2645,67
370,373	2293,67
370,594	2622,67
370,815	2431,67
371,035	2533,67
371,256	2311,67
371,477	2503,67
371,697	2399,67
371,918	2344,67
372,138	2479,67
372,359	2486,67
372,579	2362,67
372,8	2317,67
373,02	2443,67
373,241	2405,67
373,461	2479,67
373,682	2437,67
373,902	2365,67
374,123	2299,67
374,343	2491,67
374,564	2406,67
374,784	2319,67
375,004	2525,67
375,225	2233,67
375,445	2321,67
375,666	2469,67
375,886	2328,67
376,106	2342,67
376,326	2353,67
376,547	2526,67
376,767	2434,67
376,987	2370,67
377,208	2520,67
377,428	2302,67
377,648	2560,67
377,868	2546,67
378,088	2580,67
378,309	2589,67
378,529	2625,67
378,749	2637,67
378,969	2449,67
379,189	2563,67
379,409	2546,67
379,629	2471,67
379,849	2485,67
380,069	2405,67
380,29	2325,67
380,51	2425,67
380,73	2509,67
380,95	2682,67
381,17	2533,67
381,39	2421,67
381,61	2358,67
381,829	2375,67
382,049	2413,67
382,269	2368,67
382,489	2461,67
382,709	2449,67
382,929	2493,67
383,149	2374,67
383,369	2630,67
383,589	2385,67
383,808	2453,67
384,028	2489,67
384,248	2368,67
384,468	2413,67
384,688	2464,67
384,907	2373,67
385,127	2403,67
385,347	2454,67
385,567	2482,67
385,786	2566,67
386,006	2459,67
386,226	2549,67
386,445	2517,67
386,665	2547,67
386,885	2641,67
387,104	2529,67
387,324	2525,67
387,543	2541,67
387,763	2535,67
387,982	2656,67
388,202	2590,67
388,422	2551,67
388,641	2249,67
388,861	2602,67
389,08	2640,67
389,3	2533,67
389,519	2541,67
389,738	2776,67
389,958	2502,67
390,177	2586,67
390,397	2625,67
390,616	2568,67
390,836	2797,67
391,055	2653,67
391,274	2646,67
391,494	2601,67
391,713	2581,67
391,932	2753,67
392,151	2719,67
392,371	2677,67
392,59	2781,67
392,809	2864,67
393,029	2826,67
393,248	2750,67
393,467	2669,67
393,686	2530,67
393,905	3405,67
394,124	2537,67
394,344	2625,67
394,563	2717,67
394,782	2590,67
395,001	2654,67
395,22	2557,67
395,439	2677,67
395,658	2609,67
395,877	2665,67
396,096	2597,67
396,315	2758,67
396,534	2767,67
396,753	2686,67
396,972	2735,67
397,191	2779,67
397,41	2941,67
397,629	2848,67
397,848	2992,67
398,067	2917,67
398,286	2777,67
398,505	2744,67
398,724	3009,67
398,943	3053,67
399,161	2613,67
399,38	2752,67
399,599	2781,67
399,818	2629,67
400,037	2789,67
400,255	2681,67
400,474	2649,67
400,693	2749,67
400,912	2752,67
401,13	2551,67
401,349	2705,67
401,568	2539,67
401,786	2746,67
402,005	2709,67
402,224	2573,67
402,442	2629,67
402,661	2518,67
402,88	2561,67
403,098	2554,67
403,317	2530,67
403,535	2634,67
403,754	2533,67
403,972	2615,67
404,191	2575,67
404,409	2689,67
404,628	3136,67
404,846	2741,67
405,065	2741,67
405,283	2658,67
405,502	2813,67
405,72	2729,67
405,938	2602,67
406,157	2573,67
406,375	2518,67
406,594	2637,67
406,812	2621,67
407,03	2600,67
407,249	2485,67
407,467	2659,67
407,685	2403,67
407,903	2601,67
408,122	2749,67
408,34	2694,67
408,558	2694,67
408,776	2663,67
408,995	2676,67
409,213	2630,67
409,431	2747,67
409,649	2669,67
409,867	2547,67
410,085	2630,67
410,303	2729,67
410,522	2546,67
410,74	2526,67
410,958	2480,67
411,176	2538,67
411,394	2541,67
411,612	2527,67
411,83	2809,67
412,048	2614,67
412,266	2677,67
412,484	2685,67
412,702	2800,67
412,92	2510,67
413,138	2664,67
413,356	2583,67
413,573	2733,67
413,791	2894,67
414,009	2573,67
414,227	2820,67
414,445	2541,67
414,663	2329,67
414,881	2589,67
415,098	2561,67
415,316	2593,67
415,534	2829,67
415,752	2583,67
415,969	2885,67
416,187	2441,67
416,405	2602,67
416,623	2661,67
416,84	2482,67
417,058	2528,67
417,276	2721,67
417,493	2581,67
417,711	2577,67
417,928	2521,67
418,146	2575,67
418,364	2598,67
418,581	2605,67
418,799	2545,67
419,016	2542,67
419,234	2554,67
419,451	2912,67
419,669	2615,67
419,886	2672,67
420,104	2602,67
420,321	2573,67
420,539	2729,67
420,756	2830,67
420,974	2729,67
421,191	2856,67
421,408	2882,67
421,626	2985,67
421,843	2836,67
422,06	2762,67
422,278	2693,67
422,495	2754,67
422,712	2750,67
422,93	2789,67
423,147	2753,67
423,364	2703,67
423,581	2709,67
423,799	2658,67
424,016	2655,67
424,233	2687,67
424,45	2759,67
424,667	2783,67
424,884	2637,67
425,102	2759,67
425,319	2606,67
425,536	2546,67
425,753	2433,67
425,97	2551,67
426,187	2797,67
426,404	2521,67
426,621	2997,67
426,838	2866,67
427,055	2845,67
427,272	2732,67
427,489	2818,67
427,706	2717,67
427,923	2698,67
428,14	2765,67
428,357	2893,67
428,574	2825,67
428,791	2873,67
429,008	2855,67
429,224	2810,67
429,441	2861,67
429,658	3037,67
429,875	3383,67
430,092	3138,67
430,308	3117,67
430,525	3005,67
430,742	2873,67
430,959	2890,67
431,175	2739,67
431,392	2685,67
431,609	2741,67
431,826	2696,67
432,042	2494,67
432,259	2569,67
432,476	2950,67
432,692	2605,67
432,909	2742,67
433,125	2861,67
433,342	2817,67
433,559	2889,67
433,775	2921,67
433,992	2726,67
434,208	2362,67
434,425	2669,67
434,641	2746,67
434,858	2894,67
435,074	2677,67
435,291	2497,67
435,507	2775,67
435,723	2673,67
435,94	2712,67
436,156	2805,67
436,373	2881,67
436,589	2885,67
436,805	2797,67
437,022	2695,67
437,238	2777,67
437,454	2653,67
437,671	2738,67
437,887	2781,67
438,103	2701,67
438,319	2666,67
438,536	2832,67
438,752	2944,67
438,968	2745,67
439,184	2728,67
439,4	2673,67
439,616	2637,67
439,833	2806,67
440,049	2690,67
440,265	2899,67
440,481	2777,67
440,697	3001,67
440,913	3013,67
441,129	3029,67
441,345	3168,67
441,561	3070,67
441,777	3073,67
441,993	2840,67
442,209	2840,67
442,425	2991,67
442,641	2869,67
442,857	2911,67
443,073	2893,67
443,289	3000,67
443,505	2893,67
443,721	2725,67
443,937	2949,67
444,152	2807,67
444,368	2702,67
444,584	2805,67
444,8	2933,67
445,016	2841,67
445,231	2794,67
445,447	2949,67
445,663	2899,67
445,879	2808,67
446,094	3016,67
446,31	2879,67
446,526	3000,67
446,742	2833,67
446,957	2789,67
447,173	2806,67
447,388	2813,67
447,604	2981,67
447,82	2657,67
448,035	2847,67
448,251	2716,67
448,466	2877,67
448,682	2792,67
448,897	2696,67
449,113	2905,67
449,328	2901,67
449,544	2672,67
449,759	3096,67
449,975	2659,67
450,19	2738,67
450,406	2800,67
450,621	2805,67
450,836	2605,67
451,052	2749,67
451,267	2607,67
451,483	2701,67
451,698	2533,67
451,913	2759,67
452,129	2601,67
452,344	2664,67
452,559	2774,67
452,774	2646,67
452,99	2578,67
453,205	2557,67
453,42	2920,67
453,635	2683,67
453,85	2526,67
454,066	2630,67
454,281	2673,67
454,496	2680,67
454,711	2712,67
454,926	2682,67
455,141	2595,67
455,356	2731,67
455,571	2562,67
455,786	2600,67
456,001	2541,67
456,217	2461,67
456,432	2573,67
456,647	2573,67
456,861	2763,67
457,076	2686,67
457,291	2731,67
457,506	2611,67
457,721	2693,67
457,936	2693,67
458,151	2619,67
458,366	2843,67
458,581	2645,67
458,796	2877,67
459,01	2765,67
459,225	2661,67
459,44	2589,67
459,655	2485,67
459,87	2538,67
460,084	2616,67
460,299	2560,67
460,514	2622,67
460,729	2973,67
460,943	2488,67
461,158	2635,67
461,373	2567,67
461,587	2253,67
461,802	2416,67
462,016	2471,67
462,231	2496,67
462,446	2362,67
462,66	2509,67
462,875	2459,67
463,089	2518,67
463,304	2591,67
463,518	2621,67
463,733	2560,67
463,947	2623,67
464,162	2610,67
464,376	2664,67
464,591	2770,67
464,805	2521,67
465,02	2968,67
465,234	2802,67
465,448	2830,67
465,663	2758,67
465,877	2613,67
466,091	2615,67
466,306	2629,67
466,52	2713,67
466,734	2461,67
466,949	2463,67
467,163	2556,67
467,377	2429,67
467,591	2534,67
467,806	2445,67
468,02	2378,67
468,234	2281,67
468,448	2389,67
468,662	2398,67
468,876	2405,67
469,091	2314,67
469,305	2333,67
469,519	2193,67
469,733	2208,67
469,947	2240,67
470,161	2375,67
470,375	2064,67
470,589	2269,67
470,803	2213,67
471,017	2246,67
471,231	2442,67
471,445	2253,67
471,659	2314,67
471,873	2325,67
472,087	2167,67
472,301	2405,67
472,515	2238,67
472,728	2269,67
472,942	2288,67
473,156	2466,67
473,37	2377,67
473,584	2286,67
473,798	2337,67
474,011	2343,67
474,225	2282,67
474,439	2414,67
474,653	2326,67
474,866	2468,67
475,08	2401,67
475,294	2489,67
475,507	2311,67
475,721	2386,67
475,935	2385,67
476,148	2263,67
476,362	2181,67
476,576	2270,67
476,789	2272,67
477,003	2314,67
477,216	2339,67
477,43	2521,67
477,643	2370,67
477,857	2520,67
478,07	2367,67
478,284	2342,67
478,497	2289,67
478,711	2280,67
478,924	2319,67
479,138	2162,67
479,351	2191,67
479,564	2376,67
479,778	2425,67
479,991	2312,67
480,204	2130,67
480,418	2438,67
480,631	2274,67
480,844	2425,67
481,058	2399,67
481,271	2422,67
481,484	2471,67
481,697	2422,67
481,911	2438,67
482,124	2400,67
482,337	2413,67
482,55	2272,67
482,763	2287,67
482,976	2445,67
483,19	2297,67
483,403	2373,67
483,616	2568,67
483,829	2525,67
484,042	2485,67
484,255	2506,67
484,468	2550,67
484,681	2503,67
484,894	2869,67
485,107	4360,67
485,32	5749,67
485,533	5894,67
485,746	5501,67
485,959	4847,67
486,172	4224,67
486,385	3157,67
486,598	2946,67
486,81	2637,67
487,023	2525,67
487,236	2631,67
487,449	2509,67
487,662	2336,67
487,875	2279,67
488,087	2297,67
488,3	2413,67
488,513	2129,67
488,726	2125,67
488,938	2377,67
489,151	2295,67
489,364	2286,67
489,576	2275,67
489,789	2335,67
490,002	2298,67
490,214	2281,67
490,427	2144,67
490,64	2294,67
490,852	2302,67
491,065	2118,67
491,277	2282,67
491,49	2269,67
491,702	2037,67
491,915	2208,67
492,127	2321,67
492,34	2282,67
492,552	2207,67
492,765	2307,67
492,977	2377,67
493,19	2205,67
493,402	2232,67
493,614	2266,67
493,827	2226,67
494,039	2244,67
494,251	2183,67
494,464	2233,67
494,676	2063,67
494,888	2141,67
495,101	1973,67
495,313	2135,67
495,525	2141,67
495,737	2410,67
495,95	2365,67
496,162	2311,67
496,374	2301,67
496,586	2126,67
496,798	2186,67
497,01	2226,67
497,222	2170,67
497,435	2204,67
497,647	2029,67
497,859	2063,67
498,071	2251,67
498,283	2189,67
498,495	2141,67
498,707	2365,67
498,919	2118,67
499,131	2273,67
499,343	2139,67
499,555	2105,67
499,767	2109,67
499,979	2111,67
500,191	2237,67
500,402	2035,67
500,614	2137,67
500,826	2269,67
501,038	2177,67
501,25	2162,67
501,462	2137,67
501,673	2197,67
501,885	2169,67
502,097	2248,67
502,309	2210,67
502,521	2241,67
502,732	2177,67
502,944	2206,67
503,156	2119,67
503,367	2165,67
503,579	2046,67
503,791	2080,67
504,002	2213,67
504,214	2199,67
504,425	2297,67
504,637	2266,67
504,849	2131,67
505,06	2173,67
505,272	2111,67
505,483	2077,67
505,695	2322,67
505,906	2065,67
506,118	2134,67
506,329	2110,67
506,541	2005,67
506,752	2109,67
506,963	1885,67
507,175	1901,67
507,386	2189,67
507,598	2101,67
507,809	1997,67
508,02	2022,67
508,232	2127,67
508,443	1872,67
508,654	2245,67
508,865	2029,67
509,077	1898,67
509,288	1909,67
509,499	2161,67
509,71	1912,67
509,922	2093,67
510,133	1978,67
510,344	2122,67
510,555	1982,67
510,766	2006,67
510,977	1981,67
511,188	1893,67
511,4	1888,67
511,611	1934,67
511,822	1907,67
512,033	1931,67
512,244	1945,67
512,455	1920,67
512,666	1947,67
512,877	2005,67
513,088	1887,67
513,299	1978,67
513,51	1934,67
513,721	1903,67
513,931	1818,67
514,142	1959,67
514,353	2021,67
514,564	1828,67
514,775	1709,67
514,986	1851,67
515,196	1991,67
515,407	1878,67
515,618	2050,67
515,829	1945,67
516,04	1829,67
516,25	1823,67
516,461	1826,67
516,672	1886,67
516,882	1838,67
517,093	1914,67
517,304	1781,67
517,514	1685,67
517,725	1813,67
517,936	1733,67
518,146	1736,67
518,357	1877,67
518,567	1792,67
518,778	2079,67
518,988	1837,67
519,199	1998,67
519,409	1782,67
519,62	1861,67
519,83	1781,67
520,041	1789,67
520,251	1770,67
520,462	1938,67
520,672	1775,67
520,882	1831,67
521,093	1824,67
521,303	1890,67
521,513	1680,67
521,724	2509,67
521,934	1742,67
522,144	1854,67
522,355	1710,67
522,565	1768,67
522,775	1755,67
522,985	1746,67
523,196	1806,67
523,406	1274,67
523,616	1918,67
523,826	1709,67
524,036	2381,67
524,246	1746,67
524,457	1639,67
524,667	1670,67
524,877	1691,67
525,087	1747,67
525,297	1792,67
525,507	1823,67
525,717	1608,67
525,927	1671,67
526,137	1791,67
526,347	1750,67
526,557	1726,67
526,767	1730,67
526,977	2005,67
527,187	1801,67
527,397	1645,67
527,607	1690,67
527,816	1696,67
528,026	1757,67
528,236	1850,67
528,446	1739,67
528,656	1902,67
528,865	2021,67
529,075	1773,67
529,285	1759,67
529,495	1807,67
529,704	1791,67
529,914	1743,67
530,124	1754,67
530,334	1725,67
530,543	1729,67
530,753	1914,67
530,963	2029,67
531,172	1801,67
531,382	1690,67
531,591	1950,67
531,801	1591,67
532,01	1669,67
532,22	2022,67
532,43	1766,67
532,639	2032,67
532,849	1821,67
533,058	1778,67
533,267	1773,67
533,477	1718,67
533,686	1749,67
533,896	1824,67
534,105	1754,67
534,315	1853,67
534,524	1789,67
534,733	1896,67
534,943	1901,67
535,152	1715,67
535,361	1661,67
535,57	1613,67
535,78	1717,67
535,989	1634,67
536,198	1653,67
536,407	1591,67
536,617	1640,67
536,826	1679,67
537,035	1712,67
537,244	1671,67
537,453	1553,67
537,662	1737,67
537,872	1888,67
538,081	1733,67
538,29	1655,67
538,499	1688,67
538,708	1655,67
538,917	1802,67
539,126	1685,67
539,335	1789,67
539,544	2061,67
539,753	1616,67
539,962	1690,67
540,171	1576,67
540,38	1845,67
540,589	1749,67
540,797	1877,67
541,006	1861,67
541,215	1667,67
541,424	1954,67
541,633	1773,67
541,842	1677,67
542,05	2053,67
542,259	1737,67
542,468	1736,67
542,677	1752,67
542,885	1755,67
543,094	1758,67
543,303	1661,67
543,512	1850,67
543,72	1789,67
543,929	1789,67
544,138	1696,67
544,346	1671,67
544,555	1752,67
544,763	1808,67
544,972	1677,67
545,18	1617,67
545,389	1730,67
545,598	1611,67
545,806	1694,67
546,015	1642,67
546,223	1661,67
546,431	1709,67
546,64	1608,67
546,848	1632,67
547,057	1799,67
547,265	1729,67
547,474	1787,67
547,682	1773,67
547,89	1797,67
548,099	1837,67
548,307	1741,67
548,515	1790,67
548,723	1742,67
548,932	1648,67
549,14	1658,67
549,348	1737,67
549,556	1808,67
549,765	1589,67
549,973	1614,67
550,181	1657,67
550,389	1554,67
550,597	1593,67
550,805	1533,67
551,014	1669,67
551,222	3708,67
551,43	1607,67
551,638	1754,67
551,846	1775,67
552,054	1933,67
552,262	1753,67
552,47	1663,67
552,678	1629,67
552,886	1677,67
553,094	1664,67
553,302	1650,67
553,51	1654,67
553,717	1702,67
553,925	1479,67
554,133	1813,67
554,341	1442,67
554,549	1655,67
554,757	1689,67
554,965	1672,67
555,172	1669,67
555,38	1902,67
555,588	1581,67
555,796	1654,67
556,003	1721,67
556,211	1575,67
556,419	1686,67
556,626	1685,67
556,834	1514,67
557,042	1573,67
557,249	1637,67
557,457	1573,67
557,664	1439,67
557,872	1530,67
558,08	1425,67
558,287	1234,67
558,495	1605,67
558,702	1416,67
558,91	1545,67
559,117	1666,67
559,325	1695,67
559,532	1434,67
559,74	1863,67
559,947	1555,67
560,154	1681,67
560,362	1591,67
560,569	1573,67
560,776	1581,67
560,984	1504,67
561,191	1590,67
561,398	1597,67
561,606	1831,67
561,813	1549,67
562,02	1417,67
562,227	1373,67
562,435	1496,67
562,642	1629,67
562,849	1589,67
563,056	1509,67
563,263	1477,67
563,471	1629,67
563,678	1625,67
563,885	1538,67
564,092	1522,67
564,299	1584,67
564,506	1610,67
564,713	1518,67
564,92	1536,67
565,127	1469,67
565,334	1520,67
565,541	1773,67
565,748	1552,67
565,955	1465,67
566,162	1566,67
566,369	1657,67
566,576	1632,67
566,783	1709,67
566,99	1694,67
567,196	1678,67
567,403	1596,67
567,61	1685,67
567,817	1608,67
568,024	1817,67
568,23	1813,67
568,437	1629,67
568,644	1697,67
568,851	1813,67
569,057	2123,67
569,264	2213,67
569,471	1957,67
569,677	2002,67
569,884	2021,67
570,091	1958,67
570,297	2747,67
570,504	2198,67
570,71	2077,67
570,917	2029,67
571,123	2024,67
571,33	2174,67
571,536	2101,67
571,743	2161,67
571,949	1822,67
572,156	1747,67
572,362	1880,67
572,569	1734,67
572,775	2022,67
572,982	2138,67
573,188	2087,67
573,394	2045,67
573,601	2034,67
573,807	2238,67
574,013	2345,67
574,22	2115,67
574,426	2004,67
574,632	2077,67
574,838	1987,67
575,045	1826,67
575,251	1788,67
575,457	1946,67
575,663	1941,67
575,869	1896,67
576,076	1926,67
576,282	2032,67
576,488	1981,67
576,694	1889,67
576,9	1930,67
577,106	2162,67
577,312	2360,67
577,518	2514,67
577,724	2280,67
577,93	2085,67
578,136	1958,67
578,342	1871,67
578,548	1768,67
578,754	1745,67
578,96	1817,67
579,166	1801,67
579,372	2155,67
579,578	1965,67
579,784	2005,67
579,989	1984,67
580,195	1888,67
580,401	1934,67
580,607	2014,67
580,813	2453,67
581,018	2689,67
581,224	2558,67
581,43	2424,67
581,636	2366,67
581,841	2319,67
582,047	2109,67
582,253	2096,67
582,458	1816,67
582,664	1725,67
582,869	1666,67
583,075	1459,67
583,281	1845,67
583,486	1655,67
583,692	1685,67
583,897	1920,67
584,103	1576,67
584,308	1933,67
584,514	1933,67
584,719	2022,67
584,925	1993,67
585,13	1877,67
585,335	1839,67
585,541	1767,67
585,746	1650,67
585,952	1605,67
586,157	1510,67
586,362	1749,67
586,568	1709,67
586,773	1835,67
586,978	1786,67
587,183	1749,67
587,389	1720,67
587,594	1576,67
587,799	1565,67
588,004	1701,67
588,21	1607,67
588,415	1424,67
588,62	1471,67
588,825	1539,67
589,03	1429,67
589,235	1847,67
589,44	1534,67
589,645	1413,67
589,85	1486,67
590,055	1565,67
590,26	1369,67
590,465	1413,67
590,67	1397,67
590,875	1263,67
591,08	1431,67
591,285	1369,67
591,49	1421,67
591,695	1392,67
591,9	1361,67
592,105	1424,67
592,31	1525,67
592,515	1871,67
592,719	1413,67
592,924	1402,67
593,129	1341,67
593,334	1223,67
593,539	1418,67
593,743	1471,67
593,948	1365,67
594,153	1287,67
594,357	1569,67
594,562	1382,67
594,767	1693,67
594,971	1256,67
595,176	1421,67
595,381	1425,67
595,585	1265,67
595,79	1431,67
595,994	1159,67
596,199	1605,67
596,403	1021,67
596,608	1223,67
596,812	1282,67
597,017	1345,67
597,221	1469,67
597,426	1413,67
597,63	1214,67
597,835	1198,67
598,039	1165,67
598,243	1263,67
598,448	1575,67
598,652	1349,67
598,856	1303,67
599,061	1357,67
599,265	1255,67
599,469	1253,67
599,673	1317,67
599,878	1373,67
600,082	1205,67
600,286	1296,67
600,49	1304,67
600,695	1151,67
600,899	1254,67
601,103	1409,67
601,307	1326,67
601,511	1277,67
601,715	1165,67
601,919	1125,67
602,123	1303,67
602,327	1191,67
602,531	1385,67
602,735	1397,67
602,939	1397,67
603,143	1232,67
603,347	1282,67
603,551	1031,67
603,755	1354,67
603,959	1195,67
604,163	1223,67
604,367	1221,67
604,571	1113,67
604,775	1354,67
604,978	1285,67
605,182	1142,67
605,386	1269,67
605,59	1269,67
605,793	1278,67
605,997	1303,67
606,201	1254,67
606,405	1250,67
606,608	1341,67
606,812	1214,67
607,016	1313,67
607,219	1213,67
607,423	1142,67
607,627	1454,67
607,83	1217,67
608,034	1183,67
608,237	1264,67
608,441	1170,67
608,644	1269,67
608,848	1287,67
609,051	1197,67
609,255	1151,67
609,458	1290,67
609,662	1159,67
609,865	1317,67
610,069	1189,67
610,272	1117,67
610,475	1158,67
610,679	1153,67
610,882	1233,67
611,085	1066,67
611,289	1341,67
611,492	1219,67
611,695	1120,67
611,898	1150,67
612,102	847,67
612,305	1296,67
612,508	1129,67
612,711	1330,67
612,914	1165,67
613,118	1263,67
613,321	1239,67
613,524	1186,67
613,727	1169,67
613,93	1154,67
614,133	1229,67
614,336	1218,67
614,539	1171,67
614,742	1129,67
614,945	1174,67
615,148	1261,67
615,351	1184,67
615,554	1235,67
615,757	1123,67
615,96	1166,67
616,163	1167,67
616,366	1157,67
616,569	1165,67
616,772	1338,67
616,974	1209,67
617,177	1342,67
617,38	1184,67
617,583	1208,67
617,786	1125,67
617,988	1087,67
618,191	1314,67
618,394	1073,67
618,596	1096,67
618,799	1117,67
619,002	1197,67
619,204	1237,67
619,407	1414,67
619,61	1081,67
619,812	1165,67
620,015	1176,67
620,217	1271,67
620,42	1344,67
620,623	1374,67
620,825	1204,67
621,028	1275,67
621,23	1290,67
621,432	1222,67
621,635	1326,67
621,837	1194,67
622,04	1149,67
622,242	1141,67
622,445	1214,67
622,647	1167,67
622,849	1262,67
623,052	1080,67
623,254	1238,67
623,456	1095,67
623,658	1279,67
623,861	1286,67
624,063	1158,67
624,265	1133,67
624,467	1278,67
624,67	1022,67
624,872	1194,67
625,074	1327,67
625,276	1259,67
625,478	1242,67
625,68	1038,67
625,882	1089,67
626,084	1182,67
626,287	1334,67
626,489	1218,67
626,691	1157,67
626,893	1213,67
627,095	1239,67
627,297	1213,67
627,499	1129,67
627,7	1008,67
627,902	1016,67
628,104	1114,67
628,306	1009,67
628,508	1070,67
628,71	1069,67
628,912	1017,67
629,114	1331,67
629,315	1066,67
629,517	1078,67
629,719	1045,67
629,921	1149,67
630,122	1142,67
630,324	1134,67
630,526	1245,67
630,728	1134,67
630,929	1127,67
631,131	1040,67
631,332	1261,67
631,534	1237,67
631,736	1169,67
631,937	1016,67
632,139	1158,67
632,34	1151,67
632,542	1197,67
632,743	1118,67
632,945	1098,67
633,146	1152,67
633,348	1173,67
633,549	1151,67
633,751	1058,67
633,952	1142,67
634,154	1038,67
634,355	992,67
634,556	1141,67
634,758	1047,67
634,959	1110,67
635,16	1237,67
635,362	1086,67
635,563	1194,67
635,764	1134,67
635,965	1122,67
636,167	1117,67
636,368	1063,67
636,569	1061,67
636,77	1241,67
636,971	1079,67
637,172	1213,67
637,374	917,67
637,575	1291,67
637,776	954,67
637,977	952,67
638,178	1186,67
638,379	1085,67
638,58	1139,67
638,781	1024,67
638,982	1090,67
639,183	1104,67
639,384	1045,67
639,585	1063,67
639,786	1058,67
639,987	1021,67
640,187	1168,67
640,388	1149,67
640,589	1022,67
640,79	1072,67
640,991	1056,67
641,192	1285,67
641,392	1005,67
641,593	1069,67
641,794	943,67
641,995	1022,67
642,195	915,67
642,396	1013,67
642,597	1034,67
642,797	1045,67
642,998	1128,67
643,199	1224,67
643,399	1193,67
643,6	1023,67
643,8	969,67
644,001	1091,67
644,202	1088,67
644,402	1008,67
644,603	1145,67
644,803	880,67
645,004	1136,67
645,204	992,67
645,404	1054,67
645,605	1137,67
645,805	1037,67
646,006	879,67
646,206	1441,67
646,406	1105,67
646,607	981,67
646,807	895,67
647,007	-14,33
647,208	-17,33
647,408	-26,33
647,608	-11,33
