200,697	814,33
200,927	-18,67
201,158	-7,67
201,388	24,33
201,618	998,33
201,849	890,33
202,079	1080,33
202,309	968,33
202,539	1102,33
202,77	937,33
203	1051,33
203,23	1040,33
203,46	1051,33
203,691	1062,33
203,921	998,33
204,151	1072,33
204,381	979,33
204,611	1073,33
204,841	984,33
205,071	973,33
205,302	1171,33
205,532	1104,33
205,762	2880,33
205,992	1001,33
206,222	1034,33
206,452	1025,33
206,682	1014,33
206,912	1131,33
207,142	926,33
207,372	1037,33
207,602	1004,33
207,832	989,33
208,062	1091,33
208,292	1300,33
208,522	955,33
208,752	1048,33
208,982	1017,33
209,212	1089,33
209,442	1150,33
209,672	993,33
209,902	1037,33
210,131	1101,33
210,361	918,33
210,591	1066,33
210,821	1015,33
211,051	1153,33
211,281	1059,33
211,51	1089,33
211,74	1080,33
211,97	1043,33
212,2	1054,33
212,429	1260,33
212,659	1061,33
212,889	1083,33
213,119	948,33
213,348	1041,33
213,578	1197,33
213,808	1059,33
214,037	1138,33
214,267	1116,33
214,497	1060,33
214,726	1024,33
214,956	1118,33
215,186	1020,33
215,415	1088,33
215,645	1057,33
215,874	1114,33
216,104	1001,33
216,333	1075,33
216,563	1058,33
216,792	1200,33
217,022	1168,33
217,251	1096,33
217,481	976,33
217,71	1164,33
217,94	977,33
218,169	1109,33
218,399	1087,33
218,628	1018,33
218,858	974,33
219,087	1088,33
219,316	1156,33
219,546	1088,33
219,775	993,33
220,004	1244,33
220,234	1000,33
220,463	1059,33
220,692	1099,33
220,922	1099,33
221,151	1149,33
221,38	1019,33
221,61	1374,33
221,839	1248,33
222,068	1104,33
222,297	1178,33
222,526	1046,33
222,756	1157,33
222,985	1160,33
223,214	1094,33
223,443	1067,33
223,672	1451,33
223,902	1056,33
224,131	1008,33
224,36	1221,33
224,589	946,33
224,818	1114,33
225,047	1171,33
225,276	1040,33
225,505	1253,33
225,734	1037,33
225,963	1067,33
226,192	987,33
226,421	1104,33
226,65	1136,33
226,879	1137,33
227,108	1171,33
227,337	1122,33
227,566	1144,33
227,795	1045,33
228,024	1179,33
228,253	1106,33
228,482	1168,33
228,711	1112,33
228,94	1041,33
229,168	1060,33
229,397	1168,33
229,626	1131,33
229,855	1057,33
230,084	1067,33
230,313	984,33
230,541	1144,33
230,77	1081,33
230,999	973,33
231,228	1217,33
231,456	1117,33
231,685	1071,33
231,914	1124,33
232,143	1121,33
232,371	1083,33
232,6	1116,33
232,829	1086,33
233,057	1107,33
233,286	1107,33
233,515	1065,33
233,743	1112,33
233,972	988,33
234,2	1161,33
234,429	1001,33
234,658	1130,33
234,886	987,33
235,115	1022,33
235,343	1152,33
235,572	1059,33
235,8	1378,33
236,029	1320,33
236,257	1085,33
236,486	1161,33
236,714	1194,33
236,943	1021,33
237,171	1088,33
237,399	1050,33
237,628	1134,33
237,856	1136,33
238,085	1248,33
238,313	1100,33
238,541	1075,33
238,77	1233,33
238,998	1080,33
239,226	1110,33
239,455	1091,33
239,683	1161,33
239,911	1076,33
240,14	1185,33
240,368	1150,33
240,596	1068,33
240,824	1133,33
241,053	1093,33
241,281	1072,33
241,509	1107,33
241,737	1081,33
241,965	1024,33
242,193	1018,33
242,422	1090,33
242,65	1032,33
242,878	1024,33
243,106	1084,33
243,334	1065,33
243,562	1202,33
243,79	1123,33
244,018	1122,33
244,246	1082,33
244,474	1070,33
244,702	1062,33
244,93	1106,33
245,158	1110,33
245,386	1067,33
245,614	1168,33
245,842	1160,33
246,07	1064,33
246,298	1037,33
246,526	1546,33
246,754	1046,33
246,982	1096,33
247,21	1168,33
247,438	1067,33
247,666	940,33
247,893	1112,33
248,121	1009,33
248,349	1094,33
248,577	1128,33
248,805	1177,33
249,033	1084,33
249,26	1192,33
249,488	989,33
249,716	1128,33
249,944	1036,33
250,171	989,33
250,399	1053,33
250,627	1207,33
250,854	1082,33
251,082	1075,33
251,31	1073,33
251,537	1078,33
251,765	1245,33
251,993	1010,33
252,22	1304,33
252,448	1022,33
252,676	1192,33
252,903	1224,33
253,131	1227,33
253,358	1142,33
253,586	1003,33
253,813	1032,33
254,041	1147,33
254,268	1067,33
254,496	1002,33
254,723	1059,33
254,951	773,33
255,178	1091,33
255,406	1025,33
255,633	1049,33
255,86	1448,33
256,088	1088,33
256,315	1025,33
256,543	1144,33
256,77	1099,33
256,997	1187,33
257,225	1101,33
257,452	1042,33
257,679	1118,33
257,907	1144,33
258,134	1016,33
258,361	1168,33
258,588	1025,33
258,816	1149,33
259,043	1004,33
259,27	1123,33
259,497	1132,33
259,725	1012,33
259,952	1090,33
260,179	1049,33
260,406	1148,33
260,633	1042,33
260,86	1096,33
261,088	1070,33
261,315	1224,33
261,542	1050,33
261,769	1056,33
261,996	1350,33
262,223	1149,33
262,45	1154,33
262,677	995,33
262,904	1048,33
263,131	1169,33
263,358	1048,33
263,585	1156,33
263,812	1355,33
264,039	1201,33
264,266	1081,33
264,493	1220,33
264,72	1040,33
264,947	1123,33
265,174	1289,33
265,401	1080,33
265,627	1219,33
265,854	1080,33
266,081	1097,33
266,308	1110,33
266,535	946,33
266,762	1176,33
266,988	1043,33
267,215	1229,33
267,442	1031,33
267,669	1229,33
267,896	1124,33
268,122	1216,33
268,349	1139,33
268,576	892,33
268,802	1083,33
269,029	1105,33
269,256	1168,33
269,482	1090,33
269,709	1112,33
269,936	1083,33
270,162	1277,33
270,389	1065,33
270,616	1091,33
270,842	1243,33
271,069	1185,33
271,295	1140,33
271,522	1049,33
271,748	1096,33
271,975	1308,33
272,201	1212,33
272,428	1129,33
272,654	1094,33
272,881	1286,33
273,107	1040,33
273,334	1141,33
273,56	1222,33
273,787	1041,33
274,013	1208,33
274,239	1283,33
274,466	1115,33
274,692	971,33
274,918	1057,33
275,145	1182,33
275,371	1114,33
275,597	1188,33
275,824	1173,33
276,05	1026,33
276,276	1112,33
276,503	1116,33
276,729	1040,33
276,955	1065,33
277,181	1124,33
277,407	1157,33
277,634	1104,33
277,86	1162,33
278,086	1144,33
278,312	1051,33
278,538	1056,33
278,764	1152,33
278,991	1180,33
279,217	1113,33
279,443	1005,33
279,669	1048,33
279,895	1136,33
280,121	1090,33
280,347	1075,33
280,573	1058,33
280,799	1077,33
281,025	1303,33
281,251	1062,33
281,477	1160,33
281,703	1066,33
281,929	1078,33
282,155	1075,33
282,381	1093,33
282,607	1177,33
282,833	1077,33
283,059	1138,33
283,285	1281,33
283,51	976,33
283,736	997,33
283,962	1118,33
284,188	1081,33
284,414	1126,33
284,64	1059,33
284,865	1075,33
285,091	1080,33
285,317	1130,33
285,543	1353,33
285,768	1117,33
285,994	1196,33
286,22	1240,33
286,446	1172,33
286,671	986,33
286,897	1122,33
287,123	1056,33
287,348	1114,33
287,574	1458,33
287,799	1144,33
288,025	1066,33
288,251	1299,33
288,476	1122,33
288,702	1068,33
288,927	1083,33
289,153	1056,33
289,378	1228,33
289,604	1157,33
289,829	1114,33
290,055	1024,33
290,28	1069,33
290,506	1129,33
290,731	1002,33
290,957	1184,33
291,182	1104,33
291,408	1187,33
291,633	1116,33
291,858	1109,33
292,084	1130,33
292,309	1076,33
292,535	1112,33
292,76	825,33
292,985	1160,33
293,211	1042,33
293,436	1017,33
293,661	1218,33
293,886	1080,33
294,112	1080,33
294,337	1115,33
294,562	954,33
294,787	1157,33
295,013	1181,33
295,238	1115,33
295,463	1062,33
295,688	1208,33
295,913	1170,33
296,138	1128,33
296,364	1114,33
296,589	1081,33
296,814	1032,33
297,039	1064,33
297,264	1162,33
297,489	1161,33
297,714	1112,33
297,939	1069,33
298,164	1060,33
298,389	1191,33
298,614	1021,33
298,839	1116,33
299,064	1156,33
299,289	1106,33
299,514	1144,33
299,739	1128,33
299,964	1080,33
300,189	1168,33
300,414	1136,33
300,639	1241,33
300,863	1061,33
301,088	1360,33
301,313	1108,33
301,538	1096,33
301,763	1062,33
301,988	1131,33
302,212	1037,33
302,437	1467,33
302,662	1052,33
302,887	1062,33
303,111	1053,33
303,336	1216,33
303,561	1100,33
303,786	1028,33
304,01	1203,33
304,235	1168,33
304,46	904,33
304,684	1059,33
304,909	1098,33
305,134	1080,33
305,358	1184,33
305,583	1114,33
305,807	1211,33
306,032	990,33
306,256	1152,33
306,481	1165,33
306,706	1081,33
306,93	1067,33
307,155	1294,33
307,379	1053,33
307,604	1070,33
307,828	1048,33
308,052	1235,33
308,277	1134,33
308,501	1139,33
308,726	1163,33
308,95	1179,33
309,175	1086,33
309,399	1193,33
309,623	1096,33
309,848	1030,33
310,072	969,33
310,296	1285,33
310,521	1129,33
310,745	982,33
310,969	1253,33
311,193	1188,33
311,418	1138,33
311,642	1048,33
311,866	1074,33
312,09	1051,33
312,315	1061,33
312,539	1203,33
312,763	1078,33
312,987	1168,33
313,211	1088,33
313,435	1156,33
313,659	1152,33
313,884	1218,33
314,108	1087,33
314,332	1234,33
314,556	1006,33
314,78	1271,33
315,004	1122,33
315,228	1243,33
315,452	1164,33
315,676	1151,33
315,9	1116,33
316,124	1000,33
316,348	1104,33
316,572	1120,33
316,796	1150,33
317,02	1049,33
317,244	1098,33
317,468	1065,33
317,691	1299,33
317,915	1165,33
318,139	1044,33
318,363	1400,33
318,587	1117,33
318,811	1069,33
319,034	1043,33
319,258	1138,33
319,482	1211,33
319,706	1216,33
319,93	1052,33
320,153	1032,33
320,377	1152,33
320,601	1050,33
320,824	996,33
321,048	1216,33
321,272	1154,33
321,495	1121,33
321,719	1164,33
321,943	1049,33
322,166	1076,33
322,39	1129,33
322,614	1160,33
322,837	1152,33
323,061	876,33
323,284	1229,33
323,508	1113,33
323,731	1009,33
323,955	1109,33
324,178	1048,33
324,402	1201,33
324,625	1160,33
324,849	961,33
325,072	1149,33
325,296	1200,33
325,519	1112,33
325,743	1052,33
325,966	1121,33
326,189	1173,33
326,413	1096,33
326,636	1303,33
326,859	1179,33
327,083	1301,33
327,306	1048,33
327,529	1051,33
327,753	1038,33
327,976	1203,33
328,199	1024,33
328,422	1128,33
328,646	1089,33
328,869	1024,33
329,092	1148,33
329,315	1233,33
329,538	1066,33
329,762	1104,33
329,985	1141,33
330,208	1008,33
330,431	1144,33
330,654	1189,33
330,877	926,33
331,1	1224,33
331,323	1109,33
331,546	1203,33
331,769	1184,33
331,993	1008,33
332,216	1130,33
332,439	891,33
332,662	1060,33
332,885	1065,33
333,107	973,33
333,33	995,33
333,553	1130,33
333,776	1050,33
333,999	1120,33
334,222	1037,33
334,445	1075,33
334,668	1084,33
334,891	1100,33
335,114	1094,33
335,336	1101,33
335,559	1145,33
335,782	1276,33
336,005	1072,33
336,228	1056,33
336,45	1053,33
336,673	1046,33
336,896	1131,33
337,119	1129,33
337,341	1000,33
337,564	1180,33
337,787	1118,33
338,009	1016,33
338,232	1140,33
338,455	1088,33
338,677	1086,33
338,9	1106,33
339,122	1129,33
339,345	962,33
339,568	960,33
339,79	1104,33
340,013	1152,33
340,235	1149,33
340,458	1024,33
340,68	1088,33
340,903	1027,33
341,125	1056,33
341,348	1028,33
341,57	1008,33
341,793	1215,33
342,015	794,33
342,238	1234,33
342,46	1112,33
342,682	1163,33
342,905	954,33
343,127	1113,33
343,349	1095,33
343,572	1160,33
343,794	1053,33
344,016	1104,33
344,239	1179,33
344,461	1001,33
344,683	995,33
344,905	1042,33
345,128	976,33
345,35	1078,33
345,572	1116,33
345,794	1216,33
346,017	1085,33
346,239	1059,33
346,461	1054,33
346,683	984,33
346,905	1132,33
347,127	1082,33
347,349	994,33
347,571	1066,33
347,793	1277,33
348,016	1109,33
348,238	1096,33
348,46	1084,33
348,682	1046,33
348,904	1111,33
349,126	1129,33
349,348	1204,33
349,57	1022,33
349,792	1026,33
350,014	1140,33
350,235	1107,33
350,457	1262,33
350,679	1081,33
350,901	1017,33
351,123	1329,33
351,345	975,33
351,567	1133,33
351,789	1164,33
352,01	1177,33
352,232	1170,33
352,454	1053,33
352,676	1136,33
352,897	1056,33
353,119	1053,33
353,341	1120,33
353,563	1057,33
353,784	1016,33
354,006	1104,33
354,228	1024,33
354,449	1072,33
354,671	1160,33
354,893	1117,33
355,114	1108,33
355,336	1062,33
355,558	1260,33
355,779	984,33
356,001	1156,33
356,222	1092,33
356,444	992,33
356,665	1331,33
356,887	1028,33
357,108	1032,33
357,33	1066,33
357,551	1168,33
357,773	1060,33
357,994	1074,33
358,216	996,33
358,437	1141,33
358,659	985,33
358,88	1024,33
359,101	1144,33
359,323	1145,33
359,544	1018,33
359,765	994,33
359,987	1063,33
360,208	1057,33
360,429	1205,33
360,651	1217,33
360,872	1228,33
361,093	1040,33
361,314	1080,33
361,536	1024,33
361,757	1056,33
361,978	1052,33
362,199	979,33
362,42	968,33
362,642	1068,33
362,863	1103,33
363,084	1050,33
363,305	1092,33
363,526	1048,33
363,747	1011,33
363,968	1032,33
364,189	1176,33
364,41	1008,33
364,631	901,33
364,852	1184,33
365,073	1043,33
365,294	1010,33
365,515	995,33
365,736	1145,33
365,957	1123,33
366,178	1058,33
366,399	1107,33
366,62	1112,33
366,841	1136,33
367,062	1115,33
367,283	1089,33
367,504	1114,33
367,724	972,33
367,945	1172,33
368,166	1244,33
368,387	1107,33
368,608	1044,33
368,828	1184,33
369,049	1001,33
369,27	1040,33
369,491	1052,33
369,711	1229,33
369,932	1027,33
370,153	1104,33
370,373	1165,33
370,594	1142,33
370,815	1152,33
371,035	1189,33
371,256	958,33
371,477	1043,33
371,697	1040,33
371,918	928,33
372,138	1094,33
372,359	1138,33
372,579	1014,33
372,8	1057,33
373,02	1065,33
373,241	1080,33
373,461	1123,33
373,682	1072,33
373,902	1222,33
374,123	998,33
374,343	1146,33
374,564	1028,33
374,784	1000,33
375,004	1100,33
375,225	1035,33
375,445	1044,33
375,666	1216,33
375,886	1004,33
376,106	1010,33
376,326	1054,33
376,547	1233,33
376,767	1142,33
376,987	1104,33
377,208	925,33
377,428	986,33
377,648	1121,33
377,868	1104,33
378,088	1168,33
378,309	1161,33
378,529	1220,33
378,749	1339,33
378,969	710,33
379,189	1140,33
379,409	1003,33
379,629	997,33
379,849	1108,33
380,069	1002,33
380,29	988,33
380,51	1030,33
380,73	1112,33
380,95	1251,33
381,17	1040,33
381,39	1100,33
381,61	979,33
381,829	1048,33
382,049	1060,33
382,269	1024,33
382,489	1109,33
382,709	1053,33
382,929	1083,33
383,149	1203,33
383,369	1328,33
383,589	1080,33
383,808	1112,33
384,028	1101,33
384,248	1094,33
384,468	1060,33
384,688	1082,33
384,907	1041,33
385,127	1034,33
385,347	1160,33
385,567	1042,33
385,786	1179,33
386,006	1038,33
386,226	997,33
386,445	1170,33
386,665	924,33
386,885	1057,33
387,104	962,33
387,324	1053,33
387,543	1032,33
387,763	1088,33
387,982	1099,33
388,202	1152,33
388,422	928,33
388,641	1073,33
388,861	1219,33
389,08	1122,33
389,3	1033,33
389,519	1224,33
389,738	997,33
389,958	1106,33
390,177	978,33
390,397	1064,33
390,616	1080,33
390,836	1120,33
391,055	1093,33
391,274	1100,33
391,494	1048,33
391,713	1001,33
391,932	1077,33
392,151	944,33
392,371	1029,33
392,59	1044,33
392,809	1127,33
393,029	1091,33
393,248	1160,33
393,467	998,33
393,686	1001,33
393,905	1861,33
394,124	1019,33
394,344	1101,33
394,563	1088,33
394,782	1017,33
395,001	1097,33
395,22	1008,33
395,439	1160,33
395,658	880,33
395,877	1110,33
396,096	1011,33
396,315	1154,33
396,534	1032,33
396,753	1034,33
396,972	841,33
397,191	1030,33
397,41	1232,33
397,629	1081,33
397,848	1009,33
398,067	1078,33
398,286	988,33
398,505	1035,33
398,724	1158,33
398,943	1595,33
399,161	924,33
399,38	1142,33
399,599	1098,33
399,818	1054,33
400,037	1160,33
400,255	1096,33
400,474	1057,33
400,693	1046,33
400,912	1124,33
401,13	1022,33
401,349	1089,33
401,568	969,33
401,786	1192,33
402,005	1092,33
402,224	1060,33
402,442	1108,33
402,661	1021,33
402,88	1107,33
403,098	972,33
403,317	1096,33
403,535	1083,33
403,754	924,33
403,972	1104,33
404,191	1025,33
404,409	1029,33
404,628	1600,33
404,846	1114,33
405,065	1136,33
405,283	1075,33
405,502	1029,33
405,72	1080,33
405,938	1051,33
406,157	952,33
406,375	1118,33
406,594	1129,33
406,812	1112,33
407,03	1017,33
407,249	912,33
407,467	1088,33
407,685	1150,33
407,903	966,33
408,122	1136,33
408,34	1068,33
408,558	1073,33
408,776	1000,33
408,995	1020,33
409,213	1400,33
409,431	1085,33
409,649	1096,33
409,867	1032,33
410,085	1080,33
410,303	1016,33
410,522	962,33
410,74	920,33
410,958	993,33
411,176	1034,33
411,394	988,33
411,612	1016,33
411,83	1192,33
412,048	1090,33
412,266	1056,33
412,484	1046,33
412,702	1228,33
412,92	1364,33
413,138	1136,33
413,356	1048,33
413,573	1144,33
413,791	1301,33
414,009	1068,33
414,227	1275,33
414,445	1023,33
414,663	1072,33
414,881	1079,33
415,098	1106,33
415,316	1043,33
415,534	1184,33
415,752	1096,33
415,969	1076,33
416,187	1017,33
416,405	978,33
416,623	1128,33
416,84	950,33
417,058	1064,33
417,276	1233,33
417,493	1020,33
417,711	1007,33
417,928	1083,33
418,146	960,33
418,364	1105,33
418,581	1089,33
418,799	1032,33
419,016	969,33
419,234	1017,33
419,451	1427,33
419,669	1083,33
419,886	1010,33
420,104	1040,33
420,321	1071,33
420,539	1021,33
420,756	1168,33
420,974	998,33
421,191	984,33
421,408	1110,33
421,626	1064,33
421,843	1001,33
422,06	1099,33
422,278	1021,33
422,495	1053,33
422,712	1026,33
422,93	1123,33
423,147	1152,33
423,364	1043,33
423,581	1152,33
423,799	989,33
424,016	1006,33
424,233	1058,33
424,45	1028,33
424,667	1096,33
424,884	981,33
425,102	1168,33
425,319	1021,33
425,536	1036,33
425,753	1122,33
425,97	1000,33
426,187	1053,33
426,404	1009,33
426,621	1232,33
426,838	1088,33
427,055	1096,33
427,272	1203,33
427,489	1189,33
427,706	986,33
427,923	978,33
428,14	1060,33
428,357	1109,33
428,574	1056,33
428,791	1034,33
429,008	1030,33
429,224	970,33
429,441	947,33
429,658	990,33
429,875	1198,33
430,092	1155,33
430,308	1139,33
430,525	1098,33
430,742	1042,33
430,959	1250,33
431,175	1075,33
431,392	1017,33
431,609	1157,33
431,826	1080,33
432,042	973,33
432,259	1028,33
432,476	1300,33
432,692	1011,33
432,909	1053,33
433,125	1088,33
433,342	909,33
433,559	1112,33
433,775	1016,33
433,992	928,33
434,208	909,33
434,425	1026,33
434,641	1152,33
434,858	1224,33
435,074	1104,33
435,291	1020,33
435,507	1040,33
435,723	1040,33
435,94	1046,33
436,156	996,33
436,373	995,33
436,589	976,33
436,805	1084,33
437,022	1000,33
437,238	1128,33
437,454	1074,33
437,671	1014,33
437,887	1046,33
438,103	1032,33
438,319	1000,33
438,536	1150,33
438,752	1041,33
438,968	1057,33
439,184	1076,33
439,4	1018,33
439,616	928,33
439,833	1149,33
440,049	892,33
440,265	1280,33
440,481	990,33
440,697	1041,33
440,913	1072,33
441,129	1002,33
441,345	1130,33
441,561	1064,33
441,777	1033,33
441,993	1106,33
442,209	920,33
442,425	1050,33
442,641	1083,33
442,857	992,33
443,073	1117,33
443,289	1077,33
443,505	1080,33
443,721	1163,33
443,937	1081,33
444,152	1050,33
444,368	1125,33
444,584	995,33
444,8	1168,33
445,016	1043,33
445,231	873,33
445,447	1265,33
445,663	1026,33
445,879	1016,33
446,094	1184,33
446,31	1108,33
446,526	1024,33
446,742	1073,33
446,957	1078,33
447,173	1075,33
447,388	1129,33
447,604	1226,33
447,82	1040,33
448,035	1097,33
448,251	1044,33
448,466	1152,33
448,682	1067,33
448,897	1018,33
449,113	1250,33
449,328	1106,33
449,544	1045,33
449,759	1267,33
449,975	1000,33
450,19	998,33
450,406	1072,33
450,621	1020,33
450,836	1020,33
451,052	1093,33
451,267	790,33
451,483	1011,33
451,698	843,33
451,913	1163,33
452,129	984,33
452,344	969,33
452,559	1195,33
452,774	1048,33
452,99	1053,33
453,205	1064,33
453,42	1144,33
453,635	1109,33
453,85	1012,33
454,066	1104,33
454,281	970,33
454,496	1243,33
454,711	1120,33
454,926	1157,33
455,141	1063,33
455,356	996,33
455,571	1009,33
455,786	1075,33
456,001	981,33
456,217	968,33
456,432	1062,33
456,647	1060,33
456,861	1130,33
457,076	1088,33
457,291	1136,33
457,506	1029,33
457,721	976,33
457,936	1080,33
458,151	926,33
458,366	1152,33
458,581	1025,33
458,796	1221,33
459,01	1065,33
459,225	1040,33
459,44	940,33
459,655	1084,33
459,87	1011,33
460,084	786,33
460,299	1147,33
460,514	1027,33
460,729	1318,33
460,943	955,33
461,158	1010,33
461,373	1174,33
461,587	1005,33
461,802	1033,33
462,016	1148,33
462,231	1064,33
462,446	1140,33
462,66	1009,33
462,875	1043,33
463,089	801,33
463,304	1253,33
463,518	952,33
463,733	1088,33
463,947	1053,33
464,162	1105,33
464,376	980,33
464,591	1144,33
464,805	1064,33
465,02	1150,33
465,234	1112,33
465,448	1123,33
465,663	1115,33
465,877	1123,33
466,091	1008,33
466,306	1149,33
466,52	1257,33
466,734	1132,33
466,949	1098,33
467,163	1188,33
467,377	980,33
467,591	1106,33
467,806	968,33
468,02	1012,33
468,234	920,33
468,448	1149,33
468,662	1070,33
468,876	1236,33
469,091	1184,33
469,305	1129,33
469,519	1051,33
469,733	1232,33
469,947	1106,33
470,161	1203,33
470,375	952,33
470,589	1146,33
470,803	1072,33
471,017	1104,33
471,231	1030,33
471,445	957,33
471,659	1112,33
471,873	1093,33
472,087	843,33
472,301	1129,33
472,515	1048,33
472,728	898,33
472,942	1032,33
473,156	1038,33
473,37	1027,33
473,584	1080,33
473,798	1080,33
474,011	1088,33
474,225	1083,33
474,439	1130,33
474,653	1062,33
474,866	1092,33
475,08	1064,33
475,294	1139,33
475,507	1000,33
475,721	1070,33
475,935	975,33
476,148	969,33
476,362	931,33
476,576	1009,33
476,789	1080,33
477,003	1088,33
477,216	1073,33
477,43	1056,33
477,643	1062,33
477,857	1232,33
478,07	1072,33
478,284	1065,33
478,497	976,33
478,711	941,33
478,924	1045,33
479,138	1048,33
479,351	1029,33
479,564	920,33
479,778	1052,33
479,991	891,33
480,204	1018,33
480,418	1102,33
480,631	984,33
480,844	818,33
481,058	1018,33
481,271	906,33
481,484	1046,33
481,697	1048,33
481,911	1083,33
482,124	1029,33
482,337	1096,33
482,55	1065,33
482,763	1019,33
482,976	1104,33
483,19	968,33
483,403	1064,33
483,616	1120,33
483,829	1094,33
484,042	1048,33
484,255	1046,33
484,468	1005,33
484,681	1017,33
484,894	1170,33
485,107	1208,33
485,32	1013,33
485,533	979,33
485,746	1133,33
485,959	1017,33
486,172	1054,33
486,385	954,33
486,598	1077,33
486,81	1128,33
487,023	1013,33
487,236	1232,33
487,449	1102,33
487,662	1052,33
487,875	1144,33
488,087	1096,33
488,3	1144,33
488,513	944,33
488,726	944,33
488,938	1096,33
489,151	1100,33
489,364	1044,33
489,576	1153,33
489,789	928,33
490,002	1049,33
490,214	1213,33
490,427	920,33
490,64	936,33
490,852	1068,33
491,065	958,33
491,277	1056,33
491,49	1059,33
491,702	920,33
491,915	1093,33
492,127	1113,33
492,34	1035,33
492,552	1086,33
492,765	1128,33
492,977	1210,33
493,19	1157,33
493,402	1128,33
493,614	1131,33
493,827	994,33
494,039	1020,33
494,251	1040,33
494,464	1097,33
494,676	995,33
494,888	1021,33
495,101	1050,33
495,313	1078,33
495,525	1133,33
495,737	1089,33
495,95	1108,33
496,162	1048,33
496,374	936,33
496,586	1056,33
496,798	1056,33
497,01	1046,33
497,222	1001,33
497,435	1128,33
497,647	1056,33
497,859	984,33
498,071	1003,33
498,283	1082,33
498,495	716,33
498,707	1178,33
498,919	995,33
499,131	995,33
499,343	1040,33
499,555	1008,33
499,767	1120,33
499,979	1120,33
500,191	1192,33
500,402	1042,33
500,614	1107,33
500,826	1112,33
501,038	880,33
501,25	1088,33
501,462	980,33
501,673	1010,33
501,885	984,33
502,097	1168,33
502,309	1077,33
502,521	1073,33
502,732	1044,33
502,944	994,33
503,156	1018,33
503,367	1065,33
503,579	968,33
503,791	1096,33
504,002	1045,33
504,214	1145,33
504,425	1310,33
504,637	1129,33
504,849	1089,33
505,06	1104,33
505,272	1353,33
505,483	1046,33
505,695	1090,33
505,906	961,33
506,118	1075,33
506,329	1056,33
506,541	1004,33
506,752	1204,33
506,963	1022,33
507,175	1046,33
507,386	1042,33
507,598	1203,33
507,809	1097,33
508,02	1093,33
508,232	1008,33
508,443	968,33
508,654	1235,33
508,865	1104,33
509,077	892,33
509,288	1026,33
509,499	1197,33
509,71	956,33
509,922	1185,33
510,133	1048,33
510,344	1165,33
510,555	1052,33
510,766	1150,33
510,977	1145,33
511,188	1092,33
511,4	1120,33
511,611	1025,33
511,822	1139,33
512,033	1065,33
512,244	1107,33
512,455	1070,33
512,666	1068,33
512,877	1104,33
513,088	962,33
513,299	909,33
513,51	1114,33
513,721	1043,33
513,931	1083,33
514,142	1045,33
514,353	1208,33
514,564	961,33
514,775	1096,33
514,986	1129,33
515,196	1147,33
515,407	1024,33
515,618	1062,33
515,829	1077,33
516,04	764,33
516,25	994,33
516,461	899,33
516,672	829,33
516,882	1049,33
517,093	1096,33
517,304	977,33
517,514	917,33
517,725	1121,33
517,936	1042,33
518,146	984,33
518,357	1123,33
518,567	997,33
518,778	1284,33
518,988	1028,33
519,199	1161,33
519,409	972,33
519,62	1112,33
519,83	944,33
520,041	1136,33
520,251	995,33
520,462	1097,33
520,672	1048,33
520,882	1141,33
521,093	1138,33
521,303	1192,33
521,513	1057,33
521,724	1840,33
521,934	744,33
522,144	1064,33
522,355	968,33
522,565	1079,33
522,775	1106,33
522,985	980,33
523,196	992,33
523,406	1040,33
523,616	1168,33
523,826	1041,33
524,036	1654,33
524,246	963,33
524,457	1028,33
524,667	968,33
524,877	930,33
525,087	1112,33
525,297	1152,33
525,507	1122,33
525,717	961,33
525,927	1064,33
526,137	1064,33
526,347	1101,33
526,557	1083,33
526,767	1041,33
526,977	1266,33
527,187	1042,33
527,397	996,33
527,607	1074,33
527,816	1051,33
528,026	1029,33
528,236	1018,33
528,446	1048,33
528,656	1063,33
528,865	1161,33
529,075	1050,33
529,285	1030,33
529,495	1184,33
529,704	1074,33
529,914	1009,33
530,124	1095,33
530,334	1022,33
530,543	1085,33
530,753	1174,33
530,963	1342,33
531,172	1074,33
531,382	986,33
531,591	1066,33
531,801	1030,33
532,01	1038,33
532,22	1088,33
532,43	1082,33
532,639	1283,33
532,849	1165,33
533,058	1040,33
533,267	1205,33
533,477	760,33
533,686	989,33
533,896	930,33
534,105	961,33
534,315	1276,33
534,524	1016,33
534,733	1050,33
534,943	1222,33
535,152	1194,33
535,361	904,33
535,57	1051,33
535,78	1084,33
535,989	1084,33
536,198	1138,33
536,407	1024,33
536,617	1088,33
536,826	1084,33
537,035	1158,33
537,244	1149,33
537,453	920,33
537,662	1108,33
537,872	1176,33
538,081	1101,33
538,29	1028,33
538,499	1017,33
538,708	987,33
538,917	1112,33
539,126	1096,33
539,335	934,33
539,544	1570,33
539,753	905,33
539,962	1090,33
540,171	1037,33
540,38	1192,33
540,589	984,33
540,797	1203,33
541,006	1088,33
541,215	994,33
541,424	1210,33
541,633	1059,33
541,842	1036,33
542,05	1108,33
542,259	1034,33
542,468	1029,33
542,677	1162,33
542,885	1229,33
543,094	1005,33
543,303	1026,33
543,512	1069,33
543,72	1092,33
543,929	1205,33
544,138	1059,33
544,346	978,33
544,555	992,33
544,763	1065,33
544,972	1033,33
545,18	1001,33
545,389	1094,33
545,598	982,33
545,806	1067,33
546,015	1031,33
546,223	1048,33
546,431	1034,33
546,64	993,33
546,848	1066,33
547,057	1090,33
547,265	1041,33
547,474	1032,33
547,682	1017,33
547,89	1120,33
548,099	1374,33
548,307	1045,33
548,515	1168,33
548,723	1141,33
548,932	1032,33
549,14	920,33
549,348	1164,33
549,556	1000,33
549,765	1046,33
549,973	1008,33
550,181	1008,33
550,389	1088,33
550,597	1160,33
550,805	827,33
551,014	1213,33
551,222	4168,33
551,43	920,33
551,638	1093,33
551,846	1211,33
552,054	1113,33
552,262	1168,33
552,47	973,33
552,678	1005,33
552,886	1040,33
553,094	968,33
553,302	1067,33
553,51	1109,33
553,717	1129,33
553,925	971,33
554,133	1318,33
554,341	989,33
554,549	1108,33
554,757	1063,33
554,965	1043,33
555,172	1120,33
555,38	1248,33
555,588	921,33
555,796	1010,33
556,003	1192,33
556,211	1024,33
556,419	1084,33
556,626	1229,33
556,834	868,33
557,042	1124,33
557,249	1089,33
557,457	1072,33
557,664	992,33
557,872	963,33
558,08	1030,33
558,287	1112,33
558,495	1160,33
558,702	989,33
558,91	1106,33
559,117	1051,33
559,325	1022,33
559,532	1186,33
559,74	1184,33
559,947	1054,33
560,154	1187,33
560,362	792,33
560,569	1057,33
560,776	995,33
560,984	1064,33
561,191	1120,33
561,398	1065,33
561,606	1365,33
561,813	1155,33
562,02	1061,33
562,227	938,33
562,435	1026,33
562,642	1156,33
562,849	1081,33
563,056	1096,33
563,263	1032,33
563,471	1100,33
563,678	1192,33
563,885	985,33
564,092	1164,33
564,299	1115,33
564,506	1142,33
564,713	1064,33
564,92	1110,33
565,127	1164,33
565,334	1165,33
565,541	1321,33
565,748	1140,33
565,955	1077,33
566,162	1018,33
566,369	892,33
566,576	1210,33
566,783	1050,33
566,99	1008,33
567,196	1152,33
567,403	1070,33
567,61	1188,33
567,817	1069,33
568,024	1244,33
568,23	1157,33
568,437	1040,33
568,644	1107,33
568,851	944,33
569,057	1328,33
569,264	1121,33
569,471	997,33
569,677	1182,33
569,884	1156,33
570,091	1136,33
570,297	1865,33
570,504	1236,33
570,71	1080,33
570,917	1081,33
571,123	1009,33
571,33	1146,33
571,536	1034,33
571,743	1216,33
571,949	1045,33
572,156	1093,33
572,362	1195,33
572,569	1040,33
572,775	1021,33
572,982	1144,33
573,188	1047,33
573,394	1060,33
573,601	1030,33
573,807	984,33
574,013	1099,33
574,22	1105,33
574,426	981,33
574,632	1144,33
574,838	1022,33
575,045	1037,33
575,251	1088,33
575,457	1133,33
575,663	1204,33
575,869	1036,33
576,076	1000,33
576,282	1170,33
576,488	987,33
576,694	1244,33
576,9	944,33
577,106	992,33
577,312	1068,33
577,518	1040,33
577,724	1257,33
577,93	1117,33
578,136	1016,33
578,342	1057,33
578,548	936,33
578,754	1050,33
578,96	1008,33
579,166	1029,33
579,372	1216,33
579,578	1096,33
579,784	1100,33
579,989	1026,33
580,195	1016,33
580,401	1050,33
580,607	1116,33
580,813	1085,33
581,018	1086,33
581,224	1026,33
581,43	923,33
581,636	1096,33
581,841	1171,33
582,047	1075,33
582,253	1124,33
582,458	905,33
582,664	1062,33
582,869	1074,33
583,075	1008,33
583,281	1294,33
583,486	1152,33
583,692	1264,33
583,897	1168,33
584,103	1113,33
584,308	1149,33
584,514	1051,33
584,719	1160,33
584,925	1152,33
585,13	1164,33
585,335	949,33
585,541	1168,33
585,746	1101,33
585,952	982,33
586,157	1091,33
586,362	944,33
586,568	1120,33
586,773	1181,33
586,978	1008,33
587,183	1131,33
587,389	1091,33
587,594	1029,33
587,799	1101,33
588,004	1116,33
588,21	1176,33
588,415	959,33
588,62	1128,33
588,825	1156,33
589,03	1020,33
589,235	1490,33
589,44	1177,33
589,645	1067,33
589,85	1144,33
590,055	1248,33
590,26	1066,33
590,465	1054,33
590,67	1132,33
590,875	1216,33
591,08	1296,33
591,285	1115,33
591,49	1098,33
591,695	1085,33
591,9	1077,33
592,105	1092,33
592,31	881,33
592,515	1325,33
592,719	968,33
592,924	1013,33
593,129	1070,33
593,334	1104,33
593,539	1033,33
593,743	923,33
593,948	1072,33
594,153	1125,33
594,357	1253,33
594,562	977,33
594,767	1648,33
594,971	971,33
595,176	1112,33
595,381	1177,33
595,585	1056,33
595,79	1216,33
595,994	1014,33
596,199	1429,33
596,403	923,33
596,608	1040,33
596,812	1118,33
597,017	1172,33
597,221	1273,33
597,426	1197,33
597,63	1048,33
597,835	996,33
598,039	1036,33
598,243	1024,33
598,448	1314,33
598,652	1108,33
598,856	1037,33
599,061	1155,33
599,265	1055,33
599,469	976,33
599,673	1188,33
599,878	1100,33
600,082	1019,33
600,286	1076,33
600,49	1130,33
600,695	1038,33
600,899	1058,33
601,103	1096,33
601,307	1131,33
601,511	1067,33
601,715	1064,33
601,919	992,33
602,123	1101,33
602,327	1198,33
602,531	1066,33
602,735	1172,33
602,939	1178,33
603,143	981,33
603,347	1028,33
603,551	1075,33
603,755	1057,33
603,959	1000,33
604,163	1084,33
604,367	1064,33
604,571	1011,33
604,775	1129,33
604,978	1080,33
605,182	994,33
605,386	1114,33
605,59	1040,33
605,793	1062,33
605,997	1164,33
606,201	1072,33
606,405	1170,33
606,608	1170,33
606,812	1040,33
607,016	1201,33
607,219	1064,33
607,423	1034,33
607,627	1176,33
607,83	1076,33
608,034	1147,33
608,237	1147,33
608,441	1040,33
608,644	1174,33
608,848	1147,33
609,051	1090,33
609,255	928,33
609,458	1137,33
609,662	1080,33
609,865	1113,33
610,069	1044,33
610,272	1018,33
610,475	995,33
610,679	1203,33
610,882	1152,33
611,085	1049,33
611,289	1136,33
611,492	1112,33
611,695	995,33
611,898	856,33
612,102	1120,33
612,305	1113,33
612,508	1128,33
612,711	1200,33
612,914	1065,33
613,118	1140,33
613,321	1017,33
613,524	1044,33
613,727	1108,33
613,93	1097,33
614,133	1077,33
614,336	1064,33
614,539	1080,33
614,742	1041,33
614,945	1032,33
615,148	1184,33
615,351	1076,33
615,554	1179,33
615,757	1040,33
615,96	1116,33
616,163	1080,33
616,366	1139,33
616,569	1042,33
616,772	1280,33
616,974	1081,33
617,177	1195,33
617,38	1091,33
617,583	1050,33
617,786	1074,33
617,988	977,33
618,191	1237,33
618,394	1040,33
618,596	977,33
618,799	1016,33
619,002	1122,33
619,204	1078,33
619,407	1090,33
619,61	1010,33
619,812	1078,33
620,015	1070,33
620,217	1197,33
620,42	1177,33
620,623	1047,33
620,825	1049,33
621,028	1084,33
621,23	1121,33
621,432	1125,33
621,635	1213,33
621,837	1144,33
622,04	1002,33
622,242	1074,33
622,445	1112,33
622,647	1116,33
622,849	1124,33
623,052	1008,33
623,254	1123,33
623,456	961,33
623,658	1176,33
623,861	1192,33
624,063	1014,33
624,265	1099,33
624,467	1099,33
624,67	1010,33
624,872	984,33
625,074	1202,33
625,276	1128,33
625,478	1136,33
625,68	956,33
625,882	1056,33
626,084	1076,33
626,287	1264,33
626,489	1176,33
626,691	1081,33
626,893	1115,33
627,095	1116,33
627,297	1137,33
627,499	1029,33
627,7	874,33
627,902	1027,33
628,104	922,33
628,306	1012,33
628,508	984,33
628,71	995,33
628,912	1255,33
629,114	1212,33
629,315	1017,33
629,517	1064,33
629,719	1023,33
629,921	1085,33
630,122	1201,33
630,324	1062,33
630,526	1066,33
630,728	1116,33
630,929	1040,33
631,131	1029,33
631,332	1217,33
631,534	1184,33
631,736	1106,33
631,937	1005,33
632,139	1136,33
632,34	1142,33
632,542	1146,33
632,743	1140,33
632,945	1018,33
633,146	1120,33
633,348	1326,33
633,549	1104,33
633,751	1002,33
633,952	1089,33
634,154	988,33
634,355	984,33
634,556	1112,33
634,758	984,33
634,959	1048,33
635,16	1136,33
635,362	1104,33
635,563	1073,33
635,764	1139,33
635,965	1073,33
636,167	1153,33
636,368	1057,33
636,569	1073,33
636,77	1249,33
636,971	1044,33
637,172	1211,33
637,374	874,33
637,575	1262,33
637,776	1023,33
637,977	1014,33
638,178	1092,33
638,379	998,33
638,58	1089,33
638,781	1072,33
638,982	1048,33
639,183	1077,33
639,384	1056,33
639,585	1106,33
639,786	993,33
639,987	1008,33
640,187	1168,33
640,388	1125,33
640,589	1000,33
640,79	1032,33
640,991	1049,33
641,192	1201,33
641,392	971,33
641,593	1201,33
641,794	960,33
641,995	1032,33
642,195	913,33
642,396	1024,33
642,597	944,33
642,797	992,33
642,998	1130,33
643,199	1067,33
643,399	1072,33
643,6	974,33
643,8	1004,33
644,001	1066,33
644,202	1081,33
644,402	1153,33
644,603	1125,33
644,803	952,33
645,004	1066,33
645,204	952,33
645,404	1086,33
645,605	1473,33
645,805	977,33
646,006	1005,33
646,206	1402,33
646,406	1021,33
646,607	949,33
646,807	968,33
647,007	-61,67
647,208	58,33
647,408	-3,67
647,608	-9,67
