200,697	975
200,927	13
201,158	2
201,388	19
201,618	990
201,849	885
202,079	1093
202,309	959
202,539	1118
202,77	965
203	1074
203,23	1041
203,46	1054
203,691	1104
203,921	1085
204,151	1005
204,381	1069
204,611	1150
204,841	1032
205,071	998
205,302	1109
205,532	1099
205,762	2685
205,992	904
206,222	1021
206,452	1079
206,682	1011
206,912	1093
207,142	1125
207,372	1069
207,602	1005
207,832	928
208,062	1146
208,292	1049
208,522	909
208,752	1243
208,982	1010
209,212	1165
209,442	1061
209,672	1007
209,902	992
210,131	1107
210,361	812
210,591	1186
210,821	1021
211,051	1178
211,281	1016
211,51	1024
211,74	1053
211,97	1052
212,2	1101
212,429	1295
212,659	1138
212,889	1099
213,119	996
213,348	955
213,578	1165
213,808	1095
214,037	1138
214,267	1143
214,497	1118
214,726	992
214,956	997
215,186	990
215,415	1054
215,645	1057
215,874	1095
216,104	1037
216,333	1085
216,563	1094
216,792	1113
217,022	1137
217,251	1089
217,481	992
217,71	1071
217,94	1034
218,169	1077
218,399	901
218,628	914
218,858	1111
219,087	1117
219,316	1138
219,546	1072
219,775	1113
220,004	1270
220,234	861
220,463	1089
220,692	1094
220,922	1093
221,151	1109
221,38	1103
221,61	1383
221,839	1262
222,068	1137
222,297	1189
222,526	1136
222,756	1190
222,985	1161
223,214	1117
223,443	1104
223,672	1446
223,902	1029
224,131	1098
224,36	1197
224,589	1091
224,818	1047
225,047	1189
225,276	1068
225,505	1335
225,734	1135
225,963	958
226,192	1071
226,421	1015
226,65	1129
226,879	1183
227,108	1182
227,337	1215
227,566	1302
227,795	1056
228,024	1253
228,253	1049
228,482	1038
228,711	1162
228,94	1005
229,168	1104
229,397	1026
229,626	1282
229,855	1061
230,084	1095
230,313	1037
230,541	1185
230,77	1198
230,999	1032
231,228	1254
231,456	1197
231,685	1087
231,914	1170
232,143	1103
232,371	1117
232,6	1117
232,829	1181
233,057	1225
233,286	1187
233,515	1140
233,743	1146
233,972	1063
234,2	1092
234,429	1086
234,658	1200
234,886	1087
235,115	1151
235,343	1173
235,572	1077
235,8	1208
236,029	1359
236,257	1083
236,486	1161
236,714	1209
236,943	1237
237,171	1127
237,399	1314
237,628	1127
237,856	1261
238,085	1174
238,313	1072
238,541	1150
238,77	1389
238,998	1066
239,226	1047
239,455	1141
239,683	1252
239,911	1194
240,14	1213
240,368	1207
240,596	1208
240,824	1157
241,053	1201
241,281	1092
241,509	1161
241,737	1149
241,965	1033
242,193	1122
242,422	1134
242,65	1130
242,878	1154
243,106	1166
243,334	1173
243,562	1273
243,79	1205
244,018	1269
244,246	1197
244,474	1151
244,702	1085
244,93	1192
245,158	1205
245,386	1141
245,614	1205
245,842	1262
246,07	1139
246,298	1242
246,526	1528
246,754	1102
246,982	937
247,21	1182
247,438	1142
247,666	1181
247,893	1202
248,121	1160
248,349	1138
248,577	1442
248,805	984
249,033	1214
249,26	1194
249,488	1127
249,716	1167
249,944	1189
250,171	1176
250,399	1181
250,627	1251
250,854	1177
251,082	1146
251,31	1191
251,537	1192
251,765	1385
251,993	1057
252,22	1440
252,448	1111
252,676	1257
252,903	1206
253,131	1437
253,358	1174
253,586	1103
253,813	1101
254,041	1237
254,268	1156
254,496	1054
254,723	1149
254,951	1211
255,178	1222
255,406	1183
255,633	1200
255,86	1348
256,088	1165
256,315	1092
256,543	1442
256,77	1199
256,997	1205
257,225	1210
257,452	1153
257,679	1215
257,907	1201
258,134	973
258,361	1346
258,588	1105
258,816	1217
259,043	1230
259,27	1129
259,497	1299
259,725	1099
259,952	1189
260,179	1120
260,406	1239
260,633	1225
260,86	1185
261,088	1223
261,315	1374
261,542	1084
261,769	1136
261,996	1327
262,223	1286
262,45	1511
262,677	1075
262,904	1211
263,131	1303
263,358	1205
263,585	1289
263,812	1434
264,039	1323
264,266	1165
264,493	1216
264,72	1205
264,947	1159
265,174	1309
265,401	1334
265,627	1287
265,854	1279
266,081	1173
266,308	1243
266,535	1207
266,762	1189
266,988	1232
267,215	1221
267,442	1369
267,669	1315
267,896	1298
268,122	1357
268,349	1302
268,576	1016
268,802	1216
269,029	1163
269,256	1269
269,482	1152
269,709	1173
269,936	1230
270,162	1317
270,389	1197
270,616	1258
270,842	1360
271,069	1262
271,295	1224
271,522	1107
271,748	1161
271,975	1395
272,201	1280
272,428	1196
272,654	1208
272,881	1391
273,107	1174
273,334	1278
273,56	1264
273,787	1167
274,013	1285
274,239	1389
274,466	1224
274,692	1202
274,918	1206
275,145	1256
275,371	1224
275,597	1397
275,824	1205
276,05	1264
276,276	1289
276,503	1182
276,729	1243
276,955	1189
277,181	1352
277,407	1183
277,634	1316
277,86	1221
278,086	1253
278,312	1207
278,538	1133
278,764	1232
278,991	1331
279,217	1238
279,443	1178
279,669	1195
279,895	1272
280,121	1159
280,347	1229
280,573	1157
280,799	1173
281,025	1359
281,251	1224
281,477	1279
281,703	1118
281,929	1152
282,155	1166
282,381	1197
282,607	1181
282,833	1220
283,059	1213
283,285	1181
283,51	1186
283,736	1087
283,962	1205
284,188	1193
284,414	1170
284,64	1269
284,865	1181
285,091	1150
285,317	1324
285,543	1286
285,768	1225
285,994	1174
286,22	1596
286,446	1287
286,671	1024
286,897	1256
287,123	1059
287,348	1285
287,574	1673
287,799	1240
288,025	1149
288,251	1378
288,476	1226
288,702	1211
288,927	1203
289,153	1159
289,378	1345
289,604	1189
289,829	1208
290,055	1157
290,28	1197
290,506	1151
290,731	1184
290,957	1211
291,182	1305
291,408	1294
291,633	1245
291,858	1189
292,084	1228
292,309	1173
292,535	1231
292,76	1306
292,985	1273
293,211	1104
293,436	1160
293,661	1117
293,886	1166
294,112	1142
294,337	1248
294,562	1070
294,787	1292
295,013	1192
295,238	1169
295,463	1245
295,688	1325
295,913	1253
296,138	1290
296,364	1215
296,589	1285
296,814	1133
297,039	1237
297,264	1298
297,489	1267
297,714	1241
297,939	1214
298,164	1285
298,389	1310
298,614	1149
298,839	1251
299,064	1271
299,289	1226
299,514	1285
299,739	1247
299,964	1147
300,189	1218
300,414	1213
300,639	1322
300,863	1374
301,088	1501
301,313	1254
301,538	1146
301,763	1173
301,988	1267
302,212	1264
302,437	1486
302,662	1272
302,887	1225
303,111	1241
303,336	1329
303,561	1272
303,786	1173
304,01	1286
304,235	1335
304,46	1161
304,684	1184
304,909	1344
305,134	1057
305,358	1319
305,583	1304
305,807	1360
306,032	1088
306,256	1277
306,481	1229
306,706	1208
306,93	1117
307,155	1506
307,379	1153
307,604	1176
307,828	1133
308,052	1308
308,277	1237
308,501	1286
308,726	1288
308,95	1296
309,175	1077
309,399	1331
309,623	1156
309,848	1120
310,072	1087
310,296	1445
310,521	1215
310,745	1177
310,969	1381
311,193	1308
311,418	1237
311,642	1214
311,866	1189
312,09	1221
312,315	1279
312,539	1248
312,763	1138
312,987	1286
313,211	1181
313,435	1256
313,659	1189
313,884	1353
314,108	1272
314,332	1154
314,556	1176
314,78	1497
315,004	1242
315,228	1298
315,452	1285
315,676	1262
315,9	1230
316,124	1117
316,348	1218
316,572	1225
316,796	1269
317,02	1155
317,244	1238
317,468	1129
317,691	1383
317,915	1269
318,139	1181
318,363	1536
318,587	1114
318,811	1149
319,034	1126
319,258	1247
319,482	1330
319,706	1293
319,93	1177
320,153	1169
320,377	1239
320,601	1176
320,824	1106
321,048	1221
321,272	1274
321,495	999
321,719	1165
321,943	1189
322,166	1140
322,39	1173
322,614	1298
322,837	1232
323,061	1162
323,284	1304
323,508	1238
323,731	1123
323,955	1237
324,178	956
324,402	1253
324,625	1158
324,849	1051
325,072	1282
325,296	1219
325,519	1143
325,743	1197
325,966	1274
326,189	1320
326,413	1147
326,636	1419
326,859	1351
327,083	1161
327,306	1167
327,529	1134
327,753	1102
327,976	1237
328,199	1233
328,422	1267
328,646	1215
328,869	1144
329,092	1267
329,315	1233
329,538	1159
329,762	1234
329,985	1125
330,208	1174
330,431	1182
330,654	1175
330,877	1333
331,1	1245
331,323	1148
331,546	1358
331,769	1224
331,993	1071
332,216	1185
332,439	1142
332,662	1233
332,885	1016
333,107	1117
333,33	1038
333,553	1234
333,776	1135
333,999	1183
334,222	1105
334,445	1119
334,668	1175
334,891	1262
335,114	1098
335,336	1145
335,559	1229
335,782	1386
336,005	1197
336,228	1109
336,45	1151
336,673	1118
336,896	1226
337,119	1183
337,341	1118
337,564	1091
337,787	1193
338,009	1133
338,232	1197
338,455	1261
338,677	1206
338,9	1192
339,122	1251
339,345	1085
339,568	1081
339,79	1144
340,013	1315
340,235	1186
340,458	1146
340,68	1220
340,903	1103
341,125	1166
341,348	1144
341,57	1084
341,793	1309
342,015	1061
342,238	1211
342,46	1138
342,682	1161
342,905	1221
343,127	1233
343,349	1177
343,572	1206
343,794	1102
344,016	1121
344,239	1197
344,461	1114
344,683	1134
344,905	1125
345,128	1061
345,35	1184
345,572	1221
345,794	1226
346,017	1232
346,239	1254
346,461	1059
346,683	1133
346,905	1197
347,127	1152
347,349	1205
347,571	1152
347,793	1301
348,016	1173
348,238	1158
348,46	1141
348,682	1089
348,904	1197
349,126	1204
349,348	1230
349,57	1155
349,792	1107
350,014	1143
350,235	1213
350,457	1327
350,679	1121
350,901	1063
351,123	1141
351,345	1123
351,567	1213
351,789	1109
352,01	1344
352,232	1159
352,454	1126
352,676	1253
352,897	1122
353,119	1110
353,341	1197
353,563	1117
353,784	1077
354,006	1145
354,228	1131
354,449	1141
354,671	1474
354,893	1330
355,114	1224
355,336	1142
355,558	1157
355,779	1063
356,001	1207
356,222	1181
356,444	1086
356,665	1391
356,887	1103
357,108	1081
357,33	1141
357,551	1241
357,773	1202
357,994	1161
358,216	1062
358,437	1173
358,659	1208
358,88	1088
359,101	1197
359,323	1209
359,544	1053
359,765	1015
359,987	1125
360,208	1125
360,429	1170
360,651	1170
360,872	1227
361,093	1098
361,314	1016
361,536	1117
361,757	1083
361,978	1111
362,199	1050
362,42	1031
362,642	1067
362,863	1167
363,084	1093
363,305	1165
363,526	1122
363,747	1125
363,968	1183
364,189	1149
364,41	1111
364,631	1111
364,852	1197
365,073	1107
365,294	1096
365,515	1081
365,736	1145
365,957	1125
366,178	1144
366,399	1170
366,62	1181
366,841	1130
367,062	1175
367,283	1149
367,504	1208
367,724	1045
367,945	1126
368,166	1189
368,387	1128
368,608	1087
368,828	1189
369,049	1065
369,27	1075
369,491	1097
369,711	1247
369,932	1249
370,153	1085
370,373	1171
370,594	1345
370,815	1112
371,035	1210
371,256	1050
371,477	1083
371,697	1118
371,918	1019
372,138	1176
372,359	1221
372,579	1001
372,8	1144
373,02	1437
373,241	1033
373,461	1296
373,682	1029
373,902	1168
374,123	1038
374,343	1187
374,564	1119
374,784	1125
375,004	1175
375,225	1061
375,445	1097
375,666	1258
375,886	1031
376,106	1071
376,326	1150
376,547	1362
376,767	1204
376,987	1181
377,208	1064
377,428	1085
377,648	1197
377,868	1189
378,088	1217
378,309	1201
378,529	1235
378,749	1142
378,969	1165
379,189	1157
379,409	1129
379,629	989
379,849	1249
380,069	1078
380,29	1045
380,51	1080
380,73	1173
380,95	1304
381,17	1165
381,39	1130
381,61	1043
381,829	1066
382,049	1118
382,269	1219
382,489	1153
382,709	1010
382,929	1223
383,149	1130
383,369	1397
383,589	1157
383,808	1141
384,028	1145
384,248	1128
384,468	1090
384,688	1134
384,907	1098
385,127	1097
385,347	1160
385,567	1099
385,786	1224
386,006	1085
386,226	1015
386,445	1091
386,665	1078
386,885	1114
387,104	1040
387,324	1082
387,543	1125
387,763	1081
387,982	1301
388,202	1093
388,422	1101
388,641	1077
388,861	1335
389,08	1133
389,3	1129
389,519	1267
389,738	1083
389,958	1110
390,177	1012
390,397	1145
390,616	1117
390,836	1225
391,055	1139
391,274	1251
391,494	1116
391,713	1155
391,932	1104
392,151	1117
392,371	1059
392,59	1118
392,809	1149
393,029	1199
393,248	1165
393,467	969
393,686	1095
393,905	1782
394,124	1080
394,344	1161
394,563	1142
394,782	1078
395,001	1216
395,22	1055
395,439	1232
395,658	1029
395,877	1125
396,096	1104
396,315	1208
396,534	1053
396,753	1144
396,972	1014
397,191	1080
397,41	1090
397,629	1082
397,848	1069
398,067	1061
398,286	1080
398,505	1037
398,724	1177
398,943	1568
399,161	983
399,38	1139
399,599	1167
399,818	1079
400,037	1211
400,255	1034
400,474	1221
400,693	1144
400,912	997
401,13	1040
401,349	1122
401,568	1037
401,786	1232
402,005	1258
402,224	1066
402,442	1130
402,661	1134
402,88	1018
403,098	1013
403,317	1104
403,535	1125
403,754	1085
403,972	1183
404,191	1040
404,409	1029
404,628	1501
404,846	1181
405,065	1122
405,283	1079
405,502	1079
405,72	1111
405,938	1040
406,157	1147
406,375	976
406,594	1149
406,812	1142
407,03	1073
407,249	920
407,467	1184
407,685	1245
407,903	1050
408,122	1173
408,34	1128
408,558	1085
408,776	1038
408,995	1089
409,213	1103
409,431	1286
409,649	1173
409,867	993
410,085	1221
410,303	1109
410,522	1013
410,74	1072
410,958	1069
411,176	1072
411,394	1053
411,612	1045
411,83	1321
412,048	1129
412,266	1045
412,484	1118
412,702	1242
412,92	952
413,138	1117
413,356	1105
413,573	1191
413,791	1360
414,009	1093
414,227	1277
414,445	1110
414,663	1085
414,881	1092
415,098	1175
415,316	837
415,534	1398
415,752	1049
415,969	1189
416,187	975
416,405	1181
416,623	1105
416,84	1000
417,058	1122
417,276	1150
417,493	1106
417,711	1104
417,928	1159
418,146	1064
418,364	1088
418,581	1257
418,799	1026
419,016	858
419,234	909
419,451	1573
419,669	1117
419,886	1105
420,104	998
420,321	1099
420,539	1044
420,756	1205
420,974	1045
421,191	991
421,408	1165
421,626	1149
421,843	1043
422,06	1084
422,278	1029
422,495	1088
422,712	1050
422,93	1114
423,147	1118
423,364	1079
423,581	1174
423,799	1064
424,016	1111
424,233	983
424,45	1103
424,667	1071
424,884	1024
425,102	1170
425,319	1041
425,536	1050
425,753	1233
425,97	1085
426,187	1082
426,404	1074
426,621	1294
426,838	1152
427,055	1141
427,272	1076
427,489	1222
427,706	1112
427,923	993
428,14	1441
428,357	1253
428,574	1113
428,791	1178
429,008	1076
429,224	1127
429,441	968
429,658	1133
429,875	1192
430,092	1149
430,308	1200
430,525	1142
430,742	1154
430,959	1050
431,175	1065
431,392	1056
431,609	1133
431,826	1102
432,042	992
432,259	1070
432,476	1382
432,692	1053
432,909	1077
433,125	1085
433,342	1075
433,559	1149
433,775	1044
433,992	993
434,208	983
434,425	1175
434,641	1242
434,858	1219
435,074	1069
435,291	1094
435,507	1072
435,723	1094
435,94	1107
436,156	1095
436,373	1143
436,589	1211
436,805	1089
437,022	1066
437,238	969
437,454	1133
437,671	1072
437,887	1133
438,103	1062
438,319	1008
438,536	1125
438,752	1126
438,968	1061
439,184	1117
439,4	1071
439,616	1008
439,833	1193
440,049	1002
440,265	1210
440,481	1098
440,697	1175
440,913	1177
441,129	1070
441,345	1203
441,561	1169
441,777	1075
441,993	1111
442,209	1021
442,425	1245
442,641	1082
442,857	1169
443,073	1058
443,289	1109
443,505	907
443,721	1183
443,937	1087
444,152	1021
444,368	1117
444,584	1105
444,8	1211
445,016	1109
445,231	1078
445,447	1355
445,663	1188
445,879	1022
446,094	1349
446,31	1157
446,526	1134
446,742	1137
446,957	1112
447,173	1147
447,388	1165
447,604	1214
447,82	1075
448,035	1096
448,251	1138
448,466	1127
448,682	1059
448,897	1121
449,113	1128
449,328	1168
449,544	1093
449,759	1329
449,975	1015
450,19	1021
450,406	1102
450,621	1018
450,836	1089
451,052	1061
451,267	1166
451,483	1055
451,698	972
451,913	1101
452,129	1082
452,344	1045
452,559	1287
452,774	1106
452,99	1049
453,205	1083
453,42	1186
453,635	1184
453,85	1071
454,066	1185
454,281	1147
454,496	1239
454,711	1070
454,926	995
455,141	949
455,356	1201
455,571	973
455,786	1112
456,001	1133
456,217	931
456,432	1159
456,647	1130
456,861	1113
457,076	1087
457,291	1165
457,506	1053
457,721	1128
457,936	1050
458,151	1074
458,366	1199
458,581	1069
458,796	1261
459,01	1092
459,225	1129
459,44	952
459,655	1165
459,87	994
460,084	1050
460,299	1074
460,514	1112
460,729	1431
460,943	1017
461,158	975
461,373	1130
461,587	1041
461,802	1045
462,016	1223
462,231	1031
462,446	1166
462,66	1085
462,875	1061
463,089	1083
463,304	1376
463,518	1055
463,733	1093
463,947	1166
464,162	993
464,376	1011
464,591	1161
464,805	1084
465,02	1167
465,234	1165
465,448	1133
465,663	1083
465,877	1150
466,091	1109
466,306	1215
466,52	1318
466,734	1128
466,949	1125
467,163	1154
467,377	1053
467,591	1130
467,806	1095
468,02	999
468,234	1021
468,448	1149
468,662	1091
468,876	1277
469,091	1085
469,305	1111
469,519	1107
469,733	1013
469,947	1047
470,161	1233
470,375	1171
470,589	1120
470,803	1170
471,017	1110
471,231	1157
471,445	997
471,659	1133
471,873	1152
472,087	1061
472,301	1083
472,515	997
472,728	1037
472,942	1018
473,156	1354
473,37	1068
473,584	1031
473,798	1149
474,011	1202
474,225	1067
474,439	1168
474,653	1107
474,866	1089
475,08	1135
475,294	1176
475,507	993
475,721	1121
475,935	1055
476,148	1053
476,362	982
476,576	1048
476,789	1064
477,003	1128
477,216	1117
477,43	1084
477,643	1085
477,857	1200
478,07	931
478,284	1098
478,497	1017
478,711	1005
478,924	1073
479,138	1056
479,351	989
479,564	1033
479,778	1032
479,991	981
480,204	1069
480,418	1143
480,631	1018
480,844	1161
481,058	982
481,271	1030
481,484	1160
481,697	1053
481,911	1108
482,124	1037
482,337	1143
482,55	1013
482,763	999
482,976	1153
483,19	1083
483,403	1070
483,616	1153
483,829	1111
484,042	1058
484,255	1112
484,468	1056
484,681	1085
484,894	1045
485,107	1197
485,32	1119
485,533	1030
485,746	1301
485,959	1072
486,172	1109
486,385	1004
486,598	1110
486,81	1013
487,023	1104
487,236	1197
487,449	1142
487,662	1085
487,875	1098
488,087	1126
488,3	1010
488,513	972
488,726	967
488,938	1217
489,151	1125
489,364	1071
489,576	1025
489,789	1148
490,002	999
490,214	1097
490,427	985
490,64	1066
490,852	1205
491,065	926
491,277	1087
491,49	1168
491,702	918
491,915	1159
492,127	1136
492,34	1101
492,552	1130
492,765	1187
492,977	1239
493,19	1083
493,402	1123
493,614	1134
493,827	1080
494,039	1080
494,251	1075
494,464	1160
494,676	1045
494,888	1102
495,101	1021
495,313	1069
495,525	1081
495,737	1256
495,95	1153
496,162	1077
496,374	1026
496,586	1104
496,798	1077
497,01	1021
497,222	1127
497,435	1182
497,647	1065
497,859	1009
498,071	1088
498,283	1117
498,495	1053
498,707	1097
498,919	1034
499,131	1131
499,343	949
499,555	1081
499,767	1074
499,979	1190
500,191	1189
500,402	1019
500,614	1121
500,826	1151
501,038	1063
501,25	1101
501,462	1069
501,673	1088
501,885	1029
502,097	1193
502,309	1088
502,521	1157
502,732	1011
502,944	1015
503,156	1005
503,367	1040
503,579	957
503,791	1142
504,002	1109
504,214	1157
504,425	1357
504,637	1153
504,849	1098
505,06	1158
505,272	1175
505,483	1080
505,695	1029
505,906	1064
506,118	1022
506,329	1077
506,541	1069
506,752	1169
506,963	1117
507,175	957
507,386	1194
507,598	1398
507,809	1037
508,02	1079
508,232	1149
508,443	1022
508,654	1080
508,865	1129
509,077	950
509,288	963
509,499	1271
509,71	961
509,922	1197
510,133	1073
510,344	1206
510,555	1056
510,766	1158
510,977	1083
511,188	1093
511,4	1063
511,611	1078
511,822	1078
512,033	1136
512,244	1137
512,455	1098
512,666	1070
512,877	1149
513,088	1083
513,299	1136
513,51	1126
513,721	1120
513,931	1122
514,142	1173
514,353	1221
514,564	1016
514,775	1181
514,986	1173
515,196	1182
515,407	1039
515,618	1094
515,829	1056
516,04	1182
516,25	1162
516,461	1000
516,672	1083
516,882	1013
517,093	1181
517,304	1016
517,514	1102
517,725	1119
517,936	1021
518,146	1127
518,357	1116
518,567	1025
518,778	1333
518,988	1037
519,199	1245
519,409	949
519,62	1100
519,83	1101
520,041	1105
520,251	1095
520,462	1143
520,672	1088
520,882	1109
521,093	1137
521,303	1152
521,513	1084
521,724	1821
521,934	1037
522,144	1090
522,355	1039
522,565	1017
522,775	1118
522,985	1053
523,196	1082
523,406	1032
523,616	1098
523,826	1048
524,036	1678
524,246	989
524,457	1011
524,667	945
524,877	1083
525,087	970
525,297	1101
525,507	1229
525,717	963
525,927	1163
526,137	1053
526,347	1279
526,557	1004
526,767	1063
526,977	1285
527,187	1073
527,397	986
527,607	1069
527,816	1090
528,026	1054
528,236	1041
528,446	1106
528,656	1105
528,865	1257
529,075	1055
529,285	1070
529,495	1150
529,704	1054
529,914	1072
530,124	1098
530,334	1033
530,543	1054
530,753	1288
530,963	1525
531,172	1077
531,382	1014
531,591	1266
531,801	982
532,01	1112
532,22	1107
532,43	1056
532,639	1322
532,849	1094
533,058	1072
533,267	1229
533,477	1041
533,686	1032
533,896	1065
534,105	1165
534,315	1146
534,524	1085
534,733	1089
534,943	1221
535,152	1075
535,361	1016
535,57	1094
535,78	1071
535,989	1107
536,198	1109
536,407	1062
536,617	1113
536,826	1167
537,035	1149
537,244	1091
537,453	965
537,662	1151
537,872	1238
538,081	1082
538,29	1061
538,499	1031
538,708	1077
538,917	1109
539,126	1111
539,335	1161
539,544	1677
539,753	949
539,962	1143
540,171	1069
540,38	1191
540,589	1097
540,797	1153
541,006	997
541,215	1137
541,424	1200
541,633	1091
541,842	1040
542,05	1201
542,259	1060
542,468	1103
542,677	1197
542,885	1070
543,094	1061
543,303	994
543,512	1123
543,72	1254
543,929	1128
544,138	1059
544,346	901
544,555	1042
544,763	1110
544,972	1023
545,18	975
545,389	1134
545,598	1047
545,806	1141
546,015	1096
546,223	1024
546,431	1126
546,64	1023
546,848	1081
547,057	1109
547,265	1014
547,474	1010
547,682	1125
547,89	1138
548,099	1159
548,307	877
548,515	1183
548,723	1133
548,932	1083
549,14	1099
549,348	1163
549,556	1007
549,765	1065
549,973	958
550,181	1102
550,389	1181
550,597	1166
550,805	1053
551,014	1179
551,222	3616
551,43	961
551,638	1090
551,846	1218
552,054	1200
552,262	1161
552,47	925
552,678	1122
552,886	965
553,094	958
553,302	1141
553,51	1094
553,717	1148
553,925	965
554,133	1282
554,341	1032
554,549	1120
554,757	1071
554,965	1054
555,172	1071
555,38	1347
555,588	977
555,796	1078
556,003	1208
556,211	1054
556,419	1120
556,626	1117
556,834	951
557,042	1261
557,249	1073
557,457	1099
557,664	917
557,872	1030
558,08	1025
558,287	1096
558,495	1303
558,702	1017
558,91	1147
559,117	1071
559,325	1115
559,532	1046
559,74	1216
559,947	1009
560,154	1158
560,362	1000
560,569	1033
560,776	1048
560,984	1149
561,191	904
561,398	1176
561,606	1292
561,813	1126
562,02	973
562,227	1011
562,435	1082
562,642	1104
562,849	1104
563,056	1079
563,263	1005
563,471	1189
563,678	1161
563,885	1037
564,092	1141
564,299	1083
564,506	1153
564,713	1157
564,92	1045
565,127	1186
565,334	1075
565,541	1543
565,748	1073
565,955	1096
566,162	1077
566,369	1132
566,576	1187
566,783	1147
566,99	1033
567,196	1169
567,403	1087
567,61	1141
567,817	1052
568,024	1133
568,23	1096
568,437	1061
568,644	1107
568,851	1026
569,057	1239
569,264	1205
569,471	992
569,677	1114
569,884	1094
570,091	1109
570,297	1952
570,504	1229
570,71	1109
570,917	1042
571,123	1158
571,33	1168
571,536	1078
571,743	1272
571,949	1037
572,156	1078
572,362	1277
572,569	1062
572,775	1133
572,982	1197
573,188	1125
573,394	1035
573,601	1040
573,807	1015
574,013	1269
574,22	938
574,426	1032
574,632	1125
574,838	1088
575,045	1086
575,251	1073
575,457	1126
575,663	1198
575,869	873
576,076	1058
576,282	1158
576,488	984
576,694	1176
576,9	917
577,106	975
577,312	989
577,518	1170
577,724	1184
577,93	1074
578,136	1086
578,342	1109
578,548	1361
578,754	1027
578,96	1053
579,166	1043
579,372	1253
579,578	1099
579,784	1154
579,989	1032
580,195	1037
580,401	1087
580,607	1123
580,813	1141
581,018	1143
581,224	1079
581,43	1070
581,636	1088
581,841	1164
582,047	1085
582,253	1135
582,458	1109
582,664	1080
582,869	1237
583,075	934
583,281	1332
583,486	1133
583,692	1012
583,897	1120
584,103	1115
584,308	1133
584,514	1191
584,719	1174
584,925	1142
585,13	1093
585,335	1098
585,541	1099
585,746	1111
585,952	1047
586,157	1037
586,362	1096
586,568	1084
586,773	1197
586,978	1069
587,183	910
587,389	1151
587,594	978
587,799	1115
588,004	1209
588,21	965
588,415	1019
588,62	1111
588,825	1175
589,03	1007
589,235	1553
589,44	1269
589,645	1085
589,85	1154
590,055	1219
590,26	1118
590,465	1080
590,67	1123
590,875	1255
591,08	1168
591,285	1285
591,49	1071
591,695	1143
591,9	1117
592,105	1087
592,31	1063
592,515	1307
592,719	997
592,924	921
593,129	1093
593,334	1094
593,539	1073
593,743	1208
593,948	1078
594,153	1106
594,357	1245
594,562	1058
594,767	1400
594,971	999
595,176	1063
595,381	1106
595,585	1106
595,79	1122
595,994	970
596,199	1423
596,403	881
596,608	1173
596,812	1086
597,017	1173
597,221	1287
597,426	1277
597,63	1063
597,835	1026
598,039	1054
598,243	1026
598,448	1253
598,652	1123
598,856	1064
599,061	1154
599,265	1033
599,469	1031
599,673	1117
599,878	1170
600,082	1079
600,286	1045
600,49	1133
600,695	952
600,899	1057
601,103	1127
601,307	1221
601,511	1251
601,715	991
601,919	993
602,123	1205
602,327	1077
602,531	1074
602,735	1024
602,939	1104
603,143	1025
603,347	1121
603,551	1083
603,755	1096
603,959	1089
604,163	1039
604,367	1181
604,571	1005
604,775	1121
604,978	1059
605,182	1094
605,386	1120
605,59	1075
605,793	1085
605,997	1178
606,201	1141
606,405	1151
606,608	1257
606,812	1098
607,016	1166
607,219	1032
607,423	1041
607,627	1207
607,83	1067
608,034	1045
608,237	1176
608,441	1143
608,644	1173
608,848	1173
609,051	1153
609,255	1053
609,458	1152
609,662	1094
609,865	1117
610,069	1134
610,272	978
610,475	1066
610,679	1088
610,882	1088
611,085	1092
611,289	1374
611,492	1101
611,695	1013
611,898	1048
612,102	1121
612,305	1087
612,508	1076
612,711	1085
612,914	1127
613,118	1103
613,321	1159
613,524	1175
613,727	1068
613,93	1074
614,133	1135
614,336	1077
614,539	1094
614,742	1027
614,945	1093
615,148	1205
615,351	1086
615,554	1245
615,757	997
615,96	1069
616,163	1066
616,366	1177
616,569	1050
616,772	1209
616,974	1077
617,177	1227
617,38	1125
617,583	1096
617,786	1048
617,988	998
618,191	1173
618,394	1080
618,596	991
618,799	1069
619,002	1069
619,204	1118
619,407	1115
619,61	1105
619,812	955
620,015	1089
620,217	1199
620,42	1080
620,623	1088
620,825	1073
621,028	1121
621,23	1476
621,432	1141
621,635	1190
621,837	1149
622,04	925
622,242	1083
622,445	1084
622,647	1145
622,849	1153
623,052	967
623,254	1170
623,456	1013
623,658	1201
623,861	1220
624,063	1112
624,265	1063
624,467	1126
624,67	1039
624,872	1105
625,074	1246
625,276	1191
625,478	1175
625,68	987
625,882	994
626,084	1067
626,287	1237
626,489	1157
626,691	1090
626,893	1111
627,095	918
627,297	1110
627,499	1056
627,7	893
627,902	890
628,104	856
628,306	1082
628,508	1000
628,71	1088
628,912	1121
629,114	1310
629,315	1143
629,517	1219
629,719	1009
629,921	1053
630,122	1061
630,324	997
630,526	1162
630,728	1109
630,929	1072
631,131	1014
631,332	1224
631,534	1174
631,736	1113
631,937	1038
632,139	1111
632,34	1099
632,542	1128
632,743	1161
632,945	1062
633,146	1131
633,348	1125
633,549	1089
633,751	790
633,952	1042
634,154	977
634,355	1015
634,556	1073
634,758	1075
634,959	1060
635,16	1205
635,362	1026
635,563	1238
635,764	1097
635,965	1136
636,167	1105
636,368	987
636,569	1158
636,77	1151
636,971	1069
637,172	1163
637,374	1029
637,575	1235
637,776	853
637,977	1020
638,178	1093
638,379	1096
638,58	1078
638,781	936
638,982	1125
639,183	1019
639,384	1053
639,585	1101
639,786	983
639,987	1080
640,187	1229
640,388	1175
640,589	1008
640,79	1053
640,991	1069
641,192	1151
641,392	981
641,593	992
641,794	963
641,995	950
642,195	1005
642,396	982
642,597	978
642,797	1080
642,998	1118
643,199	1042
643,399	1117
643,6	964
643,8	1141
644,001	1050
644,202	1117
644,402	1034
644,603	968
644,803	1009
645,004	992
645,204	952
645,404	1069
645,605	1288
645,805	942
646,006	984
646,206	1483
646,406	930
646,607	896
646,807	1091
647,007	13
647,208	9
647,408	-11
647,608	-32
