200,697	690,83
200,927	55,83
201,158	26,83
201,388	-19,17
201,618	1502,83
201,849	1381,83
202,079	1594,83
202,309	1495,83
202,539	1642,83
202,77	1493,83
203	1679,83
203,23	1578,83
203,46	1582,83
203,691	1522,83
203,921	1552,83
204,151	1599,83
204,381	1584,83
204,611	1653,83
204,841	1507,83
205,071	1773,83
205,302	1735,83
205,532	1689,83
205,762	3836,83
205,992	1586,83
206,222	1520,83
206,452	1602,83
206,682	1569,83
206,912	1694,83
207,142	1684,83
207,372	1594,83
207,602	1506,83
207,832	1553,83
208,062	1691,83
208,292	1430,83
208,522	1422,83
208,752	1564,83
208,982	1548,83
209,212	1726,83
209,442	1560,83
209,672	1589,83
209,902	1545,83
210,131	1659,83
210,361	1428,83
210,591	1790,83
210,821	1575,83
211,051	1785,83
211,281	1590,83
211,51	1601,83
211,74	1629,83
211,97	1537,83
212,2	1606,83
212,429	1845,83
212,659	1668,83
212,889	1637,83
213,119	1671,83
213,348	1526,83
213,578	1728,83
213,808	1702,83
214,037	1779,83
214,267	1679,83
214,497	1698,83
214,726	1430,83
214,956	1488,83
215,186	1605,83
215,415	1628,83
215,645	1613,83
215,874	1696,83
216,104	1534,83
216,333	1617,83
216,563	1644,83
216,792	1629,83
217,022	1743,83
217,251	1645,83
217,481	1600,83
217,71	1632,83
217,94	1595,83
218,169	1682,83
218,399	1731,83
218,628	1536,83
218,858	1716,83
219,087	1648,83
219,316	1725,83
219,546	1689,83
219,775	1592,83
220,004	1926,83
220,234	1332,83
220,463	1637,83
220,692	1594,83
220,922	1590,83
221,151	1690,83
221,38	1614,83
221,61	2070,83
221,839	1864,83
222,068	1676,83
222,297	1743,83
222,526	1707,83
222,756	1686,83
222,985	1778,83
223,214	1670,83
223,443	1670,83
223,672	2097,83
223,902	1526,83
224,131	1643,83
224,36	1798,83
224,589	1564,83
224,818	1661,83
225,047	1750,83
225,276	1571,83
225,505	1944,83
225,734	1693,83
225,963	1636,83
226,192	1630,83
226,421	1668,83
226,65	1772,83
226,879	1883,83
227,108	1748,83
227,337	1902,83
227,566	1908,83
227,795	1773,83
228,024	1750,83
228,253	1713,83
228,482	1627,83
228,711	1774,83
228,94	1592,83
229,168	1752,83
229,397	1852,83
229,626	1832,83
229,855	1667,83
230,084	1754,83
230,313	1553,83
230,541	1861,83
230,77	1729,83
230,999	1656,83
231,228	2014,83
231,456	1868,83
231,685	1698,83
231,914	1899,83
232,143	1966,83
232,371	1841,83
232,6	1803,83
232,829	1856,83
233,057	1923,83
233,286	1960,83
233,515	1794,83
233,743	1841,83
233,972	1758,83
234,2	1980,83
234,429	1800,83
234,658	1908,83
234,886	1827,83
235,115	1873,83
235,343	1950,83
235,572	1835,83
235,8	2006,83
236,029	2179,83
236,257	1854,83
236,486	1969,83
236,714	2048,83
236,943	2012,83
237,171	1873,83
237,399	1882,83
237,628	1994,83
237,856	2071,83
238,085	1946,83
238,313	1940,83
238,541	1985,83
238,77	2275,83
238,998	1992,83
239,226	2058,83
239,455	2208,83
239,683	2047,83
239,911	2052,83
240,14	2252,83
240,368	2190,83
240,596	2078,83
240,824	2000,83
241,053	1993,83
241,281	2047,83
241,509	2132,83
241,737	2070,83
241,965	1995,83
242,193	2073,83
242,422	2062,83
242,65	2094,83
242,878	2048,83
243,106	2152,83
243,334	2198,83
243,562	2193,83
243,79	2218,83
244,018	2258,83
244,246	2190,83
244,474	2208,83
244,702	2137,83
244,93	2305,83
245,158	2304,83
245,386	2150,83
245,614	2297,83
245,842	2397,83
246,07	2206,83
246,298	2345,83
246,526	2800,83
246,754	2376,83
246,982	2351,83
247,21	2375,83
247,438	2310,83
247,666	2322,83
247,893	2309,83
248,121	2294,83
248,349	2233,83
248,577	2394,83
248,805	2629,83
249,033	2312,83
249,26	2468,83
249,488	2327,83
249,716	2396,83
249,944	2384,83
250,171	2377,83
250,399	2454,83
250,627	2506,83
250,854	2501,83
251,082	2497,83
251,31	2449,83
251,537	2413,83
251,765	2739,83
251,993	2370,83
252,22	2862,83
252,448	2450,83
252,676	2646,83
252,903	2446,83
253,131	2936,83
253,358	2548,83
253,586	2390,83
253,813	2376,83
254,041	2640,83
254,268	2549,83
254,496	2424,83
254,723	2530,83
254,951	2668,83
255,178	2639,83
255,406	2593,83
255,633	2490,83
255,86	2691,83
256,088	2657,83
256,315	2514,83
256,543	2716,83
256,77	2609,83
256,997	2608,83
257,225	2660,83
257,452	2562,83
257,679	2542,83
257,907	2705,83
258,134	2622,83
258,361	2850,83
258,588	2574,83
258,816	2763,83
259,043	2674,83
259,27	2733,83
259,497	2736,83
259,725	2604,83
259,952	2681,83
260,179	2545,83
260,406	2700,83
260,633	2653,83
260,86	2604,83
261,088	2622,83
261,315	2895,83
261,542	2640,83
261,769	2630,83
261,996	2982,83
262,223	2852,83
262,45	3033,83
262,677	2508,83
262,904	2643,83
263,131	2822,83
263,358	2728,83
263,585	2780,83
263,812	3041,83
264,039	2854,83
264,266	2704,83
264,493	2787,83
264,72	2735,83
264,947	2737,83
265,174	2928,83
265,401	2629,83
265,627	2929,83
265,854	2739,83
266,081	2839,83
266,308	2827,83
266,535	2703,83
266,762	2746,83
266,988	2771,83
267,215	2783,83
267,442	2709,83
267,669	2912,83
267,896	2600,83
268,122	2888,83
268,349	2760,83
268,576	2621,83
268,802	2697,83
269,029	2702,83
269,256	2799,83
269,482	2852,83
269,709	2812,83
269,936	2684,83
270,162	2977,83
270,389	2759,83
270,616	2811,83
270,842	2986,83
271,069	2900,83
271,295	2886,83
271,522	2702,83
271,748	2947,83
271,975	2956,83
272,201	2943,83
272,428	2913,83
272,654	2826,83
272,881	3162,83
273,107	2801,83
273,334	2904,83
273,56	3083,83
273,787	2847,83
274,013	2943,83
274,239	3269,83
274,466	2929,83
274,692	2960,83
274,918	3154,83
275,145	3001,83
275,371	2904,83
275,597	3109,83
275,824	3062,83
276,05	3045,83
276,276	2996,83
276,503	2888,83
276,729	3190,83
276,955	3004,83
277,181	2975,83
277,407	3129,83
277,634	3163,83
277,86	3042,83
278,086	3107,83
278,312	2957,83
278,538	2976,83
278,764	3027,83
278,991	3129,83
279,217	3013,83
279,443	3006,83
279,669	2979,83
279,895	3105,83
280,121	3019,83
280,347	3020,83
280,573	3014,83
280,799	2994,83
281,025	3304,83
281,251	2989,83
281,477	3269,83
281,703	3029,83
281,929	3125,83
282,155	3162,83
282,381	3260,83
282,607	3200,83
282,833	3273,83
283,059	3264,83
283,285	3182,83
283,51	3207,83
283,736	3048,83
283,962	3294,83
284,188	3230,83
284,414	3254,83
284,64	3360,83
284,865	3374,83
285,091	3215,83
285,317	3346,83
285,543	3467,83
285,768	3421,83
285,994	3376,83
286,22	3560,83
286,446	3470,83
286,671	3149,83
286,897	3479,83
287,123	3323,83
287,348	3345,83
287,574	3909,83
287,799	3516,83
288,025	3387,83
288,251	3626,83
288,476	3517,83
288,702	3495,83
288,927	3342,83
289,153	3326,83
289,378	3686,83
289,604	3411,83
289,829	3463,83
290,055	3396,83
290,28	3533,83
290,506	3605,83
290,731	3472,83
290,957	3604,83
291,182	3684,83
291,408	3763,83
291,633	3626,83
291,858	3524,83
292,084	3693,83
292,309	3483,83
292,535	3601,83
292,76	3703,83
292,985	3710,83
293,211	3526,83
293,436	3560,83
293,661	3456,83
293,886	3678,83
294,112	3654,83
294,337	3712,83
294,562	3533,83
294,787	3760,83
295,013	3589,83
295,238	3564,83
295,463	3826,83
295,688	3863,83
295,913	3712,83
296,138	3768,83
296,364	3497,83
296,589	3762,83
296,814	3535,83
297,039	3505,83
297,264	3620,83
297,489	3697,83
297,714	3688,83
297,939	3480,83
298,164	3572,83
298,389	3776,83
298,614	3608,83
298,839	3744,83
299,064	3779,83
299,289	3749,83
299,514	3843,83
299,739	3767,83
299,964	3894,83
300,189	3770,83
300,414	3880,83
300,639	3941,83
300,863	3732,83
301,088	4219,83
301,313	3832,83
301,538	3903,83
301,763	3788,83
301,988	3912,83
302,212	3865,83
302,437	4267,83
302,662	3671,83
302,887	3864,83
303,111	3913,83
303,336	3963,83
303,561	3976,83
303,786	3873,83
304,01	3997,83
304,235	3970,83
304,46	3767,83
304,684	4025,83
304,909	3896,83
305,134	3663,83
305,358	3875,83
305,583	3803,83
305,807	4010,83
306,032	3624,83
306,256	3858,83
306,481	3826,83
306,706	3736,83
306,93	3799,83
307,155	4114,83
307,379	3882,83
307,604	3958,83
307,828	3948,83
308,052	4126,83
308,277	3922,83
308,501	3984,83
308,726	4046,83
308,95	3983,83
309,175	3921,83
309,399	4105,83
309,623	4010,83
309,848	3910,83
310,072	3913,83
310,296	4395,83
310,521	3950,83
310,745	3866,83
310,969	4218,83
311,193	4127,83
311,418	3979,83
311,642	3952,83
311,866	4051,83
312,09	4070,83
312,315	4089,83
312,539	4048,83
312,763	3987,83
312,987	4119,83
313,211	3958,83
313,435	4121,83
313,659	3926,83
313,884	4228,83
314,108	4171,83
314,332	4214,83
314,556	3974,83
314,78	4211,83
315,004	3923,83
315,228	4170,83
315,452	4110,83
315,676	4085,83
315,9	4100,83
316,124	3834,83
316,348	3999,83
316,572	4073,83
316,796	4061,83
317,02	4170,83
317,244	4118,83
317,468	3940,83
317,691	4206,83
317,915	3988,83
318,139	3849,83
318,363	4412,83
318,587	3886,83
318,811	3843,83
319,034	3856,83
319,258	4075,83
319,482	4196,83
319,706	4092,83
319,93	3931,83
320,153	3909,83
320,377	4008,83
320,601	3972,83
320,824	3799,83
321,048	4105,83
321,272	3924,83
321,495	3969,83
321,719	4039,83
321,943	4011,83
322,166	4053,83
322,39	4104,83
322,614	4133,83
322,837	4235,83
323,061	3972,83
323,284	4346,83
323,508	4032,83
323,731	3968,83
323,955	4166,83
324,178	4037,83
324,402	4171,83
324,625	4056,83
324,849	3969,83
325,072	4132,83
325,296	4082,83
325,519	3923,83
325,743	4040,83
325,966	4209,83
326,189	4041,83
326,413	3952,83
326,636	4310,83
326,859	4037,83
327,083	4288,83
327,306	3913,83
327,529	3904,83
327,753	3822,83
327,976	4146,83
328,199	4116,83
328,422	4037,83
328,646	4079,83
328,869	3891,83
329,092	4081,83
329,315	4256,83
329,538	4039,83
329,762	4020,83
329,985	3968,83
330,208	4000,83
330,431	4030,83
330,654	4269,83
330,877	3975,83
331,1	4244,83
331,323	3986,83
331,546	4208,83
331,769	4129,83
331,993	4012,83
332,216	4153,83
332,439	4058,83
332,662	3897,83
332,885	4214,83
333,107	3969,83
333,33	3914,83
333,553	4180,83
333,776	4112,83
333,999	4037,83
334,222	4012,83
334,445	4046,83
334,668	4130,83
334,891	4141,83
335,114	3982,83
335,336	4108,83
335,559	4413,83
335,782	4512,83
336,005	4101,83
336,228	4043,83
336,45	4029,83
336,673	4050,83
336,896	4101,83
337,119	4074,83
337,341	4060,83
337,564	4025,83
337,787	4031,83
338,009	3942,83
338,232	4198,83
338,455	4148,83
338,677	4082,83
338,9	4065,83
339,122	4187,83
339,345	3958,83
339,568	3824,83
339,79	3971,83
340,013	4180,83
340,235	4166,83
340,458	3915,83
340,68	4074,83
340,903	3993,83
341,125	3925,83
341,348	3956,83
341,57	3937,83
341,793	4129,83
342,015	3809,83
342,238	3944,83
342,46	3948,83
342,682	4070,83
342,905	3998,83
343,127	3876,83
343,349	3835,83
343,572	3988,83
343,794	3825,83
344,016	3835,83
344,239	3841,83
344,461	3855,83
344,683	3550,83
344,905	3797,83
345,128	3630,83
345,35	3882,83
345,572	4051,83
345,794	4056,83
346,017	4000,83
346,239	4013,83
346,461	3982,83
346,683	3913,83
346,905	4045,83
347,127	3954,83
347,349	3893,83
347,571	3995,83
347,793	4033,83
348,016	3975,83
348,238	3995,83
348,46	3940,83
348,682	3904,83
348,904	3961,83
349,126	3929,83
349,348	3948,83
349,57	3915,83
349,792	3889,83
350,014	4018,83
350,235	3916,83
350,457	4273,83
350,679	3948,83
350,901	3764,83
351,123	3686,83
351,345	3867,83
351,567	3934,83
351,789	3934,83
352,01	3886,83
352,232	3981,83
352,454	3745,83
352,676	3884,83
352,897	3742,83
353,119	3625,83
353,341	3819,83
353,563	3690,83
353,784	3499,83
354,006	3839,83
354,228	3804,83
354,449	3693,83
354,671	3840,83
354,893	3964,83
355,114	3846,83
355,336	3770,83
355,558	3813,83
355,779	3722,83
356,001	3828,83
356,222	3863,83
356,444	3774,83
356,665	4628,83
356,887	3740,83
357,108	3862,83
357,33	3736,83
357,551	3908,83
357,773	3844,83
357,994	3878,83
358,216	3515,83
358,437	3877,83
358,659	3901,83
358,88	3867,83
359,101	3757,83
359,323	3833,83
359,544	3750,83
359,765	3656,83
359,987	3746,83
360,208	3724,83
360,429	4006,83
360,651	3698,83
360,872	3865,83
361,093	3711,83
361,314	3816,83
361,536	3498,83
361,757	3712,83
361,978	3637,83
362,199	3613,83
362,42	3567,83
362,642	3669,83
362,863	3858,83
363,084	3531,83
363,305	3712,83
363,526	3546,83
363,747	3619,83
363,968	3605,83
364,189	3836,83
364,41	3546,83
364,631	3468,83
364,852	3684,83
365,073	3588,83
365,294	3558,83
365,515	3476,83
365,736	3795,83
365,957	3681,83
366,178	3656,83
366,399	3700,83
366,62	3711,83
366,841	3793,83
367,062	3719,83
367,283	3661,83
367,504	3795,83
367,724	3572,83
367,945	3432,83
368,166	3757,83
368,387	3713,83
368,608	3591,83
368,828	3797,83
369,049	3571,83
369,27	3703,83
369,491	3830,83
369,711	3744,83
369,932	3848,83
370,153	3669,83
370,373	3745,83
370,594	3838,83
370,815	3514,83
371,035	3772,83
371,256	3587,83
371,477	3575,83
371,697	3534,83
371,918	3555,83
372,138	3770,83
372,359	3667,83
372,579	3469,83
372,8	3912,83
373,02	3722,83
373,241	3626,83
373,461	3728,83
373,682	3629,83
373,902	3665,83
374,123	3519,83
374,343	3771,83
374,564	3683,83
374,784	3616,83
375,004	3649,83
375,225	3526,83
375,445	3519,83
375,666	3751,83
375,886	3481,83
376,106	3566,83
376,326	3565,83
376,547	3776,83
376,767	3795,83
376,987	3573,83
377,208	3716,83
377,428	3625,83
377,648	3851,83
377,868	3731,83
378,088	3936,83
378,309	3918,83
378,529	3933,83
378,749	3698,83
378,969	3778,83
379,189	3906,83
379,409	3682,83
379,629	3688,83
379,849	3774,83
380,069	3894,83
380,29	3642,83
380,51	3698,83
380,73	3901,83
380,95	4036,83
381,17	3710,83
381,39	3569,83
381,61	3625,83
381,829	3708,83
382,049	3648,83
382,269	3742,83
382,489	3822,83
382,709	3669,83
382,929	3752,83
383,149	3728,83
383,369	3918,83
383,589	3578,83
383,808	3659,83
384,028	3683,83
384,248	3725,83
384,468	3696,83
384,688	3734,83
384,907	3665,83
385,127	3719,83
385,347	3837,83
385,567	3732,83
385,786	3895,83
386,006	3774,83
386,226	3934,83
386,445	3781,83
386,665	3835,83
386,885	4040,83
387,104	3910,83
387,324	3950,83
387,543	3911,83
387,763	3940,83
387,982	4186,83
388,202	3963,83
388,422	3940,83
388,641	3953,83
388,861	3938,83
389,08	3984,83
389,3	3882,83
389,519	4107,83
389,738	3819,83
389,958	3920,83
390,177	3977,83
390,397	3998,83
390,616	3766,83
390,836	4037,83
391,055	3886,83
391,274	4040,83
391,494	4041,83
391,713	4038,83
391,932	4148,83
392,151	4155,83
392,371	4216,83
392,59	4188,83
392,809	4183,83
393,029	4252,83
393,248	4194,83
393,467	3788,83
393,686	3894,83
393,905	5008,83
394,124	3848,83
394,344	3977,83
394,563	4069,83
394,782	3945,83
395,001	4038,83
395,22	3854,83
395,439	3959,83
395,658	3968,83
395,877	4179,83
396,096	3962,83
396,315	4218,83
396,534	4056,83
396,753	4226,83
396,972	4175,83
397,191	4413,83
397,41	4345,83
397,629	4315,83
397,848	4344,83
398,067	4409,83
398,286	4430,83
398,505	4238,83
398,724	4396,83
398,943	4781,83
399,161	4041,83
399,38	4258,83
399,599	3974,83
399,818	4029,83
400,037	4251,83
400,255	4117,83
400,474	4010,83
400,693	4227,83
400,912	4303,83
401,13	4068,83
401,349	4000,83
401,568	3872,83
401,786	4204,83
402,005	4057,83
402,224	3946,83
402,442	4036,83
402,661	4133,83
402,88	3949,83
403,098	3866,83
403,317	3988,83
403,535	4022,83
403,754	3982,83
403,972	4197,83
404,191	4038,83
404,409	4057,83
404,628	4837,83
404,846	4148,83
405,065	4188,83
405,283	4080,83
405,502	4144,83
405,72	4093,83
405,938	3993,83
406,157	4045,83
406,375	3965,83
406,594	4036,83
406,812	3817,83
407,03	3934,83
407,249	3780,83
407,467	4088,83
407,685	4057,83
407,903	3889,83
408,122	4217,83
408,34	4004,83
408,558	4028,83
408,776	4013,83
408,995	4045,83
409,213	4080,83
409,431	4321,83
409,649	4039,83
409,867	3962,83
410,085	4008,83
410,303	4006,83
410,522	3795,83
410,74	3855,83
410,958	3912,83
411,176	3896,83
411,394	3913,83
411,612	3922,83
411,83	4198,83
412,048	4053,83
412,266	3997,83
412,484	4056,83
412,702	4210,83
412,92	3820,83
413,138	4127,83
413,356	3998,83
413,573	4021,83
413,791	4203,83
414,009	3971,83
414,227	4096,83
414,445	3867,83
414,663	3973,83
414,881	3939,83
415,098	4035,83
415,316	3787,83
415,534	4258,83
415,752	3955,83
415,969	4174,83
416,187	3818,83
416,405	3853,83
416,623	3946,83
416,84	3795,83
417,058	3995,83
417,276	4070,83
417,493	3853,83
417,711	3697,83
417,928	4005,83
418,146	3807,83
418,364	4062,83
418,581	3850,83
418,799	3927,83
419,016	3871,83
419,234	3981,83
419,451	4486,83
419,669	3974,83
419,886	4105,83
420,104	4044,83
420,321	4272,83
420,539	4160,83
420,756	4313,83
420,974	4369,83
421,191	4348,83
421,408	4510,83
421,626	4364,83
421,843	4389,83
422,06	4157,83
422,278	4060,83
422,495	4182,83
422,712	4147,83
422,93	4241,83
423,147	4183,83
423,364	4081,83
423,581	4211,83
423,799	3934,83
424,016	4084,83
424,233	4080,83
424,45	4084,83
424,667	4132,83
424,884	4080,83
425,102	4201,83
425,319	3954,83
425,536	3981,83
425,753	3953,83
425,97	3835,83
426,187	4034,83
426,404	4073,83
426,621	4344,83
426,838	4535,83
427,055	4349,83
427,272	4225,83
427,489	4046,83
427,706	4131,83
427,923	4095,83
428,14	4162,83
428,357	4388,83
428,574	4208,83
428,791	4429,83
429,008	4456,83
429,224	4401,83
429,441	4477,83
429,658	4685,83
429,875	4813,83
430,092	4670,83
430,308	4654,83
430,525	4563,83
430,742	4407,83
430,959	4370,83
431,175	4274,83
431,392	3884,83
431,609	4196,83
431,826	4077,83
432,042	3818,83
432,259	3899,83
432,476	4302,83
432,692	3939,83
432,909	4140,83
433,125	4341,83
433,342	4504,83
433,559	4575,83
433,775	4435,83
433,992	4033,83
434,208	3902,83
434,425	4032,83
434,641	4294,83
434,858	4467,83
435,074	4176,83
435,291	4107,83
435,507	4098,83
435,723	4074,83
435,94	4166,83
436,156	4439,83
436,373	4467,83
436,589	4166,83
436,805	4211,83
437,022	4047,83
437,238	4092,83
437,454	4103,83
437,671	4083,83
437,887	4328,83
438,103	4217,83
438,319	4201,83
438,536	4372,83
438,752	4231,83
438,968	4117,83
439,184	4158,83
439,4	4049,83
439,616	3986,83
439,833	4214,83
440,049	4055,83
440,265	4252,83
440,481	4349,83
440,697	4609,83
440,913	4694,83
441,129	4688,83
441,345	4720,83
441,561	4542,83
441,777	4422,83
441,993	4382,83
442,209	4391,83
442,425	4372,83
442,641	4395,83
442,857	4446,83
443,073	4561,83
443,289	4528,83
443,505	4467,83
443,721	4471,83
443,937	4565,83
444,152	4297,83
444,368	4380,83
444,584	4242,83
444,8	4732,83
445,016	4169,83
445,231	4252,83
445,447	4418,83
445,663	4655,83
445,879	4217,83
446,094	4503,83
446,31	4456,83
446,526	4282,83
446,742	4359,83
446,957	4225,83
447,173	4210,83
447,388	4279,83
447,604	4330,83
447,82	4241,83
448,035	4200,83
448,251	4253,83
448,466	4342,83
448,682	4202,83
448,897	4235,83
449,113	4268,83
449,328	4346,83
449,544	4060,83
449,759	4488,83
449,975	4162,83
450,19	4084,83
450,406	4163,83
450,621	4011,83
450,836	4043,83
451,052	4022,83
451,267	3834,83
451,483	3996,83
451,698	3854,83
451,913	4070,83
452,129	4042,83
452,344	3954,83
452,559	4121,83
452,774	3971,83
452,99	3798,83
453,205	3947,83
453,42	4089,83
453,635	4146,83
453,85	3771,83
454,066	3902,83
454,281	3902,83
454,496	4072,83
454,711	3956,83
454,926	4135,83
455,141	3883,83
455,356	3896,83
455,571	3760,83
455,786	3924,83
456,001	3793,83
456,217	3696,83
456,432	3884,83
456,647	3936,83
456,861	3935,83
457,076	3982,83
457,291	4088,83
457,506	3946,83
457,721	3892,83
457,936	4090,83
458,151	3987,83
458,366	4263,83
458,581	4091,83
458,796	4276,83
459,01	4051,83
459,225	4112,83
459,44	3854,83
459,655	4035,83
459,87	3879,83
460,084	3786,83
460,299	4002,83
460,514	4004,83
460,729	4418,83
460,943	3822,83
461,158	3654,83
461,373	3768,83
461,587	3654,83
461,802	3702,83
462,016	3759,83
462,231	3595,83
462,446	3712,83
462,66	3726,83
462,875	3928,83
463,089	3819,83
463,304	3909,83
463,518	3844,83
463,733	3784,83
463,947	3911,83
464,162	3923,83
464,376	3978,83
464,591	4092,83
464,805	3996,83
465,02	4280,83
465,234	4176,83
465,448	4111,83
465,663	4062,83
465,877	3863,83
466,091	3748,83
466,306	3832,83
466,52	4042,83
466,734	3680,83
466,949	3515,83
467,163	3702,83
467,377	3612,83
467,591	3691,83
467,806	3588,83
468,02	3515,83
468,234	3355,83
468,448	3502,83
468,662	3452,83
468,876	3742,83
469,091	3388,83
469,305	3374,83
469,519	3301,83
469,733	3298,83
469,947	3315,83
470,161	3468,83
470,375	3215,83
470,589	3402,83
470,803	3383,83
471,017	3265,83
471,231	3355,83
471,445	3321,83
471,659	3274,83
471,873	3383,83
472,087	3235,83
472,301	3434,83
472,515	3282,83
472,728	3392,83
472,942	3388,83
473,156	3469,83
473,37	3357,83
473,584	3383,83
473,798	3448,83
474,011	3331,83
474,225	3390,83
474,439	3597,83
474,653	3635,83
474,866	3596,83
475,08	3636,83
475,294	3621,83
475,507	3278,83
475,721	3457,83
475,935	3504,83
476,148	3400,83
476,362	3282,83
476,576	3405,83
476,789	3375,83
477,003	3447,83
477,216	3421,83
477,43	3441,83
477,643	3592,83
477,857	3667,83
478,07	3506,83
478,284	3536,83
478,497	3340,83
478,711	3451,83
478,924	3425,83
479,138	3377,83
479,351	3502,83
479,564	3466,83
479,778	3540,83
479,991	3434,83
480,204	3606,83
480,418	3434,83
480,631	3451,83
480,844	3509,83
481,058	3609,83
481,271	3615,83
481,484	3875,83
481,697	3548,83
481,911	3524,83
482,124	3425,83
482,337	3421,83
482,55	3426,83
482,763	3409,83
482,976	3572,83
483,19	3461,83
483,403	3480,83
483,616	3620,83
483,829	3778,83
484,042	3752,83
484,255	3945,83
484,468	3783,83
484,681	3664,83
484,894	4320,83
485,107	7078,83
485,32	9368,83
485,533	9147,83
485,746	8119,83
485,959	6620,83
486,172	5434,83
486,385	4273,83
486,598	4112,83
486,81	3749,83
487,023	3540,83
487,236	3752,83
487,449	3582,83
487,662	3315,83
487,875	3335,83
488,087	3415,83
488,3	3350,83
488,513	3166,83
488,726	3214,83
488,938	3422,83
489,151	3413,83
489,364	3480,83
489,576	3298,83
489,789	3318,83
490,002	3328,83
490,214	3306,83
490,427	2988,83
490,64	3354,83
490,852	3250,83
491,065	3080,83
491,277	3238,83
491,49	3238,83
491,702	3100,83
491,915	3268,83
492,127	3303,83
492,34	3240,83
492,552	3264,83
492,765	3367,83
492,977	3446,83
493,19	3379,83
493,402	3241,83
493,614	3327,83
493,827	3287,83
494,039	3252,83
494,251	3168,83
494,464	3259,83
494,676	3058,83
494,888	3073,83
495,101	3016,83
495,313	3180,83
495,525	3263,83
495,737	3442,83
495,95	3525,83
496,162	3449,83
496,374	3311,83
496,586	3147,83
496,798	3149,83
497,01	3057,83
497,222	2952,83
497,435	3148,83
497,647	3000,83
497,859	3136,83
498,071	3121,83
498,283	3173,83
498,495	3146,83
498,707	3394,83
498,919	3129,83
499,131	3438,83
499,343	3046,83
499,555	3182,83
499,767	3183,83
499,979	3086,83
500,191	3135,83
500,402	3075,83
500,614	3328,83
500,826	3331,83
501,038	3166,83
501,25	3220,83
501,462	3192,83
501,673	3168,83
501,885	3092,83
502,097	3345,83
502,309	3311,83
502,521	3282,83
502,732	3188,83
502,944	3242,83
503,156	3200,83
503,367	3099,83
503,579	3017,83
503,791	3132,83
504,002	3029,83
504,214	3153,83
504,425	3362,83
504,637	3463,83
504,849	3008,83
505,06	3163,83
505,272	3157,83
505,483	3076,83
505,695	3130,83
505,906	3025,83
506,118	3061,83
506,329	3116,83
506,541	2893,83
506,752	2958,83
506,963	3005,83
507,175	2713,83
507,386	3150,83
507,598	3106,83
507,809	2846,83
508,02	2834,83
508,232	3017,83
508,443	2814,83
508,654	3012,83
508,865	2950,83
509,077	2776,83
509,288	2875,83
509,499	3093,83
509,71	2860,83
509,922	2945,83
510,133	2861,83
510,344	2990,83
510,555	2869,83
510,766	2953,83
510,977	2878,83
511,188	2813,83
511,4	2801,83
511,611	2706,83
511,822	2723,83
512,033	2784,83
512,244	2851,83
512,455	2856,83
512,666	2745,83
512,877	2886,83
513,088	2750,83
513,299	2826,83
513,51	2676,83
513,721	2713,83
513,931	2805,83
514,142	2841,83
514,353	2833,83
514,564	2615,83
514,775	2662,83
514,986	2710,83
515,196	2860,83
515,407	2692,83
515,618	2732,83
515,829	2674,83
516,04	2721,83
516,25	2688,83
516,461	2731,83
516,672	2758,83
516,882	2538,83
517,093	2741,83
517,304	2635,83
517,514	2544,83
517,725	2783,83
517,936	2646,83
518,146	2560,83
518,357	2766,83
518,567	2681,83
518,778	3082,83
518,988	2666,83
519,199	2928,83
519,409	2487,83
519,62	2662,83
519,83	2439,83
520,041	2652,83
520,251	2564,83
520,462	2730,83
520,672	2713,83
520,882	2643,83
521,093	2687,83
521,303	2761,83
521,513	2667,83
521,724	3588,83
521,934	2442,83
522,144	2574,83
522,355	2547,83
522,565	2620,83
522,775	2551,83
522,985	2574,83
523,196	2616,83
523,406	2589,83
523,616	2738,83
523,826	2589,83
524,036	3425,83
524,246	2474,83
524,457	2320,83
524,667	2459,83
524,877	2555,83
525,087	2485,83
525,297	2657,83
525,507	2587,83
525,717	2658,83
525,927	2619,83
526,137	2494,83
526,347	2563,83
526,557	2532,83
526,767	2485,83
526,977	2814,83
527,187	2558,83
527,397	2427,83
527,607	2426,83
527,816	2467,83
528,026	2663,83
528,236	2697,83
528,446	2717,83
528,656	2758,83
528,865	2790,83
529,075	2550,83
529,285	2568,83
529,495	2638,83
529,704	2590,83
529,914	2508,83
530,124	2578,83
530,334	2462,83
530,543	2398,83
530,753	2846,83
530,963	2855,83
531,172	2472,83
531,382	2456,83
531,591	2810,83
531,801	2447,83
532,01	2534,83
532,22	2524,83
532,43	2575,83
532,639	2908,83
532,849	2712,83
533,058	2528,83
533,267	3032,83
533,477	2512,83
533,686	2475,83
533,896	2556,83
534,105	2575,83
534,315	2648,83
534,524	2467,83
534,733	2521,83
534,943	2723,83
535,152	2697,83
535,361	2298,83
535,57	2450,83
535,78	2489,83
535,989	2333,83
536,198	2350,83
536,407	2321,83
536,617	2405,83
536,826	2485,83
537,035	2583,83
537,244	2420,83
537,453	2267,83
537,662	2464,83
537,872	2618,83
538,081	2507,83
538,29	2427,83
538,499	2489,83
538,708	2414,83
538,917	2551,83
539,126	2644,83
539,335	2509,83
539,544	2831,83
539,753	2367,83
539,962	2416,83
540,171	2379,83
540,38	2624,83
540,589	2528,83
540,797	2680,83
541,006	2476,83
541,215	2429,83
541,424	2736,83
541,633	2448,83
541,842	2526,83
542,05	2656,83
542,259	2553,83
542,468	2533,83
542,677	2583,83
542,885	2517,83
543,094	2628,83
543,303	2446,83
543,512	2636,83
543,72	2641,83
543,929	2734,83
544,138	2601,83
544,346	2438,83
544,555	2515,83
544,763	2587,83
544,972	2449,83
545,18	2392,83
545,389	2482,83
545,598	2328,83
545,806	2544,83
546,015	2492,83
546,223	2360,83
546,431	2500,83
546,64	2461,83
546,848	2441,83
547,057	2609,83
547,265	2576,83
547,474	2529,83
547,682	2492,83
547,89	2531,83
548,099	2597,83
548,307	2384,83
548,515	2533,83
548,723	2484,83
548,932	2332,83
549,14	2433,83
549,348	2527,83
549,556	2338,83
549,765	2378,83
549,973	2284,83
550,181	2433,83
550,389	2422,83
550,597	2379,83
550,805	2240,83
551,014	2468,83
551,222	6315,83
551,43	2369,83
551,638	2561,83
551,846	2551,83
552,054	2621,83
552,262	2596,83
552,47	2411,83
552,678	2369,83
552,886	2575,83
553,094	2415,83
553,302	2470,83
553,51	2430,83
553,717	2461,83
553,925	2272,83
554,133	2609,83
554,341	2222,83
554,549	2504,83
554,757	2374,83
554,965	2356,83
555,172	2470,83
555,38	2604,83
555,588	2334,83
555,796	2422,83
556,003	2512,83
556,211	2251,83
556,419	2243,83
556,626	2472,83
556,834	2224,83
557,042	2254,83
557,249	2383,83
557,457	2281,83
557,664	2081,83
557,872	2215,83
558,08	2057,83
558,287	2270,83
558,495	2324,83
558,702	2091,83
558,91	2256,83
559,117	2225,83
559,325	2268,83
559,532	2248,83
559,74	2511,83
559,947	2270,83
560,154	2461,83
560,362	2259,83
560,569	2199,83
560,776	2217,83
560,984	2304,83
561,191	2310,83
561,398	2502,83
561,606	2420,83
561,813	2271,83
562,02	2006,83
562,227	2038,83
562,435	2165,83
562,642	2208,83
562,849	2215,83
563,056	2238,83
563,263	2138,83
563,471	2240,83
563,678	2346,83
563,885	2277,83
564,092	2242,83
564,299	2248,83
564,506	2289,83
564,713	2161,83
564,92	2146,83
565,127	2454,83
565,334	2195,83
565,541	2577,83
565,748	2244,83
565,955	2089,83
566,162	2195,83
566,369	2350,83
566,576	2379,83
566,783	2454,83
566,99	2349,83
567,196	2507,83
567,403	2290,83
567,61	2476,83
567,817	2400,83
568,024	2453,83
568,23	2495,83
568,437	2400,83
568,644	2423,83
568,851	2579,83
569,057	3006,83
569,264	3180,83
569,471	2770,83
569,677	2846,83
569,884	2712,83
570,091	2792,83
570,297	3810,83
570,504	3143,83
570,71	2935,83
570,917	2862,83
571,123	2851,83
571,33	2954,83
571,536	2915,83
571,743	3034,83
571,949	2494,83
572,156	2442,83
572,362	2677,83
572,569	2504,83
572,775	2944,83
572,982	3062,83
573,188	2935,83
573,394	2805,83
573,601	2823,83
573,807	2881,83
574,013	3013,83
574,22	2912,83
574,426	2814,83
574,632	2877,83
574,838	2735,83
575,045	2656,83
575,251	2605,83
575,457	2553,83
575,663	2763,83
575,869	2799,83
576,076	2705,83
576,282	3014,83
576,488	2754,83
576,694	2858,83
576,9	2753,83
577,106	3155,83
577,312	3308,83
577,518	3435,83
577,724	3114,83
577,93	2862,83
578,136	2665,83
578,342	2661,83
578,548	2595,83
578,754	2304,83
578,96	2564,83
579,166	2641,83
579,372	2958,83
579,578	2776,83
579,784	2869,83
579,989	2695,83
580,195	2573,83
580,401	2590,83
580,607	2866,83
580,813	3601,83
581,018	3774,83
581,224	3446,83
581,43	3271,83
581,636	3153,83
581,841	3179,83
582,047	2857,83
582,253	2722,83
582,458	2583,83
582,664	2358,83
582,869	2444,83
583,075	2118,83
583,281	2575,83
583,486	2422,83
583,692	2375,83
583,897	2645,83
584,103	2549,83
584,308	2633,83
584,514	2772,83
584,719	2964,83
584,925	2850,83
585,13	2468,83
585,335	2630,83
585,541	2408,83
585,746	2374,83
585,952	2181,83
586,157	2233,83
586,362	2346,83
586,568	2371,83
586,773	2711,83
586,978	2432,83
587,183	2497,83
587,389	2670,83
587,594	2229,83
587,799	2309,83
588,004	2392,83
588,21	2295,83
588,415	2022,83
588,62	2168,83
588,825	2165,83
589,03	2013,83
589,235	2536,83
589,44	2291,83
589,645	1902,83
589,85	2132,83
590,055	2210,83
590,26	1984,83
590,465	1930,83
590,67	2075,83
590,875	2139,83
591,08	2077,83
591,285	2019,83
591,49	2016,83
591,695	1969,83
591,9	2074,83
592,105	2094,83
592,31	2208,83
592,515	2449,83
592,719	2020,83
592,924	2047,83
593,129	2009,83
593,334	2181,83
593,539	1868,83
593,743	2067,83
593,948	1877,83
594,153	1889,83
594,357	2179,83
594,562	1960,83
594,767	2447,83
594,971	1806,83
595,176	1874,83
595,381	2059,83
595,585	1903,83
595,79	2054,83
595,994	1719,83
596,199	2301,83
596,403	1625,83
596,608	1818,83
596,812	1878,83
597,017	1987,83
597,221	2078,83
597,426	2078,83
597,63	1831,83
597,835	1771,83
598,039	1731,83
598,243	1872,83
598,448	2247,83
598,652	1967,83
598,856	1933,83
599,061	2001,83
599,265	1873,83
599,469	1840,83
599,673	1956,83
599,878	2055,83
600,082	1782,83
600,286	1908,83
600,49	1981,83
600,695	1716,83
600,899	1855,83
601,103	1855,83
601,307	1984,83
601,511	1838,83
601,715	1782,83
601,919	1740,83
602,123	2077,83
602,327	1951,83
602,531	1938,83
602,735	2022,83
602,939	2091,83
603,143	1790,83
603,347	1958,83
603,551	1707,83
603,755	1885,83
603,959	1712,83
604,163	1921,83
604,367	1901,83
604,571	1560,83
604,775	1930,83
604,978	1874,83
605,182	1780,83
605,386	1950,83
605,59	1848,83
605,793	1812,83
605,997	1810,83
606,201	1900,83
606,405	1930,83
606,608	1910,83
606,812	1850,83
607,016	1950,83
607,219	1778,83
607,423	1717,83
607,627	1953,83
607,83	1760,83
608,034	1627,83
608,237	1888,83
608,441	1764,83
608,644	1889,83
608,848	1878,83
609,051	1769,83
609,255	1826,83
609,458	1975,83
609,662	1826,83
609,865	1883,83
610,069	1658,83
610,272	1638,83
610,475	1685,83
610,679	1565,83
610,882	1752,83
611,085	1691,83
611,289	1885,83
611,492	1714,83
611,695	1695,83
611,898	1708,83
612,102	1902,83
612,305	1824,83
612,508	1798,83
612,711	1972,83
612,914	1522,83
613,118	1866,83
613,321	1800,83
613,524	1667,83
613,727	1736,83
613,93	1725,83
614,133	1787,83
614,336	1795,83
614,539	1683,83
614,742	1760,83
614,945	1686,83
615,148	1893,83
615,351	1758,83
615,554	1833,83
615,757	1692,83
615,96	1830,83
616,163	1657,83
616,366	1772,83
616,569	1796,83
616,772	1938,83
616,974	1730,83
617,177	1993,83
617,38	1791,83
617,583	1796,83
617,786	1677,83
617,988	1569,83
618,191	1898,83
618,394	1644,83
618,596	1693,83
618,799	1734,83
619,002	1500,83
619,204	1882,83
619,407	1729,83
619,61	1660,83
619,812	1706,83
620,015	1716,83
620,217	1842,83
620,42	1730,83
620,623	1764,83
620,825	1560,83
621,028	1849,83
621,23	1862,83
621,432	1731,83
621,635	1849,83
621,837	1811,83
622,04	1629,83
622,242	1754,83
622,445	1781,83
622,647	1773,83
622,849	1828,83
623,052	1611,83
623,254	1882,83
623,456	1620,83
623,658	1936,83
623,861	1928,83
624,063	1766,83
624,265	1792,83
624,467	1842,83
624,67	1617,83
624,872	1834,83
625,074	2070,83
625,276	1825,83
625,478	1856,83
625,68	1626,83
625,882	1622,83
626,084	1740,83
626,287	1919,83
626,489	1813,83
626,691	1754,83
626,893	1792,83
627,095	1833,83
627,297	1747,83
627,499	1807,83
627,7	1590,83
627,902	1582,83
628,104	1552,83
628,306	1686,83
628,508	1594,83
628,71	1745,83
628,912	1822,83
629,114	1845,83
629,315	1858,83
629,517	1661,83
629,719	1645,83
629,921	1984,83
630,122	1712,83
630,324	1634,83
630,526	1788,83
630,728	1724,83
630,929	1683,83
631,131	1620,83
631,332	1884,83
631,534	1850,83
631,736	1758,83
631,937	1532,83
632,139	1758,83
632,34	1685,83
632,542	1723,83
632,743	1764,83
632,945	1597,83
633,146	1688,83
633,348	1701,83
633,549	1737,83
633,751	1622,83
633,952	1668,83
634,154	1566,83
634,355	1490,83
634,556	1682,83
634,758	1640,83
634,959	1571,83
635,16	1811,83
635,362	1640,83
635,563	1742,83
635,764	1686,83
635,965	1661,83
636,167	1694,83
636,368	1678,83
636,569	1657,83
636,77	1841,83
636,971	1586,83
637,172	1745,83
637,374	1588,83
637,575	1758,83
637,776	1627,83
637,977	1541,83
638,178	1724,83
638,379	1550,83
638,58	1782,83
638,781	1413,83
638,982	1648,83
639,183	1684,83
639,384	1614,83
639,585	1571,83
639,786	1579,83
639,987	1629,83
640,187	1903,83
640,388	1753,83
640,589	1502,83
640,79	1681,83
640,991	1723,83
641,192	1793,83
641,392	1548,83
641,593	1616,83
641,794	1572,83
641,995	1582,83
642,195	1432,83
642,396	1577,83
642,597	1501,83
642,797	1638,83
642,998	1707,83
643,199	1585,83
643,399	1693,83
643,6	1501,83
643,8	1505,83
644,001	1642,83
644,202	1447,83
644,402	1676,83
644,603	1708,83
644,803	1492,83
645,004	1714,83
645,204	1502,83
645,404	1574,83
645,605	2022,83
645,805	1302,83
646,006	1746,83
646,206	2009,83
646,406	1557,83
646,607	1480,83
646,807	1320,83
647,007	-12,17
647,208	12,83
647,408	52,83
647,608	-61,17
