200,697	700,67
200,927	55,67
201,158	-60,33
201,388	-36,33
201,618	1269,67
201,849	1032,67
202,079	1373,67
202,309	1245,67
202,539	1345,67
202,77	1288,67
203	1251,67
203,23	1278,67
203,46	1303,67
203,691	1529,67
203,921	1386,67
204,151	1310,67
204,381	1308,67
204,611	1465,67
204,841	1191,67
205,071	1263,67
205,302	1359,67
205,532	1357,67
205,762	3289,67
205,992	1191,67
206,222	1302,67
206,452	1413,67
206,682	1331,67
206,912	1384,67
207,142	1404,67
207,372	1366,67
207,602	1255,67
207,832	1251,67
208,062	1398,67
208,292	1359,67
208,522	1202,67
208,752	1357,67
208,982	1274,67
209,212	1415,67
209,442	1304,67
209,672	1287,67
209,902	1258,67
210,131	1403,67
210,361	1461,67
210,591	1395,67
210,821	1255,67
211,051	1457,67
211,281	1577,67
211,51	1373,67
211,74	1416,67
211,97	1221,67
212,2	1361,67
212,429	1448,67
212,659	1329,67
212,889	1388,67
213,119	1200,67
213,348	1331,67
213,578	1478,67
213,808	1348,67
214,037	1423,67
214,267	1374,67
214,497	1390,67
214,726	1318,67
214,956	1277,67
215,186	1266,67
215,415	1345,67
215,645	1329,67
215,874	1340,67
216,104	1323,67
216,333	1372,67
216,563	1325,67
216,792	1413,67
217,022	1435,67
217,251	1410,67
217,481	1250,67
217,71	1375,67
217,94	1304,67
218,169	1364,67
218,399	1395,67
218,628	1274,67
218,858	1422,67
219,087	1514,67
219,316	1420,67
219,546	1362,67
219,775	1404,67
220,004	1555,67
220,234	1282,67
220,463	1348,67
220,692	1443,67
220,922	1359,67
221,151	1456,67
221,38	1355,67
221,61	1691,67
221,839	1579,67
222,068	1437,67
222,297	1517,67
222,526	1418,67
222,756	1518,67
222,985	1336,67
223,214	1385,67
223,443	1511,67
223,672	1800,67
223,902	1191,67
224,131	1434,67
224,36	1471,67
224,589	1293,67
224,818	1450,67
225,047	1497,67
225,276	1416,67
225,505	1620,67
225,734	1484,67
225,963	1356,67
226,192	1325,67
226,421	1457,67
226,65	1398,67
226,879	1530,67
227,108	1523,67
227,337	1595,67
227,566	1705,67
227,795	1446,67
228,024	1460,67
228,253	1451,67
228,482	1391,67
228,711	1566,67
228,94	1381,67
229,168	1432,67
229,397	1679,67
229,626	1532,67
229,855	1534,67
230,084	1477,67
230,313	1171,67
230,541	1737,67
230,77	1482,67
230,999	1375,67
231,228	1732,67
231,456	1484,67
231,685	1504,67
231,914	1569,67
232,143	1509,67
232,371	1577,67
232,6	1665,67
232,829	1551,67
233,057	1671,67
233,286	1664,67
233,515	1575,67
233,743	1607,67
233,972	1581,67
234,2	1649,67
234,429	1527,67
234,658	1634,67
234,886	1670,67
235,115	1642,67
235,343	1701,67
235,572	1623,67
235,8	1719,67
236,029	1896,67
236,257	1565,67
236,486	1723,67
236,714	1823,67
236,943	1780,67
237,171	1668,67
237,399	1734,67
237,628	1751,67
237,856	1800,67
238,085	1828,67
238,313	1689,67
238,541	1770,67
238,77	2194,67
238,998	1655,67
239,226	1901,67
239,455	1816,67
239,683	1877,67
239,911	1794,67
240,14	2080,67
240,368	1987,67
240,596	1709,67
240,824	1938,67
241,053	2062,67
241,281	1823,67
241,509	1884,67
241,737	1838,67
241,965	1607,67
242,193	1848,67
242,422	1888,67
242,65	1877,67
242,878	1807,67
243,106	1979,67
243,334	1992,67
243,562	1918,67
243,79	2007,67
244,018	2138,67
244,246	1945,67
244,474	2090,67
244,702	2037,67
244,93	2028,67
245,158	2076,67
245,386	2016,67
245,614	2111,67
245,842	2232,67
246,07	2083,67
246,298	2190,67
246,526	2540,67
246,754	2038,67
246,982	2192,67
247,21	2233,67
247,438	2204,67
247,666	2178,67
247,893	2223,67
248,121	2177,67
248,349	2085,67
248,577	2193,67
248,805	2389,67
249,033	2157,67
249,26	2340,67
249,488	2494,67
249,716	2328,67
249,944	2211,67
250,171	2267,67
250,399	2297,67
250,627	2535,67
250,854	2333,67
251,082	2241,67
251,31	2377,67
251,537	2466,67
251,765	2612,67
251,993	2395,67
252,22	2724,67
252,448	2388,67
252,676	2474,67
252,903	2492,67
253,131	2680,67
253,358	2487,67
253,586	2277,67
253,813	2352,67
254,041	2564,67
254,268	2497,67
254,496	2340,67
254,723	2483,67
254,951	2457,67
255,178	2522,67
255,406	2522,67
255,633	2536,67
255,86	2768,67
256,088	2538,67
256,315	2484,67
256,543	2692,67
256,77	2602,67
256,997	2573,67
257,225	2698,67
257,452	2559,67
257,679	2647,67
257,907	2696,67
258,134	2553,67
258,361	2711,67
258,588	2590,67
258,816	2721,67
259,043	2666,67
259,27	2823,67
259,497	2721,67
259,725	2589,67
259,952	2808,67
260,179	2587,67
260,406	2784,67
260,633	2735,67
260,86	2692,67
261,088	2835,67
261,315	2934,67
261,542	2593,67
261,769	2651,67
261,996	3136,67
262,223	2899,67
262,45	2949,67
262,677	2700,67
262,904	2652,67
263,131	2913,67
263,358	2841,67
263,585	2815,67
263,812	3151,67
264,039	3009,67
264,266	2779,67
264,493	2866,67
264,72	2727,67
264,947	2834,67
265,174	2915,67
265,401	2964,67
265,627	2954,67
265,854	2850,67
266,081	2821,67
266,308	2902,67
266,535	2832,67
266,762	2820,67
266,988	2902,67
267,215	2667,67
267,442	2830,67
267,669	2903,67
267,896	2892,67
268,122	2982,67
268,349	2828,67
268,576	2818,67
268,802	2649,67
269,029	2831,67
269,256	2915,67
269,482	2685,67
269,709	2864,67
269,936	2936,67
270,162	3018,67
270,389	2889,67
270,616	2719,67
270,842	3005,67
271,069	3045,67
271,295	2930,67
271,522	2843,67
271,748	2840,67
271,975	2986,67
272,201	3023,67
272,428	2968,67
272,654	2944,67
272,881	3205,67
273,107	2871,67
273,334	2913,67
273,56	3123,67
273,787	2911,67
274,013	3009,67
274,239	3286,67
274,466	3026,67
274,692	3056,67
274,918	3062,67
275,145	3045,67
275,371	3098,67
275,597	3226,67
275,824	3159,67
276,05	3059,67
276,276	3223,67
276,503	3099,67
276,729	3147,67
276,955	3133,67
277,181	3098,67
277,407	3107,67
277,634	3290,67
277,86	3166,67
278,086	3186,67
278,312	3141,67
278,538	3122,67
278,764	3049,67
278,991	3166,67
279,217	2979,67
279,443	3076,67
279,669	3153,67
279,895	3296,67
280,121	3167,67
280,347	3056,67
280,573	3289,67
280,799	3093,67
281,025	3350,67
281,251	3155,67
281,477	3403,67
281,703	3241,67
281,929	3260,67
282,155	3223,67
282,381	3369,67
282,607	3351,67
282,833	3449,67
283,059	3389,67
283,285	3324,67
283,51	3426,67
283,736	3284,67
283,962	3417,67
284,188	3463,67
284,414	3415,67
284,64	3461,67
284,865	3497,67
285,091	3487,67
285,317	3571,67
285,543	3533,67
285,768	3541,67
285,994	3611,67
286,22	3819,67
286,446	3679,67
286,671	3495,67
286,897	3613,67
287,123	3669,67
287,348	3934,67
287,574	3997,67
287,799	3678,67
288,025	3625,67
288,251	3875,67
288,476	3711,67
288,702	3638,67
288,927	3697,67
289,153	3696,67
289,378	3725,67
289,604	3877,67
289,829	3648,67
290,055	3738,67
290,28	3743,67
290,506	3960,67
290,731	3773,67
290,957	3892,67
291,182	3978,67
291,408	4085,67
291,633	3879,67
291,858	3854,67
292,084	3963,67
292,309	3876,67
292,535	3999,67
292,76	4031,67
292,985	4059,67
293,211	4000,67
293,436	3969,67
293,661	3909,67
293,886	4040,67
294,112	4078,67
294,337	4195,67
294,562	3951,67
294,787	4255,67
295,013	4018,67
295,238	4083,67
295,463	4354,67
295,688	4299,67
295,913	4194,67
296,138	4203,67
296,364	4098,67
296,589	4182,67
296,814	3651,67
297,039	3994,67
297,264	4093,67
297,489	4068,67
297,714	4078,67
297,939	3999,67
298,164	4007,67
298,389	4295,67
298,614	4099,67
298,839	4136,67
299,064	4251,67
299,289	4300,67
299,514	4362,67
299,739	4306,67
299,964	4280,67
300,189	4284,67
300,414	4549,67
300,639	4487,67
300,863	4410,67
301,088	4725,67
301,313	4324,67
301,538	4343,67
301,763	4359,67
301,988	4457,67
302,212	4506,67
302,437	4795,67
302,662	4404,67
302,887	4495,67
303,111	4468,67
303,336	4603,67
303,561	4527,67
303,786	4456,67
304,01	4447,67
304,235	4538,67
304,46	4436,67
304,684	4562,67
304,909	4394,67
305,134	4345,67
305,358	4450,67
305,583	4383,67
305,807	4493,67
306,032	4234,67
306,256	4201,67
306,481	4355,67
306,706	4312,67
306,93	4350,67
307,155	4473,67
307,379	4451,67
307,604	4424,67
307,828	4409,67
308,052	4620,67
308,277	4811,67
308,501	4475,67
308,726	4619,67
308,95	4571,67
309,175	4326,67
309,399	4753,67
309,623	4596,67
309,848	4409,67
310,072	4417,67
310,296	4859,67
310,521	4561,67
310,745	4500,67
310,969	4825,67
311,193	4651,67
311,418	4524,67
311,642	4465,67
311,866	4574,67
312,09	4594,67
312,315	4547,67
312,539	4600,67
312,763	4510,67
312,987	4611,67
313,211	4493,67
313,435	4634,67
313,659	4469,67
313,884	4732,67
314,108	4479,67
314,332	4536,67
314,556	4395,67
314,78	4679,67
315,004	4630,67
315,228	4603,67
315,452	4386,67
315,676	4506,67
315,9	4474,67
316,124	4309,67
316,348	4274,67
316,572	4371,67
316,796	4494,67
317,02	4357,67
317,244	4492,67
317,468	4287,67
317,691	4629,67
317,915	4559,67
318,139	4342,67
318,363	4717,67
318,587	4403,67
318,811	4296,67
319,034	4262,67
319,258	4494,67
319,482	4458,67
319,706	4418,67
319,93	4329,67
320,153	4270,67
320,377	4391,67
320,601	4262,67
320,824	4285,67
321,048	4498,67
321,272	4430,67
321,495	4361,67
321,719	4354,67
321,943	4349,67
322,166	4341,67
322,39	4372,67
322,614	4394,67
322,837	4492,67
323,061	4284,67
323,284	4454,67
323,508	4335,67
323,731	4237,67
323,955	4385,67
324,178	4269,67
324,402	4437,67
324,625	4294,67
324,849	4327,67
325,072	4382,67
325,296	4449,67
325,519	4200,67
325,743	4389,67
325,966	4362,67
326,189	4493,67
326,413	4376,67
326,636	4488,67
326,859	4335,67
327,083	4309,67
327,306	4095,67
327,529	4192,67
327,753	4094,67
327,976	4311,67
328,199	4338,67
328,422	4268,67
328,646	4099,67
328,869	4131,67
329,092	4226,67
329,315	4382,67
329,538	4164,67
329,762	4249,67
329,985	4131,67
330,208	4160,67
330,431	4257,67
330,654	4407,67
330,877	4251,67
331,1	4305,67
331,323	4270,67
331,546	4414,67
331,769	4278,67
331,993	4148,67
332,216	4294,67
332,439	4159,67
332,662	4113,67
332,885	4321,67
333,107	4108,67
333,33	4173,67
333,553	4426,67
333,776	4228,67
333,999	4246,67
334,222	4307,67
334,445	4224,67
334,668	4207,67
334,891	4563,67
335,114	4087,67
335,336	4210,67
335,559	4228,67
335,782	4443,67
336,005	4192,67
336,228	4294,67
336,45	4146,67
336,673	4160,67
336,896	4199,67
337,119	4211,67
337,341	4098,67
337,564	4164,67
337,787	4358,67
338,009	4134,67
338,232	4180,67
338,455	4231,67
338,677	4175,67
338,9	4157,67
339,122	4263,67
339,345	4011,67
339,568	3999,67
339,79	4172,67
340,013	4163,67
340,235	4187,67
340,458	4094,67
340,68	4189,67
340,903	4033,67
341,125	4006,67
341,348	4060,67
341,57	3992,67
341,793	4207,67
342,015	4105,67
342,238	3984,67
342,46	4114,67
342,682	4059,67
342,905	3951,67
343,127	4073,67
343,349	3951,67
343,572	3991,67
343,794	3853,67
344,016	3921,67
344,239	3812,67
344,461	3841,67
344,683	3904,67
344,905	3889,67
345,128	3899,67
345,35	3908,67
345,572	3939,67
345,794	4247,67
346,017	3903,67
346,239	4044,67
346,461	4006,67
346,683	4033,67
346,905	4249,67
347,127	4021,67
347,349	4050,67
347,571	4143,67
347,793	4233,67
348,016	4068,67
348,238	4014,67
348,46	4116,67
348,682	4068,67
348,904	4111,67
349,126	4115,67
349,348	4119,67
349,57	3934,67
349,792	4007,67
350,014	4172,67
350,235	4092,67
350,457	4319,67
350,679	3990,67
350,901	3967,67
351,123	4032,67
351,345	3994,67
351,567	4101,67
351,789	4106,67
352,01	3960,67
352,232	4009,67
352,454	3896,67
352,676	4105,67
352,897	3944,67
353,119	3745,67
353,341	3762,67
353,563	3832,67
353,784	3679,67
354,006	3817,67
354,228	3760,67
354,449	3802,67
354,671	4066,67
354,893	3945,67
355,114	3932,67
355,336	4044,67
355,558	4027,67
355,779	3912,67
356,001	4091,67
356,222	3801,67
356,444	3896,67
356,665	4343,67
356,887	3943,67
357,108	3969,67
357,33	4006,67
357,551	4160,67
357,773	4117,67
357,994	4088,67
358,216	3941,67
358,437	4228,67
358,659	4171,67
358,88	3963,67
359,101	4069,67
359,323	4073,67
359,544	3936,67
359,765	4050,67
359,987	4029,67
360,208	4087,67
360,429	3981,67
360,651	3923,67
360,872	4216,67
361,093	4080,67
361,314	4080,67
361,536	4067,67
361,757	4141,67
361,978	3853,67
362,199	3913,67
362,42	3899,67
362,642	4254,67
362,863	4160,67
363,084	4053,67
363,305	4146,67
363,526	4047,67
363,747	4002,67
363,968	4000,67
364,189	4370,67
364,41	3996,67
364,631	3991,67
364,852	4202,67
365,073	3996,67
365,294	4194,67
365,515	3908,67
365,736	4173,67
365,957	4108,67
366,178	4091,67
366,399	4051,67
366,62	4174,67
366,841	4317,67
367,062	4181,67
367,283	4108,67
367,504	4265,67
367,724	4101,67
367,945	4089,67
368,166	4285,67
368,387	4141,67
368,608	4175,67
368,828	4390,67
369,049	4160,67
369,27	4263,67
369,491	4247,67
369,711	4515,67
369,932	4400,67
370,153	4248,67
370,373	4263,67
370,594	4427,67
370,815	4260,67
371,035	4384,67
371,256	4206,67
371,477	4242,67
371,697	4418,67
371,918	4079,67
372,138	4371,67
372,359	4438,67
372,579	4308,67
372,8	4331,67
373,02	4376,67
373,241	4463,67
373,461	4596,67
373,682	4414,67
373,902	4395,67
374,123	4333,67
374,343	4535,67
374,564	4360,67
374,784	4375,67
375,004	4544,67
375,225	4339,67
375,445	4403,67
375,666	4539,67
375,886	4318,67
376,106	4362,67
376,326	4313,67
376,547	4591,67
376,767	4499,67
376,987	4464,67
377,208	4581,67
377,428	4574,67
377,648	4778,67
377,868	4779,67
378,088	4943,67
378,309	4939,67
378,529	4977,67
378,749	5063,67
378,969	4759,67
379,189	5022,67
379,409	5025,67
379,629	4778,67
379,849	4854,67
380,069	4929,67
380,29	4862,67
380,51	4831,67
380,73	5034,67
380,95	5037,67
381,17	5069,67
381,39	4866,67
381,61	4625,67
381,829	4848,67
382,049	4862,67
382,269	4829,67
382,489	5015,67
382,709	4737,67
382,929	4928,67
383,149	4891,67
383,369	5197,67
383,589	4751,67
383,808	5039,67
384,028	4909,67
384,248	5054,67
384,468	5083,67
384,688	5115,67
384,907	5039,67
385,127	5177,67
385,347	5179,67
385,567	5163,67
385,786	5312,67
386,006	5186,67
386,226	5368,67
386,445	5326,67
386,665	5464,67
386,885	5577,67
387,104	5563,67
387,324	5668,67
387,543	5587,67
387,763	5701,67
387,982	5775,67
388,202	5811,67
388,422	5805,67
388,641	5797,67
388,861	5927,67
389,08	5860,67
389,3	5662,67
389,519	5802,67
389,738	5790,67
389,958	5831,67
390,177	5894,67
390,397	5933,67
390,616	5983,67
390,836	6145,67
391,055	6025,67
391,274	6015,67
391,494	6199,67
391,713	6219,67
391,932	6274,67
392,151	6475,67
392,371	6500,67
392,59	6543,67
392,809	6721,67
393,029	6655,67
393,248	6444,67
393,467	6121,67
393,686	6055,67
393,905	6970,67
394,124	6115,67
394,344	6232,67
394,563	6356,67
394,782	6322,67
395,001	6241,67
395,22	6340,67
395,439	6413,67
395,658	6287,67
395,877	6545,67
396,096	6467,67
396,315	6615,67
396,534	6583,67
396,753	6763,67
396,972	6735,67
397,191	6799,67
397,41	6923,67
397,629	7022,67
397,848	7035,67
398,067	7221,67
398,286	7142,67
398,505	7339,67
398,724	7373,67
398,943	7521,67
399,161	6764,67
399,38	6908,67
399,599	6935,67
399,818	6779,67
400,037	6785,67
400,255	6710,67
400,474	6726,67
400,693	6788,67
400,912	6614,67
401,13	6655,67
401,349	6682,67
401,568	6417,67
401,786	6778,67
402,005	6752,67
402,224	6525,67
402,442	6519,67
402,661	6591,67
402,88	6438,67
403,098	6439,67
403,317	6551,67
403,535	6500,67
403,754	6480,67
403,972	6463,67
404,191	6424,67
404,409	6594,67
404,628	7226,67
404,846	6736,67
405,065	6747,67
405,283	6800,67
405,502	6791,67
405,72	6721,67
405,938	6535,67
406,157	6547,67
406,375	6319,67
406,594	6326,67
406,812	6361,67
407,03	6294,67
407,249	6153,67
407,467	6471,67
407,685	6504,67
407,903	6058,67
408,122	6620,67
408,34	6707,67
408,558	6646,67
408,776	6481,67
408,995	6458,67
409,213	6587,67
409,431	6577,67
409,649	6579,67
409,867	6463,67
410,085	6610,67
410,303	6549,67
410,522	6212,67
410,74	6257,67
410,958	6297,67
411,176	6325,67
411,394	6223,67
411,612	6235,67
411,83	6475,67
412,048	6380,67
412,266	6517,67
412,484	6391,67
412,702	6668,67
412,92	6275,67
413,138	6372,67
413,356	6337,67
413,573	6459,67
413,791	6547,67
414,009	6146,67
414,227	6383,67
414,445	6006,67
414,663	5915,67
414,881	6105,67
415,098	6233,67
415,316	5932,67
415,534	6367,67
415,752	5993,67
415,969	6288,67
416,187	6071,67
416,405	6099,67
416,623	6188,67
416,84	6010,67
417,058	6176,67
417,276	6260,67
417,493	5978,67
417,711	6044,67
417,928	6168,67
418,146	6096,67
418,364	6215,67
418,581	6079,67
418,799	6133,67
419,016	6022,67
419,234	6110,67
419,451	6759,67
419,669	6233,67
419,886	6228,67
420,104	6247,67
420,321	6373,67
420,539	6487,67
420,756	6680,67
420,974	6543,67
421,191	6641,67
421,408	6775,67
421,626	6949,67
421,843	6720,67
422,06	6545,67
422,278	6595,67
422,495	6655,67
422,712	6362,67
422,93	6447,67
423,147	6363,67
423,364	6361,67
423,581	6363,67
423,799	6284,67
424,016	6163,67
424,233	6196,67
424,45	6384,67
424,667	6309,67
424,884	6128,67
425,102	6330,67
425,319	6077,67
425,536	6031,67
425,753	6056,67
425,97	5945,67
426,187	6152,67
426,404	5926,67
426,621	6533,67
426,838	6266,67
427,055	6297,67
427,272	6239,67
427,489	6256,67
427,706	6209,67
427,923	6055,67
428,14	6237,67
428,357	6323,67
428,574	6007,67
428,791	6392,67
429,008	6550,67
429,224	6569,67
429,441	6573,67
429,658	6968,67
429,875	7120,67
430,092	7130,67
430,308	7053,67
430,525	6892,67
430,742	6675,67
430,959	6623,67
431,175	6223,67
431,392	6007,67
431,609	5893,67
431,826	5878,67
432,042	5640,67
432,259	5636,67
432,476	5910,67
432,692	5594,67
432,909	5807,67
433,125	6083,67
433,342	6341,67
433,559	6386,67
433,775	6385,67
433,992	6245,67
434,208	6064,67
434,425	5836,67
434,641	5882,67
434,858	5989,67
435,074	5889,67
435,291	5599,67
435,507	5815,67
435,723	5822,67
435,94	5905,67
436,156	6082,67
436,373	6153,67
436,589	5982,67
436,805	6033,67
437,022	5888,67
437,238	5803,67
437,454	5820,67
437,671	5637,67
437,887	5879,67
438,103	5968,67
438,319	5897,67
438,536	5982,67
438,752	5955,67
438,968	5801,67
439,184	5753,67
439,4	5802,67
439,616	5582,67
439,833	5764,67
440,049	5541,67
440,265	5871,67
440,481	5759,67
440,697	6083,67
440,913	6388,67
441,129	6499,67
441,345	6733,67
441,561	6566,67
441,777	6362,67
441,993	6324,67
442,209	6137,67
442,425	6040,67
442,641	6001,67
442,857	6170,67
443,073	6184,67
443,289	6179,67
443,505	6250,67
443,721	6235,67
443,937	6239,67
444,152	6180,67
444,368	5945,67
444,584	6036,67
444,8	6212,67
445,016	5918,67
445,231	5819,67
445,447	5965,67
445,663	5978,67
445,879	5866,67
446,094	6074,67
446,31	6055,67
446,526	6038,67
446,742	5917,67
446,957	5919,67
447,173	5844,67
447,388	5905,67
447,604	5810,67
447,82	5608,67
448,035	5618,67
448,251	5755,67
448,466	5713,67
448,682	5613,67
448,897	5609,67
449,113	5930,67
449,328	5683,67
449,544	5575,67
449,759	6015,67
449,975	5519,67
450,19	5536,67
450,406	5497,67
450,621	5422,67
450,836	5436,67
451,052	5390,67
451,267	5245,67
451,483	5689,67
451,698	5234,67
451,913	5421,67
452,129	5455,67
452,344	5304,67
452,559	5384,67
452,774	5177,67
452,99	5017,67
453,205	5020,67
453,42	5379,67
453,635	5158,67
453,85	4946,67
454,066	5060,67
454,281	5181,67
454,496	5209,67
454,711	5183,67
454,926	5218,67
455,141	5145,67
455,356	5171,67
455,571	5097,67
455,786	5015,67
456,001	5098,67
456,217	4802,67
456,432	4906,67
456,647	4997,67
456,861	5004,67
457,076	5099,67
457,291	5265,67
457,506	5139,67
457,721	5222,67
457,936	5241,67
458,151	4701,67
458,366	5445,67
458,581	5182,67
458,796	5370,67
459,01	5218,67
459,225	5387,67
459,44	5173,67
459,655	5282,67
459,87	5055,67
460,084	5038,67
460,299	5084,67
460,514	4919,67
460,729	5441,67
460,943	4983,67
461,158	4832,67
461,373	4882,67
461,587	4552,67
461,802	4280,67
462,016	4742,67
462,231	4414,67
462,446	4521,67
462,66	4446,67
462,875	4728,67
463,089	4756,67
463,304	4842,67
463,518	4919,67
463,733	4957,67
463,947	4993,67
464,162	4925,67
464,376	5096,67
464,591	5304,67
464,805	5079,67
465,02	5177,67
465,234	5355,67
465,448	5311,67
465,663	5256,67
465,877	5038,67
466,091	4877,67
466,306	5013,67
466,52	4961,67
466,734	4520,67
466,949	4615,67
467,163	4410,67
467,377	4405,67
467,591	4628,67
467,806	4507,67
468,02	4437,67
468,234	4333,67
468,448	4427,67
468,662	4291,67
468,876	4415,67
469,091	4114,67
469,305	3952,67
469,519	4002,67
469,733	3901,67
469,947	3991,67
470,161	4150,67
470,375	3890,67
470,589	4011,67
470,803	4059,67
471,017	3942,67
471,231	4058,67
471,445	4016,67
471,659	4115,67
471,873	3995,67
472,087	3920,67
472,301	4144,67
472,515	3959,67
472,728	4055,67
472,942	4120,67
473,156	4138,67
473,37	4137,67
473,584	4176,67
473,798	4303,67
474,011	4152,67
474,225	3999,67
474,439	4195,67
474,653	4243,67
474,866	4339,67
475,08	4405,67
475,294	4296,67
475,507	4168,67
475,721	4203,67
475,935	3788,67
476,148	4114,67
476,362	3975,67
476,576	3920,67
476,789	3940,67
477,003	3969,67
477,216	4063,67
477,43	4006,67
477,643	4096,67
477,857	4220,67
478,07	4140,67
478,284	4298,67
478,497	3988,67
478,711	4019,67
478,924	4080,67
479,138	3999,67
479,351	3997,67
479,564	3887,67
479,778	4087,67
479,991	4193,67
480,204	4043,67
480,418	4227,67
480,631	4075,67
480,844	4208,67
481,058	4322,67
481,271	4253,67
481,484	4229,67
481,697	4232,67
481,911	4175,67
482,124	4140,67
482,337	4183,67
482,55	4002,67
482,763	3894,67
482,976	4115,67
483,19	3858,67
483,403	3953,67
483,616	4082,67
483,829	4181,67
484,042	4343,67
484,255	4322,67
484,468	4350,67
484,681	4394,67
484,894	4466,67
485,107	6025,67
485,32	9159,67
485,533	11417,67
485,746	11014,67
485,959	9679,67
486,172	8472,67
486,385	6997,67
486,598	5920,67
486,81	4843,67
487,023	4400,67
487,236	4256,67
487,449	4136,67
487,662	3889,67
487,875	3807,67
488,087	3796,67
488,3	3715,67
488,513	3571,67
488,726	3607,67
488,938	3687,67
489,151	3859,67
489,364	3837,67
489,576	3548,67
489,789	3728,67
490,002	3675,67
490,214	3586,67
490,427	3426,67
490,64	3617,67
490,852	3618,67
491,065	3514,67
491,277	3549,67
491,49	3509,67
491,702	3322,67
491,915	3499,67
492,127	3514,67
492,34	3418,67
492,552	3565,67
492,765	3625,67
492,977	3632,67
493,19	3452,67
493,402	3512,67
493,614	3360,67
493,827	3429,67
494,039	3557,67
494,251	3445,67
494,464	3506,67
494,676	3265,67
494,888	3334,67
495,101	3195,67
495,313	3174,67
495,525	3296,67
495,737	3558,67
495,95	3661,67
496,162	3626,67
496,374	3548,67
496,586	3439,67
496,798	3305,67
497,01	3277,67
497,222	3096,67
497,435	3041,67
497,647	3007,67
497,859	3183,67
498,071	3286,67
498,283	3268,67
498,495	3194,67
498,707	3266,67
498,919	3252,67
499,131	3439,67
499,343	3147,67
499,555	3347,67
499,767	3401,67
499,979	3145,67
500,191	3430,67
500,402	3119,67
500,614	3199,67
500,826	3282,67
501,038	3220,67
501,25	3321,67
501,462	3183,67
501,673	3242,67
501,885	3145,67
502,097	3409,67
502,309	3422,67
502,521	3199,67
502,732	3008,67
502,944	3250,67
503,156	3152,67
503,367	3143,67
503,579	3086,67
503,791	3057,67
504,002	3095,67
504,214	3110,67
504,425	3298,67
504,637	3289,67
504,849	3000,67
505,06	3066,67
505,272	3172,67
505,483	2913,67
505,695	2911,67
505,906	2969,67
506,118	3007,67
506,329	3244,67
506,541	2981,67
506,752	2925,67
506,963	2775,67
507,175	2745,67
507,386	2981,67
507,598	2959,67
507,809	2742,67
508,02	2863,67
508,232	2923,67
508,443	2739,67
508,654	2974,67
508,865	2841,67
509,077	2765,67
509,288	2692,67
509,499	2884,67
509,71	2637,67
509,922	2791,67
510,133	2739,67
510,344	2841,67
510,555	2661,67
510,766	2739,67
510,977	2623,67
511,188	2485,67
511,4	2658,67
511,611	2728,67
511,822	2609,67
512,033	2597,67
512,244	2625,67
512,455	2584,67
512,666	2541,67
512,877	2647,67
513,088	2591,67
513,299	2574,67
513,51	2584,67
513,721	2729,67
513,931	2513,67
514,142	2569,67
514,353	2604,67
514,564	2434,67
514,775	2427,67
514,986	2494,67
515,196	2421,67
515,407	2384,67
515,618	2458,67
515,829	2415,67
516,04	2430,67
516,25	2408,67
516,461	2428,67
516,672	2395,67
516,882	2385,67
517,093	2451,67
517,304	2260,67
517,514	2264,67
517,725	2474,67
517,936	2248,67
518,146	2255,67
518,357	2380,67
518,567	2317,67
518,778	2661,67
518,988	2395,67
519,199	2617,67
519,409	2281,67
519,62	2332,67
519,83	2469,67
520,041	2197,67
520,251	2314,67
520,462	2224,67
520,672	2274,67
520,882	2295,67
521,093	2373,67
521,303	2385,67
521,513	2207,67
521,724	3040,67
521,934	2104,67
522,144	2236,67
522,355	2270,67
522,565	2174,67
522,775	2208,67
522,985	2162,67
523,196	2194,67
523,406	2212,67
523,616	2377,67
523,826	2097,67
524,036	2561,67
524,246	2084,67
524,457	1914,67
524,667	1999,67
524,877	2175,67
525,087	2113,67
525,297	2228,67
525,507	2327,67
525,717	2119,67
525,927	2243,67
526,137	2102,67
526,347	2189,67
526,557	2141,67
526,767	2291,67
526,977	2249,67
527,187	2146,67
527,397	2097,67
527,607	2056,67
527,816	2119,67
528,026	2123,67
528,236	2173,67
528,446	2232,67
528,656	2042,67
528,865	2410,67
529,075	2333,67
529,285	2194,67
529,495	2203,67
529,704	2138,67
529,914	2154,67
530,124	2111,67
530,334	2000,67
530,543	2087,67
530,753	2489,67
530,963	2454,67
531,172	1967,67
531,382	2014,67
531,591	2304,67
531,801	1984,67
532,01	2043,67
532,22	2057,67
532,43	2099,67
532,639	2520,67
532,849	2129,67
533,058	2123,67
533,267	2298,67
533,477	2060,67
533,686	2048,67
533,896	2077,67
534,105	2159,67
534,315	2205,67
534,524	2104,67
534,733	2027,67
534,943	2229,67
535,152	2205,67
535,361	2005,67
535,57	2191,67
535,78	2049,67
535,989	1939,67
536,198	1983,67
536,407	1960,67
536,617	2002,67
536,826	2012,67
537,035	2084,67
537,244	2159,67
537,453	1863,67
537,662	2106,67
537,872	1948,67
538,081	2040,67
538,29	1945,67
538,499	1933,67
538,708	1939,67
538,917	2013,67
539,126	2047,67
539,335	2117,67
539,544	2642,67
539,753	1912,67
539,962	2005,67
540,171	1967,67
540,38	2119,67
540,589	2017,67
540,797	2109,67
541,006	1981,67
541,215	1957,67
541,424	2082,67
541,633	1973,67
541,842	1989,67
542,05	2146,67
542,259	2095,67
542,468	2080,67
542,677	2145,67
542,885	2025,67
543,094	2090,67
543,303	2008,67
543,512	2101,67
543,72	2082,67
543,929	2148,67
544,138	2084,67
544,346	1953,67
544,555	2022,67
544,763	2141,67
544,972	2043,67
545,18	1908,67
545,389	1975,67
545,598	1903,67
545,806	2089,67
546,015	1787,67
546,223	1877,67
546,431	1997,67
546,64	1966,67
546,848	1962,67
547,057	2056,67
547,265	2000,67
547,474	2047,67
547,682	2161,67
547,89	2146,67
548,099	2100,67
548,307	2011,67
548,515	2078,67
548,723	2015,67
548,932	1942,67
549,14	1937,67
549,348	2059,67
549,556	1858,67
549,765	1932,67
549,973	1757,67
550,181	2053,67
550,389	1926,67
550,597	1853,67
550,805	1815,67
551,014	2020,67
551,222	5503,67
551,43	1821,67
551,638	2031,67
551,846	2177,67
552,054	2147,67
552,262	2120,67
552,47	1910,67
552,678	1898,67
552,886	2111,67
553,094	1906,67
553,302	2053,67
553,51	1920,67
553,717	2035,67
553,925	1799,67
554,133	2081,67
554,341	1815,67
554,549	2083,67
554,757	1770,67
554,965	1911,67
555,172	1884,67
555,38	2210,67
555,588	1847,67
555,796	1946,67
556,003	2060,67
556,211	1885,67
556,419	1888,67
556,626	1938,67
556,834	1937,67
557,042	1890,67
557,249	1855,67
557,457	1897,67
557,664	1740,67
557,872	1829,67
558,08	1829,67
558,287	1895,67
558,495	2015,67
558,702	1742,67
558,91	1798,67
559,117	1823,67
559,325	1823,67
559,532	1820,67
559,74	2052,67
559,947	1849,67
560,154	1992,67
560,362	1857,67
560,569	1874,67
560,776	1871,67
560,984	1915,67
561,191	1938,67
561,398	1893,67
561,606	2415,67
561,813	1773,67
562,02	1726,67
562,227	1797,67
562,435	1837,67
562,642	1908,67
562,849	1853,67
563,056	1879,67
563,263	1584,67
563,471	2000,67
563,678	1976,67
563,885	1957,67
564,092	1864,67
564,299	1991,67
564,506	2007,67
564,713	1895,67
564,92	1869,67
565,127	2043,67
565,334	1957,67
565,541	2146,67
565,748	1946,67
565,955	1861,67
566,162	1945,67
566,369	1988,67
566,576	2084,67
566,783	2059,67
566,99	1939,67
567,196	2165,67
567,403	1981,67
567,61	2161,67
567,817	1998,67
568,024	2089,67
568,23	2189,67
568,437	2098,67
568,644	2128,67
568,851	2185,67
569,057	2457,67
569,264	2458,67
569,471	2378,67
569,677	2364,67
569,884	2464,67
570,091	2566,67
570,297	3243,67
570,504	2538,67
570,71	2418,67
570,917	2476,67
571,123	2397,67
571,33	2487,67
571,536	2495,67
571,743	2948,67
571,949	2294,67
572,156	2350,67
572,362	2599,67
572,569	2307,67
572,775	2516,67
572,982	2687,67
573,188	2629,67
573,394	2571,67
573,601	2554,67
573,807	2621,67
574,013	3072,67
574,22	2818,67
574,426	2644,67
574,632	2828,67
574,838	2765,67
575,045	2607,67
575,251	2591,67
575,457	2575,67
575,663	2617,67
575,869	2606,67
576,076	2568,67
576,282	2762,67
576,488	2709,67
576,694	2857,67
576,9	2628,67
577,106	2802,67
577,312	3075,67
577,518	3256,67
577,724	3293,67
577,93	2958,67
578,136	2833,67
578,342	2876,67
578,548	2597,67
578,754	2746,67
578,96	2824,67
579,166	2758,67
579,372	3090,67
579,578	2873,67
579,784	3007,67
579,989	2877,67
580,195	2977,67
580,401	2610,67
580,607	2987,67
580,813	3180,67
581,018	3616,67
581,224	3491,67
581,43	3622,67
581,636	3484,67
581,841	3600,67
582,047	3394,67
582,253	3281,67
582,458	3026,67
582,664	2879,67
582,869	2765,67
583,075	2612,67
583,281	3045,67
583,486	2904,67
583,692	2873,67
583,897	3157,67
584,103	3081,67
584,308	3104,67
584,514	3183,67
584,719	3409,67
584,925	3373,67
585,13	3288,67
585,335	3310,67
585,541	3160,67
585,746	3157,67
585,952	2921,67
586,157	2907,67
586,362	2946,67
586,568	3049,67
586,773	3192,67
586,978	3132,67
587,183	3071,67
587,389	3245,67
587,594	2945,67
587,799	3050,67
588,004	3083,67
588,21	3087,67
588,415	2848,67
588,62	2982,67
588,825	2797,67
589,03	2787,67
589,235	3248,67
589,44	2960,67
589,645	2855,67
589,85	3088,67
590,055	3096,67
590,26	2863,67
590,465	2827,67
590,67	2906,67
590,875	2914,67
591,08	2978,67
591,285	2784,67
591,49	2887,67
591,695	2806,67
591,9	2756,67
592,105	2666,67
592,31	2899,67
592,515	3309,67
592,719	2911,67
592,924	2932,67
593,129	2863,67
593,334	2880,67
593,539	2820,67
593,743	2929,67
593,948	2746,67
594,153	2657,67
594,357	2987,67
594,562	2749,67
594,767	3170,67
594,971	2698,67
595,176	2751,67
595,381	2863,67
595,585	2636,67
595,79	2940,67
595,994	2584,67
596,199	3006,67
596,403	2431,67
596,608	2497,67
596,812	2611,67
597,017	2687,67
597,221	2865,67
597,426	2624,67
597,63	2619,67
597,835	2457,67
598,039	2445,67
598,243	2427,67
598,448	2898,67
598,652	2718,67
598,856	2661,67
599,061	2717,67
599,265	2543,67
599,469	2485,67
599,673	2687,67
599,878	2715,67
600,082	2545,67
600,286	2568,67
600,49	2568,67
600,695	2395,67
600,899	2517,67
601,103	2518,67
601,307	2631,67
601,511	2449,67
601,715	2398,67
601,919	2327,67
602,123	2528,67
602,327	2608,67
602,531	2539,67
602,735	2600,67
602,939	2617,67
603,143	2388,67
603,347	2443,67
603,551	2298,67
603,755	2459,67
603,959	2373,67
604,163	2218,67
604,367	2407,67
604,571	2013,67
604,775	2412,67
604,978	2310,67
605,182	2282,67
605,386	2401,67
605,59	2334,67
605,793	2351,67
605,997	2597,67
606,201	2381,67
606,405	2310,67
606,608	2353,67
606,812	2482,67
607,016	2369,67
607,219	2282,67
607,423	2273,67
607,627	2421,67
607,83	2245,67
608,034	2269,67
608,237	2211,67
608,441	2044,67
608,644	2366,67
608,848	2311,67
609,051	2161,67
609,255	2068,67
609,458	2272,67
609,662	2245,67
609,865	2199,67
610,069	2119,67
610,272	2012,67
610,475	2097,67
610,679	2089,67
610,882	2105,67
611,085	2125,67
611,289	2170,67
611,492	2113,67
611,695	1956,67
611,898	2003,67
612,102	2159,67
612,305	2118,67
612,508	1958,67
612,711	2205,67
612,914	2002,67
613,118	2149,67
613,321	2080,67
613,524	1942,67
613,727	1950,67
613,93	1960,67
614,133	2060,67
614,336	2254,67
614,539	1996,67
614,742	1857,67
614,945	1867,67
615,148	2087,67
615,351	2128,67
615,554	2187,67
615,757	1909,67
615,96	2055,67
616,163	2016,67
616,366	1897,67
616,569	1928,67
616,772	2095,67
616,974	1948,67
617,177	2069,67
617,38	1976,67
617,583	1997,67
617,786	1830,67
617,988	1794,67
618,191	2026,67
618,394	1859,67
618,596	1778,67
618,799	1800,67
619,002	1933,67
619,204	1911,67
619,407	1863,67
619,61	1823,67
619,812	1868,67
620,015	1833,67
620,217	2007,67
620,42	1826,67
620,623	1819,67
620,825	1816,67
621,028	1849,67
621,23	1945,67
621,432	1952,67
621,635	1866,67
621,837	1903,67
622,04	1882,67
622,242	1808,67
622,445	1940,67
622,647	1909,67
622,849	1871,67
623,052	1748,67
623,254	1891,67
623,456	1705,67
623,658	1935,67
623,861	1701,67
624,063	1778,67
624,265	1847,67
624,467	1887,67
624,67	1701,67
624,872	1878,67
625,074	1935,67
625,276	1850,67
625,478	1848,67
625,68	1651,67
625,882	1639,67
626,084	1743,67
626,287	1916,67
626,489	1812,67
626,691	1755,67
626,893	1772,67
627,095	1832,67
627,297	1763,67
627,499	1814,67
627,7	1576,67
627,902	1468,67
628,104	1535,67
628,306	1616,67
628,508	1586,67
628,71	1641,67
628,912	1768,67
629,114	1871,67
629,315	1568,67
629,517	1696,67
629,719	1572,67
629,921	1563,67
630,122	1651,67
630,324	1542,67
630,526	1701,67
630,728	1623,67
630,929	1586,67
631,131	1500,67
631,332	1697,67
631,534	1788,67
631,736	1709,67
631,937	1519,67
632,139	1608,67
632,34	1630,67
632,542	1688,67
632,743	1655,67
632,945	1463,67
633,146	1526,67
633,348	1668,67
633,549	1599,67
633,751	1490,67
633,952	1659,67
634,154	1415,67
634,355	1419,67
634,556	1459,67
634,758	1459,67
634,959	1437,67
635,16	1556,67
635,362	1482,67
635,563	1525,67
635,764	1554,67
635,965	1594,67
636,167	1573,67
636,368	1518,67
636,569	1485,67
636,77	1658,67
636,971	1432,67
637,172	1536,67
637,374	1440,67
637,575	1641,67
637,776	1303,67
637,977	1323,67
638,178	1421,67
638,379	1614,67
638,58	1571,67
638,781	1323,67
638,982	1446,67
639,183	1448,67
639,384	1423,67
639,585	1264,67
639,786	1295,67
639,987	1302,67
640,187	1507,67
640,388	1619,67
640,589	1299,67
640,79	1512,67
640,991	1423,67
641,192	1584,67
641,392	1319,67
641,593	1463,67
641,794	1301,67
641,995	1386,67
642,195	1261,67
642,396	1380,67
642,597	1267,67
642,797	1361,67
642,998	1457,67
643,199	1327,67
643,399	1431,67
643,6	1248,67
643,8	1289,67
644,001	1388,67
644,202	1363,67
644,402	1365,67
644,603	1450,67
644,803	1273,67
645,004	1385,67
645,204	1269,67
645,404	1388,67
645,605	1644,67
645,805	1288,67
646,006	1167,67
646,206	1837,67
646,406	1135,67
646,607	1017,67
646,807	1226,67
647,007	-24,33
647,208	18,67
647,408	24,67
647,608	77,67
