200,697	931,17
200,927	45,17
201,158	-218,83
201,388	49,17
201,618	1740,17
201,849	1478,17
202,079	1684,17
202,309	1579,17
202,539	1695,17
202,77	1579,17
203	1687,17
203,23	1620,17
203,46	1641,17
203,691	1652,17
203,921	1786,17
204,151	1692,17
204,381	1618,17
204,611	1734,17
204,841	1631,17
205,071	1561,17
205,302	1811,17
205,532	1780,17
205,762	3838,17
205,992	1643,17
206,222	1675,17
206,452	1628,17
206,682	1691,17
206,912	1775,17
207,142	1770,17
207,372	1599,17
207,602	1527,17
207,832	1649,17
208,062	1749,17
208,292	1736,17
208,522	1533,17
208,752	1602,17
208,982	1602,17
209,212	1809,17
209,442	1629,17
209,672	1614,17
209,902	1660,17
210,131	1777,17
210,361	1558,17
210,591	1709,17
210,821	1657,17
211,051	1858,17
211,281	1948,17
211,51	1702,17
211,74	1649,17
211,97	1632,17
212,2	1731,17
212,429	1973,17
212,659	1709,17
212,889	1761,17
213,119	1647,17
213,348	1698,17
213,578	1790,17
213,808	1804,17
214,037	1806,17
214,267	1851,17
214,497	1680,17
214,726	1635,17
214,956	1634,17
215,186	1652,17
215,415	1740,17
215,645	1746,17
215,874	1753,17
216,104	1773,17
216,333	1729,17
216,563	1744,17
216,792	1784,17
217,022	2000,17
217,251	1690,17
217,481	1652,17
217,71	1794,17
217,94	1690,17
218,169	1735,17
218,399	1971,17
218,628	1703,17
218,858	1869,17
219,087	1736,17
219,316	1786,17
219,546	1749,17
219,775	1749,17
220,004	1901,17
220,234	1726,17
220,463	1746,17
220,692	1693,17
220,922	1670,17
221,151	1806,17
221,38	1699,17
221,61	2198,17
221,839	1991,17
222,068	1716,17
222,297	1881,17
222,526	1841,17
222,756	1875,17
222,985	1894,17
223,214	1739,17
223,443	1761,17
223,672	2237,17
223,902	1661,17
224,131	1773,17
224,36	1901,17
224,589	1633,17
224,818	1789,17
225,047	1891,17
225,276	1710,17
225,505	2231,17
225,734	1816,17
225,963	1730,17
226,192	1752,17
226,421	1725,17
226,65	1816,17
226,879	1973,17
227,108	1865,17
227,337	1845,17
227,566	2015,17
227,795	1941,17
228,024	1772,17
228,253	1811,17
228,482	1667,17
228,711	1865,17
228,94	1698,17
229,168	1808,17
229,397	1855,17
229,626	1853,17
229,855	1866,17
230,084	1869,17
230,313	1736,17
230,541	2001,17
230,77	1857,17
230,999	1710,17
231,228	2045,17
231,456	1943,17
231,685	1816,17
231,914	1953,17
232,143	1861,17
232,371	2037,17
232,6	1873,17
232,829	1864,17
233,057	1977,17
233,286	1981,17
233,515	1877,17
233,743	1903,17
233,972	1863,17
234,2	1975,17
234,429	1918,17
234,658	1982,17
234,886	1824,17
235,115	1898,17
235,343	1928,17
235,572	1991,17
235,8	1975,17
236,029	2199,17
236,257	1646,17
236,486	1930,17
236,714	2109,17
236,943	2093,17
237,171	1987,17
237,399	1850,17
237,628	2044,17
237,856	2129,17
238,085	2091,17
238,313	1986,17
238,541	2153,17
238,77	2413,17
238,998	1963,17
239,226	2145,17
239,455	2064,17
239,683	2133,17
239,911	2053,17
240,14	2240,17
240,368	2203,17
240,596	2101,17
240,824	2143,17
241,053	2142,17
241,281	2109,17
241,509	2173,17
241,737	2170,17
241,965	2059,17
242,193	2299,17
242,422	2148,17
242,65	2137,17
242,878	2199,17
243,106	2163,17
243,334	2263,17
243,562	2250,17
243,79	2299,17
244,018	2331,17
244,246	2234,17
244,474	2231,17
244,702	2139,17
244,93	2299,17
245,158	2316,17
245,386	2262,17
245,614	2350,17
245,842	2548,17
246,07	2298,17
246,298	2415,17
246,526	2877,17
246,754	2169,17
246,982	2371,17
247,21	2395,17
247,438	2375,17
247,666	2435,17
247,893	2325,17
248,121	2287,17
248,349	2345,17
248,577	2466,17
248,805	2507,17
249,033	2394,17
249,26	2583,17
249,488	2389,17
249,716	2483,17
249,944	2470,17
250,171	2433,17
250,399	2450,17
250,627	2615,17
250,854	2539,17
251,082	2492,17
251,31	2577,17
251,537	2516,17
251,765	2671,17
251,993	2449,17
252,22	2888,17
252,448	2450,17
252,676	2704,17
252,903	2708,17
253,131	2917,17
253,358	2605,17
253,586	2536,17
253,813	2524,17
254,041	2616,17
254,268	2754,17
254,496	2494,17
254,723	2642,17
254,951	2798,17
255,178	2669,17
255,406	2900,17
255,633	2704,17
255,86	2944,17
256,088	2810,17
256,315	2649,17
256,543	2928,17
256,77	2845,17
256,997	2816,17
257,225	2946,17
257,452	2781,17
257,679	2775,17
257,907	3003,17
258,134	2834,17
258,361	3002,17
258,588	2829,17
258,816	2926,17
259,043	2833,17
259,27	2921,17
259,497	3022,17
259,725	2866,17
259,952	3013,17
260,179	2915,17
260,406	3028,17
260,633	3011,17
260,86	3046,17
261,088	3169,17
261,315	3196,17
261,542	3061,17
261,769	2987,17
261,996	3357,17
262,223	3340,17
262,45	3356,17
262,677	2938,17
262,904	3169,17
263,131	3192,17
263,358	3149,17
263,585	3371,17
263,812	3552,17
264,039	3259,17
264,266	3183,17
264,493	3173,17
264,72	3194,17
264,947	3131,17
265,174	3454,17
265,401	3478,17
265,627	3413,17
265,854	3366,17
266,081	3329,17
266,308	3283,17
266,535	3305,17
266,762	3181,17
266,988	3397,17
267,215	3345,17
267,442	3231,17
267,669	3438,17
267,896	3364,17
268,122	3523,17
268,349	3359,17
268,576	3176,17
268,802	3273,17
269,029	3242,17
269,256	3351,17
269,482	3348,17
269,709	3317,17
269,936	3432,17
270,162	3504,17
270,389	3354,17
270,616	3855,17
270,842	3595,17
271,069	3586,17
271,295	3460,17
271,522	3339,17
271,748	3492,17
271,975	3613,17
272,201	3630,17
272,428	3431,17
272,654	3537,17
272,881	3995,17
273,107	3464,17
273,334	3611,17
273,56	3779,17
273,787	3526,17
274,013	3622,17
274,239	4145,17
274,466	3633,17
274,692	3626,17
274,918	3737,17
275,145	3710,17
275,371	3674,17
275,597	3891,17
275,824	3766,17
276,05	3771,17
276,276	3784,17
276,503	3713,17
276,729	3788,17
276,955	3688,17
277,181	3903,17
277,407	3784,17
277,634	3802,17
277,86	3755,17
278,086	3904,17
278,312	3844,17
278,538	3591,17
278,764	3724,17
278,991	3874,17
279,217	3640,17
279,443	3778,17
279,669	3716,17
279,895	4071,17
280,121	3551,17
280,347	3821,17
280,573	3656,17
280,799	3737,17
281,025	4061,17
281,251	3811,17
281,477	4046,17
281,703	3867,17
281,929	3988,17
282,155	3941,17
282,381	3814,17
282,607	4121,17
282,833	4146,17
283,059	4185,17
283,285	4157,17
283,51	4181,17
283,736	4061,17
283,962	4340,17
284,188	4398,17
284,414	4294,17
284,64	4447,17
284,865	4417,17
285,091	4366,17
285,317	4607,17
285,543	4581,17
285,768	4499,17
285,994	4668,17
286,22	4739,17
286,446	4687,17
286,671	4443,17
286,897	4611,17
287,123	4518,17
287,348	4526,17
287,574	5116,17
287,799	4629,17
288,025	4583,17
288,251	4828,17
288,476	4651,17
288,702	4657,17
288,927	4572,17
289,153	4634,17
289,378	5007,17
289,604	4947,17
289,829	4763,17
290,055	4798,17
290,28	4969,17
290,506	4951,17
290,731	4967,17
290,957	5138,17
291,182	5239,17
291,408	5271,17
291,633	5351,17
291,858	5504,17
292,084	5565,17
292,309	5510,17
292,535	5808,17
292,76	5928,17
292,985	6015,17
293,211	5804,17
293,436	6036,17
293,661	6182,17
293,886	6312,17
294,112	6625,17
294,337	6686,17
294,562	6607,17
294,787	7068,17
295,013	7032,17
295,238	7023,17
295,463	7211,17
295,688	7449,17
295,913	7285,17
296,138	7443,17
296,364	7299,17
296,589	7565,17
296,814	7341,17
297,039	7429,17
297,264	7771,17
297,489	7671,17
297,714	7531,17
297,939	7588,17
298,164	7808,17
298,389	8001,17
298,614	7914,17
298,839	8087,17
299,064	8239,17
299,289	8194,17
299,514	8436,17
299,739	8366,17
299,964	8422,17
300,189	8557,17
300,414	8731,17
300,639	8711,17
300,863	8755,17
301,088	9316,17
301,313	8827,17
301,538	8910,17
301,763	8975,17
301,988	8994,17
302,212	8980,17
302,437	9352,17
302,662	9033,17
302,887	9048,17
303,111	9012,17
303,336	9145,17
303,561	9073,17
303,786	8969,17
304,01	9098,17
304,235	9336,17
304,46	9091,17
304,684	9036,17
304,909	9067,17
305,134	8843,17
305,358	9039,17
305,583	8873,17
305,807	8995,17
306,032	8609,17
306,256	8828,17
306,481	8794,17
306,706	8759,17
306,93	8835,17
307,155	9215,17
307,379	9046,17
307,604	9132,17
307,828	9114,17
308,052	9489,17
308,277	9259,17
308,501	9347,17
308,726	9504,17
308,95	9394,17
309,175	9365,17
309,399	9505,17
309,623	9445,17
309,848	9308,17
310,072	9316,17
310,296	9780,17
310,521	9230,17
310,745	9365,17
310,969	9751,17
311,193	9423,17
311,418	9547,17
311,642	9507,17
311,866	9452,17
312,09	9669,17
312,315	9596,17
312,539	9604,17
312,763	9585,17
312,987	9483,17
313,211	9613,17
313,435	9708,17
313,659	9451,17
313,884	9769,17
314,108	9565,17
314,332	9755,17
314,556	9451,17
314,78	9686,17
315,004	9582,17
315,228	9650,17
315,452	9584,17
315,676	9493,17
315,9	9628,17
316,124	9370,17
316,348	9471,17
316,572	9627,17
316,796	9634,17
317,02	9531,17
317,244	9667,17
317,468	9398,17
317,691	9431,17
317,915	9523,17
318,139	9405,17
318,363	9802,17
318,587	9501,17
318,811	9206,17
319,034	9299,17
319,258	9541,17
319,482	9557,17
319,706	9469,17
319,93	9382,17
320,153	9349,17
320,377	9417,17
320,601	9369,17
320,824	9286,17
321,048	9569,17
321,272	9471,17
321,495	9531,17
321,719	9528,17
321,943	9489,17
322,166	9563,17
322,39	9650,17
322,614	9658,17
322,837	9738,17
323,061	9617,17
323,284	9748,17
323,508	9753,17
323,731	9638,17
323,955	9774,17
324,178	9727,17
324,402	9895,17
324,625	9849,17
324,849	9617,17
325,072	9823,17
325,296	9962,17
325,519	9804,17
325,743	9755,17
325,966	9912,17
326,189	9791,17
326,413	9639,17
326,636	10102,17
326,859	9697,17
327,083	9925,17
327,306	9487,17
327,529	9445,17
327,753	9351,17
327,976	9541,17
328,199	9691,17
328,422	9573,17
328,646	9552,17
328,869	9443,17
329,092	9781,17
329,315	9867,17
329,538	9625,17
329,762	9736,17
329,985	9774,17
330,208	9781,17
330,431	9843,17
330,654	10049,17
330,877	9884,17
331,1	10034,17
331,323	9819,17
331,546	10052,17
331,769	9918,17
331,993	9866,17
332,216	9929,17
332,439	9952,17
332,662	9816,17
332,885	9755,17
333,107	9774,17
333,33	9725,17
333,553	9944,17
333,776	9886,17
333,999	9942,17
334,222	9647,17
334,445	9920,17
334,668	9867,17
334,891	9879,17
335,114	9714,17
335,336	9905,17
335,559	9846,17
335,782	10185,17
336,005	9806,17
336,228	9943,17
336,45	9656,17
336,673	9771,17
336,896	9871,17
337,119	9783,17
337,341	9692,17
337,564	9671,17
337,787	9765,17
338,009	9561,17
338,232	9915,17
338,455	9649,17
338,677	9713,17
338,9	9718,17
339,122	9657,17
339,345	9531,17
339,568	9503,17
339,79	9669,17
340,013	9869,17
340,235	9683,17
340,458	9655,17
340,68	9709,17
340,903	9513,17
341,125	9482,17
341,348	9432,17
341,57	9357,17
341,793	9640,17
342,015	9279,17
342,238	9375,17
342,46	9390,17
342,682	9436,17
342,905	9267,17
343,127	9346,17
343,349	9241,17
343,572	9218,17
343,794	8974,17
344,016	9085,17
344,239	9214,17
344,461	9001,17
344,683	9146,17
344,905	9049,17
345,128	9026,17
345,35	9216,17
345,572	9325,17
345,794	9493,17
346,017	9276,17
346,239	9323,17
346,461	9319,17
346,683	9286,17
346,905	9406,17
347,127	9389,17
347,349	9426,17
347,571	9338,17
347,793	9733,17
348,016	9466,17
348,238	9345,17
348,46	9444,17
348,682	9356,17
348,904	9348,17
349,126	9346,17
349,348	9390,17
349,57	9271,17
349,792	9255,17
350,014	9261,17
350,235	9332,17
350,457	9370,17
350,679	9244,17
350,901	9144,17
351,123	9134,17
351,345	9193,17
351,567	9291,17
351,789	9155,17
352,01	9177,17
352,232	9058,17
352,454	8820,17
352,676	9021,17
352,897	8863,17
353,119	8650,17
353,341	8701,17
353,563	8511,17
353,784	8530,17
354,006	8547,17
354,228	8567,17
354,449	8695,17
354,671	8860,17
354,893	8745,17
355,114	9069,17
355,336	8995,17
355,558	9086,17
355,779	9083,17
356,001	9110,17
356,222	9061,17
356,444	9045,17
356,665	9642,17
356,887	9305,17
357,108	9003,17
357,33	9101,17
357,551	9175,17
357,773	9087,17
357,994	9112,17
358,216	9015,17
358,437	9227,17
358,659	8979,17
358,88	9035,17
359,101	9287,17
359,323	9199,17
359,544	9239,17
359,765	8990,17
359,987	9149,17
360,208	9124,17
360,429	9210,17
360,651	9027,17
360,872	9334,17
361,093	8948,17
361,314	9161,17
361,536	9100,17
361,757	9126,17
361,978	8978,17
362,199	8991,17
362,42	8874,17
362,642	9114,17
362,863	9277,17
363,084	9010,17
363,305	9054,17
363,526	9182,17
363,747	8915,17
363,968	8939,17
364,189	9043,17
364,41	8794,17
364,631	8846,17
364,852	8990,17
365,073	8873,17
365,294	8862,17
365,515	8678,17
365,736	9013,17
365,957	8904,17
366,178	8794,17
366,399	9089,17
366,62	9082,17
366,841	9285,17
367,062	9142,17
367,283	9180,17
367,504	9264,17
367,724	8974,17
367,945	9049,17
368,166	9267,17
368,387	9217,17
368,608	9194,17
368,828	9334,17
369,049	9179,17
369,27	9360,17
369,491	9086,17
369,711	9279,17
369,932	9407,17
370,153	9134,17
370,373	9220,17
370,594	9260,17
370,815	9283,17
371,035	9390,17
371,256	9094,17
371,477	9137,17
371,697	9212,17
371,918	9026,17
372,138	9278,17
372,359	9398,17
372,579	9345,17
372,8	9147,17
373,02	9271,17
373,241	9222,17
373,461	9234,17
373,682	9329,17
373,902	9307,17
374,123	9126,17
374,343	9433,17
374,564	9266,17
374,784	9316,17
375,004	9473,17
375,225	9079,17
375,445	9175,17
375,666	9309,17
375,886	8894,17
376,106	8819,17
376,326	9015,17
376,547	9296,17
376,767	9241,17
376,987	9276,17
377,208	9400,17
377,428	9415,17
377,648	9629,17
377,868	9827,17
378,088	9860,17
378,309	9957,17
378,529	10051,17
378,749	10034,17
378,969	10040,17
379,189	10224,17
379,409	10069,17
379,629	9812,17
379,849	9805,17
380,069	9790,17
380,29	9710,17
380,51	9724,17
380,73	9878,17
380,95	9870,17
381,17	9620,17
381,39	9596,17
381,61	9433,17
381,829	9568,17
382,049	9596,17
382,269	9753,17
382,489	9690,17
382,709	9583,17
382,929	9539,17
383,149	9427,17
383,369	9676,17
383,589	9373,17
383,808	9490,17
384,028	9411,17
384,248	9581,17
384,468	9477,17
384,688	9473,17
384,907	9651,17
385,127	9613,17
385,347	9814,17
385,567	9746,17
385,786	9984,17
386,006	9762,17
386,226	9973,17
386,445	9974,17
386,665	10180,17
386,885	10328,17
387,104	10230,17
387,324	10349,17
387,543	10426,17
387,763	10607,17
387,982	10657,17
388,202	10547,17
388,422	10590,17
388,641	10359,17
388,861	10505,17
389,08	10327,17
389,3	10196,17
389,519	10331,17
389,738	10187,17
389,958	10228,17
390,177	10291,17
390,397	10379,17
390,616	10435,17
390,836	10566,17
391,055	10263,17
391,274	10524,17
391,494	10645,17
391,713	10398,17
391,932	10965,17
392,151	11075,17
392,371	11116,17
392,59	11141,17
392,809	11238,17
393,029	11149,17
393,248	10773,17
393,467	10111,17
393,686	10167,17
393,905	11278,17
394,124	10073,17
394,344	10048,17
394,563	10229,17
394,782	10241,17
395,001	10236,17
395,22	10374,17
395,439	10362,17
395,658	10203,17
395,877	10413,17
396,096	10271,17
396,315	10646,17
396,534	10576,17
396,753	10704,17
396,972	10661,17
397,191	10829,17
397,41	11063,17
397,629	11256,17
397,848	11210,17
398,067	11286,17
398,286	11406,17
398,505	11244,17
398,724	11273,17
398,943	11397,17
399,161	10541,17
399,38	10657,17
399,599	10572,17
399,818	10430,17
400,037	10206,17
400,255	10201,17
400,474	10079,17
400,693	10142,17
400,912	10427,17
401,13	10071,17
401,349	9848,17
401,568	9719,17
401,786	9909,17
402,005	9771,17
402,224	9742,17
402,442	9672,17
402,661	9599,17
402,88	9285,17
403,098	9464,17
403,317	9439,17
403,535	9631,17
403,754	9371,17
403,972	9624,17
404,191	9465,17
404,409	9483,17
404,628	10389,17
404,846	9684,17
405,065	9833,17
405,283	9756,17
405,502	9591,17
405,72	9610,17
405,938	9400,17
406,157	9260,17
406,375	9090,17
406,594	9000,17
406,812	8967,17
407,03	8889,17
407,249	8622,17
407,467	8960,17
407,685	8874,17
407,903	8881,17
408,122	9311,17
408,34	9187,17
408,558	9089,17
408,776	9096,17
408,995	8799,17
409,213	9069,17
409,431	9028,17
409,649	8959,17
409,867	8745,17
410,085	8795,17
410,303	8657,17
410,522	8518,17
410,74	8426,17
410,958	8448,17
411,176	8183,17
411,394	8407,17
411,612	8366,17
411,83	8604,17
412,048	8572,17
412,266	8557,17
412,484	8623,17
412,702	8801,17
412,92	8353,17
413,138	8658,17
413,356	8277,17
413,573	8454,17
413,791	8490,17
414,009	8177,17
414,227	8342,17
414,445	7782,17
414,663	7860,17
414,881	7915,17
415,098	7994,17
415,316	7914,17
415,534	8225,17
415,752	7861,17
415,969	8160,17
416,187	7772,17
416,405	7891,17
416,623	7955,17
416,84	7615,17
417,058	7773,17
417,276	7906,17
417,493	7741,17
417,711	7697,17
417,928	7784,17
418,146	7615,17
418,364	7789,17
418,581	7615,17
418,799	7581,17
419,016	7678,17
419,234	7554,17
419,451	8214,17
419,669	7711,17
419,886	7733,17
420,104	7715,17
420,321	7706,17
420,539	7940,17
420,756	8261,17
420,974	8131,17
421,191	8211,17
421,408	8399,17
421,626	8562,17
421,843	8340,17
422,06	8104,17
422,278	7871,17
422,495	7838,17
422,712	7625,17
422,93	7738,17
423,147	7738,17
423,364	7738,17
423,581	7668,17
423,799	7558,17
424,016	7284,17
424,233	7450,17
424,45	7431,17
424,667	7466,17
424,884	7378,17
425,102	7551,17
425,319	7150,17
425,536	6744,17
425,753	7185,17
425,97	6955,17
426,187	6914,17
426,404	6863,17
426,621	7357,17
426,838	7391,17
427,055	7517,17
427,272	7563,17
427,489	7414,17
427,706	7102,17
427,923	7096,17
428,14	6934,17
428,357	7129,17
428,574	7081,17
428,791	7236,17
429,008	7366,17
429,224	7438,17
429,441	7843,17
429,658	7890,17
429,875	8203,17
430,092	7930,17
430,308	7869,17
430,525	7709,17
430,742	7464,17
430,959	7384,17
431,175	7051,17
431,392	6691,17
431,609	6739,17
431,826	6564,17
432,042	6194,17
432,259	6241,17
432,476	6658,17
432,692	6230,17
432,909	6391,17
433,125	6719,17
433,342	6988,17
433,559	7106,17
433,775	7101,17
433,992	6842,17
434,208	6511,17
434,425	6397,17
434,641	6793,17
434,858	6644,17
435,074	6400,17
435,291	6365,17
435,507	6411,17
435,723	6406,17
435,94	6483,17
436,156	6699,17
436,373	6617,17
436,589	6544,17
436,805	6460,17
437,022	6338,17
437,238	6224,17
437,454	6352,17
437,671	6192,17
437,887	6267,17
438,103	6286,17
438,319	6215,17
438,536	6364,17
438,752	6367,17
438,968	6344,17
439,184	6196,17
439,4	6096,17
439,616	5992,17
439,833	6150,17
440,049	5976,17
440,265	6192,17
440,481	6212,17
440,697	6333,17
440,913	6767,17
441,129	6794,17
441,345	6965,17
441,561	6863,17
441,777	6757,17
441,993	6591,17
442,209	6312,17
442,425	6474,17
442,641	6333,17
442,857	6465,17
443,073	6543,17
443,289	6494,17
443,505	6395,17
443,721	6423,17
443,937	6466,17
444,152	6264,17
444,368	6266,17
444,584	6166,17
444,8	6356,17
445,016	6155,17
445,231	5826,17
445,447	6203,17
445,663	6151,17
445,879	6093,17
446,094	6208,17
446,31	6443,17
446,526	6141,17
446,742	6233,17
446,957	6089,17
447,173	5975,17
447,388	6244,17
447,604	6114,17
447,82	5815,17
448,035	5941,17
448,251	5798,17
448,466	6071,17
448,682	5847,17
448,897	5836,17
449,113	5899,17
449,328	6089,17
449,544	5814,17
449,759	6223,17
449,975	5672,17
450,19	5813,17
450,406	5764,17
450,621	5715,17
450,836	5669,17
451,052	5697,17
451,267	5551,17
451,483	5642,17
451,698	5520,17
451,913	5747,17
452,129	5676,17
452,344	5562,17
452,559	5663,17
452,774	5554,17
452,99	5341,17
453,205	5463,17
453,42	5500,17
453,635	5416,17
453,85	5264,17
454,066	5314,17
454,281	5296,17
454,496	5388,17
454,711	5405,17
454,926	5527,17
455,141	5348,17
455,356	5338,17
455,571	5392,17
455,786	5453,17
456,001	5178,17
456,217	5057,17
456,432	5038,17
456,647	5258,17
456,861	5422,17
457,076	5404,17
457,291	5530,17
457,506	5427,17
457,721	5463,17
457,936	5690,17
458,151	5590,17
458,366	5767,17
458,581	5506,17
458,796	5888,17
459,01	5597,17
459,225	5642,17
459,44	5436,17
459,655	5559,17
459,87	5455,17
460,084	5400,17
460,299	5396,17
460,514	5431,17
460,729	5842,17
460,943	5323,17
461,158	5216,17
461,373	5111,17
461,587	4790,17
461,802	4863,17
462,016	5006,17
462,231	4946,17
462,446	5050,17
462,66	4993,17
462,875	5155,17
463,089	5184,17
463,304	5316,17
463,518	5160,17
463,733	5403,17
463,947	5355,17
464,162	5398,17
464,376	5517,17
464,591	5807,17
464,805	5426,17
465,02	5609,17
465,234	5768,17
465,448	5973,17
465,663	5745,17
465,877	5514,17
466,091	5349,17
466,306	5420,17
466,52	5493,17
466,734	5059,17
466,949	5026,17
467,163	5032,17
467,377	4949,17
467,591	5233,17
467,806	5060,17
468,02	4918,17
468,234	4858,17
468,448	5051,17
468,662	4850,17
468,876	4940,17
469,091	4701,17
469,305	4809,17
469,519	4493,17
469,733	4555,17
469,947	4703,17
470,161	4834,17
470,375	4304,17
470,589	4900,17
470,803	4524,17
471,017	4797,17
471,231	4640,17
471,445	4552,17
471,659	4695,17
471,873	4712,17
472,087	4732,17
472,301	4823,17
472,515	4778,17
472,728	4877,17
472,942	4898,17
473,156	5052,17
473,37	4982,17
473,584	4904,17
473,798	4996,17
474,011	4935,17
474,225	5106,17
474,439	5037,17
474,653	5300,17
474,866	5341,17
475,08	5279,17
475,294	5273,17
475,507	5060,17
475,721	5273,17
475,935	5160,17
476,148	5118,17
476,362	4945,17
476,576	4948,17
476,789	5128,17
477,003	5088,17
477,216	5152,17
477,43	5192,17
477,643	5374,17
477,857	5542,17
478,07	5375,17
478,284	5337,17
478,497	5206,17
478,711	5343,17
478,924	5246,17
479,138	5183,17
479,351	5254,17
479,564	5323,17
479,778	5664,17
479,991	5573,17
480,204	5584,17
480,418	5741,17
480,631	5552,17
480,844	5866,17
481,058	5539,17
481,271	5818,17
481,484	5923,17
481,697	5843,17
481,911	5715,17
482,124	5824,17
482,337	5660,17
482,55	5485,17
482,763	5541,17
482,976	5702,17
483,19	5538,17
483,403	5834,17
483,616	5898,17
483,829	5992,17
484,042	6111,17
484,255	6327,17
484,468	6327,17
484,681	6300,17
484,894	6662,17
485,107	9371,17
485,32	14693,17
485,533	18110,17
485,746	16950,17
485,959	14803,17
486,172	12895,17
486,385	10533,17
486,598	8641,17
486,81	7348,17
487,023	6771,17
487,236	6603,17
487,449	6359,17
487,662	6064,17
487,875	5867,17
488,087	5615,17
488,3	5850,17
488,513	5552,17
488,726	5607,17
488,938	5866,17
489,151	5713,17
489,364	5774,17
489,576	5775,17
489,789	5777,17
490,002	5656,17
490,214	5594,17
490,427	5494,17
490,64	5689,17
490,852	5752,17
491,065	5630,17
491,277	5628,17
491,49	5690,17
491,702	5498,17
491,915	5633,17
492,127	5855,17
492,34	5598,17
492,552	5803,17
492,765	5782,17
492,977	5938,17
493,19	5724,17
493,402	5710,17
493,614	5651,17
493,827	5705,17
494,039	5811,17
494,251	5743,17
494,464	5653,17
494,676	5414,17
494,888	5412,17
495,101	5250,17
495,313	5244,17
495,525	5591,17
495,737	6042,17
495,95	5955,17
496,162	6116,17
496,374	6051,17
496,586	5767,17
496,798	5331,17
497,01	5306,17
497,222	5066,17
497,435	5281,17
497,647	5118,17
497,859	5253,17
498,071	5285,17
498,283	5389,17
498,495	5484,17
498,707	5664,17
498,919	5468,17
499,131	5727,17
499,343	5585,17
499,555	5594,17
499,767	5578,17
499,979	5299,17
500,191	5526,17
500,402	5318,17
500,614	5464,17
500,826	5689,17
501,038	5419,17
501,25	5599,17
501,462	5389,17
501,673	5560,17
501,885	5482,17
502,097	5747,17
502,309	5540,17
502,521	5621,17
502,732	5455,17
502,944	5481,17
503,156	5533,17
503,367	5373,17
503,579	5180,17
503,791	5348,17
504,002	5120,17
504,214	5367,17
504,425	5460,17
504,637	5324,17
504,849	5142,17
505,06	5252,17
505,272	5115,17
505,483	5044,17
505,695	4874,17
505,906	5129,17
506,118	5223,17
506,329	5018,17
506,541	5040,17
506,752	4861,17
506,963	4619,17
507,175	4615,17
507,386	5237,17
507,598	5030,17
507,809	4700,17
508,02	4831,17
508,232	5053,17
508,443	4681,17
508,654	4927,17
508,865	4767,17
509,077	4410,17
509,288	4522,17
509,499	4787,17
509,71	4441,17
509,922	4685,17
510,133	4567,17
510,344	4778,17
510,555	4526,17
510,766	4511,17
510,977	4447,17
511,188	4477,17
511,4	4428,17
511,611	4287,17
511,822	4288,17
512,033	4110,17
512,244	4338,17
512,455	4320,17
512,666	4276,17
512,877	4368,17
513,088	4149,17
513,299	4200,17
513,51	4216,17
513,721	4182,17
513,931	4171,17
514,142	4160,17
514,353	4072,17
514,564	3893,17
514,775	3895,17
514,986	4206,17
515,196	4076,17
515,407	4004,17
515,618	4069,17
515,829	3989,17
516,04	3994,17
516,25	3753,17
516,461	3907,17
516,672	3961,17
516,882	3912,17
517,093	3909,17
517,304	3696,17
517,514	3515,17
517,725	3902,17
517,936	3662,17
518,146	3692,17
518,357	3976,17
518,567	3837,17
518,778	4196,17
518,988	3930,17
519,199	4031,17
519,409	3877,17
519,62	3837,17
519,83	3648,17
520,041	3708,17
520,251	3691,17
520,462	3632,17
520,672	3557,17
520,882	3797,17
521,093	3778,17
521,303	3774,17
521,513	3614,17
521,724	4623,17
521,934	3468,17
522,144	3511,17
522,355	3487,17
522,565	3562,17
522,775	3461,17
522,985	3457,17
523,196	3429,17
523,406	3467,17
523,616	3656,17
523,826	3458,17
524,036	3768,17
524,246	3479,17
524,457	3346,17
524,667	3256,17
524,877	3409,17
525,087	3473,17
525,297	3461,17
525,507	3522,17
525,717	3308,17
525,927	3477,17
526,137	3437,17
526,347	3515,17
526,557	3315,17
526,767	3457,17
526,977	3584,17
527,187	3239,17
527,397	3161,17
527,607	3254,17
527,816	3287,17
528,026	3297,17
528,236	3335,17
528,446	3626,17
528,656	3624,17
528,865	3696,17
529,075	3435,17
529,285	3371,17
529,495	3415,17
529,704	3290,17
529,914	3275,17
530,124	3416,17
530,334	3144,17
530,543	3206,17
530,753	3592,17
530,963	3652,17
531,172	3194,17
531,382	3070,17
531,591	3463,17
531,801	2972,17
532,01	3129,17
532,22	3168,17
532,43	3277,17
532,639	3622,17
532,849	3500,17
533,058	3325,17
533,267	3598,17
533,477	3320,17
533,686	3235,17
533,896	3275,17
534,105	3290,17
534,315	3448,17
534,524	3297,17
534,733	3287,17
534,943	3371,17
535,152	3498,17
535,361	3171,17
535,57	3127,17
535,78	3161,17
535,989	3099,17
536,198	3091,17
536,407	2988,17
536,617	3143,17
536,826	3179,17
537,035	3254,17
537,244	3065,17
537,453	2998,17
537,662	3220,17
537,872	3373,17
538,081	3146,17
538,29	3160,17
538,499	3155,17
538,708	3236,17
538,917	3281,17
539,126	3267,17
539,335	3375,17
539,544	3661,17
539,753	3103,17
539,962	3244,17
540,171	3223,17
540,38	3329,17
540,589	3239,17
540,797	3463,17
541,006	3315,17
541,215	3024,17
541,424	3535,17
541,633	3293,17
541,842	3227,17
542,05	3550,17
542,259	3365,17
542,468	3604,17
542,677	3478,17
542,885	3379,17
543,094	3397,17
543,303	3378,17
543,512	3533,17
543,72	3695,17
543,929	3561,17
544,138	3477,17
544,346	3477,17
544,555	3431,17
544,763	3431,17
544,972	3432,17
545,18	3279,17
545,389	3331,17
545,598	3145,17
545,806	3401,17
546,015	3392,17
546,223	3271,17
546,431	3355,17
546,64	3293,17
546,848	3387,17
547,057	3520,17
547,265	3476,17
547,474	3631,17
547,682	3734,17
547,89	3744,17
548,099	3626,17
548,307	3515,17
548,515	3631,17
548,723	3523,17
548,932	3403,17
549,14	3237,17
549,348	3443,17
549,556	3270,17
549,765	3358,17
549,973	3314,17
550,181	3405,17
550,389	3421,17
550,597	3483,17
550,805	3224,17
551,014	3802,17
551,222	5835,17
551,43	3410,17
551,638	3699,17
551,846	3839,17
552,054	3821,17
552,262	3677,17
552,47	3557,17
552,678	3511,17
552,886	3485,17
553,094	3430,17
553,302	3676,17
553,51	3515,17
553,717	3659,17
553,925	3400,17
554,133	3882,17
554,341	3418,17
554,549	3533,17
554,757	3533,17
554,965	3596,17
555,172	3683,17
555,38	4007,17
555,588	3446,17
555,796	3791,17
556,003	3782,17
556,211	3531,17
556,419	3580,17
556,626	3601,17
556,834	3482,17
557,042	3581,17
557,249	3621,17
557,457	3624,17
557,664	3631,17
557,872	3690,17
558,08	3533,17
558,287	3544,17
558,495	3733,17
558,702	3753,17
558,91	3637,17
559,117	3625,17
559,325	3682,17
559,532	3581,17
559,74	3656,17
559,947	3831,17
560,154	3976,17
560,362	3819,17
560,569	3891,17
560,776	3886,17
560,984	4026,17
561,191	3714,17
561,398	3810,17
561,606	4263,17
561,813	3851,17
562,02	3676,17
562,227	3786,17
562,435	3967,17
562,642	4023,17
562,849	4053,17
563,056	4036,17
563,263	4036,17
563,471	4236,17
563,678	4268,17
563,885	4025,17
564,092	4143,17
564,299	4479,17
564,506	4352,17
564,713	4324,17
564,92	4326,17
565,127	4492,17
565,334	4446,17
565,541	4670,17
565,748	4503,17
565,955	4467,17
566,162	4384,17
566,369	4509,17
566,576	4831,17
566,783	4924,17
566,99	4864,17
567,196	5072,17
567,403	4859,17
567,61	5207,17
567,817	5007,17
568,024	5215,17
568,23	5325,17
568,437	5388,17
568,644	5419,17
568,851	5610,17
569,057	6173,17
569,264	6240,17
569,471	6254,17
569,677	6267,17
569,884	6556,17
570,091	6418,17
570,297	7368,17
570,504	6629,17
570,71	6710,17
570,917	6894,17
571,123	6615,17
571,33	6791,17
571,536	6933,17
571,743	7196,17
571,949	6651,17
572,156	6463,17
572,362	6569,17
572,569	6482,17
572,775	6901,17
572,982	7389,17
573,188	7334,17
573,394	7332,17
573,601	7483,17
573,807	7570,17
574,013	7969,17
574,22	7782,17
574,426	7531,17
574,632	7841,17
574,838	7781,17
575,045	7729,17
575,251	7315,17
575,457	7307,17
575,663	7476,17
575,869	7611,17
576,076	7740,17
576,282	8015,17
576,488	8064,17
576,694	8254,17
576,9	8037,17
577,106	8290,17
577,312	9019,17
577,518	9432,17
577,724	9406,17
577,93	8781,17
578,136	8451,17
578,342	8350,17
578,548	8118,17
578,754	7916,17
578,96	7999,17
579,166	8349,17
579,372	8680,17
579,578	8562,17
579,784	8706,17
579,989	8719,17
580,195	8724,17
580,401	8611,17
580,607	8756,17
580,813	9389,17
581,018	10477,17
581,224	10746,17
581,43	10497,17
581,636	10166,17
581,841	10208,17
582,047	9718,17
582,253	9296,17
582,458	8927,17
582,664	8524,17
582,869	8515,17
583,075	8278,17
583,281	8625,17
583,486	8474,17
583,692	8384,17
583,897	8858,17
584,103	8802,17
584,308	9033,17
584,514	9058,17
584,719	9696,17
584,925	9691,17
585,13	9271,17
585,335	9279,17
585,541	9063,17
585,746	8738,17
585,952	8504,17
586,157	8483,17
586,362	8371,17
586,568	8633,17
586,773	9008,17
586,978	9001,17
587,183	8829,17
587,389	9002,17
587,594	8590,17
587,799	8329,17
588,004	8577,17
588,21	8591,17
588,415	8277,17
588,62	8215,17
588,825	8147,17
589,03	7798,17
589,235	8438,17
589,44	8164,17
589,645	7917,17
589,85	8135,17
590,055	7910,17
590,26	7693,17
590,465	7775,17
590,67	7642,17
590,875	7820,17
591,08	7655,17
591,285	7592,17
591,49	7607,17
591,695	7379,17
591,9	7325,17
592,105	7424,17
592,31	7820,17
592,515	8280,17
592,719	7907,17
592,924	7639,17
593,129	7490,17
593,334	7472,17
593,539	7328,17
593,743	7460,17
593,948	7086,17
594,153	6943,17
594,357	7437,17
594,562	7219,17
594,767	7578,17
594,971	6940,17
595,176	7016,17
595,381	6969,17
595,585	6876,17
595,79	6959,17
595,994	6405,17
596,199	6980,17
596,403	6287,17
596,608	6376,17
596,812	6570,17
597,017	6613,17
597,221	6752,17
597,426	6653,17
597,63	6364,17
597,835	6263,17
598,039	6234,17
598,243	6248,17
598,448	6599,17
598,652	6495,17
598,856	6365,17
599,061	6294,17
599,265	6123,17
599,469	6000,17
599,673	6318,17
599,878	6211,17
600,082	6008,17
600,286	6025,17
600,49	5973,17
600,695	5642,17
600,899	5910,17
601,103	5845,17
601,307	5848,17
601,511	5798,17
601,715	5830,17
601,919	5595,17
602,123	5870,17
602,327	5605,17
602,531	5471,17
602,735	5646,17
602,939	5715,17
603,143	5498,17
603,347	5561,17
603,551	5322,17
603,755	5378,17
603,959	5338,17
604,163	5122,17
604,367	5212,17
604,571	5159,17
604,775	5152,17
604,978	5197,17
605,182	4995,17
605,386	5210,17
605,59	5198,17
605,793	5075,17
605,997	5074,17
606,201	4985,17
606,405	4980,17
606,608	5048,17
606,812	4936,17
607,016	4978,17
607,219	4829,17
607,423	4687,17
607,627	4971,17
607,83	4670,17
608,034	4540,17
608,237	4747,17
608,441	4564,17
608,644	4684,17
608,848	4677,17
609,051	4247,17
609,255	4462,17
609,458	4578,17
609,662	4488,17
609,865	4467,17
610,069	4252,17
610,272	4328,17
610,475	4254,17
610,679	4185,17
610,882	4243,17
611,085	4518,17
611,289	4353,17
611,492	4125,17
611,695	4066,17
611,898	4101,17
612,102	4141,17
612,305	4125,17
612,508	4025,17
612,711	4342,17
612,914	3930,17
613,118	4019,17
613,321	4076,17
613,524	3864,17
613,727	3856,17
613,93	3900,17
614,133	3901,17
614,336	3924,17
614,539	3879,17
614,742	3717,17
614,945	3777,17
615,148	4002,17
615,351	3716,17
615,554	3876,17
615,757	3540,17
615,96	3676,17
616,163	3618,17
616,366	3791,17
616,569	3608,17
616,772	3828,17
616,974	3674,17
617,177	3744,17
617,38	3639,17
617,583	3911,17
617,786	3497,17
617,988	3473,17
618,191	3624,17
618,394	3386,17
618,596	3356,17
618,799	3238,17
619,002	3440,17
619,204	3502,17
619,407	3428,17
619,61	3230,17
619,812	3440,17
620,015	3446,17
620,217	3460,17
620,42	3338,17
620,623	3210,17
620,825	3281,17
621,028	3406,17
621,23	3408,17
621,432	3397,17
621,635	3546,17
621,837	3426,17
622,04	3259,17
622,242	3220,17
622,445	3357,17
622,647	3355,17
622,849	3371,17
623,052	3112,17
623,254	3286,17
623,456	3104,17
623,658	3303,17
623,861	3378,17
624,063	3206,17
624,265	3296,17
624,467	3302,17
624,67	2986,17
624,872	3119,17
625,074	3341,17
625,276	3175,17
625,478	3175,17
625,68	2846,17
625,882	2981,17
626,084	2841,17
626,287	3181,17
626,489	3072,17
626,691	2919,17
626,893	2977,17
627,095	3035,17
627,297	3070,17
627,499	2793,17
627,7	2570,17
627,902	2559,17
628,104	2625,17
628,306	2631,17
628,508	2661,17
628,71	2772,17
628,912	2821,17
629,114	3035,17
629,315	2734,17
629,517	2666,17
629,719	2555,17
629,921	2717,17
630,122	2765,17
630,324	2565,17
630,526	2761,17
630,728	2652,17
630,929	2551,17
631,131	2426,17
631,332	2699,17
631,534	2650,17
631,736	2605,17
631,937	2377,17
632,139	2441,17
632,34	2466,17
632,542	2558,17
632,743	2504,17
632,945	2347,17
633,146	2465,17
633,348	2459,17
633,549	2408,17
633,751	2259,17
633,952	2362,17
634,154	2116,17
634,355	2025,17
634,556	2193,17
634,758	2285,17
634,959	2190,17
635,16	2383,17
635,362	2239,17
635,563	2185,17
635,764	2384,17
635,965	2262,17
636,167	2233,17
636,368	2391,17
636,569	2231,17
636,77	2353,17
636,971	2118,17
637,172	2243,17
637,374	2057,17
637,575	2267,17
637,776	1979,17
637,977	2038,17
638,178	2173,17
638,379	2188,17
638,58	2150,17
638,781	1927,17
638,982	2034,17
639,183	2021,17
639,384	1999,17
639,585	2012,17
639,786	1904,17
639,987	1917,17
640,187	2073,17
640,388	2067,17
640,589	2026,17
640,79	1836,17
640,991	1947,17
641,192	2071,17
641,392	1812,17
641,593	1883,17
641,794	1776,17
641,995	1850,17
642,195	1635,17
642,396	1783,17
642,597	1698,17
642,797	1938,17
642,998	2009,17
643,199	1821,17
643,399	1870,17
643,6	1687,17
643,8	1683,17
644,001	1702,17
644,202	1756,17
644,402	1765,17
644,603	2173,17
644,803	1528,17
645,004	1850,17
645,204	1669,17
645,404	1739,17
645,605	2140,17
645,805	1690,17
646,006	1583,17
646,206	2186,17
646,406	1601,17
646,607	1595,17
646,807	1427,17
647,007	5,17
647,208	42,17
647,408	112,17
647,608	10,17
