200,697	890,17
200,927	-17,83
201,158	10,17
201,388	1,17
201,618	1240,17
201,849	1068,17
202,079	1324,17
202,309	1220,17
202,539	1368,17
202,77	1195,17
203	1315,17
203,23	1269,17
203,46	1286,17
203,691	1336,17
203,921	1425,17
204,151	1381,17
204,381	1242,17
204,611	1358,17
204,841	1231,17
205,071	1216,17
205,302	1230,17
205,532	1318,17
205,762	3227,17
205,992	1246,17
206,222	1223,17
206,452	1556,17
206,682	1285,17
206,912	1360,17
207,142	1459,17
207,372	1309,17
207,602	1346,17
207,832	1297,17
208,062	1386,17
208,292	1373,17
208,522	1198,17
208,752	1345,17
208,982	1306,17
209,212	1432,17
209,442	1348,17
209,672	1244,17
209,902	1293,17
210,131	1429,17
210,361	1209,17
210,591	1291,17
210,821	1245,17
211,051	1379,17
211,281	1360,17
211,51	1390,17
211,74	1324,17
211,97	1306,17
212,2	1354,17
212,429	1537,17
212,659	1362,17
212,889	1295,17
213,119	1238,17
213,348	1232,17
213,578	1464,17
213,808	1432,17
214,037	1384,17
214,267	1417,17
214,497	1393,17
214,726	1256,17
214,956	1129,17
215,186	1279,17
215,415	1390,17
215,645	1289,17
215,874	1522,17
216,104	1249,17
216,333	1361,17
216,563	1363,17
216,792	1347,17
217,022	1374,17
217,251	1283,17
217,481	1276,17
217,71	1387,17
217,94	1328,17
218,169	1350,17
218,399	1348,17
218,628	1285,17
218,858	1426,17
219,087	1368,17
219,316	1508,17
219,546	1274,17
219,775	1371,17
220,004	1462,17
220,234	1281,17
220,463	1427,17
220,692	1353,17
220,922	1271,17
221,151	1473,17
221,38	1302,17
221,61	1703,17
221,839	1606,17
222,068	1377,17
222,297	1464,17
222,526	1410,17
222,756	1482,17
222,985	1507,17
223,214	1416,17
223,443	1395,17
223,672	1827,17
223,902	1329,17
224,131	1371,17
224,36	1284,17
224,589	1293,17
224,818	1378,17
225,047	1553,17
225,276	1398,17
225,505	1551,17
225,734	1376,17
225,963	1385,17
226,192	1399,17
226,421	1355,17
226,65	1602,17
226,879	1377,17
227,108	1575,17
227,337	1575,17
227,566	1613,17
227,795	1466,17
228,024	1531,17
228,253	1417,17
228,482	1335,17
228,711	1449,17
228,94	1354,17
229,168	1393,17
229,397	1498,17
229,626	1532,17
229,855	1451,17
230,084	1466,17
230,313	1398,17
230,541	1697,17
230,77	1492,17
230,999	1375,17
231,228	1691,17
231,456	1634,17
231,685	1531,17
231,914	1579,17
232,143	1555,17
232,371	1588,17
232,6	1618,17
232,829	1519,17
233,057	1701,17
233,286	1617,17
233,515	1567,17
233,743	1685,17
233,972	1383,17
234,2	1615,17
234,429	1656,17
234,658	1536,17
234,886	1570,17
235,115	1541,17
235,343	1701,17
235,572	1651,17
235,8	1694,17
236,029	1935,17
236,257	1423,17
236,486	1833,17
236,714	1783,17
236,943	1788,17
237,171	1722,17
237,399	1709,17
237,628	1859,17
237,856	1837,17
238,085	1826,17
238,313	1774,17
238,541	1895,17
238,77	2104,17
238,998	1693,17
239,226	1906,17
239,455	1805,17
239,683	1968,17
239,911	1950,17
240,14	1949,17
240,368	1991,17
240,596	1895,17
240,824	1897,17
241,053	1988,17
241,281	1958,17
241,509	1992,17
241,737	1989,17
241,965	1830,17
242,193	1918,17
242,422	1947,17
242,65	1966,17
242,878	2051,17
243,106	2050,17
243,334	1820,17
243,562	2064,17
243,79	2186,17
244,018	2105,17
244,246	2205,17
244,474	1938,17
244,702	2164,17
244,93	2162,17
245,158	2134,17
245,386	2165,17
245,614	2201,17
245,842	2358,17
246,07	2184,17
246,298	2376,17
246,526	2662,17
246,754	2132,17
246,982	2271,17
247,21	2390,17
247,438	2278,17
247,666	2318,17
247,893	2188,17
248,121	2187,17
248,349	2327,17
248,577	2389,17
248,805	2457,17
249,033	2350,17
249,26	2418,17
249,488	2268,17
249,716	2464,17
249,944	2413,17
250,171	2394,17
250,399	2426,17
250,627	2503,17
250,854	2489,17
251,082	2450,17
251,31	2529,17
251,537	2469,17
251,765	2671,17
251,993	2464,17
252,22	2783,17
252,448	2505,17
252,676	2622,17
252,903	2480,17
253,131	2805,17
253,358	2520,17
253,586	2371,17
253,813	2412,17
254,041	2828,17
254,268	2642,17
254,496	2470,17
254,723	2641,17
254,951	2718,17
255,178	2632,17
255,406	2852,17
255,633	2693,17
255,86	2803,17
256,088	2667,17
256,315	2647,17
256,543	2803,17
256,77	2755,17
256,997	2697,17
257,225	2750,17
257,452	2814,17
257,679	2674,17
257,907	2842,17
258,134	2781,17
258,361	2840,17
258,588	2735,17
258,816	2847,17
259,043	2719,17
259,27	2757,17
259,497	2892,17
259,725	2770,17
259,952	2853,17
260,179	2728,17
260,406	2709,17
260,633	2813,17
260,86	2847,17
261,088	2826,17
261,315	2997,17
261,542	2738,17
261,769	2819,17
261,996	3102,17
262,223	2797,17
262,45	3014,17
262,677	2686,17
262,904	2774,17
263,131	3003,17
263,358	2900,17
263,585	2885,17
263,812	3114,17
264,039	2964,17
264,266	2727,17
264,493	2754,17
264,72	2753,17
264,947	2582,17
265,174	2891,17
265,401	2876,17
265,627	2903,17
265,854	2712,17
266,081	2854,17
266,308	2798,17
266,535	2781,17
266,762	2768,17
266,988	2789,17
267,215	2712,17
267,442	2721,17
267,669	2844,17
267,896	2782,17
268,122	2909,17
268,349	2724,17
268,576	2666,17
268,802	2653,17
269,029	2669,17
269,256	2741,17
269,482	2675,17
269,709	2683,17
269,936	2805,17
270,162	2874,17
270,389	2647,17
270,616	2785,17
270,842	2863,17
271,069	2780,17
271,295	2731,17
271,522	2602,17
271,748	2505,17
271,975	2856,17
272,201	2900,17
272,428	2732,17
272,654	2688,17
272,881	3009,17
273,107	2620,17
273,334	2781,17
273,56	2943,17
273,787	2690,17
274,013	2789,17
274,239	3128,17
274,466	2742,17
274,692	2756,17
274,918	2812,17
275,145	2903,17
275,371	2814,17
275,597	2982,17
275,824	2871,17
276,05	2860,17
276,276	2956,17
276,503	2807,17
276,729	2818,17
276,955	2745,17
277,181	2897,17
277,407	2768,17
277,634	2794,17
277,86	2872,17
278,086	2952,17
278,312	2841,17
278,538	2813,17
278,764	2823,17
278,991	2941,17
279,217	2736,17
279,443	2709,17
279,669	2740,17
279,895	2848,17
280,121	2750,17
280,347	2805,17
280,573	2761,17
280,799	2805,17
281,025	2824,17
281,251	2845,17
281,477	2926,17
281,703	2749,17
281,929	2915,17
282,155	2736,17
282,381	2810,17
282,607	2984,17
282,833	2909,17
283,059	2947,17
283,285	2889,17
283,51	2877,17
283,736	2661,17
283,962	2858,17
284,188	2934,17
284,414	3018,17
284,64	3018,17
284,865	2974,17
285,091	2955,17
285,317	3012,17
285,543	3129,17
285,768	2965,17
285,994	3022,17
286,22	3211,17
286,446	3095,17
286,671	2838,17
286,897	3032,17
287,123	3100,17
287,348	3014,17
287,574	3467,17
287,799	3097,17
288,025	3086,17
288,251	3258,17
288,476	3021,17
288,702	3088,17
288,927	3070,17
289,153	3029,17
289,378	3290,17
289,604	3134,17
289,829	3075,17
290,055	3051,17
290,28	3128,17
290,506	3415,17
290,731	3075,17
290,957	3230,17
291,182	3146,17
291,408	3176,17
291,633	3192,17
291,858	3152,17
292,084	3107,17
292,309	3054,17
292,535	3074,17
292,76	3282,17
292,985	3168,17
293,211	3234,17
293,436	3085,17
293,661	3083,17
293,886	3141,17
294,112	3198,17
294,337	3196,17
294,562	3013,17
294,787	3259,17
295,013	3126,17
295,238	3128,17
295,463	3214,17
295,688	3317,17
295,913	3186,17
296,138	3236,17
296,364	3164,17
296,589	3195,17
296,814	2992,17
297,039	3070,17
297,264	3136,17
297,489	3139,17
297,714	3136,17
297,939	3008,17
298,164	3119,17
298,389	3122,17
298,614	3032,17
298,839	3230,17
299,064	3223,17
299,289	3257,17
299,514	3237,17
299,739	3291,17
299,964	3144,17
300,189	3226,17
300,414	3367,17
300,639	3377,17
300,863	3008,17
301,088	3790,17
301,313	3390,17
301,538	3258,17
301,763	3333,17
301,988	3329,17
302,212	3393,17
302,437	3698,17
302,662	3145,17
302,887	3318,17
303,111	3306,17
303,336	3427,17
303,561	3373,17
303,786	3271,17
304,01	3512,17
304,235	3449,17
304,46	3322,17
304,684	3404,17
304,909	3335,17
305,134	3330,17
305,358	3394,17
305,583	3260,17
305,807	3521,17
306,032	3088,17
306,256	3314,17
306,481	3358,17
306,706	3180,17
306,93	3247,17
307,155	3508,17
307,379	3291,17
307,604	3406,17
307,828	3318,17
308,052	3635,17
308,277	3519,17
308,501	3546,17
308,726	3515,17
308,95	3545,17
309,175	3428,17
309,399	3554,17
309,623	3569,17
309,848	3411,17
310,072	3397,17
310,296	4088,17
310,521	3476,17
310,745	3522,17
310,969	3876,17
311,193	3728,17
311,418	3681,17
311,642	3631,17
311,866	3905,17
312,09	3566,17
312,315	3920,17
312,539	3883,17
312,763	3749,17
312,987	3959,17
313,211	3813,17
313,435	4063,17
313,659	4055,17
313,884	4098,17
314,108	4087,17
314,332	4198,17
314,556	4065,17
314,78	4327,17
315,004	4242,17
315,228	4276,17
315,452	4287,17
315,676	4382,17
315,9	4443,17
316,124	4270,17
316,348	4428,17
316,572	4587,17
316,796	4646,17
317,02	4594,17
317,244	4803,17
317,468	4706,17
317,691	5055,17
317,915	4994,17
318,139	4884,17
318,363	5316,17
318,587	4826,17
318,811	4895,17
319,034	4994,17
319,258	5253,17
319,482	5446,17
319,706	5415,17
319,93	5318,17
320,153	5446,17
320,377	5454,17
320,601	5578,17
320,824	5544,17
321,048	5738,17
321,272	5744,17
321,495	6067,17
321,719	5865,17
321,943	5954,17
322,166	6082,17
322,39	6119,17
322,614	6148,17
322,837	6357,17
323,061	6300,17
323,284	6479,17
323,508	6401,17
323,731	6432,17
323,955	6586,17
324,178	6536,17
324,402	6643,17
324,625	6765,17
324,849	6711,17
325,072	6857,17
325,296	6955,17
325,519	6916,17
325,743	6826,17
325,966	7130,17
326,189	7033,17
326,413	6864,17
326,636	7234,17
326,859	7021,17
327,083	7295,17
327,306	6869,17
327,529	6827,17
327,753	6760,17
327,976	7114,17
328,199	7024,17
328,422	7090,17
328,646	7101,17
328,869	7025,17
329,092	7014,17
329,315	7361,17
329,538	7212,17
329,762	7382,17
329,985	7317,17
330,208	7314,17
330,431	7577,17
330,654	7491,17
330,877	7371,17
331,1	7628,17
331,323	7419,17
331,546	7674,17
331,769	7650,17
331,993	7530,17
332,216	7591,17
332,439	7602,17
332,662	7612,17
332,885	7670,17
333,107	7475,17
333,33	7425,17
333,553	7689,17
333,776	7577,17
333,999	7637,17
334,222	7542,17
334,445	7581,17
334,668	7614,17
334,891	7762,17
335,114	7486,17
335,336	7706,17
335,559	7730,17
335,782	7890,17
336,005	7748,17
336,228	7582,17
336,45	7651,17
336,673	7565,17
336,896	7719,17
337,119	8051,17
337,341	7781,17
337,564	7608,17
337,787	7791,17
338,009	7674,17
338,232	7833,17
338,455	7785,17
338,677	7792,17
338,9	7738,17
339,122	7742,17
339,345	7603,17
339,568	7573,17
339,79	7711,17
340,013	8165,17
340,235	7939,17
340,458	7673,17
340,68	7779,17
340,903	7652,17
341,125	7695,17
341,348	7728,17
341,57	7514,17
341,793	7740,17
342,015	7608,17
342,238	7518,17
342,46	7630,17
342,682	7693,17
342,905	7454,17
343,127	7673,17
343,349	7576,17
343,572	7528,17
343,794	7474,17
344,016	7479,17
344,239	7534,17
344,461	7492,17
344,683	7560,17
344,905	7487,17
345,128	7673,17
345,35	7699,17
345,572	7827,17
345,794	7962,17
346,017	7804,17
346,239	7955,17
346,461	7845,17
346,683	7838,17
346,905	7890,17
347,127	7912,17
347,349	7901,17
347,571	7876,17
347,793	8247,17
348,016	8081,17
348,238	8064,17
348,46	8088,17
348,682	8032,17
348,904	8017,17
349,126	8070,17
349,348	7897,17
349,57	8004,17
349,792	8068,17
350,014	8067,17
350,235	8064,17
350,457	8277,17
350,679	8040,17
350,901	7969,17
351,123	8066,17
351,345	8054,17
351,567	8162,17
351,789	8145,17
352,01	8165,17
352,232	8161,17
352,454	7964,17
352,676	7997,17
352,897	7869,17
353,119	7757,17
353,341	7625,17
353,563	7553,17
353,784	7537,17
354,006	7560,17
354,228	7648,17
354,449	7817,17
354,671	7954,17
354,893	8116,17
355,114	8114,17
355,336	8190,17
355,558	8096,17
355,779	8062,17
356,001	8264,17
356,222	8234,17
356,444	8251,17
356,665	8751,17
356,887	8100,17
357,108	8246,17
357,33	8334,17
357,551	8346,17
357,773	8315,17
357,994	8274,17
358,216	8183,17
358,437	8508,17
358,659	8342,17
358,88	8230,17
359,101	8530,17
359,323	8423,17
359,544	8244,17
359,765	8336,17
359,987	8397,17
360,208	8411,17
360,429	8449,17
360,651	8357,17
360,872	8579,17
361,093	8466,17
361,314	8542,17
361,536	8436,17
361,757	8412,17
361,978	8446,17
362,199	8275,17
362,42	8452,17
362,642	8491,17
362,863	8563,17
363,084	8517,17
363,305	8491,17
363,526	8454,17
363,747	8465,17
363,968	8462,17
364,189	8686,17
364,41	8403,17
364,631	8307,17
364,852	8543,17
365,073	8516,17
365,294	8562,17
365,515	8381,17
365,736	8719,17
365,957	8407,17
366,178	9005,17
366,399	8649,17
366,62	8851,17
366,841	8895,17
367,062	8873,17
367,283	8853,17
367,504	8830,17
367,724	8755,17
367,945	8874,17
368,166	8875,17
368,387	8963,17
368,608	8978,17
368,828	9110,17
369,049	8854,17
369,27	8883,17
369,491	9004,17
369,711	8855,17
369,932	8970,17
370,153	8988,17
370,373	9022,17
370,594	9186,17
370,815	8967,17
371,035	8970,17
371,256	8908,17
371,477	8824,17
371,697	8998,17
371,918	8834,17
372,138	9076,17
372,359	9090,17
372,579	8894,17
372,8	8915,17
373,02	8930,17
373,241	9025,17
373,461	9153,17
373,682	8994,17
373,902	9018,17
374,123	9081,17
374,343	9127,17
374,564	9071,17
374,784	9064,17
375,004	8989,17
375,225	8987,17
375,445	8908,17
375,666	9022,17
375,886	8681,17
376,106	8639,17
376,326	8745,17
376,547	9095,17
376,767	9074,17
376,987	9073,17
377,208	9061,17
377,428	9231,17
377,648	9340,17
377,868	9409,17
378,088	9648,17
378,309	9603,17
378,529	9696,17
378,749	9665,17
378,969	9650,17
379,189	9782,17
379,409	9582,17
379,629	9479,17
379,849	9252,17
380,069	9359,17
380,29	9365,17
380,51	9398,17
380,73	9426,17
380,95	9466,17
381,17	9246,17
381,39	9187,17
381,61	9038,17
381,829	9272,17
382,049	9194,17
382,269	9304,17
382,489	9254,17
382,709	9257,17
382,929	9217,17
383,149	8978,17
383,369	9289,17
383,589	8984,17
383,808	9044,17
384,028	9031,17
384,248	9180,17
384,468	8997,17
384,688	9026,17
384,907	9138,17
385,127	9157,17
385,347	9316,17
385,567	9279,17
385,786	9463,17
386,006	9309,17
386,226	9773,17
386,445	9564,17
386,665	9802,17
386,885	9824,17
387,104	9773,17
387,324	9980,17
387,543	9913,17
387,763	9950,17
387,982	9996,17
388,202	10060,17
388,422	9947,17
388,641	9978,17
388,861	9966,17
389,08	9903,17
389,3	9594,17
389,519	9845,17
389,738	9724,17
389,958	9813,17
390,177	9726,17
390,397	9878,17
390,616	9796,17
390,836	10021,17
391,055	9938,17
391,274	10028,17
391,494	10023,17
391,713	10112,17
391,932	10390,17
392,151	10422,17
392,371	10439,17
392,59	10608,17
392,809	10643,17
393,029	10619,17
393,248	10223,17
393,467	9600,17
393,686	9973,17
393,905	10543,17
394,124	9614,17
394,344	9858,17
394,563	9831,17
394,782	9686,17
395,001	9861,17
395,22	9661,17
395,439	9583,17
395,658	9768,17
395,877	9913,17
396,096	10058,17
396,315	10022,17
396,534	10061,17
396,753	10242,17
396,972	10294,17
397,191	10461,17
397,41	10641,17
397,629	10786,17
397,848	10763,17
398,067	10864,17
398,286	10896,17
398,505	10861,17
398,724	10833,17
398,943	11000,17
399,161	10208,17
399,38	10348,17
399,599	10138,17
399,818	10086,17
400,037	10137,17
400,255	9848,17
400,474	9759,17
400,693	9975,17
400,912	9935,17
401,13	9770,17
401,349	9759,17
401,568	9679,17
401,786	9722,17
402,005	9570,17
402,224	9485,17
402,442	9429,17
402,661	9679,17
402,88	9314,17
403,098	9491,17
403,317	9483,17
403,535	9386,17
403,754	9421,17
403,972	9407,17
404,191	9398,17
404,409	9751,17
404,628	10342,17
404,846	9748,17
405,065	9931,17
405,283	9770,17
405,502	9759,17
405,72	9824,17
405,938	9542,17
406,157	9370,17
406,375	9167,17
406,594	9307,17
406,812	9188,17
407,03	9075,17
407,249	8886,17
407,467	9307,17
407,685	9429,17
407,903	9288,17
408,122	9683,17
408,34	9636,17
408,558	9555,17
408,776	9436,17
408,995	9511,17
409,213	9465,17
409,431	9559,17
409,649	9619,17
409,867	9424,17
410,085	9338,17
410,303	9210,17
410,522	9057,17
410,74	9035,17
410,958	9204,17
411,176	9131,17
411,394	9125,17
411,612	9156,17
411,83	9211,17
412,048	9283,17
412,266	9339,17
412,484	9342,17
412,702	9621,17
412,92	9326,17
413,138	9446,17
413,356	9261,17
413,573	9317,17
413,791	9352,17
414,009	8963,17
414,227	8876,17
414,445	8851,17
414,663	8828,17
414,881	8917,17
415,098	8757,17
415,316	8794,17
415,534	9215,17
415,752	8773,17
415,969	8965,17
416,187	8710,17
416,405	8897,17
416,623	8996,17
416,84	8750,17
417,058	8987,17
417,276	8976,17
417,493	8855,17
417,711	8914,17
417,928	8858,17
418,146	8787,17
418,364	8981,17
418,581	8839,17
418,799	8893,17
419,016	8782,17
419,234	8927,17
419,451	9460,17
419,669	8826,17
419,886	9040,17
420,104	9141,17
420,321	9345,17
420,539	9485,17
420,756	9733,17
420,974	9727,17
421,191	10099,17
421,408	10030,17
421,626	10101,17
421,843	9766,17
422,06	9627,17
422,278	9471,17
422,495	9376,17
422,712	9359,17
422,93	9419,17
423,147	9386,17
423,364	9263,17
423,581	9126,17
423,799	9120,17
424,016	9153,17
424,233	8995,17
424,45	9064,17
424,667	9180,17
424,884	9129,17
425,102	9129,17
425,319	8820,17
425,536	8741,17
425,753	8842,17
425,97	8613,17
426,187	8594,17
426,404	8541,17
426,621	9054,17
426,838	9054,17
427,055	9214,17
427,272	9121,17
427,489	9215,17
427,706	9059,17
427,923	8872,17
428,14	8909,17
428,357	9246,17
428,574	9209,17
428,791	9211,17
429,008	9447,17
429,224	9720,17
429,441	9869,17
429,658	10168,17
429,875	10501,17
430,092	10334,17
430,308	10476,17
430,525	9955,17
430,742	9789,17
430,959	9644,17
431,175	8917,17
431,392	8679,17
431,609	8615,17
431,826	8290,17
432,042	8163,17
432,259	8236,17
432,476	8436,17
432,692	8014,17
432,909	8520,17
433,125	8936,17
433,342	9306,17
433,559	9416,17
433,775	9297,17
433,992	9235,17
434,208	8641,17
434,425	8484,17
434,641	8588,17
434,858	8770,17
435,074	8590,17
435,291	8520,17
435,507	8489,17
435,723	8560,17
435,94	8693,17
436,156	8819,17
436,373	8914,17
436,589	8834,17
436,805	8732,17
437,022	8531,17
437,238	8311,17
437,454	8468,17
437,671	8233,17
437,887	8469,17
438,103	8483,17
438,319	8591,17
438,536	8636,17
438,752	8702,17
438,968	8401,17
439,184	8475,17
439,4	8161,17
439,616	8254,17
439,833	8447,17
440,049	8077,17
440,265	8571,17
440,481	8567,17
440,697	8889,17
440,913	9271,17
441,129	9218,17
441,345	9608,17
441,561	9658,17
441,777	9308,17
441,993	9125,17
442,209	8858,17
442,425	8889,17
442,641	8765,17
442,857	8864,17
443,073	8973,17
443,289	9122,17
443,505	9155,17
443,721	9115,17
443,937	8927,17
444,152	8726,17
444,368	8721,17
444,584	8655,17
444,8	8806,17
445,016	8480,17
445,231	8400,17
445,447	8505,17
445,663	8576,17
445,879	8412,17
446,094	8660,17
446,31	8710,17
446,526	8559,17
446,742	8708,17
446,957	8295,17
447,173	8337,17
447,388	8348,17
447,604	8349,17
447,82	8250,17
448,035	8121,17
448,251	7937,17
448,466	8209,17
448,682	8081,17
448,897	8044,17
449,113	8381,17
449,328	8244,17
449,544	8084,17
449,759	8652,17
449,975	7977,17
450,19	7783,17
450,406	7877,17
450,621	7824,17
450,836	7747,17
451,052	7703,17
451,267	7706,17
451,483	7655,17
451,698	7529,17
451,913	7675,17
452,129	7528,17
452,344	7579,17
452,559	7626,17
452,774	7364,17
452,99	7300,17
453,205	7412,17
453,42	7286,17
453,635	7310,17
453,85	7076,17
454,066	7241,17
454,281	7160,17
454,496	7289,17
454,711	7401,17
454,926	7524,17
455,141	7298,17
455,356	7273,17
455,571	7196,17
455,786	7077,17
456,001	7015,17
456,217	6911,17
456,432	7140,17
456,647	7059,17
456,861	7061,17
457,076	7188,17
457,291	7549,17
457,506	7333,17
457,721	7403,17
457,936	7515,17
458,151	7487,17
458,366	7709,17
458,581	7377,17
458,796	7692,17
459,01	7425,17
459,225	7500,17
459,44	7347,17
459,655	7392,17
459,87	7260,17
460,084	7128,17
460,299	7136,17
460,514	7134,17
460,729	7557,17
460,943	6989,17
461,158	6884,17
461,373	6910,17
461,587	6528,17
461,802	6291,17
462,016	6528,17
462,231	6341,17
462,446	6448,17
462,66	6435,17
462,875	6560,17
463,089	6729,17
463,304	6779,17
463,518	6875,17
463,733	6921,17
463,947	7063,17
464,162	6946,17
464,376	7142,17
464,591	7145,17
464,805	7212,17
465,02	7379,17
465,234	7505,17
465,448	7619,17
465,663	7415,17
465,877	7342,17
466,091	6906,17
466,306	6798,17
466,52	6773,17
466,734	6541,17
466,949	6299,17
467,163	6261,17
467,377	6266,17
467,591	6406,17
467,806	6463,17
468,02	6206,17
468,234	6060,17
468,448	6200,17
468,662	6031,17
468,876	6240,17
469,091	5783,17
469,305	5764,17
469,519	5534,17
469,733	5454,17
469,947	5639,17
470,161	5720,17
470,375	5532,17
470,589	5232,17
470,803	5482,17
471,017	5469,17
471,231	5413,17
471,445	5519,17
471,659	5595,17
471,873	5629,17
472,087	5453,17
472,301	5733,17
472,515	5712,17
472,728	5824,17
472,942	5844,17
473,156	5925,17
473,37	5900,17
473,584	5915,17
473,798	5793,17
474,011	5783,17
474,225	5790,17
474,439	5856,17
474,653	5872,17
474,866	6009,17
475,08	6266,17
475,294	6071,17
475,507	5784,17
475,721	5890,17
475,935	5978,17
476,148	5684,17
476,362	5530,17
476,576	5475,17
476,789	5568,17
477,003	5598,17
477,216	5592,17
477,43	5700,17
477,643	5947,17
477,857	5891,17
478,07	5642,17
478,284	5800,17
478,497	5624,17
478,711	5655,17
478,924	5726,17
479,138	5519,17
479,351	5767,17
479,564	5764,17
479,778	6078,17
479,991	5940,17
480,204	5927,17
480,418	5984,17
480,631	5819,17
480,844	5882,17
481,058	5922,17
481,271	6141,17
481,484	6049,17
481,697	6083,17
481,911	6264,17
482,124	5798,17
482,337	5775,17
482,55	5720,17
482,763	5600,17
482,976	5750,17
483,19	5446,17
483,403	5718,17
483,616	5890,17
483,829	5976,17
484,042	6033,17
484,255	6345,17
484,468	6293,17
484,681	6285,17
484,894	6647,17
485,107	9875,17
485,32	15477,17
485,533	18255,17
485,746	17080,17
485,959	14723,17
486,172	12734,17
486,385	10101,17
486,598	8291,17
486,81	6953,17
487,023	6438,17
487,236	6250,17
487,449	5893,17
487,662	5603,17
487,875	5453,17
488,087	5589,17
488,3	5286,17
488,513	5147,17
488,726	5205,17
488,938	5262,17
489,151	5272,17
489,364	5264,17
489,576	5252,17
489,789	5280,17
490,002	5161,17
490,214	5119,17
490,427	5032,17
490,64	5184,17
490,852	5160,17
491,065	5027,17
491,277	5062,17
491,49	5142,17
491,702	4891,17
491,915	4970,17
492,127	5047,17
492,34	5044,17
492,552	5007,17
492,765	5087,17
492,977	5139,17
493,19	5040,17
493,402	5029,17
493,614	4958,17
493,827	4950,17
494,039	5015,17
494,251	4910,17
494,464	4907,17
494,676	4771,17
494,888	4699,17
495,101	4623,17
495,313	4745,17
495,525	4926,17
495,737	5187,17
495,95	5134,17
496,162	5266,17
496,374	5224,17
496,586	5007,17
496,798	4706,17
497,01	4578,17
497,222	4482,17
497,435	4422,17
497,647	4324,17
497,859	4564,17
498,071	4587,17
498,283	4697,17
498,495	4737,17
498,707	4926,17
498,919	4701,17
499,131	4949,17
499,343	4852,17
499,555	4735,17
499,767	4830,17
499,979	4566,17
500,191	4677,17
500,402	4424,17
500,614	4709,17
500,826	4781,17
501,038	4716,17
501,25	4749,17
501,462	4627,17
501,673	4740,17
501,885	4786,17
502,097	4908,17
502,309	4811,17
502,521	4802,17
502,732	4694,17
502,944	4672,17
503,156	4641,17
503,367	4550,17
503,579	4465,17
503,791	4500,17
504,002	4494,17
504,214	4432,17
504,425	4670,17
504,637	4492,17
504,849	4452,17
505,06	4511,17
505,272	4497,17
505,483	4322,17
505,695	4308,17
505,906	4523,17
506,118	4452,17
506,329	4325,17
506,541	4197,17
506,752	4196,17
506,963	4104,17
507,175	3927,17
507,386	4339,17
507,598	4323,17
507,809	3968,17
508,02	4087,17
508,232	4136,17
508,443	4033,17
508,654	4283,17
508,865	4153,17
509,077	3901,17
509,288	4110,17
509,499	4230,17
509,71	3687,17
509,922	4170,17
510,133	3927,17
510,344	4037,17
510,555	3922,17
510,766	4102,17
510,977	3890,17
511,188	3893,17
511,4	3802,17
511,611	3715,17
511,822	3810,17
512,033	3704,17
512,244	3746,17
512,455	3778,17
512,666	3789,17
512,877	3871,17
513,088	3691,17
513,299	3589,17
513,51	3510,17
513,721	3641,17
513,931	3604,17
514,142	3764,17
514,353	3665,17
514,564	3438,17
514,775	3419,17
514,986	3494,17
515,196	3573,17
515,407	3607,17
515,618	3599,17
515,829	3521,17
516,04	3683,17
516,25	3562,17
516,461	3535,17
516,672	3657,17
516,882	3492,17
517,093	3677,17
517,304	3439,17
517,514	3391,17
517,725	3516,17
517,936	3350,17
518,146	3448,17
518,357	3442,17
518,567	3463,17
518,778	3853,17
518,988	3578,17
519,199	3682,17
519,409	3416,17
519,62	3411,17
519,83	3358,17
520,041	3324,17
520,251	3303,17
520,462	3370,17
520,672	3206,17
520,882	3427,17
521,093	3456,17
521,303	3480,17
521,513	3221,17
521,724	4052,17
521,934	3085,17
522,144	3121,17
522,355	3299,17
522,565	3298,17
522,775	3295,17
522,985	3189,17
523,196	3039,17
523,406	3410,17
523,616	3356,17
523,826	3194,17
524,036	4036,17
524,246	3175,17
524,457	3217,17
524,667	3043,17
524,877	3208,17
525,087	3126,17
525,297	3206,17
525,507	3263,17
525,717	3075,17
525,927	3051,17
526,137	3126,17
526,347	3188,17
526,557	3099,17
526,767	3203,17
526,977	3467,17
527,187	3060,17
527,397	2985,17
527,607	3053,17
527,816	3077,17
528,026	3127,17
528,236	3291,17
528,446	3430,17
528,656	3342,17
528,865	3586,17
529,075	3144,17
529,285	3191,17
529,495	3268,17
529,704	3160,17
529,914	3087,17
530,124	3200,17
530,334	2926,17
530,543	2978,17
530,753	3341,17
530,963	3220,17
531,172	2960,17
531,382	3002,17
531,591	3305,17
531,801	2825,17
532,01	3044,17
532,22	2686,17
532,43	3053,17
532,639	3362,17
532,849	3168,17
533,058	3199,17
533,267	3356,17
533,477	3097,17
533,686	3086,17
533,896	3087,17
534,105	3152,17
534,315	3231,17
534,524	2987,17
534,733	3160,17
534,943	3262,17
535,152	3118,17
535,361	2884,17
535,57	2928,17
535,78	2900,17
535,989	2769,17
536,198	2839,17
536,407	2724,17
536,617	2801,17
536,826	2831,17
537,035	2851,17
537,244	2837,17
537,453	2708,17
537,662	2888,17
537,872	3086,17
538,081	2965,17
538,29	2860,17
538,499	2932,17
538,708	2925,17
538,917	2944,17
539,126	2957,17
539,335	2924,17
539,544	3104,17
539,753	2904,17
539,962	2903,17
540,171	2826,17
540,38	3002,17
540,589	2693,17
540,797	2997,17
541,006	3074,17
541,215	2806,17
541,424	3111,17
541,633	3021,17
541,842	2931,17
542,05	3132,17
542,259	3027,17
542,468	2863,17
542,677	3096,17
542,885	2908,17
543,094	2981,17
543,303	2872,17
543,512	3066,17
543,72	3112,17
543,929	3128,17
544,138	2989,17
544,346	2882,17
544,555	3029,17
544,763	3040,17
544,972	2858,17
545,18	2808,17
545,389	2797,17
545,598	2709,17
545,806	2797,17
546,015	2732,17
546,223	2762,17
546,431	2771,17
546,64	2741,17
546,848	2826,17
547,057	3020,17
547,265	2937,17
547,474	3028,17
547,682	3133,17
547,89	3134,17
548,099	3011,17
548,307	2796,17
548,515	2771,17
548,723	2949,17
548,932	2665,17
549,14	2525,17
549,348	2845,17
549,556	2703,17
549,765	2511,17
549,973	2639,17
550,181	2713,17
550,389	2680,17
550,597	2686,17
550,805	2520,17
551,014	2683,17
551,222	4763,17
551,43	2684,17
551,638	2903,17
551,846	3054,17
552,054	3064,17
552,262	2982,17
552,47	2655,17
552,678	2613,17
552,886	2682,17
553,094	2782,17
553,302	2758,17
553,51	2678,17
553,717	2732,17
553,925	2486,17
554,133	2766,17
554,341	2413,17
554,549	2565,17
554,757	2541,17
554,965	2612,17
555,172	2627,17
555,38	2987,17
555,588	2573,17
555,796	2727,17
556,003	2774,17
556,211	2417,17
556,419	2458,17
556,626	2533,17
556,834	2214,17
557,042	2451,17
557,249	2590,17
557,457	2485,17
557,664	2314,17
557,872	2318,17
558,08	2264,17
558,287	2319,17
558,495	2378,17
558,702	2207,17
558,91	2348,17
559,117	2239,17
559,325	2347,17
559,532	2392,17
559,74	2631,17
559,947	2401,17
560,154	2575,17
560,362	2449,17
560,569	2496,17
560,776	2411,17
560,984	2528,17
561,191	2393,17
561,398	2399,17
561,606	2581,17
561,813	2309,17
562,02	2211,17
562,227	2120,17
562,435	2285,17
562,642	2384,17
562,849	2298,17
563,056	2310,17
563,263	2297,17
563,471	2408,17
563,678	2362,17
563,885	2290,17
564,092	2390,17
564,299	2382,17
564,506	2371,17
564,713	2294,17
564,92	2339,17
565,127	2338,17
565,334	2340,17
565,541	2425,17
565,748	2315,17
565,955	2322,17
566,162	2282,17
566,369	2296,17
566,576	2387,17
566,783	2495,17
566,99	2240,17
567,196	2632,17
567,403	2591,17
567,61	2582,17
567,817	2596,17
568,024	2697,17
568,23	2645,17
568,437	2662,17
568,644	2745,17
568,851	2809,17
569,057	3269,17
569,264	3297,17
569,471	3172,17
569,677	3300,17
569,884	3283,17
570,091	3254,17
570,297	4166,17
570,504	3472,17
570,71	3478,17
570,917	3423,17
571,123	3314,17
571,33	3480,17
571,536	3547,17
571,743	3707,17
571,949	3140,17
572,156	2853,17
572,362	2978,17
572,569	2822,17
572,775	3248,17
572,982	3448,17
573,188	3460,17
573,394	3400,17
573,601	3304,17
573,807	3472,17
574,013	3646,17
574,22	3556,17
574,426	3543,17
574,632	3507,17
574,838	3279,17
575,045	3207,17
575,251	3010,17
575,457	2815,17
575,663	3158,17
575,869	3024,17
576,076	3078,17
576,282	3316,17
576,488	3344,17
576,694	3297,17
576,9	3052,17
577,106	3520,17
577,312	3991,17
577,518	4085,17
577,724	4007,17
577,93	3764,17
578,136	3245,17
578,342	3114,17
578,548	2924,17
578,754	2680,17
578,96	2758,17
579,166	3014,17
579,372	3333,17
579,578	3016,17
579,784	3259,17
579,989	3166,17
580,195	3037,17
580,401	2907,17
580,607	3081,17
580,813	3606,17
581,018	4466,17
581,224	4501,17
581,43	4199,17
581,636	4028,17
581,841	3924,17
582,047	3566,17
582,253	3352,17
582,458	2914,17
582,664	2539,17
582,869	2606,17
583,075	2386,17
583,281	2675,17
583,486	2412,17
583,692	2651,17
583,897	2874,17
584,103	2721,17
584,308	2825,17
584,514	3040,17
584,719	3341,17
584,925	3120,17
585,13	3036,17
585,335	2932,17
585,541	2821,17
585,746	2683,17
585,952	2393,17
586,157	2337,17
586,362	2355,17
586,568	2399,17
586,773	2640,17
586,978	2658,17
587,183	2588,17
587,389	2646,17
587,594	2469,17
587,799	2397,17
588,004	2456,17
588,21	2458,17
588,415	2096,17
588,62	2133,17
588,825	2195,17
589,03	1960,17
589,235	2432,17
589,44	2220,17
589,645	2063,17
589,85	2074,17
590,055	2220,17
590,26	1946,17
590,465	1931,17
590,67	1954,17
590,875	2015,17
591,08	1776,17
591,285	1853,17
591,49	1946,17
591,695	1693,17
591,9	1728,17
592,105	2181,17
592,31	2176,17
592,515	2516,17
592,719	2195,17
592,924	2100,17
593,129	2072,17
593,334	1980,17
593,539	1882,17
593,743	1944,17
593,948	1722,17
594,153	1746,17
594,357	2029,17
594,562	1870,17
594,767	2324,17
594,971	1697,17
595,176	1822,17
595,381	1910,17
595,585	1728,17
595,79	1758,17
595,994	1612,17
596,199	2033,17
596,403	1447,17
596,608	1657,17
596,812	1709,17
597,017	1798,17
597,221	1920,17
597,426	1783,17
597,63	1655,17
597,835	1614,17
598,039	1600,17
598,243	1665,17
598,448	2056,17
598,652	1902,17
598,856	1771,17
599,061	1814,17
599,265	1701,17
599,469	1624,17
599,673	1767,17
599,878	1899,17
600,082	1767,17
600,286	1836,17
600,49	1772,17
600,695	1585,17
600,899	1664,17
601,103	1792,17
601,307	1568,17
601,511	1672,17
601,715	1585,17
601,919	1546,17
602,123	1773,17
602,327	1698,17
602,531	1678,17
602,735	1826,17
602,939	1925,17
603,143	1672,17
603,347	1750,17
603,551	1795,17
603,755	1714,17
603,959	1665,17
604,163	1723,17
604,367	1571,17
604,571	1581,17
604,775	1777,17
604,978	1692,17
605,182	1537,17
605,386	1717,17
605,59	1674,17
605,793	1713,17
605,997	1792,17
606,201	1694,17
606,405	1687,17
606,608	1829,17
606,812	1674,17
607,016	1690,17
607,219	1620,17
607,423	1640,17
607,627	1823,17
607,83	1626,17
608,034	1282,17
608,237	1661,17
608,441	1586,17
608,644	1586,17
608,848	1617,17
609,051	1798,17
609,255	1427,17
609,458	1719,17
609,662	1634,17
609,865	1737,17
610,069	1470,17
610,272	1426,17
610,475	1502,17
610,679	1558,17
610,882	1540,17
611,085	1602,17
611,289	1754,17
611,492	1550,17
611,695	1518,17
611,898	1500,17
612,102	1538,17
612,305	1559,17
612,508	1571,17
612,711	1600,17
612,914	1528,17
613,118	1625,17
613,321	1632,17
613,524	1441,17
613,727	1458,17
613,93	1481,17
614,133	1653,17
614,336	1571,17
614,539	1507,17
614,742	1438,17
614,945	1494,17
615,148	1663,17
615,351	1588,17
615,554	1619,17
615,757	1418,17
615,96	1507,17
616,163	1485,17
616,366	1576,17
616,569	1400,17
616,772	1697,17
616,974	1548,17
617,177	1820,17
617,38	1537,17
617,583	1341,17
617,786	1456,17
617,988	1410,17
618,191	1754,17
618,394	1400,17
618,596	1349,17
618,799	1434,17
619,002	1442,17
619,204	1469,17
619,407	1512,17
619,61	1499,17
619,812	1511,17
620,015	1471,17
620,217	1595,17
620,42	1438,17
620,623	1529,17
620,825	1483,17
621,028	1611,17
621,23	1555,17
621,432	1622,17
621,635	1696,17
621,837	1533,17
622,04	1521,17
622,242	1479,17
622,445	1532,17
622,647	1567,17
622,849	1663,17
623,052	1404,17
623,254	1557,17
623,456	1424,17
623,658	1615,17
623,861	1550,17
624,063	1514,17
624,265	1577,17
624,467	1569,17
624,67	1464,17
624,872	1311,17
625,074	1616,17
625,276	1676,17
625,478	1560,17
625,68	1231,17
625,882	1419,17
626,084	1436,17
626,287	1655,17
626,489	1561,17
626,691	1496,17
626,893	1549,17
627,095	1568,17
627,297	1592,17
627,499	1448,17
627,7	1331,17
627,902	1344,17
628,104	1269,17
628,306	1421,17
628,508	1399,17
628,71	1492,17
628,912	1545,17
629,114	1715,17
629,315	1503,17
629,517	1416,17
629,719	1383,17
629,921	1487,17
630,122	1440,17
630,324	1459,17
630,526	1561,17
630,728	1510,17
630,929	1422,17
631,131	1418,17
631,332	1638,17
631,534	1611,17
631,736	1569,17
631,937	1368,17
632,139	1478,17
632,34	1487,17
632,542	1539,17
632,743	1523,17
632,945	1368,17
633,146	1366,17
633,348	1580,17
633,549	1439,17
633,751	1374,17
633,952	1455,17
634,154	1191,17
634,355	1101,17
634,556	1466,17
634,758	1402,17
634,959	1356,17
635,16	1423,17
635,362	1369,17
635,563	1508,17
635,764	1475,17
635,965	1512,17
636,167	1477,17
636,368	1479,17
636,569	1340,17
636,77	1568,17
636,971	1430,17
637,172	1472,17
637,374	1327,17
637,575	1668,17
637,776	1340,17
637,977	1309,17
638,178	1519,17
638,379	1440,17
638,58	1401,17
638,781	1227,17
638,982	1436,17
639,183	1389,17
639,384	1390,17
639,585	1366,17
639,786	1292,17
639,987	1406,17
640,187	1482,17
640,388	1472,17
640,589	1273,17
640,79	1348,17
640,991	1413,17
641,192	1553,17
641,392	1354,17
641,593	1429,17
641,794	1359,17
641,995	1326,17
642,195	1236,17
642,396	1297,17
642,597	1374,17
642,797	1523,17
642,998	1412,17
643,199	1326,17
643,399	1379,17
643,6	1272,17
643,8	1235,17
644,001	1350,17
644,202	1339,17
644,402	1321,17
644,603	1443,17
644,803	1268,17
645,004	1408,17
645,204	1251,17
645,404	1350,17
645,605	1598,17
645,805	1327,17
646,006	1271,17
646,206	1805,17
646,406	1336,17
646,607	1191,17
646,807	1128,17
647,007	-37,83
647,208	23,17
647,408	-0,83
647,608	4,17
