200,697	993,83
200,927	75,83
201,158	72,83
201,388	52,83
201,618	1202,83
201,849	1225,83
202,079	1288,83
202,309	1181,83
202,539	1256,83
202,77	1181,83
203	1163,83
203,23	1290,83
203,46	1292,83
203,691	1277,83
203,921	1277,83
204,151	1266,83
204,381	1141,83
204,611	1394,83
204,841	1184,83
205,071	1197,83
205,302	1366,83
205,532	1326,83
205,762	3237,83
205,992	1198,83
206,222	1279,83
206,452	1322,83
206,682	1242,83
206,912	1363,83
207,142	1373,83
207,372	1308,83
207,602	1210,83
207,832	1268,83
208,062	1392,83
208,292	1293,83
208,522	1135,83
208,752	1269,83
208,982	1269,83
209,212	1373,83
209,442	1289,83
209,672	1155,83
209,902	1218,83
210,131	1320,83
210,361	1159,83
210,591	1279,83
210,821	1248,83
211,051	1372,83
211,281	1462,83
211,51	1181,83
211,74	1326,83
211,97	1291,83
212,2	1289,83
212,429	1730,83
212,659	1356,83
212,889	1302,83
213,119	1280,83
213,348	1258,83
213,578	1416,83
213,808	1377,83
214,037	1512,83
214,267	1362,83
214,497	1296,83
214,726	1216,83
214,956	1221,83
215,186	1293,83
215,415	1376,83
215,645	1309,83
215,874	1325,83
216,104	1233,83
216,333	1290,83
216,563	1329,83
216,792	1397,83
217,022	1364,83
217,251	1363,83
217,481	1217,83
217,71	1312,83
217,94	1333,83
218,169	1312,83
218,399	1340,83
218,628	1301,83
218,858	1367,83
219,087	1276,83
219,316	1363,83
219,546	1269,83
219,775	1354,83
220,004	1418,83
220,234	1259,83
220,463	1328,83
220,692	1307,83
220,922	1073,83
221,151	1370,83
221,38	1333,83
221,61	1600,83
221,839	1530,83
222,068	1154,83
222,297	1411,83
222,526	1359,83
222,756	1374,83
222,985	1442,83
223,214	1347,83
223,443	1270,83
223,672	1858,83
223,902	1228,83
224,131	1377,83
224,36	1458,83
224,589	1285,83
224,818	1363,83
225,047	1470,83
225,276	1315,83
225,505	1615,83
225,734	1408,83
225,963	1376,83
226,192	1344,83
226,421	1380,83
226,65	1435,83
226,879	1444,83
227,108	1520,83
227,337	1535,83
227,566	1581,83
227,795	1471,83
228,024	1494,83
228,253	1439,83
228,482	1388,83
228,711	1397,83
228,94	1261,83
229,168	1475,83
229,397	1402,83
229,626	1449,83
229,855	1482,83
230,084	1514,83
230,313	1325,83
230,541	1679,83
230,77	1530,83
230,999	1341,83
231,228	1707,83
231,456	1625,83
231,685	1355,83
231,914	1589,83
232,143	1631,83
232,371	1662,83
232,6	1580,83
232,829	1608,83
233,057	1803,83
233,286	1647,83
233,515	1649,83
233,743	1697,83
233,972	1585,83
234,2	1720,83
234,429	1684,83
234,658	1763,83
234,886	1610,83
235,115	1757,83
235,343	1804,83
235,572	1707,83
235,8	1845,83
236,029	1969,83
236,257	1719,83
236,486	1897,83
236,714	1907,83
236,943	1882,83
237,171	1834,83
237,399	1868,83
237,628	1944,83
237,856	1964,83
238,085	1858,83
238,313	1788,83
238,541	2203,83
238,77	2035,83
238,998	1872,83
239,226	2047,83
239,455	1952,83
239,683	2046,83
239,911	2072,83
240,14	2137,83
240,368	2093,83
240,596	2044,83
240,824	2092,83
241,053	2041,83
241,281	2196,83
241,509	2213,83
241,737	2103,83
241,965	2085,83
242,193	2107,83
242,422	1947,83
242,65	2170,83
242,878	2200,83
243,106	2269,83
243,334	2227,83
243,562	2301,83
243,79	2382,83
244,018	2312,83
244,246	2324,83
244,474	2309,83
244,702	2301,83
244,93	2330,83
245,158	2402,83
245,386	2353,83
245,614	2385,83
245,842	2519,83
246,07	2353,83
246,298	2533,83
246,526	2912,83
246,754	2380,83
246,982	2488,83
247,21	2464,83
247,438	2437,83
247,666	2367,83
247,893	2484,83
248,121	2452,83
248,349	2512,83
248,577	2553,83
248,805	2625,83
249,033	2553,83
249,26	2644,83
249,488	2589,83
249,716	2696,83
249,944	2685,83
250,171	2652,83
250,399	2693,83
250,627	2689,83
250,854	2697,83
251,082	2711,83
251,31	2764,83
251,537	2774,83
251,765	2961,83
251,993	2635,83
252,22	3039,83
252,448	2761,83
252,676	2860,83
252,903	2897,83
253,131	3165,83
253,358	2818,83
253,586	2804,83
253,813	2797,83
254,041	2971,83
254,268	2956,83
254,496	2811,83
254,723	2888,83
254,951	3002,83
255,178	2956,83
255,406	2951,83
255,633	2959,83
255,86	3109,83
256,088	3016,83
256,315	3068,83
256,543	3151,83
256,77	3122,83
256,997	3082,83
257,225	3071,83
257,452	3082,83
257,679	3354,83
257,907	3181,83
258,134	3133,83
258,361	3153,83
258,588	3161,83
258,816	3262,83
259,043	3002,83
259,27	3246,83
259,497	3279,83
259,725	3197,83
259,952	3239,83
260,179	3385,83
260,406	3282,83
260,633	3251,83
260,86	3327,83
261,088	3313,83
261,315	3317,83
261,542	3356,83
261,769	3237,83
261,996	3570,83
262,223	3475,83
262,45	3502,83
262,677	3268,83
262,904	3376,83
263,131	3420,83
263,358	3474,83
263,585	3364,83
263,812	3709,83
264,039	3478,83
264,266	3424,83
264,493	3509,83
264,72	3362,83
264,947	3372,83
265,174	3606,83
265,401	3556,83
265,627	3533,83
265,854	3522,83
266,081	3511,83
266,308	3487,83
266,535	3365,83
266,762	3429,83
266,988	3456,83
267,215	3569,83
267,442	3523,83
267,669	3619,83
267,896	3527,83
268,122	3669,83
268,349	3456,83
268,576	3405,83
268,802	3530,83
269,029	3442,83
269,256	3621,83
269,482	3591,83
269,709	3609,83
269,936	3712,83
270,162	3657,83
270,389	3546,83
270,616	3719,83
270,842	3690,83
271,069	3740,83
271,295	3754,83
271,522	3600,83
271,748	3682,83
271,975	3872,83
272,201	3817,83
272,428	3653,83
272,654	3802,83
272,881	4074,83
273,107	3755,83
273,334	3925,83
273,56	3941,83
273,787	3762,83
274,013	3875,83
274,239	4139,83
274,466	3954,83
274,692	3964,83
274,918	3960,83
275,145	4003,83
275,371	3987,83
275,597	4115,83
275,824	4014,83
276,05	4050,83
276,276	4141,83
276,503	4135,83
276,729	4186,83
276,955	4061,83
277,181	4139,83
277,407	4065,83
277,634	4288,83
277,86	4302,83
278,086	4236,83
278,312	4158,83
278,538	4130,83
278,764	4182,83
278,991	4276,83
279,217	3802,83
279,443	4036,83
279,669	4123,83
279,895	4198,83
280,121	4054,83
280,347	4189,83
280,573	4206,83
280,799	4239,83
281,025	4463,83
281,251	4276,83
281,477	4484,83
281,703	4415,83
281,929	4512,83
282,155	4437,83
282,381	4589,83
282,607	4593,83
282,833	4517,83
283,059	4627,83
283,285	4626,83
283,51	4697,83
283,736	4596,83
283,962	4681,83
284,188	4758,83
284,414	4765,83
284,64	4785,83
284,865	4857,83
285,091	4845,83
285,317	4906,83
285,543	4980,83
285,768	4916,83
285,994	4748,83
286,22	5278,83
286,446	5012,83
286,671	4877,83
286,897	5060,83
287,123	5014,83
287,348	4923,83
287,574	5429,83
287,799	5157,83
288,025	5029,83
288,251	5303,83
288,476	5201,83
288,702	5255,83
288,927	5131,83
289,153	5215,83
289,378	5450,83
289,604	5162,83
289,829	5318,83
290,055	5272,83
290,28	5325,83
290,506	5443,83
290,731	5283,83
290,957	5405,83
291,182	5515,83
291,408	5639,83
291,633	5601,83
291,858	5525,83
292,084	5629,83
292,309	5612,83
292,535	5720,83
292,76	5800,83
292,985	5837,83
293,211	5716,83
293,436	5760,83
293,661	5762,83
293,886	5853,83
294,112	5992,83
294,337	6008,83
294,562	5717,83
294,787	6013,83
295,013	5922,83
295,238	5951,83
295,463	6180,83
295,688	6236,83
295,913	6050,83
296,138	6170,83
296,364	5979,83
296,589	5848,83
296,814	5994,83
297,039	5882,83
297,264	5952,83
297,489	5954,83
297,714	6001,83
297,939	5906,83
298,164	6190,83
298,389	6193,83
298,614	6064,83
298,839	6386,83
299,064	6384,83
299,289	6343,83
299,514	6511,83
299,739	6553,83
299,964	6525,83
300,189	6605,83
300,414	6644,83
300,639	6853,83
300,863	6522,83
301,088	6970,83
301,313	6771,83
301,538	6852,83
301,763	6856,83
301,988	6893,83
302,212	7053,83
302,437	7299,83
302,662	6917,83
302,887	6893,83
303,111	7031,83
303,336	6989,83
303,561	7106,83
303,786	6859,83
304,01	7106,83
304,235	7147,83
304,46	7017,83
304,684	7009,83
304,909	6877,83
305,134	6847,83
305,358	6995,83
305,583	6814,83
305,807	7042,83
306,032	6801,83
306,256	6898,83
306,481	6846,83
306,706	6883,83
306,93	6796,83
307,155	7196,83
307,379	7014,83
307,604	7004,83
307,828	7163,83
308,052	7403,83
308,277	7292,83
308,501	7405,83
308,726	7360,83
308,95	7241,83
309,175	7203,83
309,399	7424,83
309,623	7382,83
309,848	7166,83
310,072	7245,83
310,296	7590,83
310,521	7222,83
310,745	7257,83
310,969	7528,83
311,193	7389,83
311,418	7409,83
311,642	7366,83
311,866	7420,83
312,09	7443,83
312,315	7405,83
312,539	7540,83
312,763	7275,83
312,987	7475,83
313,211	7298,83
313,435	7536,83
313,659	7197,83
313,884	7409,83
314,108	7476,83
314,332	7579,83
314,556	7279,83
314,78	7610,83
315,004	7349,83
315,228	7437,83
315,452	7253,83
315,676	7361,83
315,9	7282,83
316,124	7032,83
316,348	7160,83
316,572	7325,83
316,796	7482,83
317,02	7152,83
317,244	7253,83
317,468	7161,83
317,691	7251,83
317,915	7228,83
318,139	7107,83
318,363	7450,83
318,587	7005,83
318,811	7035,83
319,034	6940,83
319,258	7120,83
319,482	7108,83
319,706	7080,83
319,93	6901,83
320,153	6968,83
320,377	7029,83
320,601	6940,83
320,824	6876,83
321,048	7201,83
321,272	7065,83
321,495	7189,83
321,719	7048,83
321,943	7052,83
322,166	7091,83
322,39	7155,83
322,614	7205,83
322,837	7185,83
323,061	7072,83
323,284	7228,83
323,508	6817,83
323,731	7107,83
323,955	7091,83
324,178	7149,83
324,402	7204,83
324,625	6972,83
324,849	7072,83
325,072	7064,83
325,296	7148,83
325,519	7096,83
325,743	6949,83
325,966	7010,83
326,189	7045,83
326,413	7077,83
326,636	7216,83
326,859	7023,83
327,083	7154,83
327,306	6877,83
327,529	6810,83
327,753	6744,83
327,976	6865,83
328,199	6804,83
328,422	6899,83
328,646	6883,83
328,869	6779,83
329,092	6969,83
329,315	7039,83
329,538	6815,83
329,762	6859,83
329,985	6862,83
330,208	6927,83
330,431	7023,83
330,654	7110,83
330,877	6981,83
331,1	6996,83
331,323	6930,83
331,546	7167,83
331,769	7026,83
331,993	6993,83
332,216	6994,83
332,439	6926,83
332,662	6904,83
332,885	7045,83
333,107	6841,83
333,33	6831,83
333,553	7138,83
333,776	6932,83
333,999	7194,83
334,222	6897,83
334,445	6933,83
334,668	6931,83
334,891	6973,83
335,114	6733,83
335,336	6877,83
335,559	6848,83
335,782	6998,83
336,005	6875,83
336,228	6850,83
336,45	6747,83
336,673	6820,83
336,896	6876,83
337,119	6840,83
337,341	6788,83
337,564	6659,83
337,787	6786,83
338,009	6669,83
338,232	6810,83
338,455	6808,83
338,677	6673,83
338,9	6697,83
339,122	6777,83
339,345	6629,83
339,568	6573,83
339,79	6740,83
340,013	6642,83
340,235	6699,83
340,458	6574,83
340,68	6698,83
340,903	6586,83
341,125	6784,83
341,348	6474,83
341,57	6512,83
341,793	6695,83
342,015	6374,83
342,238	6522,83
342,46	6529,83
342,682	6549,83
342,905	6309,83
343,127	6531,83
343,349	6159,83
343,572	6370,83
343,794	6194,83
344,016	6192,83
344,239	6274,83
344,461	6181,83
344,683	6232,83
344,905	6200,83
345,128	6269,83
345,35	6405,83
345,572	6331,83
345,794	6590,83
346,017	6325,83
346,239	6274,83
346,461	6476,83
346,683	6453,83
346,905	6578,83
347,127	6480,83
347,349	6540,83
347,571	6469,83
347,793	6565,83
348,016	6483,83
348,238	6383,83
348,46	6386,83
348,682	6358,83
348,904	6461,83
349,126	6568,83
349,348	6365,83
349,57	6411,83
349,792	6373,83
350,014	6470,83
350,235	6340,83
350,457	6512,83
350,679	6387,83
350,901	6216,83
351,123	6241,83
351,345	6409,83
351,567	6436,83
351,789	6287,83
352,01	6349,83
352,232	6260,83
352,454	6068,83
352,676	6172,83
352,897	6007,83
353,119	5814,83
353,341	5909,83
353,563	5806,83
353,784	5780,83
354,006	5849,83
354,228	5907,83
354,449	6008,83
354,671	6095,83
354,893	6213,83
355,114	6162,83
355,336	6213,83
355,558	6208,83
355,779	6164,83
356,001	6231,83
356,222	6217,83
356,444	6003,83
356,665	6666,83
356,887	6143,83
357,108	6131,83
357,33	6107,83
357,551	6216,83
357,773	6225,83
357,994	6178,83
358,216	6024,83
358,437	6256,83
358,659	6207,83
358,88	6105,83
359,101	6093,83
359,323	6144,83
359,544	6132,83
359,765	5964,83
359,987	6062,83
360,208	6063,83
360,429	6069,83
360,651	5861,83
360,872	6163,83
361,093	5928,83
361,314	5966,83
361,536	6048,83
361,757	6070,83
361,978	5960,83
362,199	5921,83
362,42	5818,83
362,642	5873,83
362,863	6131,83
363,084	5905,83
363,305	6034,83
363,526	5769,83
363,747	5861,83
363,968	5855,83
364,189	5933,83
364,41	5806,83
364,631	5890,83
364,852	6006,83
365,073	5758,83
365,294	5791,83
365,515	5751,83
365,736	5830,83
365,957	5853,83
366,178	5838,83
366,399	5904,83
366,62	5992,83
366,841	5941,83
367,062	5930,83
367,283	6017,83
367,504	6090,83
367,724	5835,83
367,945	5886,83
368,166	6069,83
368,387	5981,83
368,608	5918,83
368,828	5840,83
369,049	5896,83
369,27	5961,83
369,491	5939,83
369,711	6017,83
369,932	6181,83
370,153	5986,83
370,373	5994,83
370,594	6042,83
370,815	5913,83
371,035	6023,83
371,256	5781,83
371,477	5923,83
371,697	6005,83
371,918	5900,83
372,138	5995,83
372,359	6126,83
372,579	5791,83
372,8	5803,83
373,02	6009,83
373,241	5917,83
373,461	5978,83
373,682	5986,83
373,902	5927,83
374,123	6034,83
374,343	6148,83
374,564	5949,83
374,784	5912,83
375,004	6070,83
375,225	5888,83
375,445	5819,83
375,666	6011,83
375,886	5761,83
376,106	5679,83
376,326	5822,83
376,547	6007,83
376,767	6047,83
376,987	6048,83
377,208	6148,83
377,428	5935,83
377,648	6305,83
377,868	6128,83
378,088	6547,83
378,309	6393,83
378,529	6523,83
378,749	6510,83
378,969	6507,83
379,189	6795,83
379,409	6447,83
379,629	6365,83
379,849	6362,83
380,069	6338,83
380,29	6287,83
380,51	6259,83
380,73	6345,83
380,95	6389,83
381,17	6277,83
381,39	6236,83
381,61	6197,83
381,829	6226,83
382,049	6265,83
382,269	6211,83
382,489	6347,83
382,709	6253,83
382,929	6226,83
383,149	6213,83
383,369	6424,83
383,589	6186,83
383,808	6273,83
384,028	6124,83
384,248	6342,83
384,468	6297,83
384,688	6441,83
384,907	6389,83
385,127	6446,83
385,347	6421,83
385,567	6311,83
385,786	6637,83
386,006	6453,83
386,226	6596,83
386,445	6593,83
386,665	6767,83
386,885	6839,83
387,104	6753,83
387,324	6972,83
387,543	6840,83
387,763	6976,83
387,982	7007,83
388,202	7285,83
388,422	6992,83
388,641	7034,83
388,861	7050,83
389,08	6932,83
389,3	6737,83
389,519	6883,83
389,738	6823,83
389,958	6916,83
390,177	6949,83
390,397	7026,83
390,616	7066,83
390,836	7013,83
391,055	6993,83
391,274	7193,83
391,494	7087,83
391,713	7210,83
391,932	7480,83
392,151	7432,83
392,371	7409,83
392,59	7596,83
392,809	7728,83
393,029	7608,83
393,248	7324,83
393,467	6913,83
393,686	6848,83
393,905	7735,83
394,124	6837,83
394,344	7109,83
394,563	7140,83
394,782	6986,83
395,001	7111,83
395,22	7005,83
395,439	7210,83
395,658	7013,83
395,877	7306,83
396,096	7177,83
396,315	7551,83
396,534	7258,83
396,753	7496,83
396,972	7387,83
397,191	7560,83
397,41	7668,83
397,629	7825,83
397,848	7731,83
398,067	7865,83
398,286	7882,83
398,505	7842,83
398,724	7776,83
398,943	8056,83
399,161	7229,83
399,38	7443,83
399,599	7345,83
399,818	7148,83
400,037	7400,83
400,255	7160,83
400,474	7084,83
400,693	7231,83
400,912	7292,83
401,13	7036,83
401,349	6977,83
401,568	6718,83
401,786	6966,83
402,005	6942,83
402,224	6860,83
402,442	6802,83
402,661	6770,83
402,88	6941,83
403,098	6796,83
403,317	6721,83
403,535	6723,83
403,754	6606,83
403,972	6736,83
404,191	6608,83
404,409	6755,83
404,628	7424,83
404,846	6977,83
405,065	7016,83
405,283	7104,83
405,502	6796,83
405,72	6847,83
405,938	6648,83
406,157	6450,83
406,375	6508,83
406,594	6322,83
406,812	6480,83
407,03	6367,83
407,249	6177,83
407,467	6266,83
407,685	6441,83
407,903	6387,83
408,122	6596,83
408,34	6554,83
408,558	6556,83
408,776	6544,83
408,995	6397,83
409,213	6501,83
409,431	6514,83
409,649	6389,83
409,867	6284,83
410,085	6316,83
410,303	6424,83
410,522	6068,83
410,74	6132,83
410,958	6148,83
411,176	6187,83
411,394	6159,83
411,612	6096,83
411,83	6376,83
412,048	6282,83
412,266	6176,83
412,484	6227,83
412,702	6462,83
412,92	6154,83
413,138	6225,83
413,356	6125,83
413,573	6127,83
413,791	6232,83
414,009	5946,83
414,227	5978,83
414,445	5490,83
414,663	5770,83
414,881	5799,83
415,098	5818,83
415,316	5770,83
415,534	6169,83
415,752	5806,83
415,969	5955,83
416,187	5714,83
416,405	5735,83
416,623	5925,83
416,84	5678,83
417,058	5786,83
417,276	5855,83
417,493	5767,83
417,711	5806,83
417,928	5809,83
418,146	5700,83
418,364	5868,83
418,581	5806,83
418,799	5653,83
419,016	5644,83
419,234	5729,83
419,451	6164,83
419,669	5800,83
419,886	5815,83
420,104	5827,83
420,321	5846,83
420,539	5886,83
420,756	6189,83
420,974	6226,83
421,191	6488,83
421,408	6333,83
421,626	6403,83
421,843	6211,83
422,06	6117,83
422,278	5818,83
422,495	5977,83
422,712	5877,83
422,93	5861,83
423,147	5805,83
423,364	5727,83
423,581	5904,83
423,799	5635,83
424,016	5610,83
424,233	5619,83
424,45	5648,83
424,667	5647,83
424,884	5756,83
425,102	5912,83
425,319	5501,83
425,536	5502,83
425,753	5509,83
425,97	5328,83
426,187	5393,83
426,404	5271,83
426,621	5656,83
426,838	5629,83
427,055	5625,83
427,272	5592,83
427,489	5636,83
427,706	5591,83
427,923	5431,83
428,14	5409,83
428,357	5668,83
428,574	5529,83
428,791	5636,83
429,008	5788,83
429,224	5778,83
429,441	5957,83
429,658	6236,83
429,875	6402,83
430,092	6532,83
430,308	5987,83
430,525	6093,83
430,742	5850,83
430,959	5783,83
431,175	5485,83
431,392	5229,83
431,609	5281,83
431,826	5135,83
432,042	4948,83
432,259	4997,83
432,476	5273,83
432,692	4973,83
432,909	5049,83
433,125	5378,83
433,342	5544,83
433,559	5566,83
433,775	5794,83
433,992	5201,83
434,208	5227,83
434,425	5116,83
434,641	5160,83
434,858	5326,83
435,074	5163,83
435,291	5107,83
435,507	5087,83
435,723	5151,83
435,94	5165,83
436,156	5095,83
436,373	5293,83
436,589	5197,83
436,805	5200,83
437,022	5058,83
437,238	4978,83
437,454	4957,83
437,671	4941,83
437,887	5059,83
438,103	4985,83
438,319	5005,83
438,536	5253,83
438,752	5108,83
438,968	5052,83
439,184	5156,83
439,4	4965,83
439,616	4809,83
439,833	4963,83
440,049	4861,83
440,265	5085,83
440,481	5205,83
440,697	5315,83
440,913	5552,83
441,129	5568,83
441,345	5608,83
441,561	5640,83
441,777	5467,83
441,993	5330,83
442,209	5125,83
442,425	5314,83
442,641	5239,83
442,857	5298,83
443,073	5378,83
443,289	5258,83
443,505	5324,83
443,721	5410,83
443,937	5281,83
444,152	5198,83
444,368	5221,83
444,584	5141,83
444,8	5267,83
445,016	5166,83
445,231	4922,83
445,447	5194,83
445,663	5116,83
445,879	4957,83
446,094	5212,83
446,31	5051,83
446,526	5175,83
446,742	5111,83
446,957	5001,83
447,173	5043,83
447,388	5055,83
447,604	5010,83
447,82	4913,83
448,035	5249,83
448,251	4736,83
448,466	4918,83
448,682	4972,83
448,897	4860,83
449,113	5042,83
449,328	5087,83
449,544	4866,83
449,759	5253,83
449,975	4831,83
450,19	4891,83
450,406	4825,83
450,621	4673,83
450,836	4753,83
451,052	4751,83
451,267	4706,83
451,483	4787,83
451,698	4708,83
451,913	4450,83
452,129	4757,83
452,344	4652,83
452,559	4873,83
452,774	4676,83
452,99	4555,83
453,205	4569,83
453,42	4669,83
453,635	4619,83
453,85	4395,83
454,066	4644,83
454,281	4552,83
454,496	4640,83
454,711	4697,83
454,926	4681,83
455,141	4618,83
455,356	4617,83
455,571	4540,83
455,786	4618,83
456,001	4442,83
456,217	4449,83
456,432	4502,83
456,647	4544,83
456,861	4540,83
457,076	4748,83
457,291	4980,83
457,506	4626,83
457,721	4821,83
457,936	4901,83
458,151	4733,83
458,366	4949,83
458,581	4829,83
458,796	4988,83
459,01	4899,83
459,225	4905,83
459,44	4776,83
459,655	4786,83
459,87	4609,83
460,084	4717,83
460,299	4701,83
460,514	4632,83
460,729	5099,83
460,943	4854,83
461,158	4579,83
461,373	4645,83
461,587	4395,83
461,802	4279,83
462,016	4461,83
462,231	4322,83
462,446	4346,83
462,66	4325,83
462,875	4517,83
463,089	4577,83
463,304	4569,83
463,518	4588,83
463,733	4712,83
463,947	4736,83
464,162	4655,83
464,376	4887,83
464,591	5090,83
464,805	4815,83
465,02	5100,83
465,234	5113,83
465,448	5216,83
465,663	5141,83
465,877	5198,83
466,091	4913,83
466,306	4847,83
466,52	4913,83
466,734	4553,83
466,949	4477,83
467,163	4561,83
467,377	4479,83
467,591	4557,83
467,806	4533,83
468,02	4427,83
468,234	4371,83
468,448	4664,83
468,662	4443,83
468,876	4483,83
469,091	4311,83
469,305	4350,83
469,519	4100,83
469,733	4232,83
469,947	4315,83
470,161	4469,83
470,375	4173,83
470,589	4328,83
470,803	4303,83
471,017	4305,83
471,231	4222,83
471,445	4272,83
471,659	4373,83
471,873	4379,83
472,087	4365,83
472,301	4595,83
472,515	4465,83
472,728	4601,83
472,942	4678,83
473,156	4839,83
473,37	4765,83
473,584	4630,83
473,798	4816,83
474,011	4806,83
474,225	4786,83
474,439	4895,83
474,653	5084,83
474,866	5269,83
475,08	5219,83
475,294	5068,83
475,507	5035,83
475,721	4995,83
475,935	5135,83
476,148	5005,83
476,362	4819,83
476,576	4998,83
476,789	4998,83
477,003	5024,83
477,216	5243,83
477,43	5178,83
477,643	5381,83
477,857	5602,83
478,07	5457,83
478,284	5604,83
478,497	5392,83
478,711	5438,83
478,924	5408,83
479,138	5605,83
479,351	5592,83
479,564	5731,83
479,778	6005,83
479,991	5859,83
480,204	5933,83
480,418	6043,83
480,631	6002,83
480,844	6120,83
481,058	6052,83
481,271	6258,83
481,484	6405,83
481,697	6348,83
481,911	6235,83
482,124	6229,83
482,337	6295,83
482,55	6148,83
482,763	6397,83
482,976	6428,83
483,19	6350,83
483,403	6512,83
483,616	6934,83
483,829	6914,83
484,042	6797,83
484,255	7229,83
484,468	7196,83
484,681	7218,83
484,894	7661,83
485,107	10606,83
485,32	15353,83
485,533	17457,83
485,746	16428,83
485,959	14848,83
486,172	13123,83
486,385	11204,83
486,598	9443,83
486,81	8385,83
487,023	8058,83
487,236	7951,83
487,449	7575,83
487,662	7484,83
487,875	7329,83
488,087	7225,83
488,3	7258,83
488,513	7245,83
488,726	7217,83
488,938	7446,83
489,151	7457,83
489,364	7437,83
489,576	7678,83
489,789	7538,83
490,002	7530,83
490,214	7588,83
490,427	7469,83
490,64	7751,83
490,852	7839,83
491,065	7563,83
491,277	7773,83
491,49	7784,83
491,702	7602,83
491,915	7878,83
492,127	7837,83
492,34	7844,83
492,552	7937,83
492,765	7961,83
492,977	8161,83
493,19	7899,83
493,402	8077,83
493,614	7959,83
493,827	8117,83
494,039	8087,83
494,251	8178,83
494,464	8121,83
494,676	7821,83
494,888	7877,83
495,101	7908,83
495,313	7944,83
495,525	8094,83
495,737	8478,83
495,95	8253,83
496,162	8627,83
496,374	8716,83
496,586	7967,83
496,798	8271,83
497,01	8060,83
497,222	7789,83
497,435	7956,83
497,647	7901,83
497,859	7913,83
498,071	7942,83
498,283	7988,83
498,495	8137,83
498,707	8384,83
498,919	8094,83
499,131	8379,83
499,343	8292,83
499,555	8207,83
499,767	8290,83
499,979	7979,83
500,191	8140,83
500,402	8027,83
500,614	8096,83
500,826	8369,83
501,038	8260,83
501,25	8333,83
501,462	8067,83
501,673	8332,83
501,885	8520,83
502,097	8356,83
502,309	8275,83
502,521	8268,83
502,732	7986,83
502,944	8186,83
503,156	8163,83
503,367	8047,83
503,579	7914,83
503,791	7938,83
504,002	7834,83
504,214	7947,83
504,425	8012,83
504,637	7981,83
504,849	7970,83
505,06	7825,83
505,272	7607,83
505,483	7973,83
505,695	7745,83
505,906	7711,83
506,118	7891,83
506,329	7674,83
506,541	7553,83
506,752	7563,83
506,963	7421,83
507,175	7137,83
507,386	7578,83
507,598	7509,83
507,809	7316,83
508,02	7415,83
508,232	7423,83
508,443	7329,83
508,654	7445,83
508,865	7242,83
509,077	7026,83
509,288	7094,83
509,499	7244,83
509,71	7091,83
509,922	7315,83
510,133	7072,83
510,344	7295,83
510,555	7027,83
510,766	7024,83
510,977	6996,83
511,188	7010,83
511,4	6910,83
511,611	6704,83
511,822	6827,83
512,033	6629,83
512,244	6719,83
512,455	6682,83
512,666	6676,83
512,877	6817,83
513,088	6579,83
513,299	6589,83
513,51	6638,83
513,721	6602,83
513,931	6481,83
514,142	6654,83
514,353	6712,83
514,564	6242,83
514,775	6333,83
514,986	6297,83
515,196	6439,83
515,407	6428,83
515,618	6459,83
515,829	6451,83
516,04	6395,83
516,25	6383,83
516,461	6416,83
516,672	6411,83
516,882	6203,83
517,093	6328,83
517,304	6040,83
517,514	6133,83
517,725	6175,83
517,936	6028,83
518,146	6057,83
518,357	6182,83
518,567	6138,83
518,778	6631,83
518,988	6181,83
519,199	6411,83
519,409	6120,83
519,62	5959,83
519,83	5880,83
520,041	5963,83
520,251	5884,83
520,462	5841,83
520,672	5911,83
520,882	5964,83
521,093	5981,83
521,303	6027,83
521,513	5962,83
521,724	6677,83
521,934	5677,83
522,144	5699,83
522,355	5661,83
522,565	5732,83
522,775	5768,83
522,985	5823,83
523,196	5583,83
523,406	5701,83
523,616	5877,83
523,826	5677,83
524,036	6395,83
524,246	5684,83
524,457	5644,83
524,667	5493,83
524,877	5597,83
525,087	5476,83
525,297	5584,83
525,507	5585,83
525,717	5322,83
525,927	5536,83
526,137	5449,83
526,347	5559,83
526,557	5473,83
526,767	5512,83
526,977	5704,83
527,187	5364,83
527,397	5371,83
527,607	5100,83
527,816	5299,83
528,026	5387,83
528,236	5373,83
528,446	5626,83
528,656	5597,83
528,865	5644,83
529,075	5450,83
529,285	5393,83
529,495	5395,83
529,704	5372,83
529,914	5283,83
530,124	5261,83
530,334	5034,83
530,543	5162,83
530,753	5405,83
530,963	5392,83
531,172	5130,83
531,382	5112,83
531,591	5196,83
531,801	5097,83
532,01	5127,83
532,22	4981,83
532,43	5081,83
532,639	5335,83
532,849	5245,83
533,058	5223,83
533,267	5344,83
533,477	5125,83
533,686	5084,83
533,896	5040,83
534,105	5122,83
534,315	5157,83
534,524	5063,83
534,733	4892,83
534,943	5153,83
535,152	5047,83
535,361	4735,83
535,57	4697,83
535,78	4786,83
535,989	4624,83
536,198	4411,83
536,407	4450,83
536,617	4608,83
536,826	4531,83
537,035	4698,83
537,244	4464,83
537,453	4484,83
537,662	4708,83
537,872	4885,83
538,081	4724,83
538,29	4650,83
538,499	4595,83
538,708	4625,83
538,917	4655,83
539,126	4720,83
539,335	4691,83
539,544	5003,83
539,753	4344,83
539,962	4476,83
540,171	4481,83
540,38	4644,83
540,589	4428,83
540,797	4730,83
541,006	4575,83
541,215	4521,83
541,424	4697,83
541,633	4622,83
541,842	4573,83
542,05	4698,83
542,259	4617,83
542,468	4539,83
542,677	4574,83
542,885	4509,83
543,094	4484,83
543,303	4375,83
543,512	4567,83
543,72	4635,83
543,929	4627,83
544,138	4457,83
544,346	4468,83
544,555	4524,83
544,763	4559,83
544,972	4276,83
545,18	4167,83
545,389	4207,83
545,598	4137,83
545,806	4458,83
546,015	4145,83
546,223	4107,83
546,431	4190,83
546,64	4119,83
546,848	4126,83
547,057	4384,83
547,265	4298,83
547,474	4364,83
547,682	4656,83
547,89	4448,83
548,099	4382,83
548,307	4257,83
548,515	4311,83
548,723	4180,83
548,932	3889,83
549,14	3970,83
549,348	4125,83
549,556	3871,83
549,765	3878,83
549,973	3782,83
550,181	3897,83
550,389	3912,83
550,597	3837,83
550,805	3650,83
551,014	3808,83
551,222	7123,83
551,43	3896,83
551,638	4093,83
551,846	4223,83
552,054	3999,83
552,262	4061,83
552,47	3781,83
552,678	3775,83
552,886	3780,83
553,094	3798,83
553,302	3793,83
553,51	3703,83
553,717	3978,83
553,925	3491,83
554,133	3725,83
554,341	3461,83
554,549	3482,83
554,757	3654,83
554,965	3767,83
555,172	3723,83
555,38	4088,83
555,588	3675,83
555,796	3770,83
556,003	3793,83
556,211	3502,83
556,419	3459,83
556,626	3491,83
556,834	3429,83
557,042	3421,83
557,249	3497,83
557,457	3415,83
557,664	3293,83
557,872	3228,83
558,08	3221,83
558,287	3277,83
558,495	3263,83
558,702	3120,83
558,91	3257,83
559,117	3123,83
559,325	3193,83
559,532	3259,83
559,74	3535,83
559,947	3399,83
560,154	3422,83
560,362	3427,83
560,569	3247,83
560,776	3361,83
560,984	3344,83
561,191	3203,83
561,398	3181,83
561,606	3409,83
561,813	3128,83
562,02	2924,83
562,227	3198,83
562,435	3107,83
562,642	3204,83
562,849	3120,83
563,056	3137,83
563,263	3133,83
563,471	3234,83
563,678	3142,83
563,885	3079,83
564,092	3159,83
564,299	3162,83
564,506	3165,83
564,713	3033,83
564,92	3137,83
565,127	3141,83
565,334	2960,83
565,541	3289,83
565,748	3153,83
565,955	2963,83
566,162	3013,83
566,369	3117,83
566,576	3088,83
566,783	3351,83
566,99	3395,83
567,196	3431,83
567,403	3299,83
567,61	3410,83
567,817	3223,83
568,024	3385,83
568,23	3470,83
568,437	3499,83
568,644	3501,83
568,851	3687,83
569,057	4145,83
569,264	4116,83
569,471	4205,83
569,677	4163,83
569,884	4168,83
570,091	4092,83
570,297	4803,83
570,504	4372,83
570,71	4435,83
570,917	4173,83
571,123	4169,83
571,33	4288,83
571,536	4445,83
571,743	4312,83
571,949	3993,83
572,156	3577,83
572,362	3596,83
572,569	3581,83
572,775	3980,83
572,982	4413,83
573,188	4310,83
573,394	4243,83
573,601	4313,83
573,807	4286,83
574,013	4654,83
574,22	4453,83
574,426	4150,83
574,632	4346,83
574,838	4125,83
575,045	3894,83
575,251	3915,83
575,457	3593,83
575,663	3650,83
575,869	3797,83
576,076	3973,83
576,282	4254,83
576,488	4154,83
576,694	4068,83
576,9	3947,83
577,106	4354,83
577,312	4859,83
577,518	5068,83
577,724	4739,83
577,93	4421,83
578,136	3956,83
578,342	3761,83
578,548	3552,83
578,754	3336,83
578,96	3362,83
579,166	3660,83
579,372	3842,83
579,578	3789,83
579,784	3786,83
579,989	3965,83
580,195	3717,83
580,401	3547,83
580,607	3736,83
580,813	4409,83
581,018	5444,83
581,224	5560,83
581,43	5043,83
581,636	4941,83
581,841	4764,83
582,047	4325,83
582,253	3933,83
582,458	3525,83
582,664	3291,83
582,869	3077,83
583,075	2844,83
583,281	3177,83
583,486	2935,83
583,692	3139,83
583,897	3421,83
584,103	3369,83
584,308	3460,83
584,514	3668,83
584,719	3936,83
584,925	3859,83
585,13	3657,83
585,335	3582,83
585,541	3431,83
585,746	3130,83
585,952	2842,83
586,157	2751,83
586,362	2770,83
586,568	3059,83
586,773	3242,83
586,978	3183,83
587,183	3249,83
587,389	3205,83
587,594	2962,83
587,799	2909,83
588,004	2999,83
588,21	2896,83
588,415	2628,83
588,62	2570,83
588,825	2548,83
589,03	2602,83
589,235	2904,83
589,44	2580,83
589,645	2403,83
589,85	2519,83
590,055	2529,83
590,26	2338,83
590,465	2240,83
590,67	2296,83
590,875	2437,83
591,08	2317,83
591,285	2243,83
591,49	2265,83
591,695	2205,83
591,9	2116,83
592,105	2308,83
592,31	2586,83
592,515	3005,83
592,719	2431,83
592,924	2400,83
593,129	2380,83
593,334	2354,83
593,539	2309,83
593,743	2304,83
593,948	1973,83
594,153	2055,83
594,357	2339,83
594,562	2223,83
594,767	2463,83
594,971	2092,83
595,176	2068,83
595,381	2164,83
595,585	2039,83
595,79	2136,83
595,994	1817,83
596,199	2255,83
596,403	1742,83
596,608	1943,83
596,812	1929,83
597,017	2050,83
597,221	2145,83
597,426	2057,83
597,63	1780,83
597,835	1749,83
598,039	1812,83
598,243	1923,83
598,448	2335,83
598,652	2138,83
598,856	2029,83
599,061	2163,83
599,265	1693,83
599,469	1946,83
599,673	2036,83
599,878	2005,83
600,082	1980,83
600,286	1864,83
600,49	1936,83
600,695	1831,83
600,899	1988,83
601,103	1797,83
601,307	2021,83
601,511	1923,83
601,715	1764,83
601,919	1777,83
602,123	1971,83
602,327	1919,83
602,531	1903,83
602,735	1994,83
602,939	2071,83
603,143	1888,83
603,347	2023,83
603,551	1867,83
603,755	1859,83
603,959	1892,83
604,163	1887,83
604,367	1758,83
604,571	1712,83
604,775	1883,83
604,978	1989,83
605,182	1686,83
605,386	2027,83
605,59	1960,83
605,793	1839,83
605,997	1989,83
606,201	1714,83
606,405	1846,83
606,608	1990,83
606,812	1796,83
607,016	1925,83
607,219	1751,83
607,423	1735,83
607,627	1824,83
607,83	1763,83
608,034	1693,83
608,237	1783,83
608,441	1698,83
608,644	1842,83
608,848	1769,83
609,051	1727,83
609,255	1603,83
609,458	1843,83
609,662	1809,83
609,865	1833,83
610,069	1635,83
610,272	1601,83
610,475	1645,83
610,679	1685,83
610,882	1696,83
611,085	1736,83
611,289	1781,83
611,492	1685,83
611,695	1373,83
611,898	1665,83
612,102	1709,83
612,305	1651,83
612,508	1724,83
612,711	1763,83
612,914	1650,83
613,118	1739,83
613,321	1667,83
613,524	1459,83
613,727	1599,83
613,93	1634,83
614,133	1679,83
614,336	1693,83
614,539	1538,83
614,742	1703,83
614,945	1581,83
615,148	1720,83
615,351	1603,83
615,554	1755,83
615,757	1557,83
615,96	1619,83
616,163	1575,83
616,366	1731,83
616,569	1599,83
616,772	1728,83
616,974	1634,83
617,177	1705,83
617,38	1636,83
617,583	1690,83
617,786	1599,83
617,988	1517,83
618,191	1565,83
618,394	1611,83
618,596	1512,83
618,799	1507,83
619,002	1594,83
619,204	1534,83
619,407	1669,83
619,61	1589,83
619,812	1597,83
620,015	1571,83
620,217	1815,83
620,42	1561,83
620,623	1537,83
620,825	1574,83
621,028	1713,83
621,23	1672,83
621,432	1650,83
621,635	1771,83
621,837	1480,83
622,04	1667,83
622,242	1548,83
622,445	1588,83
622,647	1654,83
622,849	1711,83
623,052	1337,83
623,254	1592,83
623,456	1501,83
623,658	1670,83
623,861	1705,83
624,063	1558,83
624,265	1789,83
624,467	1725,83
624,67	1204,83
624,872	1613,83
625,074	1680,83
625,276	1684,83
625,478	1653,83
625,68	1356,83
625,882	1514,83
626,084	1568,83
626,287	1704,83
626,489	1611,83
626,691	1566,83
626,893	1626,83
627,095	1695,83
627,297	1598,83
627,499	1491,83
627,7	1373,83
627,902	1456,83
628,104	1355,83
628,306	1446,83
628,508	1368,83
628,71	1530,83
628,912	1469,83
629,114	1752,83
629,315	1551,83
629,517	1442,83
629,719	1452,83
629,921	1507,83
630,122	1498,83
630,324	1669,83
630,526	1678,83
630,728	1589,83
630,929	1384,83
631,131	1422,83
631,332	1716,83
631,534	1769,83
631,736	1612,83
631,937	1375,83
632,139	1450,83
632,34	1491,83
632,542	1529,83
632,743	1548,83
632,945	1363,83
633,146	1535,83
633,348	1480,83
633,549	1420,83
633,751	1369,83
633,952	1429,83
634,154	1387,83
634,355	1281,83
634,556	1423,83
634,758	1469,83
634,959	1396,83
635,16	1516,83
635,362	1373,83
635,563	1565,83
635,764	1470,83
635,965	1443,83
636,167	1476,83
636,368	1408,83
636,569	1383,83
636,77	1459,83
636,971	1505,83
637,172	1522,83
637,374	1283,83
637,575	1574,83
637,776	1234,83
637,977	1236,83
638,178	1513,83
638,379	1387,83
638,58	1508,83
638,781	1178,83
638,982	1388,83
639,183	1365,83
639,384	1433,83
639,585	1328,83
639,786	1263,83
639,987	1463,83
640,187	1490,83
640,388	1454,83
640,589	1275,83
640,79	1331,83
640,991	1359,83
641,192	1536,83
641,392	1293,83
641,593	1285,83
641,794	1222,83
641,995	1294,83
642,195	1213,83
642,396	1283,83
642,597	1281,83
642,797	1270,83
642,998	1443,83
643,199	1153,83
643,399	1437,83
643,6	1244,83
643,8	1271,83
644,001	1360,83
644,202	1317,83
644,402	1300,83
644,603	1466,83
644,803	1219,83
645,004	1324,83
645,204	1172,83
645,404	1319,83
645,605	1359,83
645,805	1196,83
646,006	1282,83
646,206	1707,83
646,406	1271,83
646,607	1156,83
646,807	1085,83
647,007	-182,17
647,208	4,83
647,408	25,83
647,608	25,83
