200,697	851,67
200,927	-61,33
201,158	-44,33
201,388	-55,33
201,618	1342,67
201,849	1003,67
202,079	1374,67
202,309	1310,67
202,539	1420,67
202,77	1278,67
203	1423,67
203,23	1161,67
203,46	1406,67
203,691	1365,67
203,921	1409,67
204,151	1427,67
204,381	1298,67
204,611	1248,67
204,841	1305,67
205,071	1267,67
205,302	1548,67
205,532	1477,67
205,762	3482,67
205,992	1333,67
206,222	1344,67
206,452	1481,67
206,682	1361,67
206,912	1427,67
207,142	1500,67
207,372	1366,67
207,602	1343,67
207,832	1397,67
208,062	1525,67
208,292	1437,67
208,522	1293,67
208,752	1471,67
208,982	1318,67
209,212	1548,67
209,442	1356,67
209,672	1344,67
209,902	1364,67
210,131	1484,67
210,361	1322,67
210,591	1447,67
210,821	1375,67
211,051	1588,67
211,281	1287,67
211,51	1472,67
211,74	1485,67
211,97	1395,67
212,2	1499,67
212,429	1698,67
212,659	1411,67
212,889	1371,67
213,119	1262,67
213,348	1356,67
213,578	1604,67
213,808	1537,67
214,037	1545,67
214,267	1502,67
214,497	1418,67
214,726	1361,67
214,956	1350,67
215,186	1376,67
215,415	1414,67
215,645	1404,67
215,874	1470,67
216,104	1371,67
216,333	1468,67
216,563	1446,67
216,792	1484,67
217,022	1410,67
217,251	1454,67
217,481	1346,67
217,71	1441,67
217,94	1430,67
218,169	1531,67
218,399	1478,67
218,628	1413,67
218,858	1490,67
219,087	1477,67
219,316	1587,67
219,546	1458,67
219,775	1443,67
220,004	1580,67
220,234	1362,67
220,463	1474,67
220,692	1490,67
220,922	1606,67
221,151	1619,67
221,38	1445,67
221,61	1793,67
221,839	1715,67
222,068	1451,67
222,297	1570,67
222,526	1686,67
222,756	1390,67
222,985	1569,67
223,214	1508,67
223,443	1466,67
223,672	1897,67
223,902	1663,67
224,131	1443,67
224,36	1617,67
224,589	1393,67
224,818	1484,67
225,047	1595,67
225,276	1363,67
225,505	1722,67
225,734	1495,67
225,963	1428,67
226,192	1508,67
226,421	1410,67
226,65	1586,67
226,879	1568,67
227,108	1531,67
227,337	1630,67
227,566	1723,67
227,795	1380,67
228,024	1505,67
228,253	1486,67
228,482	1397,67
228,711	1579,67
228,94	1440,67
229,168	1516,67
229,397	1473,67
229,626	1596,67
229,855	1468,67
230,084	1470,67
230,313	1433,67
230,541	1482,67
230,77	1466,67
230,999	1415,67
231,228	1788,67
231,456	1652,67
231,685	1542,67
231,914	1526,67
232,143	1377,67
232,371	1606,67
232,6	1532,67
232,829	1536,67
233,057	1663,67
233,286	1599,67
233,515	1473,67
233,743	1628,67
233,972	1527,67
234,2	1664,67
234,429	1589,67
234,658	1660,67
234,886	1504,67
235,115	1558,67
235,343	1672,67
235,572	1551,67
235,8	1686,67
236,029	1845,67
236,257	1590,67
236,486	1672,67
236,714	1734,67
236,943	1667,67
237,171	1666,67
237,399	1626,67
237,628	1743,67
237,856	1766,67
238,085	1730,67
238,313	1612,67
238,541	1630,67
238,77	1958,67
238,998	1594,67
239,226	1743,67
239,455	1656,67
239,683	1706,67
239,911	1483,67
240,14	1924,67
240,368	1797,67
240,596	1691,67
240,824	1711,67
241,053	1717,67
241,281	1652,67
241,509	1855,67
241,737	1878,67
241,965	1608,67
242,193	1601,67
242,422	1652,67
242,65	1652,67
242,878	1620,67
243,106	1814,67
243,334	1689,67
243,562	1740,67
243,79	1742,67
244,018	1790,67
244,246	1657,67
244,474	1711,67
244,702	1670,67
244,93	1753,67
245,158	1751,67
245,386	1755,67
245,614	1772,67
245,842	1829,67
246,07	1729,67
246,298	1768,67
246,526	2138,67
246,754	1639,67
246,982	1800,67
247,21	1750,67
247,438	1766,67
247,666	1765,67
247,893	1705,67
248,121	1720,67
248,349	1579,67
248,577	1767,67
248,805	1836,67
249,033	1742,67
249,26	1776,67
249,488	1864,67
249,716	1835,67
249,944	1741,67
250,171	1688,67
250,399	1690,67
250,627	1850,67
250,854	1812,67
251,082	1909,67
251,31	1811,67
251,537	1738,67
251,765	1979,67
251,993	1675,67
252,22	1963,67
252,448	1541,67
252,676	1741,67
252,903	1773,67
253,131	2029,67
253,358	1685,67
253,586	1651,67
253,813	1594,67
254,041	1779,67
254,268	1761,67
254,496	1619,67
254,723	1673,67
254,951	1763,67
255,178	1781,67
255,406	1666,67
255,633	1763,67
255,86	1931,67
256,088	1708,67
256,315	1748,67
256,543	1888,67
256,77	1796,67
256,997	1752,67
257,225	1840,67
257,452	1743,67
257,679	1736,67
257,907	1829,67
258,134	1703,67
258,361	1813,67
258,588	1794,67
258,816	1787,67
259,043	1412,67
259,27	1771,67
259,497	1789,67
259,725	1697,67
259,952	1723,67
260,179	1627,67
260,406	1763,67
260,633	1567,67
260,86	1761,67
261,088	1726,67
261,315	1929,67
261,542	1717,67
261,769	1715,67
261,996	2229,67
262,223	1938,67
262,45	2005,67
262,677	1605,67
262,904	1768,67
263,131	1879,67
263,358	1783,67
263,585	1850,67
263,812	2115,67
264,039	1927,67
264,266	1787,67
264,493	1798,67
264,72	1790,67
264,947	1733,67
265,174	1931,67
265,401	1871,67
265,627	2042,67
265,854	1819,67
266,081	1919,67
266,308	1792,67
266,535	1819,67
266,762	1855,67
266,988	1862,67
267,215	1871,67
267,442	1762,67
267,669	1963,67
267,896	1889,67
268,122	1982,67
268,349	1842,67
268,576	1792,67
268,802	1750,67
269,029	1773,67
269,256	1865,67
269,482	1791,67
269,709	1803,67
269,936	1814,67
270,162	1728,67
270,389	1769,67
270,616	1888,67
270,842	2036,67
271,069	2043,67
271,295	1937,67
271,522	1786,67
271,748	1970,67
271,975	2118,67
272,201	2066,67
272,428	2125,67
272,654	2012,67
272,881	2325,67
273,107	2078,67
273,334	2227,67
273,56	2262,67
273,787	2148,67
274,013	2335,67
274,239	2578,67
274,466	2345,67
274,692	2325,67
274,918	2373,67
275,145	2442,67
275,371	2403,67
275,597	2666,67
275,824	2505,67
276,05	2583,67
276,276	2686,67
276,503	2530,67
276,729	2694,67
276,955	2669,67
277,181	2772,67
277,407	2737,67
277,634	2873,67
277,86	2981,67
278,086	2901,67
278,312	2807,67
278,538	2843,67
278,764	2908,67
278,991	3097,67
279,217	2816,67
279,443	2687,67
279,669	3037,67
279,895	2991,67
280,121	2903,67
280,347	3108,67
280,573	3050,67
280,799	3047,67
281,025	3231,67
281,251	3015,67
281,477	3244,67
281,703	3091,67
281,929	3130,67
282,155	3221,67
282,381	3262,67
282,607	3304,67
282,833	3253,67
283,059	3301,67
283,285	3320,67
283,51	3277,67
283,736	3171,67
283,962	3350,67
284,188	3376,67
284,414	3471,67
284,64	3528,67
284,865	3424,67
285,091	3352,67
285,317	3485,67
285,543	3540,67
285,768	3430,67
285,994	3526,67
286,22	3764,67
286,446	3515,67
286,671	3404,67
286,897	3582,67
287,123	3487,67
287,348	3428,67
287,574	4126,67
287,799	3559,67
288,025	3474,67
288,251	3786,67
288,476	3614,67
288,702	3609,67
288,927	3577,67
289,153	3662,67
289,378	3792,67
289,604	3711,67
289,829	3722,67
290,055	3579,67
290,28	3633,67
290,506	3887,67
290,731	3665,67
290,957	3757,67
291,182	3860,67
291,408	3862,67
291,633	3773,67
291,858	3808,67
292,084	3860,67
292,309	3762,67
292,535	3898,67
292,76	3967,67
292,985	3897,67
293,211	3809,67
293,436	3772,67
293,661	3636,67
293,886	3795,67
294,112	3925,67
294,337	3875,67
294,562	3691,67
294,787	4043,67
295,013	3945,67
295,238	3822,67
295,463	3967,67
295,688	4022,67
295,913	3848,67
296,138	3956,67
296,364	3805,67
296,589	3911,67
296,814	3885,67
297,039	3800,67
297,264	3816,67
297,489	3759,67
297,714	3877,67
297,939	3691,67
298,164	3798,67
298,389	3753,67
298,614	3692,67
298,839	3820,67
299,064	4021,67
299,289	3877,67
299,514	3992,67
299,739	3884,67
299,964	3874,67
300,189	3891,67
300,414	4128,67
300,639	4104,67
300,863	3846,67
301,088	4373,67
301,313	4015,67
301,538	3946,67
301,763	3957,67
301,988	4097,67
302,212	4003,67
302,437	4459,67
302,662	3943,67
302,887	4000,67
303,111	4148,67
303,336	4092,67
303,561	4111,67
303,786	3997,67
304,01	4096,67
304,235	4156,67
304,46	3851,67
304,684	3976,67
304,909	3924,67
305,134	3825,67
305,358	4044,67
305,583	3874,67
305,807	4105,67
306,032	3680,67
306,256	3783,67
306,481	3910,67
306,706	3847,67
306,93	3820,67
307,155	4097,67
307,379	3821,67
307,604	3941,67
307,828	3995,67
308,052	4124,67
308,277	4007,67
308,501	3900,67
308,726	3992,67
308,95	3922,67
309,175	4089,67
309,399	4096,67
309,623	4063,67
309,848	3882,67
310,072	3756,67
310,296	4227,67
310,521	3966,67
310,745	3825,67
310,969	4109,67
311,193	4009,67
311,418	4088,67
311,642	3853,67
311,866	3987,67
312,09	3929,67
312,315	3962,67
312,539	3947,67
312,763	3938,67
312,987	3922,67
313,211	3898,67
313,435	4042,67
313,659	3849,67
313,884	4128,67
314,108	3987,67
314,332	3924,67
314,556	3819,67
314,78	4117,67
315,004	3936,67
315,228	4047,67
315,452	4092,67
315,676	4019,67
315,9	3794,67
316,124	3675,67
316,348	3884,67
316,572	3923,67
316,796	3886,67
317,02	4016,67
317,244	3908,67
317,468	3735,67
317,691	4061,67
317,915	3882,67
318,139	3806,67
318,363	4158,67
318,587	3731,67
318,811	3636,67
319,034	3662,67
319,258	3823,67
319,482	4001,67
319,706	3884,67
319,93	3724,67
320,153	3632,67
320,377	3727,67
320,601	3620,67
320,824	3574,67
321,048	3875,67
321,272	3882,67
321,495	3594,67
321,719	3735,67
321,943	3665,67
322,166	3921,67
322,39	3682,67
322,614	3881,67
322,837	3846,67
323,061	3606,67
323,284	3826,67
323,508	3818,67
323,731	3606,67
323,955	3708,67
324,178	3737,67
324,402	3829,67
324,625	3792,67
324,849	3608,67
325,072	3861,67
325,296	3752,67
325,519	3723,67
325,743	3699,67
325,966	3824,67
326,189	3884,67
326,413	3603,67
326,636	4045,67
326,859	3841,67
327,083	3967,67
327,306	3580,67
327,529	3567,67
327,753	3705,67
327,976	3672,67
328,199	3807,67
328,422	3729,67
328,646	3592,67
328,869	3540,67
329,092	3670,67
329,315	3823,67
329,538	3438,67
329,762	3860,67
329,985	3580,67
330,208	3618,67
330,431	3783,67
330,654	3786,67
330,877	3736,67
331,1	3675,67
331,323	3684,67
331,546	3835,67
331,769	3763,67
331,993	3643,67
332,216	3699,67
332,439	3591,67
332,662	3709,67
332,885	3667,67
333,107	3546,67
333,33	3553,67
333,553	3819,67
333,776	3671,67
333,999	3670,67
334,222	3603,67
334,445	3695,67
334,668	3713,67
334,891	3632,67
335,114	3541,67
335,336	3770,67
335,559	3601,67
335,782	3910,67
336,005	3560,67
336,228	3606,67
336,45	3534,67
336,673	3539,67
336,896	3709,67
337,119	3606,67
337,341	3624,67
337,564	3564,67
337,787	3648,67
338,009	3615,67
338,232	3733,67
338,455	3731,67
338,677	3710,67
338,9	3649,67
339,122	3694,67
339,345	3502,67
339,568	3436,67
339,79	3653,67
340,013	3660,67
340,235	3560,67
340,458	3580,67
340,68	3597,67
340,903	3598,67
341,125	3493,67
341,348	3622,67
341,57	3497,67
341,793	3703,67
342,015	3426,67
342,238	3527,67
342,46	3831,67
342,682	3683,67
342,905	3468,67
343,127	3617,67
343,349	3475,67
343,572	3528,67
343,794	3412,67
344,016	3481,67
344,239	3539,67
344,461	3449,67
344,683	3415,67
344,905	3647,67
345,128	3468,67
345,35	3583,67
345,572	3620,67
345,794	3738,67
346,017	3589,67
346,239	3657,67
346,461	3534,67
346,683	3510,67
346,905	3701,67
347,127	3660,67
347,349	3504,67
347,571	3595,67
347,793	3752,67
348,016	3460,67
348,238	3598,67
348,46	3628,67
348,682	3519,67
348,904	3614,67
349,126	3572,67
349,348	3595,67
349,57	3511,67
349,792	3630,67
350,014	3691,67
350,235	3616,67
350,457	3811,67
350,679	3599,67
350,901	3544,67
351,123	3580,67
351,345	3586,67
351,567	3638,67
351,789	3389,67
352,01	3608,67
352,232	3575,67
352,454	3461,67
352,676	3616,67
352,897	3487,67
353,119	3402,67
353,341	3515,67
353,563	3367,67
353,784	3339,67
354,006	3446,67
354,228	3400,67
354,449	3484,67
354,671	3523,67
354,893	3664,67
355,114	3599,67
355,336	3625,67
355,558	3579,67
355,779	3679,67
356,001	3692,67
356,222	3594,67
356,444	3559,67
356,665	4368,67
356,887	3575,67
357,108	3569,67
357,33	3805,67
357,551	3740,67
357,773	3698,67
357,994	3680,67
358,216	3474,67
358,437	3695,67
358,659	3734,67
358,88	3678,67
359,101	3641,67
359,323	3699,67
359,544	3583,67
359,765	3501,67
359,987	3534,67
360,208	3574,67
360,429	3687,67
360,651	3553,67
360,872	3868,67
361,093	3698,67
361,314	3658,67
361,536	3691,67
361,757	3560,67
361,978	3545,67
362,199	3436,67
362,42	3497,67
362,642	3565,67
362,863	3781,67
363,084	3562,67
363,305	3328,67
363,526	3568,67
363,747	3368,67
363,968	3570,67
364,189	3628,67
364,41	3481,67
364,631	3423,67
364,852	3631,67
365,073	3465,67
365,294	3514,67
365,515	3404,67
365,736	3611,67
365,957	3491,67
366,178	3396,67
366,399	3685,67
366,62	3412,67
366,841	3691,67
367,062	3525,67
367,283	3449,67
367,504	3641,67
367,724	3474,67
367,945	3478,67
368,166	3598,67
368,387	3597,67
368,608	3527,67
368,828	3604,67
369,049	3461,67
369,27	3449,67
369,491	3414,67
369,711	3551,67
369,932	3579,67
370,153	3648,67
370,373	3419,67
370,594	3637,67
370,815	3533,67
371,035	3565,67
371,256	3307,67
371,477	3362,67
371,697	3426,67
371,918	3325,67
372,138	3457,67
372,359	3573,67
372,579	3600,67
372,8	3326,67
373,02	3451,67
373,241	3391,67
373,461	3473,67
373,682	3444,67
373,902	3419,67
374,123	3325,67
374,343	3469,67
374,564	3418,67
374,784	3283,67
375,004	3426,67
375,225	3208,67
375,445	3292,67
375,666	3427,67
375,886	3288,67
376,106	3201,67
376,326	3251,67
376,547	3459,67
376,767	3364,67
376,987	3308,67
377,208	3420,67
377,428	3175,67
377,648	3459,67
377,868	3403,67
378,088	3485,67
378,309	3554,67
378,529	3543,67
378,749	3414,67
378,969	3345,67
379,189	3485,67
379,409	3449,67
379,629	3310,67
379,849	3367,67
380,069	3231,67
380,29	3287,67
380,51	3287,67
380,73	3426,67
380,95	3570,67
381,17	3284,67
381,39	3263,67
381,61	3187,67
381,829	3218,67
382,049	3238,67
382,269	3152,67
382,489	3334,67
382,709	3154,67
382,929	3307,67
383,149	3249,67
383,369	3496,67
383,589	3137,67
383,808	3168,67
384,028	3188,67
384,248	3260,67
384,468	3174,67
384,688	3371,67
384,907	2908,67
385,127	3161,67
385,347	3240,67
385,567	3137,67
385,786	3380,67
386,006	3131,67
386,226	3366,67
386,445	3136,67
386,665	3229,67
386,885	3342,67
387,104	3234,67
387,324	3226,67
387,543	3166,67
387,763	3299,67
387,982	3291,67
388,202	3153,67
388,422	3246,67
388,641	3200,67
388,861	3258,67
389,08	3314,67
389,3	3137,67
389,519	3332,67
389,738	3185,67
389,958	3167,67
390,177	3112,67
390,397	3314,67
390,616	3156,67
390,836	3076,67
391,055	3184,67
391,274	3209,67
391,494	3148,67
391,713	3209,67
391,932	3330,67
392,151	3232,67
392,371	3243,67
392,59	3196,67
392,809	3380,67
393,029	3374,67
393,248	3313,67
393,467	3051,67
393,686	3156,67
393,905	3982,67
394,124	3271,67
394,344	3219,67
394,563	3131,67
394,782	3103,67
395,001	3117,67
395,22	3030,67
395,439	3086,67
395,658	3080,67
395,877	3150,67
396,096	2976,67
396,315	3184,67
396,534	3126,67
396,753	3227,67
396,972	3090,67
397,191	3304,67
397,41	3316,67
397,629	3141,67
397,848	3235,67
398,067	3288,67
398,286	3162,67
398,505	3240,67
398,724	3354,67
398,943	3701,67
399,161	2989,67
399,38	3182,67
399,599	3102,67
399,818	3067,67
400,037	3485,67
400,255	3081,67
400,474	3041,67
400,693	3078,67
400,912	3214,67
401,13	3054,67
401,349	3016,67
401,568	2858,67
401,786	3151,67
402,005	3002,67
402,224	2949,67
402,442	3009,67
402,661	2989,67
402,88	3139,67
403,098	2897,67
403,317	2874,67
403,535	2928,67
403,754	2769,67
403,972	2979,67
404,191	2886,67
404,409	3036,67
404,628	3539,67
404,846	3016,67
405,065	3093,67
405,283	2990,67
405,502	3005,67
405,72	2925,67
405,938	2905,67
406,157	2856,67
406,375	2776,67
406,594	2886,67
406,812	2935,67
407,03	2865,67
407,249	2639,67
407,467	2915,67
407,685	2954,67
407,903	2729,67
408,122	2988,67
408,34	2923,67
408,558	2879,67
408,776	2856,67
408,995	2897,67
409,213	2835,67
409,431	2986,67
409,649	2900,67
409,867	2836,67
410,085	2866,67
410,303	2879,67
410,522	2760,67
410,74	2708,67
410,958	2755,67
411,176	2805,67
411,394	2768,67
411,612	2845,67
411,83	2947,67
412,048	2774,67
412,266	2816,67
412,484	2829,67
412,702	2923,67
412,92	2642,67
413,138	2907,67
413,356	2728,67
413,573	2816,67
413,791	3008,67
414,009	2769,67
414,227	2964,67
414,445	2689,67
414,663	2739,67
414,881	2762,67
415,098	2696,67
415,316	2728,67
415,534	3058,67
415,752	2741,67
415,969	2661,67
416,187	2573,67
416,405	2691,67
416,623	2753,67
416,84	2564,67
417,058	2757,67
417,276	2811,67
417,493	2720,67
417,711	2636,67
417,928	2701,67
418,146	2545,67
418,364	2778,67
418,581	2691,67
418,799	2608,67
419,016	2515,67
419,234	2603,67
419,451	3221,67
419,669	2663,67
419,886	2775,67
420,104	2586,67
420,321	2726,67
420,539	2753,67
420,756	2870,67
420,974	2903,67
421,191	2802,67
421,408	2751,67
421,626	2884,67
421,843	2761,67
422,06	2840,67
422,278	2725,67
422,495	2800,67
422,712	2733,67
422,93	2861,67
423,147	2816,67
423,364	2698,67
423,581	2827,67
423,799	2639,67
424,016	2676,67
424,233	2730,67
424,45	2699,67
424,667	2738,67
424,884	2596,67
425,102	2890,67
425,319	2517,67
425,536	2683,67
425,753	2787,67
425,97	2574,67
426,187	2611,67
426,404	2611,67
426,621	2850,67
426,838	2778,67
427,055	2768,67
427,272	3061,67
427,489	2755,67
427,706	2643,67
427,923	2659,67
428,14	2669,67
428,357	2857,67
428,574	2742,67
428,791	2714,67
429,008	2787,67
429,224	2688,67
429,441	2723,67
429,658	2900,67
429,875	3086,67
430,092	2935,67
430,308	2952,67
430,525	3148,67
430,742	2792,67
430,959	2905,67
431,175	2767,67
431,392	2625,67
431,609	2579,67
431,826	2647,67
432,042	2483,67
432,259	2560,67
432,476	2936,67
432,692	2520,67
432,909	2534,67
433,125	2722,67
433,342	2731,67
433,559	2720,67
433,775	2710,67
433,992	2686,67
434,208	2499,67
434,425	2597,67
434,641	2682,67
434,858	2781,67
435,074	2614,67
435,291	2543,67
435,507	2566,67
435,723	2634,67
435,94	2605,67
436,156	2710,67
436,373	2717,67
436,589	2632,67
436,805	2633,67
437,022	2507,67
437,238	2518,67
437,454	2566,67
437,671	2564,67
437,887	2609,67
438,103	2535,67
438,319	2541,67
438,536	2701,67
438,752	2643,67
438,968	2806,67
439,184	2643,67
439,4	2597,67
439,616	2369,67
439,833	2598,67
440,049	2470,67
440,265	2595,67
440,481	2547,67
440,697	2571,67
440,913	2737,67
441,129	2734,67
441,345	2812,67
441,561	2770,67
441,777	2664,67
441,993	2701,67
442,209	2560,67
442,425	2769,67
442,641	2598,67
442,857	2645,67
443,073	2500,67
443,289	2611,67
443,505	2634,67
443,721	2707,67
443,937	2659,67
444,152	2536,67
444,368	2589,67
444,584	2501,67
444,8	2791,67
445,016	2592,67
445,231	2330,67
445,447	2718,67
445,663	2581,67
445,879	2475,67
446,094	2674,67
446,31	2688,67
446,526	2617,67
446,742	2557,67
446,957	2505,67
447,173	2407,67
447,388	2612,67
447,604	2750,67
447,82	2590,67
448,035	2509,67
448,251	2518,67
448,466	2647,67
448,682	2255,67
448,897	2362,67
449,113	2580,67
449,328	2581,67
449,544	2289,67
449,759	2793,67
449,975	2298,67
450,19	2356,67
450,406	2484,67
450,621	2424,67
450,836	2400,67
451,052	2388,67
451,267	2316,67
451,483	2368,67
451,698	2246,67
451,913	2354,67
452,129	2440,67
452,344	2304,67
452,559	2500,67
452,774	2342,67
452,99	2275,67
453,205	2425,67
453,42	2460,67
453,635	2386,67
453,85	2290,67
454,066	2409,67
454,281	2692,67
454,496	2383,67
454,711	2394,67
454,926	2416,67
455,141	2292,67
455,356	2339,67
455,571	2271,67
455,786	2381,67
456,001	2298,67
456,217	2133,67
456,432	2191,67
456,647	2395,67
456,861	2595,67
457,076	2235,67
457,291	2511,67
457,506	2235,67
457,721	2516,67
457,936	2337,67
458,151	2217,67
458,366	2470,67
458,581	2350,67
458,796	2518,67
459,01	2320,67
459,225	2394,67
459,44	2183,67
459,655	2401,67
459,87	2252,67
460,084	2311,67
460,299	2364,67
460,514	2320,67
460,729	2732,67
460,943	2336,67
461,158	2118,67
461,373	2331,67
461,587	2238,67
461,802	2174,67
462,016	2330,67
462,231	2115,67
462,446	2263,67
462,66	2129,67
462,875	2173,67
463,089	2302,67
463,304	2289,67
463,518	2200,67
463,733	2292,67
463,947	2294,67
464,162	2205,67
464,376	2232,67
464,591	2469,67
464,805	2285,67
465,02	2601,67
465,234	2396,67
465,448	2275,67
465,663	2503,67
465,877	2223,67
466,091	2315,67
466,306	2355,67
466,52	2410,67
466,734	2092,67
466,949	2186,67
467,163	2227,67
467,377	2030,67
467,591	2228,67
467,806	2101,67
468,02	2021,67
468,234	1966,67
468,448	2146,67
468,662	2122,67
468,876	2305,67
469,091	1967,67
469,305	2116,67
469,519	1999,67
469,733	1973,67
469,947	1991,67
470,161	2227,67
470,375	1886,67
470,589	2128,67
470,803	2048,67
471,017	2063,67
471,231	2048,67
471,445	1986,67
471,659	2100,67
471,873	2073,67
472,087	1731,67
472,301	2237,67
472,515	1941,67
472,728	2017,67
472,942	2039,67
473,156	2081,67
473,37	2025,67
473,584	1980,67
473,798	2098,67
474,011	2072,67
474,225	2086,67
474,439	2067,67
474,653	2155,67
474,866	2168,67
475,08	2129,67
475,294	2196,67
475,507	2232,67
475,721	2196,67
475,935	2085,67
476,148	1965,67
476,362	1982,67
476,576	2018,67
476,789	2000,67
477,003	2043,67
477,216	2102,67
477,43	2052,67
477,643	2094,67
477,857	2235,67
478,07	1958,67
478,284	2134,67
478,497	1976,67
478,711	1973,67
478,924	2077,67
479,138	2020,67
479,351	2032,67
479,564	1943,67
479,778	2085,67
479,991	1996,67
480,204	2007,67
480,418	2128,67
480,631	1988,67
480,844	2086,67
481,058	2162,67
481,271	2114,67
481,484	2186,67
481,697	2066,67
481,911	2071,67
482,124	2066,67
482,337	2079,67
482,55	1943,67
482,763	1928,67
482,976	2227,67
483,19	2008,67
483,403	2079,67
483,616	1940,67
483,829	2102,67
484,042	2110,67
484,255	2024,67
484,468	2032,67
484,681	1992,67
484,894	2071,67
485,107	2641,67
485,32	3290,67
485,533	3445,67
485,746	3519,67
485,959	3129,67
486,172	2961,67
486,385	2598,67
486,598	2475,67
486,81	2160,67
487,023	2033,67
487,236	2286,67
487,449	2063,67
487,662	1974,67
487,875	1924,67
488,087	2062,67
488,3	2008,67
488,513	1817,67
488,726	1829,67
488,938	2077,67
489,151	2047,67
489,364	2001,67
489,576	2102,67
489,789	1986,67
490,002	2029,67
490,214	1963,67
490,427	1783,67
490,64	1937,67
490,852	1984,67
491,065	1936,67
491,277	1969,67
491,49	1973,67
491,702	1727,67
491,915	2047,67
492,127	1978,67
492,34	1725,67
492,552	1941,67
492,765	1953,67
492,977	2107,67
493,19	2062,67
493,402	1998,67
493,614	2037,67
493,827	1889,67
494,039	1952,67
494,251	1785,67
494,464	2172,67
494,676	1755,67
494,888	1808,67
495,101	1857,67
495,313	1886,67
495,525	1935,67
495,737	2065,67
495,95	2006,67
496,162	1973,67
496,374	1968,67
496,586	1792,67
496,798	1906,67
497,01	1925,67
497,222	1762,67
497,435	1978,67
497,647	1773,67
497,859	1832,67
498,071	1832,67
498,283	1722,67
498,495	1844,67
498,707	2086,67
498,919	1821,67
499,131	1971,67
499,343	1872,67
499,555	1791,67
499,767	1909,67
499,979	1763,67
500,191	2000,67
500,402	1781,67
500,614	1907,67
500,826	1987,67
501,038	1819,67
501,25	1905,67
501,462	1832,67
501,673	1856,67
501,885	1784,67
502,097	1821,67
502,309	2000,67
502,521	1920,67
502,732	1739,67
502,944	1782,67
503,156	1758,67
503,367	1958,67
503,579	1723,67
503,791	1806,67
504,002	1809,67
504,214	1942,67
504,425	2169,67
504,637	1997,67
504,849	1872,67
505,06	1834,67
505,272	1892,67
505,483	1920,67
505,695	1849,67
505,906	1756,67
506,118	1841,67
506,329	1736,67
506,541	1692,67
506,752	1825,67
506,963	1865,67
507,175	1783,67
507,386	1966,67
507,598	1914,67
507,809	1721,67
508,02	1744,67
508,232	1849,67
508,443	1677,67
508,654	1957,67
508,865	1818,67
509,077	1678,67
509,288	1732,67
509,499	1959,67
509,71	1684,67
509,922	1775,67
510,133	1883,67
510,344	1922,67
510,555	1725,67
510,766	1823,67
510,977	1600,67
511,188	1622,67
511,4	1778,67
511,611	1700,67
511,822	1706,67
512,033	1463,67
512,244	1823,67
512,455	1665,67
512,666	1799,67
512,877	1854,67
513,088	1758,67
513,299	1761,67
513,51	1742,67
513,721	1740,67
513,931	1729,67
514,142	1792,67
514,353	1873,67
514,564	1636,67
514,775	1700,67
514,986	1748,67
515,196	1851,67
515,407	1626,67
515,618	1680,67
515,829	1673,67
516,04	1713,67
516,25	1682,67
516,461	1623,67
516,672	1688,67
516,882	1662,67
517,093	1775,67
517,304	1554,67
517,514	1552,67
517,725	1753,67
517,936	1546,67
518,146	1620,67
518,357	1700,67
518,567	1474,67
518,778	2110,67
518,988	1626,67
519,199	1828,67
519,409	1687,67
519,62	1779,67
519,83	2022,67
520,041	1759,67
520,251	1749,67
520,462	1773,67
520,672	1360,67
520,882	1717,67
521,093	1672,67
521,303	1762,67
521,513	1682,67
521,724	2664,67
521,934	1532,67
522,144	1623,67
522,355	1668,67
522,565	1693,67
522,775	1629,67
522,985	1650,67
523,196	1646,67
523,406	1628,67
523,616	1769,67
523,826	1648,67
524,036	2468,67
524,246	1612,67
524,457	1614,67
524,667	1630,67
524,877	1745,67
525,087	1689,67
525,297	1691,67
525,507	1764,67
525,717	1497,67
525,927	1742,67
526,137	1707,67
526,347	1646,67
526,557	1642,67
526,767	1565,67
526,977	1954,67
527,187	1684,67
527,397	1564,67
527,607	1451,67
527,816	1626,67
528,026	1654,67
528,236	1631,67
528,446	1678,67
528,656	1624,67
528,865	1883,67
529,075	1616,67
529,285	1633,67
529,495	1926,67
529,704	1649,67
529,914	1682,67
530,124	1676,67
530,334	1589,67
530,543	1520,67
530,753	1924,67
530,963	2075,67
531,172	1578,67
531,382	1532,67
531,591	1983,67
531,801	1595,67
532,01	1679,67
532,22	1710,67
532,43	1630,67
532,639	1950,67
532,849	1652,67
533,058	1646,67
533,267	1807,67
533,477	1593,67
533,686	1593,67
533,896	1622,67
534,105	1672,67
534,315	1733,67
534,524	1660,67
534,733	1635,67
534,943	1788,67
535,152	1768,67
535,361	1588,67
535,57	1636,67
535,78	1665,67
535,989	1589,67
536,198	1467,67
536,407	1522,67
536,617	1679,67
536,826	1667,67
537,035	1709,67
537,244	1662,67
537,453	1332,67
537,662	1713,67
537,872	1778,67
538,081	1393,67
538,29	1624,67
538,499	1593,67
538,708	1556,67
538,917	1660,67
539,126	1735,67
539,335	1664,67
539,544	2009,67
539,753	1585,67
539,962	1599,67
540,171	1624,67
540,38	1783,67
540,589	1668,67
540,797	1780,67
541,006	1645,67
541,215	1580,67
541,424	1825,67
541,633	1601,67
541,842	1587,67
542,05	1871,67
542,259	1677,67
542,468	1622,67
542,677	1703,67
542,885	1671,67
543,094	1664,67
543,303	1579,67
543,512	1698,67
543,72	1766,67
543,929	1733,67
544,138	1658,67
544,346	1617,67
544,555	1584,67
544,763	1679,67
544,972	1695,67
545,18	1550,67
545,389	1708,67
545,598	1550,67
545,806	1791,67
546,015	1602,67
546,223	1675,67
546,431	1650,67
546,64	1506,67
546,848	1582,67
547,057	1856,67
547,265	1606,67
547,474	1612,67
547,682	1651,67
547,89	1781,67
548,099	1742,67
548,307	1624,67
548,515	1803,67
548,723	1721,67
548,932	1679,67
549,14	1659,67
549,348	1737,67
549,556	1619,67
549,765	1679,67
549,973	1507,67
550,181	1688,67
550,389	1653,67
550,597	1572,67
550,805	1674,67
551,014	1740,67
551,222	3325,67
551,43	1484,67
551,638	1578,67
551,846	1779,67
552,054	1801,67
552,262	1809,67
552,47	1656,67
552,678	1589,67
552,886	1596,67
553,094	1539,67
553,302	1696,67
553,51	1638,67
553,717	1800,67
553,925	1511,67
554,133	1930,67
554,341	1526,67
554,549	1660,67
554,757	1416,67
554,965	1578,67
555,172	1642,67
555,38	1743,67
555,588	1463,67
555,796	1699,67
556,003	1811,67
556,211	1624,67
556,419	1688,67
556,626	1714,67
556,834	1558,67
557,042	1604,67
557,249	1630,67
557,457	1702,67
557,664	1481,67
557,872	1536,67
558,08	1587,67
558,287	1639,67
558,495	1738,67
558,702	1500,67
558,91	1669,67
559,117	1678,67
559,325	1754,67
559,532	1625,67
559,74	1838,67
559,947	1598,67
560,154	1763,67
560,362	1588,67
560,569	1596,67
560,776	1652,67
560,984	1733,67
561,191	1679,67
561,398	1662,67
561,606	2039,67
561,813	1701,67
562,02	1487,67
562,227	1474,67
562,435	1550,67
562,642	1735,67
562,849	1692,67
563,056	1610,67
563,263	1549,67
563,471	1925,67
563,678	1668,67
563,885	1650,67
564,092	1687,67
564,299	1840,67
564,506	1811,67
564,713	1627,67
564,92	1589,67
565,127	1746,67
565,334	1599,67
565,541	1938,67
565,748	1675,67
565,955	1579,67
566,162	1647,67
566,369	1652,67
566,576	1741,67
566,783	1780,67
566,99	1563,67
567,196	1784,67
567,403	1705,67
567,61	1801,67
567,817	1530,67
568,024	1711,67
568,23	1685,67
568,437	1616,67
568,644	1670,67
568,851	1687,67
569,057	1976,67
569,264	1899,67
569,471	1700,67
569,677	1787,67
569,884	1844,67
570,091	1930,67
570,297	2649,67
570,504	1946,67
570,71	1842,67
570,917	1732,67
571,123	1843,67
571,33	1822,67
571,536	1732,67
571,743	2056,67
571,949	1698,67
572,156	1968,67
572,362	1955,67
572,569	1540,67
572,775	1831,67
572,982	1648,67
573,188	1828,67
573,394	1713,67
573,601	1678,67
573,807	1764,67
574,013	2097,67
574,22	1924,67
574,426	1721,67
574,632	1945,67
574,838	1815,67
575,045	1789,67
575,251	1790,67
575,457	1724,67
575,663	1867,67
575,869	1798,67
576,076	1695,67
576,282	1840,67
576,488	1885,67
576,694	1841,67
576,9	1598,67
577,106	1765,67
577,312	1889,67
577,518	1974,67
577,724	2078,67
577,93	1952,67
578,136	1812,67
578,342	1838,67
578,548	1724,67
578,754	1735,67
578,96	1704,67
579,166	1778,67
579,372	1980,67
579,578	1958,67
579,784	1907,67
579,989	1777,67
580,195	1758,67
580,401	1743,67
580,607	1831,67
580,813	1840,67
581,018	2223,67
581,224	2028,67
581,43	2037,67
581,636	2168,67
581,841	2134,67
582,047	1988,67
582,253	1961,67
582,458	1836,67
582,664	1684,67
582,869	1715,67
583,075	1657,67
583,281	2037,67
583,486	1672,67
583,692	1693,67
583,897	1808,67
584,103	1775,67
584,308	1928,67
584,514	1856,67
584,719	2048,67
584,925	1861,67
585,13	1890,67
585,335	1918,67
585,541	1880,67
585,746	1803,67
585,952	1725,67
586,157	1705,67
586,362	1657,67
586,568	1804,67
586,773	1851,67
586,978	1768,67
587,183	1795,67
587,389	1818,67
587,594	1655,67
587,799	1790,67
588,004	1934,67
588,21	1774,67
588,415	1627,67
588,62	1781,67
588,825	1820,67
589,03	1650,67
589,235	2181,67
589,44	1669,67
589,645	1456,67
589,85	1720,67
590,055	1792,67
590,26	1624,67
590,465	1569,67
590,67	1726,67
590,875	1806,67
591,08	1690,67
591,285	1642,67
591,49	1733,67
591,695	1607,67
591,9	1530,67
592,105	1608,67
592,31	1594,67
592,515	2007,67
592,719	1606,67
592,924	1631,67
593,129	1659,67
593,334	1697,67
593,539	1571,67
593,743	1782,67
593,948	1495,67
594,153	1563,67
594,357	1833,67
594,562	1584,67
594,767	2069,67
594,971	1521,67
595,176	1615,67
595,381	1656,67
595,585	1576,67
595,79	1825,67
595,994	1462,67
596,199	2074,67
596,403	1392,67
596,608	1413,67
596,812	1558,67
597,017	1592,67
597,221	1776,67
597,426	1690,67
597,63	1555,67
597,835	1473,67
598,039	1530,67
598,243	1500,67
598,448	1816,67
598,652	1674,67
598,856	1712,67
599,061	1519,67
599,265	1530,67
599,469	1518,67
599,673	1646,67
599,878	1666,67
600,082	1515,67
600,286	1562,67
600,49	1616,67
600,695	1443,67
600,899	1577,67
601,103	1657,67
601,307	1658,67
601,511	1570,67
601,715	1474,67
601,919	1410,67
602,123	1719,67
602,327	1493,67
602,531	1583,67
602,735	1686,67
602,939	1667,67
603,143	1567,67
603,347	1594,67
603,551	1481,67
603,755	1585,67
603,959	1530,67
604,163	1587,67
604,367	1573,67
604,571	1472,67
604,775	1601,67
604,978	1524,67
605,182	1552,67
605,386	1585,67
605,59	1523,67
605,793	1567,67
605,997	1677,67
606,201	1632,67
606,405	1395,67
606,608	1588,67
606,812	1574,67
607,016	1585,67
607,219	1300,67
607,423	1608,67
607,627	1618,67
607,83	1489,67
608,034	1504,67
608,237	1571,67
608,441	1487,67
608,644	1659,67
608,848	1528,67
609,051	1614,67
609,255	1502,67
609,458	1631,67
609,662	1599,67
609,865	1561,67
610,069	1438,67
610,272	1516,67
610,475	1416,67
610,679	1522,67
610,882	1514,67
611,085	1531,67
611,289	1594,67
611,492	1500,67
611,695	1431,67
611,898	1485,67
612,102	1584,67
612,305	1573,67
612,508	1542,67
612,711	1672,67
612,914	1501,67
613,118	1594,67
613,321	1575,67
613,524	1509,67
613,727	1419,67
613,93	1476,67
614,133	1557,67
614,336	1611,67
614,539	1555,67
614,742	1358,67
614,945	1494,67
615,148	1651,67
615,351	1517,67
615,554	1640,67
615,757	1638,67
615,96	1691,67
616,163	1583,67
616,366	1601,67
616,569	1521,67
616,772	1720,67
616,974	1540,67
617,177	1623,67
617,38	1554,67
617,583	1572,67
617,786	1459,67
617,988	1363,67
618,191	1636,67
618,394	1461,67
618,596	1417,67
618,799	1589,67
619,002	1518,67
619,204	1598,67
619,407	1519,67
619,61	1408,67
619,812	1498,67
620,015	1457,67
620,217	1623,67
620,42	1482,67
620,623	1461,67
620,825	1543,67
621,028	1639,67
621,23	1563,67
621,432	1670,67
621,635	1630,67
621,837	1644,67
622,04	1516,67
622,242	1388,67
622,445	1571,67
622,647	1581,67
622,849	1600,67
623,052	1352,67
623,254	1609,67
623,456	1679,67
623,658	1662,67
623,861	1613,67
624,063	1379,67
624,265	1581,67
624,467	1628,67
624,67	1320,67
624,872	1501,67
625,074	1714,67
625,276	1588,67
625,478	1563,67
625,68	1320,67
625,882	1383,67
626,084	1479,67
626,287	1701,67
626,489	1602,67
626,691	1538,67
626,893	1538,67
627,095	1590,67
627,297	1640,67
627,499	1455,67
627,7	1269,67
627,902	1466,67
628,104	1337,67
628,306	1457,67
628,508	1414,67
628,71	1480,67
628,912	1549,67
629,114	1805,67
629,315	1507,67
629,517	1433,67
629,719	1435,67
629,921	1472,67
630,122	1497,67
630,324	1548,67
630,526	1571,67
630,728	1504,67
630,929	1464,67
631,131	1428,67
631,332	1610,67
631,534	1593,67
631,736	1549,67
631,937	1348,67
632,139	1483,67
632,34	1462,67
632,542	1828,67
632,743	1645,67
632,945	1439,67
633,146	1569,67
633,348	1590,67
633,549	1525,67
633,751	1461,67
633,952	1430,67
634,154	1374,67
634,355	1259,67
634,556	1442,67
634,758	1412,67
634,959	1337,67
635,16	1562,67
635,362	1445,67
635,563	1634,67
635,764	1483,67
635,965	1570,67
636,167	1485,67
636,368	1457,67
636,569	1457,67
636,77	1644,67
636,971	1398,67
637,172	1497,67
637,374	1396,67
637,575	1663,67
637,776	1313,67
637,977	1365,67
638,178	1542,67
638,379	1452,67
638,58	1504,67
638,781	1175,67
638,982	1399,67
639,183	1467,67
639,384	1416,67
639,585	1422,67
639,786	1301,67
639,987	1398,67
640,187	1547,67
640,388	1566,67
640,589	1401,67
640,79	1385,67
640,991	1540,67
641,192	1579,67
641,392	1296,67
641,593	1366,67
641,794	1330,67
641,995	1449,67
642,195	1276,67
642,396	1350,67
642,597	1345,67
642,797	1400,67
642,998	1491,67
643,199	1377,67
643,399	1470,67
643,6	1315,67
643,8	1291,67
644,001	1439,67
644,202	1407,67
644,402	1362,67
644,603	1462,67
644,803	1302,67
645,004	1464,67
645,204	1340,67
645,404	1403,67
645,605	1728,67
645,805	1345,67
646,006	1333,67
646,206	1735,67
646,406	1436,67
646,607	1266,67
646,807	1226,67
647,007	-5,33
647,208	104,67
647,408	5,67
647,608	-5,33
