200,697	929
200,927	-9
201,158	0
201,388	3
201,618	1603
201,849	1455
202,079	1722
202,309	1608
202,539	1756
202,77	1621
203	1754
203,23	1677
203,46	1711
203,691	1694
203,921	1783
204,151	1728
204,381	1646
204,611	1791
204,841	1631
205,071	1707
205,302	1760
205,532	1790
205,762	3918
205,992	1618
206,222	1678
206,452	1749
206,682	1648
206,912	1838
207,142	1773
207,372	1764
207,602	1602
207,832	1678
208,062	1810
208,292	1775
208,522	1539
208,752	1731
208,982	1638
209,212	1886
209,442	1709
209,672	1668
209,902	1657
210,131	1803
210,361	1659
210,591	1763
210,821	1676
211,051	1862
211,281	1735
211,51	1763
211,74	1797
211,97	1692
212,2	1772
212,429	2009
212,659	1789
212,889	1796
213,119	1627
213,348	1686
213,578	1848
213,808	1823
214,037	1849
214,267	1805
214,497	1785
214,726	1671
214,956	1703
215,186	1763
215,415	1764
215,645	1759
215,874	1785
216,104	1678
216,333	1773
216,563	1742
216,792	1793
217,022	1880
217,251	1798
217,481	1632
217,71	1790
217,94	1781
218,169	1810
218,399	1867
218,628	1724
218,858	1836
219,087	1826
219,316	1810
219,546	1735
219,775	1783
220,004	1948
220,234	1689
220,463	1808
220,692	1805
220,922	1770
221,151	1811
221,38	1737
221,61	2202
221,839	2073
222,068	1766
222,297	1890
222,526	1857
222,756	1909
222,985	1934
223,214	1841
223,443	1858
223,672	2342
223,902	1761
224,131	1809
224,36	2001
224,589	1742
224,818	1856
225,047	1918
225,276	1811
225,505	2159
225,734	1878
225,963	1832
226,192	1896
226,421	1848
226,65	1872
226,879	1905
227,108	1958
227,337	2018
227,566	2086
227,795	1918
228,024	1934
228,253	1909
228,482	1816
228,711	1992
228,94	1797
229,168	1903
229,397	1889
229,626	1906
229,855	1929
230,084	1888
230,313	1815
230,541	2078
230,77	1961
230,999	1836
231,228	2193
231,456	2093
231,685	1879
231,914	2108
232,143	1991
232,371	2040
232,6	1987
232,829	2018
233,057	2080
233,286	2028
233,515	1984
233,743	2040
233,972	1900
234,2	2048
234,429	2024
234,658	2086
234,886	1924
235,115	2015
235,343	2120
235,572	2065
235,8	2116
236,029	2342
236,257	1985
236,486	2149
236,714	2185
236,943	2154
237,171	1985
237,399	2091
237,628	2180
237,856	2240
238,085	2187
238,313	2030
238,541	2120
238,77	2457
238,998	2022
239,226	2226
239,455	2143
239,683	2204
239,911	2109
240,14	2314
240,368	2269
240,596	2197
240,824	2253
241,053	2180
241,281	2108
241,509	2209
241,737	2114
241,965	2050
242,193	2108
242,422	2132
242,65	2146
242,878	2165
243,106	2284
243,334	2291
243,562	2272
243,79	2274
244,018	2329
244,246	2259
244,474	2259
244,702	2249
244,93	2293
245,158	2354
245,386	2227
245,614	2363
245,842	2442
246,07	2276
246,298	2411
246,526	2835
246,754	2216
246,982	2377
247,21	2403
247,438	2300
247,666	2300
247,893	2338
248,121	2286
248,349	2289
248,577	2413
248,805	2515
249,033	2366
249,26	2448
249,488	2350
249,716	2483
249,944	2403
250,171	2358
250,399	2380
250,627	2555
250,854	2449
251,082	2360
251,31	2399
251,537	2403
251,765	2681
251,993	2315
252,22	2738
252,448	2382
252,676	2563
252,903	2476
253,131	2787
253,358	2465
253,586	2397
253,813	2287
254,041	2560
254,268	2473
254,496	2337
254,723	2435
254,951	2502
255,178	2490
255,406	2502
255,633	2512
255,86	2718
256,088	2492
256,315	2480
256,543	2656
256,77	2551
256,997	2491
257,225	2632
257,452	2441
257,679	2491
257,907	2671
258,134	2486
258,361	2667
258,588	2512
258,816	2609
259,043	2500
259,27	2572
259,497	2619
259,725	2472
259,952	2586
260,179	2460
260,406	2571
260,633	2511
260,86	2580
261,088	2615
261,315	2750
261,542	2461
261,769	2562
261,996	2951
262,223	2774
262,45	2797
262,677	2488
262,904	2553
263,131	2717
263,358	2598
263,585	2621
263,812	2926
264,039	2780
264,266	2595
264,493	2657
264,72	2630
264,947	2627
265,174	2846
265,401	2797
265,627	2759
265,854	2708
266,081	2689
266,308	2659
266,535	2632
266,762	2625
266,988	2637
267,215	2693
267,442	2606
267,669	2789
267,896	2627
268,122	2745
268,349	2708
268,576	2475
268,802	2589
269,029	2590
269,256	2623
269,482	2595
269,709	2596
269,936	2657
270,162	2860
270,389	2634
270,616	2697
270,842	2801
271,069	2687
271,295	2673
271,522	2522
271,748	2649
271,975	2748
272,201	2809
272,428	2680
272,654	2675
272,881	2932
273,107	2592
273,334	2744
273,56	2818
273,787	2687
274,013	2748
274,239	3059
274,466	2691
274,692	2750
274,918	2782
275,145	2758
275,371	2751
275,597	2955
275,824	2817
276,05	2822
276,276	2861
276,503	2764
276,729	2815
276,955	2720
277,181	2850
277,407	2772
277,634	2857
277,86	2797
278,086	2883
278,312	2721
278,538	2681
278,764	2777
278,991	2894
279,217	2720
279,443	2710
279,669	2796
279,895	2861
280,121	2691
280,347	2820
280,573	2732
280,799	2808
281,025	3025
281,251	2727
281,477	2916
281,703	2763
281,929	2821
282,155	2813
282,381	2873
282,607	2891
282,833	2947
283,059	2972
283,285	2822
283,51	2865
283,736	2711
283,962	2896
284,188	2952
284,414	2928
284,64	2980
284,865	2960
285,091	2908
285,317	3058
285,543	3003
285,768	2991
285,994	3019
286,22	3230
286,446	3063
286,671	2936
286,897	3092
287,123	2953
287,348	2961
287,574	3512
287,799	3024
288,025	2933
288,251	3227
288,476	3062
288,702	3062
288,927	3008
289,153	2932
289,378	3323
289,604	3098
289,829	3070
290,055	2994
290,28	3083
290,506	3178
290,731	3031
290,957	3173
291,182	3192
291,408	3322
291,633	3114
291,858	2987
292,084	3089
292,309	2993
292,535	3081
292,76	3211
292,985	3095
293,211	3086
293,436	2964
293,661	2927
293,886	3121
294,112	3103
294,337	3117
294,562	2932
294,787	3244
295,013	3174
295,238	3070
295,463	3204
295,688	3280
295,913	3176
296,138	3114
296,364	3085
296,589	3130
296,814	2941
297,039	3069
297,264	3171
297,489	3079
297,714	2980
297,939	2975
298,164	3051
298,389	3162
298,614	3001
298,839	3064
299,064	3178
299,289	3172
299,514	3249
299,739	3187
299,964	3056
300,189	3120
300,414	3245
300,639	3316
300,863	3151
301,088	3536
301,313	3221
301,538	3227
301,763	3186
301,988	3216
302,212	3271
302,437	3644
302,662	3078
302,887	3231
303,111	3228
303,336	3356
303,561	3292
303,786	3133
304,01	3257
304,235	3336
304,46	3039
304,684	3177
304,909	3241
305,134	3044
305,358	3297
305,583	3113
305,807	3389
306,032	2967
306,256	3177
306,481	3203
306,706	3153
306,93	3098
307,155	3409
307,379	3104
307,604	3161
307,828	3168
308,052	3389
308,277	3252
308,501	3265
308,726	3345
308,95	3275
309,175	3183
309,399	3358
309,623	3241
309,848	3128
310,072	3043
310,296	3579
310,521	3191
310,745	3111
310,969	3453
311,193	3325
311,418	3237
311,642	3210
311,866	3161
312,09	3260
312,315	3255
312,539	3326
312,763	3179
312,987	3285
313,211	3139
313,435	3317
313,659	3129
313,884	3449
314,108	3380
314,332	3380
314,556	3150
314,78	3414
315,004	3232
315,228	3354
315,452	3258
315,676	3227
315,9	3194
316,124	2924
316,348	3160
316,572	3196
316,796	3206
317,02	3111
317,244	3194
317,468	3038
317,691	3398
317,915	3212
318,139	3107
318,363	3504
318,587	3142
318,811	3021
319,034	3012
319,258	3278
319,482	3292
319,706	3189
319,93	3142
320,153	3020
320,377	3181
320,601	3070
320,824	2982
321,048	3263
321,272	3205
321,495	3155
321,719	3096
321,943	3110
322,166	3146
322,39	3159
322,614	3170
322,837	3208
323,061	3017
323,284	3192
323,508	3161
323,731	2980
323,955	3118
324,178	3122
324,402	3171
324,625	3107
324,849	2978
325,072	3221
325,296	3161
325,519	3159
325,743	3062
325,966	3235
326,189	3243
326,413	3032
326,636	3458
326,859	3182
327,083	3378
327,306	2945
327,529	2952
327,753	2937
327,976	3203
328,199	3129
328,422	3117
328,646	3081
328,869	2987
329,092	3082
329,315	3274
329,538	3000
329,762	3138
329,985	3001
330,208	3024
330,431	3134
330,654	3225
330,877	3126
331,1	3203
331,323	3085
331,546	3243
331,769	3178
331,993	3031
332,216	3162
332,439	3112
332,662	3159
332,885	3096
333,107	2990
333,33	3031
333,553	3275
333,776	3072
333,999	3119
334,222	3012
334,445	3061
334,668	3124
334,891	3179
335,114	2895
335,336	3130
335,559	3101
335,782	3364
336,005	3057
336,228	3069
336,45	3050
336,673	3006
336,896	3151
337,119	3100
337,341	3017
337,564	3052
337,787	3059
338,009	2945
338,232	3182
338,455	3096
338,677	3046
338,9	3027
339,122	3160
339,345	2914
339,568	2829
339,79	3104
340,013	3137
340,235	3082
340,458	2972
340,68	3142
340,903	2990
341,125	3037
341,348	3124
341,57	2956
341,793	3242
342,015	2865
342,238	3047
342,46	2994
342,682	3174
342,905	2887
343,127	3031
343,349	2924
343,572	3039
343,794	2957
344,016	2994
344,239	2968
344,461	2877
344,683	2896
344,905	2926
345,128	2841
345,35	2991
345,572	3118
345,794	3109
346,017	3009
346,239	3037
346,461	2990
346,683	2981
346,905	3080
347,127	3037
347,349	2944
347,571	3055
347,793	3251
348,016	3028
348,238	3047
348,46	3056
348,682	3027
348,904	3056
349,126	3031
349,348	3092
349,57	2959
349,792	2994
350,014	3139
350,235	3030
350,457	3320
350,679	3033
350,901	2904
351,123	3002
351,345	3032
351,567	3153
351,789	3060
352,01	3079
352,232	3050
352,454	2899
352,676	3119
352,897	2991
353,119	2923
353,341	3050
353,563	2894
353,784	2874
354,006	3017
354,228	2988
354,449	2924
354,671	3111
354,893	3164
355,114	3106
355,336	3071
355,558	3098
355,779	3006
356,001	3144
356,222	3076
356,444	2984
356,665	3726
356,887	3021
357,108	2976
357,33	3019
357,551	3145
357,773	3112
357,994	3050
358,216	2928
358,437	3195
358,659	3187
358,88	3007
359,101	3138
359,323	3117
359,544	3022
359,765	2982
359,987	3051
360,208	3088
360,429	3066
360,651	2988
360,872	3272
361,093	3108
361,314	3060
361,536	3063
361,757	3029
361,978	3027
362,199	3017
362,42	2909
362,642	3070
362,863	3252
363,084	2998
363,305	3078
363,526	3006
363,747	3008
363,968	3075
364,189	3263
364,41	2977
364,631	2972
364,852	3207
365,073	3097
365,294	3134
365,515	2974
365,736	3135
365,957	3123
366,178	3135
366,399	3142
366,62	3203
366,841	3197
367,062	3291
367,283	3145
367,504	3228
367,724	3036
367,945	2997
368,166	3357
368,387	3138
368,608	3074
368,828	3262
369,049	3105
369,27	3192
369,491	3167
369,711	3276
369,932	3306
370,153	3230
370,373	3304
370,594	3378
370,815	3260
371,035	3403
371,256	3089
371,477	3197
371,697	3241
371,918	3133
372,138	3375
372,359	3418
372,579	3132
372,8	3223
373,02	3337
373,241	3347
373,461	3317
373,682	3298
373,902	3278
374,123	3187
374,343	3539
374,564	3295
374,784	3282
375,004	3321
375,225	3252
375,445	3274
375,666	3470
375,886	3206
376,106	3169
376,326	3300
376,547	3545
376,767	3509
376,987	3354
377,208	3418
377,428	3374
377,648	3516
377,868	3592
378,088	3729
378,309	3691
378,529	3806
378,749	3625
378,969	3552
379,189	3690
379,409	3603
379,629	3576
379,849	3626
380,069	3621
380,29	3574
380,51	3625
380,73	3699
380,95	3836
381,17	3673
381,39	3632
381,61	3542
381,829	3638
382,049	3678
382,269	3662
382,489	3750
382,709	3771
382,929	3758
383,149	3735
383,369	4031
383,589	3684
383,808	3857
384,028	3746
384,248	3832
384,468	3802
384,688	3872
384,907	3786
385,127	3778
385,347	4047
385,567	3969
385,786	4097
386,006	3979
386,226	4059
386,445	4019
386,665	4154
386,885	4317
387,104	4274
387,324	4258
387,543	4304
387,763	4444
387,982	4454
388,202	4497
388,422	4458
388,641	4456
388,861	4486
389,08	4613
389,3	4417
389,519	4697
389,738	4537
389,958	4623
390,177	4679
390,397	4732
390,616	4735
390,836	4891
391,055	4842
391,274	4990
391,494	4942
391,713	4990
391,932	5197
392,151	5191
392,371	5268
392,59	5432
392,809	5560
393,029	5400
393,248	5396
393,467	5061
393,686	5157
393,905	6356
394,124	5201
394,344	5350
394,563	5479
394,782	5359
395,001	5544
395,22	5372
395,439	5577
395,658	5559
395,877	5788
396,096	5724
396,315	5924
396,534	5936
396,753	6164
396,972	6081
397,191	6255
397,41	6428
397,629	6506
397,848	6661
398,067	6764
398,286	6800
398,505	6860
398,724	6938
398,943	7213
399,161	6516
399,38	6802
399,599	6708
399,818	6604
400,037	6867
400,255	6664
400,474	6715
400,693	6738
400,912	6967
401,13	6782
401,349	6816
401,568	6628
401,786	6910
402,005	6875
402,224	6768
402,442	6957
402,661	6987
402,88	7012
403,098	6731
403,317	6943
403,535	7080
403,754	7031
403,972	7188
404,191	7163
404,409	7378
404,628	8151
404,846	7551
405,065	7725
405,283	7693
405,502	7567
405,72	7687
405,938	7492
406,157	7332
406,375	7364
406,594	7342
406,812	7463
407,03	7316
407,249	7150
407,467	7464
407,685	7655
407,903	7562
408,122	7910
408,34	7896
408,558	7840
408,776	7732
408,995	7759
409,213	7892
409,431	8033
409,649	7924
409,867	7774
410,085	7790
410,303	7774
410,522	7559
410,74	7590
410,958	7648
411,176	7710
411,394	7738
411,612	7714
411,83	8181
412,048	7999
412,266	7987
412,484	8059
412,702	8288
412,92	7875
413,138	8053
413,356	7931
413,573	7962
413,791	8029
414,009	7782
414,227	7885
414,445	7665
414,663	7624
414,881	7736
415,098	7748
415,316	7679
415,534	8132
415,752	7675
415,969	7876
416,187	7723
416,405	7765
416,623	7925
416,84	7589
417,058	7753
417,276	7923
417,493	7713
417,711	7719
417,928	7858
418,146	7696
418,364	7916
418,581	7781
418,799	7884
419,016	7755
419,234	7863
419,451	8493
419,669	7935
419,886	8035
420,104	8139
420,321	8167
420,539	8313
420,756	8619
420,974	8563
421,191	8703
421,408	8934
421,626	8892
421,843	8774
422,06	8537
422,278	8324
422,495	8347
422,712	8249
422,93	8313
423,147	8321
423,364	8254
423,581	8288
423,799	8021
424,016	7990
424,233	8009
424,45	8129
424,667	8155
424,884	8048
425,102	8095
425,319	7827
425,536	7775
425,753	7860
425,97	7693
426,187	7714
426,404	7673
426,621	8100
426,838	8139
427,055	8275
427,272	8299
427,489	8189
427,706	8073
427,923	7913
428,14	8026
428,357	8322
428,574	8055
428,791	8220
429,008	8451
429,224	8628
429,441	8793
429,658	9083
429,875	9412
430,092	9262
430,308	9192
430,525	8882
430,742	8681
430,959	8525
431,175	8233
431,392	7748
431,609	7816
431,826	7509
432,042	7334
432,259	7313
432,476	7767
432,692	7416
432,909	7632
433,125	7988
433,342	8347
433,559	8608
433,775	8371
433,992	8165
434,208	7713
434,425	7591
434,641	7683
434,858	7900
435,074	7715
435,291	7697
435,507	7595
435,723	7746
435,94	7847
436,156	7875
436,373	8117
436,589	7893
436,805	7855
437,022	7696
437,238	7651
437,454	7615
437,671	7638
437,887	7735
438,103	7677
438,319	7760
438,536	7844
438,752	7779
438,968	7640
439,184	7722
439,4	7450
439,616	7343
439,833	7484
440,049	7311
440,265	7754
440,481	7819
440,697	8128
440,913	8511
441,129	8607
441,345	8614
441,561	8645
441,777	8290
441,993	8111
442,209	7965
442,425	8103
442,641	7988
442,857	8104
443,073	8308
443,289	8221
443,505	8296
443,721	8247
443,937	8138
444,152	7916
444,368	7901
444,584	7891
444,8	7951
445,016	7868
445,231	7799
445,447	7886
445,663	7768
445,879	7798
446,094	7933
446,31	7934
446,526	7850
446,742	7782
446,957	7586
447,173	7663
447,388	7636
447,604	7662
447,82	7512
448,035	7470
448,251	7428
448,466	7549
448,682	7440
448,897	7434
449,113	7618
449,328	7668
449,544	7328
449,759	7738
449,975	7355
450,19	7312
450,406	7347
450,621	7076
450,836	7161
451,052	7071
451,267	6959
451,483	7143
451,698	6963
451,913	7143
452,129	7060
452,344	6923
452,559	7110
452,774	6871
452,99	6802
453,205	6857
453,42	6871
453,635	6788
453,85	6625
454,066	6724
454,281	6754
454,496	6722
454,711	6889
454,926	6971
455,141	6880
455,356	6761
455,571	6629
455,786	6638
456,001	6451
456,217	6333
456,432	6594
456,647	6590
456,861	6654
457,076	6731
457,291	7020
457,506	6882
457,721	6871
457,936	7019
458,151	6887
458,366	7162
458,581	6928
458,796	7187
459,01	6955
459,225	7055
459,44	6776
459,655	6891
459,87	6700
460,084	6707
460,299	6735
460,514	6710
460,729	7188
460,943	6741
461,158	6468
461,373	6479
461,587	6178
461,802	5957
462,016	6247
462,231	6049
462,446	6178
462,66	6044
462,875	6259
463,089	6386
463,304	6423
463,518	6452
463,733	6551
463,947	6681
464,162	6568
464,376	6745
464,591	6925
464,805	6674
465,02	6991
465,234	7115
465,448	7214
465,663	7031
465,877	6756
466,091	6446
466,306	6533
466,52	6481
466,734	6139
466,949	6068
467,163	6057
467,377	6048
467,591	6170
467,806	6092
468,02	5824
468,234	5712
468,448	5902
468,662	5787
468,876	5850
469,091	5523
469,305	5512
469,519	5366
469,733	5258
469,947	5381
470,161	5502
470,375	5195
470,589	5400
470,803	5328
471,017	5321
471,231	5353
471,445	5245
471,659	5380
471,873	5361
472,087	5366
472,301	5579
472,515	5423
472,728	5543
472,942	5635
473,156	5608
473,37	5620
473,584	5513
473,798	5571
474,011	5472
474,225	5528
474,439	5676
474,653	5886
474,866	5840
475,08	5853
475,294	5792
475,507	5611
475,721	5617
475,935	5709
476,148	5513
476,362	5368
476,576	5337
476,789	5379
477,003	5426
477,216	5378
477,43	5507
477,643	5660
477,857	5841
478,07	5546
478,284	5648
478,497	5426
478,711	5452
478,924	5504
479,138	5501
479,351	5485
479,564	5645
479,778	5837
479,991	5710
480,204	5779
480,418	5702
480,631	5630
480,844	5797
481,058	5702
481,271	5888
481,484	5916
481,697	5824
481,911	5809
482,124	5592
482,337	5600
482,55	5504
482,763	5353
482,976	5627
483,19	5539
483,403	5577
483,616	5727
483,829	5896
484,042	5884
484,255	6027
484,468	6183
484,681	6161
484,894	6426
485,107	9305
485,32	14431
485,533	17508
485,746	16399
485,959	13971
486,172	11722
486,385	9139
486,598	7511
486,81	6464
487,023	6118
487,236	6188
487,449	5787
487,662	5508
487,875	5324
488,087	5229
488,3	5192
488,513	4991
488,726	5033
488,938	5278
489,151	5243
489,364	5262
489,576	5158
489,789	5203
490,002	5100
490,214	5011
490,427	4941
490,64	5209
490,852	5139
491,065	4975
491,277	5060
491,49	4997
491,702	4725
491,915	4962
492,127	4965
492,34	4900
492,552	4989
492,765	4983
492,977	5129
493,19	4971
493,402	5015
493,614	4964
493,827	5006
494,039	5001
494,251	4957
494,464	4976
494,676	4702
494,888	4689
495,101	4593
495,313	4659
495,525	4788
495,737	5191
495,95	5259
496,162	5223
496,374	5197
496,586	4869
496,798	4780
497,01	4650
497,222	4359
497,435	4529
497,647	4442
497,859	4534
498,071	4605
498,283	4627
498,495	4645
498,707	5011
498,919	4687
499,131	4991
499,343	4708
499,555	4728
499,767	4772
499,979	4527
500,191	4715
500,402	4460
500,614	4671
500,826	4822
501,038	4755
501,25	4759
501,462	4675
501,673	4747
501,885	4718
502,097	5003
502,309	4786
502,521	4881
502,732	4713
502,944	4719
503,156	4756
503,367	4617
503,579	4447
503,791	4459
504,002	4427
504,214	4505
504,425	4721
504,637	4655
504,849	4440
505,06	4530
505,272	4562
505,483	4469
505,695	4398
505,906	4399
506,118	4546
506,329	4421
506,541	4302
506,752	4353
506,963	4165
507,175	3907
507,386	4413
507,598	4400
507,809	4126
508,02	4276
508,232	4371
508,443	4142
508,654	4358
508,865	4240
509,077	3965
509,288	4008
509,499	4303
509,71	3983
509,922	4164
510,133	4071
510,344	4182
510,555	4039
510,766	4049
510,977	4065
511,188	4021
511,4	3952
511,611	3856
511,822	3887
512,033	3829
512,244	3829
512,455	3841
512,666	3845
512,877	3959
513,088	3842
513,299	3854
513,51	3964
513,721	3760
513,931	3788
514,142	3885
514,353	3911
514,564	3657
514,775	3580
514,986	3684
515,196	3774
515,407	3730
515,618	3784
515,829	3703
516,04	3750
516,25	3751
516,461	3735
516,672	3761
516,882	3697
517,093	3777
517,304	3533
517,514	3517
517,725	3678
517,936	3500
518,146	3563
518,357	3659
518,567	3604
518,778	4048
518,988	3767
519,199	3957
519,409	3597
519,62	3637
519,83	3506
520,041	3550
520,251	3458
520,462	3569
520,672	3509
520,882	3584
521,093	3616
521,303	3617
521,513	3461
521,724	4596
521,934	3320
522,144	3480
522,355	3466
522,565	3519
522,775	3402
522,985	3422
523,196	3443
523,406	3369
523,616	3695
523,826	3532
524,036	3766
524,246	3402
524,457	3349
524,667	3231
524,877	3383
525,087	3357
525,297	3477
525,507	3506
525,717	3240
525,927	3454
526,137	3384
526,347	3461
526,557	3374
526,767	3376
526,977	3701
527,187	3364
527,397	3197
527,607	3294
527,816	3325
528,026	3348
528,236	3515
528,446	3597
528,656	3676
528,865	3760
529,075	3414
529,285	3419
529,495	3491
529,704	3443
529,914	3315
530,124	3368
530,334	3221
530,543	3277
530,753	3671
530,963	3662
531,172	3257
531,382	3238
531,591	3549
531,801	3136
532,01	3271
532,22	3272
532,43	3373
532,639	3660
532,849	3474
533,058	3498
533,267	3680
533,477	3401
533,686	3370
533,896	3364
534,105	3413
534,315	3456
534,524	3411
534,733	3326
534,943	3553
535,152	3413
535,361	3170
535,57	3202
535,78	3172
535,989	3077
536,198	3076
536,407	2960
536,617	3062
536,826	3125
537,035	3184
537,244	3064
537,453	2943
537,662	3193
537,872	3433
538,081	3239
538,29	3163
538,499	3165
538,708	3155
538,917	3269
539,126	3258
539,335	3234
539,544	3683
539,753	3074
539,962	3124
540,171	3082
540,38	3335
540,589	3130
540,797	3405
541,006	3215
541,215	3129
541,424	3431
541,633	3215
541,842	3146
542,05	3460
542,259	3293
542,468	3277
542,677	3270
542,885	3253
543,094	3258
543,303	3161
543,512	3307
543,72	3440
543,929	3431
544,138	3303
544,346	3163
544,555	3233
544,763	3330
544,972	3202
545,18	3032
545,389	3120
545,598	3073
545,806	3162
546,015	3020
546,223	3042
546,431	3089
546,64	3047
546,848	3133
547,057	3232
547,265	3153
547,474	3313
547,682	3507
547,89	3443
548,099	3312
548,307	3109
548,515	3295
548,723	3114
548,932	2973
549,14	2948
549,348	3044
549,556	2959
549,765	2951
549,973	2806
550,181	3002
550,389	3062
550,597	2974
550,805	2849
551,014	2966
551,222	6364
551,43	2865
551,638	3105
551,846	3315
552,054	3267
552,262	3283
552,47	2953
552,678	2872
552,886	2933
553,094	2891
553,302	3057
553,51	3004
553,717	3044
553,925	2824
554,133	3174
554,341	2722
554,549	2904
554,757	2860
554,965	3006
555,172	2993
555,38	3310
555,588	2914
555,796	3036
556,003	3125
556,211	2807
556,419	2799
556,626	2891
556,834	2718
557,042	2817
557,249	2858
557,457	2763
557,664	2600
557,872	2706
558,08	2630
558,287	2804
558,495	2793
558,702	2506
558,91	2669
559,117	2589
559,325	2657
559,532	2731
559,74	2966
559,947	2844
560,154	3012
560,362	2804
560,569	2851
560,776	2804
560,984	2843
561,191	2793
561,398	2672
561,606	3118
561,813	2688
562,02	2488
562,227	2513
562,435	2638
562,642	2725
562,849	2688
563,056	2695
563,263	2636
563,471	2782
563,678	2805
563,885	2625
564,092	2739
564,299	2752
564,506	2792
564,713	2654
564,92	2686
565,127	2740
565,334	2712
565,541	2949
565,748	2712
565,955	2625
566,162	2656
566,369	2781
566,576	2872
566,783	2943
566,99	2881
567,196	3037
567,403	2856
567,61	3021
567,817	2890
568,024	3008
568,23	3018
568,437	3056
568,644	3070
568,851	3195
569,057	3625
569,264	3703
569,471	3641
569,677	3605
569,884	3586
570,091	3555
570,297	4551
570,504	3900
570,71	3786
570,917	3751
571,123	3591
571,33	3808
571,536	3788
571,743	4009
571,949	3482
572,156	3115
572,362	3251
572,569	3149
572,775	3512
572,982	3822
573,188	3740
573,394	3653
573,601	3656
573,807	3739
574,013	4168
574,22	3835
574,426	3589
574,632	3793
574,838	3607
575,045	3388
575,251	3258
575,457	3208
575,663	3356
575,869	3342
576,076	3401
576,282	3633
576,488	3615
576,694	3651
576,9	3339
577,106	3840
577,312	4196
577,518	4504
577,724	4285
577,93	3928
578,136	3533
578,342	3438
578,548	3170
578,754	3035
578,96	3031
579,166	3338
579,372	3647
579,578	3463
579,784	3549
579,989	3478
580,195	3387
580,401	3267
580,607	3421
580,813	4013
581,018	4717
581,224	4843
581,43	4478
581,636	4338
581,841	4331
582,047	3918
582,253	3574
582,458	3204
582,664	2951
582,869	2922
583,075	2651
583,281	3049
583,486	2832
583,692	2831
583,897	3196
584,103	3108
584,308	3211
584,514	3352
584,719	3601
584,925	3611
585,13	3323
585,335	3326
585,541	3203
585,746	2996
585,952	2688
586,157	2695
586,362	2680
586,568	2867
586,773	3168
586,978	3004
587,183	3047
587,389	3034
587,594	2771
587,799	2837
588,004	2874
588,21	2838
588,415	2603
588,62	2549
588,825	2531
589,03	2340
589,235	2957
589,44	2611
589,645	2398
589,85	2523
590,055	2579
590,26	2316
590,465	2319
590,67	2318
590,875	2467
591,08	2422
591,285	2298
591,49	2306
591,695	2300
591,9	2182
592,105	2260
592,31	2553
592,515	2901
592,719	2452
592,924	2387
593,129	2434
593,334	2421
593,539	2246
593,743	2350
593,948	2168
594,153	2147
594,357	2441
594,562	2243
594,767	2743
594,971	2106
595,176	2216
595,381	2322
595,585	2129
595,79	2318
595,994	1922
596,199	2581
596,403	1794
596,608	2033
596,812	2115
597,017	2230
597,221	2324
597,426	2199
597,63	1997
597,835	1907
598,039	1981
598,243	2031
598,448	2433
598,652	2248
598,856	2153
599,061	2203
599,265	2060
599,469	2007
599,673	2177
599,878	2219
600,082	2012
600,286	2162
600,49	2103
600,695	1915
600,899	2093
601,103	2118
601,307	2126
601,511	2060
601,715	1933
601,919	1892
602,123	2195
602,327	2074
602,531	2089
602,735	2224
602,939	2266
603,143	2013
603,347	2125
603,551	2057
603,755	2053
603,959	2036
604,163	2044
604,367	1928
604,571	1935
604,775	2108
604,978	2059
605,182	1957
605,386	2075
605,59	2055
605,793	2002
605,997	2096
606,201	2028
606,405	2040
606,608	2150
606,812	2024
607,016	2143
607,219	1986
607,423	1937
607,627	2166
607,83	1977
608,034	1888
608,237	2065
608,441	1886
608,644	2090
608,848	2043
609,051	1961
609,255	1855
609,458	2138
609,662	1979
609,865	2033
610,069	1908
610,272	1762
610,475	1863
610,679	1935
610,882	1917
611,085	1907
611,289	2049
611,492	1934
611,695	1877
611,898	1880
612,102	2058
612,305	1959
612,508	1934
612,711	2098
612,914	1899
613,118	2002
613,321	1982
613,524	1869
613,727	1892
613,93	1860
614,133	1980
614,336	1991
614,539	1878
614,742	1860
614,945	1899
615,148	2083
615,351	1930
615,554	2034
615,757	1802
615,96	1904
616,163	1806
616,366	2007
616,569	1880
616,772	2082
616,974	1935
617,177	2039
617,38	1958
617,583	1963
617,786	1839
617,988	1777
618,191	2030
618,394	1806
618,596	1781
618,799	1846
619,002	1919
619,204	1955
619,407	1864
619,61	1766
619,812	1895
620,015	1876
620,217	2037
620,42	1826
620,623	1872
620,825	1871
621,028	2092
621,23	2003
621,432	1980
621,635	2075
621,837	1972
622,04	1843
622,242	1869
622,445	1925
622,647	1972
622,849	2062
623,052	1754
623,254	1969
623,456	1776
623,658	2019
623,861	2035
624,063	1881
624,265	1931
624,467	2005
624,67	1813
624,872	1923
625,074	2116
625,276	2021
625,478	1988
625,68	1708
625,882	1774
626,084	1915
626,287	2033
626,489	2007
626,691	1892
626,893	1987
627,095	1925
627,297	1936
627,499	1855
627,7	1651
627,902	1750
628,104	1701
628,306	1786
628,508	1796
628,71	1855
628,912	1891
629,114	2108
629,315	1858
629,517	1828
629,719	1790
629,921	1840
630,122	1892
630,324	1771
630,526	1973
630,728	1912
630,929	1760
631,131	1802
631,332	1981
631,534	1959
631,736	1917
631,937	1724
632,139	1834
632,34	1850
632,542	1934
632,743	1874
632,945	1737
633,146	1898
633,348	1899
633,549	1854
633,751	1786
633,952	1830
634,154	1684
634,355	1703
634,556	1833
634,758	1804
634,959	1800
635,16	1930
635,362	1794
635,563	1884
635,764	1857
635,965	1893
636,167	1819
636,368	1817
636,569	1723
636,77	1964
636,971	1773
637,172	1854
637,374	1688
637,575	1971
637,776	1690
637,977	1641
638,178	1819
638,379	1835
638,58	1875
638,781	1642
638,982	1833
639,183	1771
639,384	1771
639,585	1779
639,786	1657
639,987	1760
640,187	1946
640,388	1878
640,589	1677
640,79	1744
640,991	1775
641,192	1977
641,392	1678
641,593	1686
641,794	1631
641,995	1752
642,195	1584
642,396	1707
642,597	1630
642,797	1701
642,998	1862
643,199	1730
643,399	1832
643,6	1648
643,8	1655
644,001	1737
644,202	1769
644,402	1726
644,603	1834
644,803	1647
645,004	1755
645,204	1605
645,404	1751
645,605	2068
645,805	1709
646,006	1636
646,206	2179
646,406	1643
646,607	1557
646,807	1451
647,007	-18
647,208	2
647,408	5
647,608	8
