200,697	929,33
200,927	-10,67
201,158	3,33
201,388	7,33
201,618	1641,33
201,849	1547,33
202,079	1782,33
202,309	1646,33
202,539	1794,33
202,77	1663,33
203	1797,33
203,23	1724,33
203,46	1784,33
203,691	1771,33
203,921	1790,33
204,151	1796,33
204,381	1733,33
204,611	1832,33
204,841	1677,33
205,071	1767,33
205,302	1896,33
205,532	1827,33
205,762	3925,33
205,992	1692,33
206,222	1740,33
206,452	1811,33
206,682	1712,33
206,912	1850,33
207,142	1860,33
207,372	1822,33
207,602	1680,33
207,832	1752,33
208,062	1879,33
208,292	1843,33
208,522	1661,33
208,752	1808,33
208,982	1724,33
209,212	1929,33
209,442	1754,33
209,672	1749,33
209,902	1755,33
210,131	1879,33
210,361	1659,33
210,591	1755,33
210,821	1715,33
211,051	1935,33
211,281	1774,33
211,51	1839,33
211,74	1865,33
211,97	1701,33
212,2	1811,33
212,429	2133,33
212,659	1839,33
212,889	1873,33
213,119	1687,33
213,348	1747,33
213,578	1926,33
213,808	1918,33
214,037	1913,33
214,267	1865,33
214,497	1858,33
214,726	1763,33
214,956	1686,33
215,186	1790,33
215,415	1810,33
215,645	1831,33
215,874	1902,33
216,104	1700,33
216,333	1813,33
216,563	1866,33
216,792	1880,33
217,022	1924,33
217,251	1886,33
217,481	1709,33
217,71	1905,33
217,94	1809,33
218,169	1841,33
218,399	1863,33
218,628	1771,33
218,858	1914,33
219,087	1910,33
219,316	1928,33
219,546	1881,33
219,775	1833,33
220,004	1985,33
220,234	1778,33
220,463	1908,33
220,692	1836,33
220,922	1812,33
221,151	1866,33
221,38	1814,33
221,61	2206,33
221,839	2134,33
222,068	1833,33
222,297	1982,33
222,526	1906,33
222,756	1944,33
222,985	2000,33
223,214	1898,33
223,443	1861,33
223,672	2388,33
223,902	1787,33
224,131	1910,33
224,36	2029,33
224,589	1788,33
224,818	1852,33
225,047	2024,33
225,276	1839,33
225,505	2209,33
225,734	1950,33
225,963	1855,33
226,192	1875,33
226,421	1913,33
226,65	1947,33
226,879	2014,33
227,108	2115,33
227,337	2101,33
227,566	2155,33
227,795	1969,33
228,024	1985,33
228,253	1898,33
228,482	1833,33
228,711	2088,33
228,94	1857,33
229,168	1985,33
229,397	1989,33
229,626	2052,33
229,855	1986,33
230,084	1945,33
230,313	1882,33
230,541	2156,33
230,77	1993,33
230,999	1889,33
231,228	2253,33
231,456	2113,33
231,685	2013,33
231,914	2115,33
232,143	2030,33
232,371	2070,33
232,6	2045,33
232,829	2094,33
233,057	2167,33
233,286	2101,33
233,515	2089,33
233,743	2132,33
233,972	2023,33
234,2	2141,33
234,429	2093,33
234,658	2107,33
234,886	2019,33
235,115	2159,33
235,343	2112,33
235,572	2066,33
235,8	2219,33
236,029	2441,33
236,257	2008,33
236,486	2215,33
236,714	2302,33
236,943	2249,33
237,171	2110,33
237,399	2123,33
237,628	2274,33
237,856	2265,33
238,085	2219,33
238,313	2115,33
238,541	2238,33
238,77	2550,33
238,998	2124,33
239,226	2240,33
239,455	2201,33
239,683	2279,33
239,911	2169,33
240,14	2366,33
240,368	2282,33
240,596	2197,33
240,824	2273,33
241,053	2257,33
241,281	2225,33
241,509	2281,33
241,737	2239,33
241,965	2129,33
242,193	2230,33
242,422	2195,33
242,65	2209,33
242,878	2261,33
243,106	2259,33
243,334	2278,33
243,562	2366,33
243,79	2319,33
244,018	2330,33
244,246	2269,33
244,474	2264,33
244,702	2216,33
244,93	2372,33
245,158	2296,33
245,386	2261,33
245,614	2441,33
245,842	2510,33
246,07	2302,33
246,298	2467,33
246,526	2846,33
246,754	2299,33
246,982	2471,33
247,21	2383,33
247,438	2368,33
247,666	2377,33
247,893	2367,33
248,121	2335,33
248,349	2321,33
248,577	2438,33
248,805	2511,33
249,033	2417,33
249,26	2422,33
249,488	2408,33
249,716	2423,33
249,944	2415,33
250,171	2439,33
250,399	2428,33
250,627	2597,33
250,854	2495,33
251,082	2431,33
251,31	2471,33
251,537	2486,33
251,765	2690,33
251,993	2347,33
252,22	2884,33
252,448	2378,33
252,676	2601,33
252,903	2501,33
253,131	2867,33
253,358	2485,33
253,586	2455,33
253,813	2353,33
254,041	2613,33
254,268	2525,33
254,496	2369,33
254,723	2510,33
254,951	2537,33
255,178	2564,33
255,406	2521,33
255,633	2518,33
255,86	2733,33
256,088	2562,33
256,315	2486,33
256,543	2702,33
256,77	2609,33
256,997	2598,33
257,225	2604,33
257,452	2523,33
257,679	2507,33
257,907	2680,33
258,134	2525,33
258,361	2739,33
258,588	2532,33
258,816	2619,33
259,043	2507,33
259,27	2553,33
259,497	2668,33
259,725	2510,33
259,952	2550,33
260,179	2457,33
260,406	2688,33
260,633	2559,33
260,86	2614,33
261,088	2580,33
261,315	2857,33
261,542	2473,33
261,769	2563,33
261,996	2961,33
262,223	2773,33
262,45	2883,33
262,677	2506,33
262,904	2597,33
263,131	2670,33
263,358	2634,33
263,585	2698,33
263,812	2978,33
264,039	2826,33
264,266	2634,33
264,493	2664,33
264,72	2497,33
264,947	2610,33
265,174	2826,33
265,401	2761,33
265,627	2817,33
265,854	2780,33
266,081	2677,33
266,308	2625,33
266,535	2681,33
266,762	2599,33
266,988	2652,33
267,215	2741,33
267,442	2617,33
267,669	2761,33
267,896	2666,33
268,122	2833,33
268,349	2770,33
268,576	2481,33
268,802	2654,33
269,029	2617,33
269,256	2734,33
269,482	2628,33
269,709	2629,33
269,936	2721,33
270,162	2873,33
270,389	2633,33
270,616	2709,33
270,842	2883,33
271,069	2715,33
271,295	2701,33
271,522	2591,33
271,748	2673,33
271,975	2798,33
272,201	2897,33
272,428	2722,33
272,654	2733,33
272,881	2937,33
273,107	2653,33
273,334	2758,33
273,56	2878,33
273,787	2701,33
274,013	2776,33
274,239	3081,33
274,466	2707,33
274,692	2793,33
274,918	2773,33
275,145	2759,33
275,371	2779,33
275,597	2960,33
275,824	2853,33
276,05	2826,33
276,276	2859,33
276,503	2806,33
276,729	2855,33
276,955	2739,33
277,181	2849,33
277,407	2808,33
277,634	2873,33
277,86	2800,33
278,086	2893,33
278,312	2781,33
278,538	2766,33
278,764	2817,33
278,991	2965,33
279,217	2739,33
279,443	2720,33
279,669	2711,33
279,895	2874,33
280,121	2838,33
280,347	2827,33
280,573	2724,33
280,799	2773,33
281,025	3062,33
281,251	2733,33
281,477	3004,33
281,703	2807,33
281,929	2833,33
282,155	2873,33
282,381	2889,33
282,607	2929,33
282,833	2915,33
283,059	3025,33
283,285	2881,33
283,51	2881,33
283,736	2772,33
283,962	2897,33
284,188	2985,33
284,414	2950,33
284,64	3057,33
284,865	2902,33
285,091	2887,33
285,317	3055,33
285,543	3058,33
285,768	2967,33
285,994	3042,33
286,22	3236,33
286,446	3126,33
286,671	2913,33
286,897	3041,33
287,123	2939,33
287,348	2961,33
287,574	3520,33
287,799	3099,33
288,025	2956,33
288,251	3276,33
288,476	3028,33
288,702	3065,33
288,927	3007,33
289,153	2997,33
289,378	3265,33
289,604	3101,33
289,829	3017,33
290,055	2934,33
290,28	3152,33
290,506	3180,33
290,731	3012,33
290,957	3189,33
291,182	3159,33
291,408	3234,33
291,633	3183,33
291,858	3103,33
292,084	3210,33
292,309	3068,33
292,535	3132,33
292,76	3223,33
292,985	3165,33
293,211	3129,33
293,436	2993,33
293,661	3000,33
293,886	3103,33
294,112	3128,33
294,337	3177,33
294,562	2948,33
294,787	3220,33
295,013	3138,33
295,238	3089,33
295,463	3260,33
295,688	3313,33
295,913	3159,33
296,138	3157,33
296,364	3050,33
296,589	3098,33
296,814	3049,33
297,039	3081,33
297,264	3234,33
297,489	3078,33
297,714	3060,33
297,939	3010,33
298,164	2983,33
298,389	3189,33
298,614	3003,33
298,839	3121,33
299,064	3280,33
299,289	3191,33
299,514	3220,33
299,739	3150,33
299,964	3150,33
300,189	3146,33
300,414	3245,33
300,639	3378,33
300,863	3131,33
301,088	3576,33
301,313	3281,33
301,538	3229,33
301,763	3172,33
301,988	3260,33
302,212	3279,33
302,437	3646,33
302,662	3148,33
302,887	3144,33
303,111	3232,33
303,336	3287,33
303,561	3317,33
303,786	3222,33
304,01	3270,33
304,235	3373,33
304,46	3101,33
304,684	3185,33
304,909	3189,33
305,134	3063,33
305,358	3350,33
305,583	3130,33
305,807	3499,33
306,032	2998,33
306,256	3210,33
306,481	3204,33
306,706	3129,33
306,93	3035,33
307,155	3399,33
307,379	3158,33
307,604	3153,33
307,828	3148,33
308,052	3397,33
308,277	3271,33
308,501	3279,33
308,726	3368,33
308,95	3390,33
309,175	3161,33
309,399	3374,33
309,623	3188,33
309,848	3098,33
310,072	3004,33
310,296	3616,33
310,521	3209,33
310,745	3139,33
310,969	3513,33
311,193	3347,33
311,418	3284,33
311,642	3174,33
311,866	3305,33
312,09	3237,33
312,315	3303,33
312,539	3357,33
312,763	3177,33
312,987	3365,33
313,211	3186,33
313,435	3332,33
313,659	3151,33
313,884	3493,33
314,108	3414,33
314,332	3371,33
314,556	3168,33
314,78	3421,33
315,004	3287,33
315,228	3318,33
315,452	3279,33
315,676	3324,33
315,9	3254,33
316,124	2972,33
316,348	3203,33
316,572	3225,33
316,796	3291,33
317,02	3126,33
317,244	3247,33
317,468	3146,33
317,691	3398,33
317,915	3274,33
318,139	3129,33
318,363	3607,33
318,587	3225,33
318,811	3093,33
319,034	3093,33
319,258	3310,33
319,482	3351,33
319,706	3277,33
319,93	3132,33
320,153	3135,33
320,377	3199,33
320,601	3106,33
320,824	3014,33
321,048	3339,33
321,272	3185,33
321,495	3178,33
321,719	3219,33
321,943	3140,33
322,166	3192,33
322,39	3170,33
322,614	3288,33
322,837	3271,33
323,061	3058,33
323,284	3261,33
323,508	3216,33
323,731	3095,33
323,955	3218,33
324,178	3173,33
324,402	3237,33
324,625	3196,33
324,849	3072,33
325,072	3269,33
325,296	3289,33
325,519	3170,33
325,743	3120,33
325,966	3372,33
326,189	3225,33
326,413	3152,33
326,636	3464,33
326,859	3244,33
327,083	3494,33
327,306	3029,33
327,529	3113,33
327,753	3029,33
327,976	3178,33
328,199	3254,33
328,422	3189,33
328,646	3246,33
328,869	3033,33
329,092	3228,33
329,315	3438,33
329,538	3080,33
329,762	3234,33
329,985	3029,33
330,208	3081,33
330,431	3269,33
330,654	3369,33
330,877	3158,33
331,1	3238,33
331,323	3160,33
331,546	3297,33
331,769	3217,33
331,993	3103,33
332,216	3165,33
332,439	3193,33
332,662	3222,33
332,885	3227,33
333,107	3034,33
333,33	3092,33
333,553	3293,33
333,776	3166,33
333,999	3219,33
334,222	3079,33
334,445	3179,33
334,668	3149,33
334,891	3210,33
335,114	2990,33
335,336	3196,33
335,559	3143,33
335,782	3500,33
336,005	3169,33
336,228	3163,33
336,45	3098,33
336,673	3067,33
336,896	3204,33
337,119	3189,33
337,341	3100,33
337,564	3033,33
337,787	3217,33
338,009	3115,33
338,232	3212,33
338,455	3255,33
338,677	3182,33
338,9	3166,33
339,122	3204,33
339,345	2966,33
339,568	2985,33
339,79	3175,33
340,013	3252,33
340,235	3219,33
340,458	3047,33
340,68	3216,33
340,903	3083,33
341,125	3070,33
341,348	3111,33
341,57	3017,33
341,793	3316,33
342,015	2906,33
342,238	3084,33
342,46	3130,33
342,682	3188,33
342,905	2993,33
343,127	3148,33
343,349	3108,33
343,572	3139,33
343,794	3019,33
344,016	3014,33
344,239	3144,33
344,461	3039,33
344,683	2969,33
344,905	3043,33
345,128	2973,33
345,35	3095,33
345,572	3237,33
345,794	3279,33
346,017	3111,33
346,239	3135,33
346,461	3049,33
346,683	3079,33
346,905	3172,33
347,127	3132,33
347,349	3118,33
347,571	3091,33
347,793	3394,33
348,016	3169,33
348,238	3100,33
348,46	3127,33
348,682	3138,33
348,904	3175,33
349,126	3187,33
349,348	3196,33
349,57	3102,33
349,792	3114,33
350,014	3218,33
350,235	3179,33
350,457	3419,33
350,679	3161,33
350,901	3090,33
351,123	3090,33
351,345	3107,33
351,567	3219,33
351,789	3172,33
352,01	3233,33
352,232	3169,33
352,454	3057,33
352,676	3199,33
352,897	3121,33
353,119	3004,33
353,341	3098,33
353,563	3026,33
353,784	2973,33
354,006	3074,33
354,228	3001,33
354,449	3007,33
354,671	3249,33
354,893	3170,33
355,114	3172,33
355,336	3133,33
355,558	3142,33
355,779	3087,33
356,001	3164,33
356,222	3159,33
356,444	3048,33
356,665	3588,33
356,887	3109,33
357,108	3085,33
357,33	3109,33
357,551	3219,33
357,773	3165,33
357,994	3163,33
358,216	3015,33
358,437	3299,33
358,659	3241,33
358,88	3133,33
359,101	3196,33
359,323	3156,33
359,544	3165,33
359,765	3086,33
359,987	3166,33
360,208	3209,33
360,429	3246,33
360,651	3105,33
360,872	3350,33
361,093	3151,33
361,314	3251,33
361,536	3164,33
361,757	3191,33
361,978	3066,33
362,199	3084,33
362,42	2979,33
362,642	3190,33
362,863	3304,33
363,084	3146,33
363,305	3223,33
363,526	3146,33
363,747	3074,33
363,968	3185,33
364,189	3330,33
364,41	3088,33
364,631	3003,33
364,852	3233,33
365,073	3201,33
365,294	3156,33
365,515	3036,33
365,736	3314,33
365,957	3225,33
366,178	3144,33
366,399	3154,33
366,62	3229,33
366,841	3277,33
367,062	3225,33
367,283	3225,33
367,504	3372,33
367,724	3139,33
367,945	3069,33
368,166	3411,33
368,387	3247,33
368,608	3165,33
368,828	3395,33
369,049	3162,33
369,27	3316,33
369,491	3238,33
369,711	3319,33
369,932	3440,33
370,153	3367,33
370,373	3339,33
370,594	3455,33
370,815	3347,33
371,035	3541,33
371,256	3151,33
371,477	3299,33
371,697	3283,33
371,918	3183,33
372,138	3371,33
372,359	3470,33
372,579	3185,33
372,8	3308,33
373,02	3402,33
373,241	3401,33
373,461	3393,33
373,682	3343,33
373,902	3417,33
374,123	3269,33
374,343	3603,33
374,564	3363,33
374,784	3306,33
375,004	3507,33
375,225	3283,33
375,445	3334,33
375,666	3640,33
375,886	3286,33
376,106	3331,33
376,326	3356,33
376,547	3588,33
376,767	3548,33
376,987	3434,33
377,208	3500,33
377,428	3423,33
377,648	3592,33
377,868	3633,33
378,088	3657,33
378,309	3749,33
378,529	3707,33
378,749	3726,33
378,969	3602,33
379,189	3770,33
379,409	3693,33
379,629	3677,33
379,849	3757,33
380,069	3597,33
380,29	3552,33
380,51	3657,33
380,73	3786,33
380,95	3982,33
381,17	3753,33
381,39	3693,33
381,61	3549,33
381,829	3706,33
382,049	3774,33
382,269	3668,33
382,489	3747,33
382,709	3745,33
382,929	3775,33
383,149	3793,33
383,369	4155,33
383,589	3721,33
383,808	3884,33
384,028	3828,33
384,248	3886,33
384,468	3779,33
384,688	3872,33
384,907	3825,33
385,127	3865,33
385,347	4006,33
385,567	3921,33
385,786	4149,33
386,006	4036,33
386,226	4065,33
386,445	4065,33
386,665	4187,33
386,885	4236,33
387,104	4262,33
387,324	4309,33
387,543	4322,33
387,763	4374,33
387,982	4482,33
388,202	4405,33
388,422	4424,33
388,641	4403,33
388,861	4495,33
389,08	4532,33
389,3	4319,33
389,519	4626,33
389,738	4489,33
389,958	4489,33
390,177	4532,33
390,397	4700,33
390,616	4618,33
390,836	4812,33
391,055	4652,33
391,274	4815,33
391,494	4739,33
391,713	4838,33
391,932	5039,33
392,151	5022,33
392,371	5143,33
392,59	5169,33
392,809	5342,33
393,029	5257,33
393,248	5191,33
393,467	4869,33
393,686	4924,33
393,905	6202,33
394,124	5017,33
394,344	5241,33
394,563	5177,33
394,782	5216,33
395,001	5281,33
395,22	5225,33
395,439	5358,33
395,658	5333,33
395,877	5526,33
396,096	5412,33
396,315	5603,33
396,534	5559,33
396,753	5788,33
396,972	5796,33
397,191	5985,33
397,41	6053,33
397,629	6093,33
397,848	6210,33
398,067	6361,33
398,286	6344,33
398,505	6337,33
398,724	6462,33
398,943	6913,33
399,161	6030,33
399,38	6262,33
399,599	6281,33
399,818	6135,33
400,037	6311,33
400,255	6174,33
400,474	6111,33
400,693	6251,33
400,912	6468,33
401,13	6171,33
401,349	6270,33
401,568	6135,33
401,786	6372,33
402,005	6388,33
402,224	6271,33
402,442	6352,33
402,661	6399,33
402,88	6306,33
403,098	6242,33
403,317	6378,33
403,535	6504,33
403,754	6468,33
403,972	6574,33
404,191	6587,33
404,409	6581,33
404,628	7506,33
404,846	6891,33
405,065	7041,33
405,283	7044,33
405,502	6885,33
405,72	6924,33
405,938	6746,33
406,157	6714,33
406,375	6651,33
406,594	6697,33
406,812	6659,33
407,03	6696,33
407,249	6355,33
407,467	6782,33
407,685	6876,33
407,903	6810,33
408,122	7128,33
408,34	7069,33
408,558	7114,33
408,776	7110,33
408,995	6957,33
409,213	6997,33
409,431	7277,33
409,649	7154,33
409,867	7041,33
410,085	7070,33
410,303	7023,33
410,522	6781,33
410,74	6868,33
410,958	6878,33
411,176	6992,33
411,394	7032,33
411,612	6954,33
411,83	7217,33
412,048	7188,33
412,266	7182,33
412,484	7204,33
412,702	7442,33
412,92	7027,33
413,138	7293,33
413,356	7125,33
413,573	7273,33
413,791	7423,33
414,009	6935,33
414,227	7107,33
414,445	6889,33
414,663	6926,33
414,881	6947,33
415,098	6944,33
415,316	7030,33
415,534	7409,33
415,752	6980,33
415,969	7154,33
416,187	6934,33
416,405	7022,33
416,623	7127,33
416,84	6860,33
417,058	7061,33
417,276	7122,33
417,493	6939,33
417,711	7028,33
417,928	7138,33
418,146	7053,33
418,364	6970,33
418,581	7060,33
418,799	7018,33
419,016	6836,33
419,234	7001,33
419,451	7618,33
419,669	7113,33
419,886	7141,33
420,104	7202,33
420,321	7329,33
420,539	7420,33
420,756	7780,33
420,974	7765,33
421,191	7738,33
421,408	7972,33
421,626	8177,33
421,843	7750,33
422,06	7674,33
422,278	7423,33
422,495	7556,33
422,712	7469,33
422,93	7495,33
423,147	7549,33
423,364	7337,33
423,581	7496,33
423,799	7115,33
424,016	7281,33
424,233	7224,33
424,45	7367,33
424,667	7348,33
424,884	7306,33
425,102	7421,33
425,319	7038,33
425,536	6989,33
425,753	7078,33
425,97	6771,33
426,187	6983,33
426,404	6873,33
426,621	7364,33
426,838	7397,33
427,055	7446,33
427,272	7478,33
427,489	7428,33
427,706	7209,33
427,923	7156,33
428,14	7091,33
428,357	7490,33
428,574	7365,33
428,791	7401,33
429,008	7629,33
429,224	7739,33
429,441	7973,33
429,658	8221,33
429,875	8483,33
430,092	8349,33
430,308	8267,33
430,525	7980,33
430,742	7734,33
430,959	7636,33
431,175	7350,33
431,392	6973,33
431,609	7077,33
431,826	6858,33
432,042	6709,33
432,259	6621,33
432,476	7075,33
432,692	6632,33
432,909	6798,33
433,125	7225,33
433,342	7534,33
433,559	7868,33
433,775	7586,33
433,992	7345,33
434,208	6969,33
434,425	6819,33
434,641	7041,33
434,858	7220,33
435,074	7062,33
435,291	6911,33
435,507	6874,33
435,723	6950,33
435,94	7022,33
436,156	7201,33
436,373	7339,33
436,589	7201,33
436,805	7182,33
437,022	6884,33
437,238	6934,33
437,454	6922,33
437,671	6875,33
437,887	7043,33
438,103	6971,33
438,319	7049,33
438,536	7178,33
438,752	7026,33
438,968	7005,33
439,184	6934,33
439,4	6745,33
439,616	6637,33
439,833	6772,33
440,049	6723,33
440,265	7014,33
440,481	7066,33
440,697	7375,33
440,913	7707,33
441,129	7758,33
441,345	7918,33
441,561	7693,33
441,777	7516,33
441,993	7449,33
442,209	7160,33
442,425	7277,33
442,641	7131,33
442,857	7409,33
443,073	7438,33
443,289	7453,33
443,505	7583,33
443,721	7478,33
443,937	7368,33
444,152	7268,33
444,368	7146,33
444,584	7178,33
444,8	7341,33
445,016	7086,33
445,231	6935,33
445,447	7090,33
445,663	7121,33
445,879	6951,33
446,094	7180,33
446,31	7270,33
446,526	7141,33
446,742	6993,33
446,957	6911,33
447,173	6832,33
447,388	6906,33
447,604	6936,33
447,82	6795,33
448,035	6813,33
448,251	6840,33
448,466	6854,33
448,682	6787,33
448,897	6702,33
449,113	6904,33
449,328	6895,33
449,544	6683,33
449,759	7037,33
449,975	6677,33
450,19	6745,33
450,406	6709,33
450,621	6440,33
450,836	6459,33
451,052	6449,33
451,267	6433,33
451,483	6477,33
451,698	6412,33
451,913	6460,33
452,129	6423,33
452,344	6273,33
452,559	6486,33
452,774	6294,33
452,99	6191,33
453,205	6205,33
453,42	6255,33
453,635	6250,33
453,85	6029,33
454,066	6201,33
454,281	6171,33
454,496	6308,33
454,711	6303,33
454,926	6414,33
455,141	6242,33
455,356	6157,33
455,571	6186,33
455,786	6116,33
456,001	6017,33
456,217	5862,33
456,432	5963,33
456,647	6055,33
456,861	6106,33
457,076	6194,33
457,291	6385,33
457,506	6289,33
457,721	6375,33
457,936	6426,33
458,151	6360,33
458,366	6577,33
458,581	6370,33
458,796	6566,33
459,01	6384,33
459,225	6524,33
459,44	6222,33
459,655	6416,33
459,87	6186,33
460,084	6167,33
460,299	6198,33
460,514	6146,33
460,729	6697,33
460,943	6164,33
461,158	5920,33
461,373	5980,33
461,587	5591,33
461,802	5495,33
462,016	5730,33
462,231	5513,33
462,446	5641,33
462,66	5510,33
462,875	5735,33
463,089	5982,33
463,304	5979,33
463,518	5969,33
463,733	6064,33
463,947	6089,33
464,162	5987,33
464,376	6184,33
464,591	6397,33
464,805	6233,33
465,02	6422,33
465,234	6541,33
465,448	6596,33
465,663	6466,33
465,877	6258,33
466,091	5949,33
466,306	6047,33
466,52	5969,33
466,734	5625,33
466,949	5551,33
467,163	5604,33
467,377	5426,33
467,591	5742,33
467,806	5563,33
468,02	5468,33
468,234	5342,33
468,448	5505,33
468,662	5329,33
468,876	5433,33
469,091	5115,33
469,305	5199,33
469,519	4841,33
469,733	4891,33
469,947	4970,33
470,161	5188,33
470,375	4817,33
470,589	4949,33
470,803	4910,33
471,017	4946,33
471,231	4869,33
471,445	4884,33
471,659	5036,33
471,873	5001,33
472,087	4903,33
472,301	5164,33
472,515	5051,33
472,728	5131,33
472,942	5131,33
473,156	5339,33
473,37	5151,33
473,584	5064,33
473,798	5225,33
474,011	5078,33
474,225	4986,33
474,439	5312,33
474,653	5397,33
474,866	5396,33
475,08	5414,33
475,294	5417,33
475,507	5085,33
475,721	5229,33
475,935	5199,33
476,148	5105,33
476,362	4920,33
476,576	4950,33
476,789	5060,33
477,003	5033,33
477,216	5015,33
477,43	5114,33
477,643	5263,33
477,857	5454,33
478,07	5191,33
478,284	5143,33
478,497	5018,33
478,711	5057,33
478,924	5099,33
479,138	5104,33
479,351	5115,33
479,564	5187,33
479,778	5510,33
479,991	5315,33
480,204	5311,33
480,418	5375,33
480,631	5207,33
480,844	5378,33
481,058	5300,33
481,271	5406,33
481,484	5521,33
481,697	5394,33
481,911	5327,33
482,124	5286,33
482,337	5144,33
482,55	5041,33
482,763	5098,33
482,976	5199,33
483,19	5165,33
483,403	5128,33
483,616	5351,33
483,829	5399,33
484,042	5501,33
484,255	5556,33
484,468	5642,33
484,681	5514,33
484,894	5892,33
485,107	8515,33
485,32	13122,33
485,533	15700,33
485,746	14690,33
485,959	12690,33
486,172	10672,33
486,385	8384,33
486,598	6869,33
486,81	6003,33
487,023	5764,33
487,236	5640,33
487,449	5361,33
487,662	5094,33
487,875	4868,33
488,087	4897,33
488,3	4901,33
488,513	4706,33
488,726	4709,33
488,938	4911,33
489,151	4871,33
489,364	4945,33
489,576	4830,33
489,789	4822,33
490,002	4781,33
490,214	4693,33
490,427	4555,33
490,64	4807,33
490,852	4742,33
491,065	4660,33
491,277	4709,33
491,49	4724,33
491,702	4449,33
491,915	4675,33
492,127	4715,33
492,34	4658,33
492,552	4610,33
492,765	4732,33
492,977	4859,33
493,19	4650,33
493,402	4685,33
493,614	4563,33
493,827	4712,33
494,039	4612,33
494,251	4611,33
494,464	4576,33
494,676	4311,33
494,888	4404,33
495,101	4214,33
495,313	4390,33
495,525	4489,33
495,737	4840,33
495,95	4974,33
496,162	4892,33
496,374	4755,33
496,586	4592,33
496,798	4506,33
497,01	4319,33
497,222	4148,33
497,435	4361,33
497,647	4129,33
497,859	4265,33
498,071	4334,33
498,283	4493,33
498,495	4419,33
498,707	4640,33
498,919	4360,33
499,131	4685,33
499,343	4399,33
499,555	4465,33
499,767	4505,33
499,979	4350,33
500,191	4433,33
500,402	4249,33
500,614	4422,33
500,826	4617,33
501,038	4355,33
501,25	4479,33
501,462	4369,33
501,673	4513,33
501,885	4446,33
502,097	4657,33
502,309	4526,33
502,521	4527,33
502,732	4387,33
502,944	4469,33
503,156	4353,33
503,367	4379,33
503,579	4229,33
503,791	4257,33
504,002	4210,33
504,214	4278,33
504,425	4423,33
504,637	4399,33
504,849	4210,33
505,06	4311,33
505,272	4330,33
505,483	4109,33
505,695	4175,33
505,906	4201,33
506,118	4349,33
506,329	4163,33
506,541	4047,33
506,752	4046,33
506,963	3933,33
507,175	3776,33
507,386	4194,33
507,598	4194,33
507,809	3903,33
508,02	4023,33
508,232	4144,33
508,443	3874,33
508,654	4296,33
508,865	3967,33
509,077	3737,33
509,288	3849,33
509,499	4098,33
509,71	3769,33
509,922	3929,33
510,133	3897,33
510,344	4033,33
510,555	3810,33
510,766	3821,33
510,977	3799,33
511,188	3848,33
511,4	3793,33
511,611	3630,33
511,822	3674,33
512,033	3663,33
512,244	3779,33
512,455	3714,33
512,666	3704,33
512,877	3737,33
513,088	3657,33
513,299	3712,33
513,51	3636,33
513,721	3620,33
513,931	3675,33
514,142	3761,33
514,353	3753,33
514,564	3443,33
514,775	3485,33
514,986	3542,33
515,196	3648,33
515,407	3457,33
515,618	3573,33
515,829	3597,33
516,04	3604,33
516,25	3523,33
516,461	3521,33
516,672	3616,33
516,882	3498,33
517,093	3599,33
517,304	3351,33
517,514	3446,33
517,725	3604,33
517,936	3300,33
518,146	3344,33
518,357	3503,33
518,567	3441,33
518,778	3929,33
518,988	3547,33
519,199	3814,33
519,409	3459,33
519,62	3430,33
519,83	3419,33
520,041	3418,33
520,251	3369,33
520,462	3433,33
520,672	3353,33
520,882	3417,33
521,093	3494,33
521,303	3456,33
521,513	3352,33
521,724	4457,33
521,934	3221,33
522,144	3341,33
522,355	3211,33
522,565	3312,33
522,775	3320,33
522,985	3221,33
523,196	3303,33
523,406	3289,33
523,616	3520,33
523,826	3368,33
524,036	3711,33
524,246	3273,33
524,457	3182,33
524,667	3079,33
524,877	3285,33
525,087	3154,33
525,297	3375,33
525,507	3442,33
525,717	3070,33
525,927	3268,33
526,137	3178,33
526,347	3330,33
526,557	3169,33
526,767	3284,33
526,977	3613,33
527,187	3282,33
527,397	3183,33
527,607	3097,33
527,816	3145,33
528,026	3242,33
528,236	3388,33
528,446	3453,33
528,656	3467,33
528,865	3620,33
529,075	3336,33
529,285	3222,33
529,495	3382,33
529,704	3309,33
529,914	3217,33
530,124	3306,33
530,334	3098,33
530,543	3155,33
530,753	3503,33
530,963	3559,33
531,172	3112,33
531,382	3106,33
531,591	3445,33
531,801	3029,33
532,01	3126,33
532,22	3140,33
532,43	3205,33
532,639	3521,33
532,849	3300,33
533,058	3323,33
533,267	3495,33
533,477	3236,33
533,686	3229,33
533,896	3188,33
534,105	3312,33
534,315	3381,33
534,524	3254,33
534,733	3210,33
534,943	3420,33
535,152	3305,33
535,361	3041,33
535,57	3087,33
535,78	3048,33
535,989	2992,33
536,198	2956,33
536,407	2943,33
536,617	2973,33
536,826	2964,33
537,035	3066,33
537,244	2970,33
537,453	2911,33
537,662	3112,33
537,872	3406,33
538,081	3090,33
538,29	3027,33
538,499	3022,33
538,708	3028,33
538,917	3131,33
539,126	3177,33
539,335	3162,33
539,544	3618,33
539,753	2922,33
539,962	3067,33
540,171	3023,33
540,38	3279,33
540,589	3133,33
540,797	3309,33
541,006	3077,33
541,215	3042,33
541,424	3257,33
541,633	3092,33
541,842	3014,33
542,05	3300,33
542,259	3175,33
542,468	3123,33
542,677	3168,33
542,885	3117,33
543,094	3141,33
543,303	3009,33
543,512	3252,33
543,72	3327,33
543,929	3268,33
544,138	3157,33
544,346	3063,33
544,555	3122,33
544,763	3172,33
544,972	3129,33
545,18	2897,33
545,389	3026,33
545,598	2894,33
545,806	3010,33
546,015	2970,33
546,223	2897,33
546,431	3031,33
546,64	2915,33
546,848	3015,33
547,057	3117,33
547,265	3034,33
547,474	3139,33
547,682	3315,33
547,89	3263,33
548,099	3178,33
548,307	3048,33
548,515	3200,33
548,723	3062,33
548,932	2790,33
549,14	2886,33
549,348	2919,33
549,556	2906,33
549,765	2809,33
549,973	2780,33
550,181	2947,33
550,389	2948,33
550,597	2961,33
550,805	2755,33
551,014	2949,33
551,222	7086,33
551,43	2827,33
551,638	3025,33
551,846	3203,33
552,054	3175,33
552,262	3219,33
552,47	2899,33
552,678	2818,33
552,886	2917,33
553,094	2780,33
553,302	2965,33
553,51	2945,33
553,717	3016,33
553,925	2712,33
554,133	3083,33
554,341	2658,33
554,549	2834,33
554,757	2863,33
554,965	2890,33
555,172	2898,33
555,38	3273,33
555,588	2825,33
555,796	2963,33
556,003	3142,33
556,211	2708,33
556,419	2781,33
556,626	2878,33
556,834	2738,33
557,042	2714,33
557,249	2811,33
557,457	2796,33
557,664	2593,33
557,872	2641,33
558,08	2582,33
558,287	2746,33
558,495	2713,33
558,702	2529,33
558,91	2684,33
559,117	2604,33
559,325	2600,33
559,532	2661,33
559,74	2964,33
559,947	2733,33
560,154	2985,33
560,362	2756,33
560,569	2760,33
560,776	2736,33
560,984	2811,33
561,191	2764,33
561,398	2704,33
561,606	3027,33
561,813	2717,33
562,02	2417,33
562,227	2443,33
562,435	2596,33
562,642	2761,33
562,849	2705,33
563,056	2619,33
563,263	2566,33
563,471	2747,33
563,678	2721,33
563,885	2629,33
564,092	2707,33
564,299	2665,33
564,506	2809,33
564,713	2643,33
564,92	2694,33
565,127	2713,33
565,334	2606,33
565,541	2955,33
565,748	2706,33
565,955	2587,33
566,162	2625,33
566,369	2702,33
566,576	2841,33
566,783	2913,33
566,99	2814,33
567,196	2986,33
567,403	2847,33
567,61	2946,33
567,817	2829,33
568,024	2951,33
568,23	2998,33
568,437	3001,33
568,644	3036,33
568,851	3137,33
569,057	3553,33
569,264	3553,33
569,471	3477,33
569,677	3547,33
569,884	3439,33
570,091	3473,33
570,297	4507,33
570,504	3673,33
570,71	3635,33
570,917	3528,33
571,123	3465,33
571,33	3594,33
571,536	3705,33
571,743	3791,33
571,949	3319,33
572,156	3126,33
572,362	3166,33
572,569	3074,33
572,775	3408,33
572,982	3761,33
573,188	3572,33
573,394	3421,33
573,601	3538,33
573,807	3609,33
574,013	3993,33
574,22	3692,33
574,426	3406,33
574,632	3588,33
574,838	3509,33
575,045	3274,33
575,251	3145,33
575,457	3119,33
575,663	3261,33
575,869	3252,33
576,076	3339,33
576,282	3523,33
576,488	3487,33
576,694	3494,33
576,9	3254,33
577,106	3596,33
577,312	3953,33
577,518	4265,33
577,724	4101,33
577,93	3699,33
578,136	3387,33
578,342	3285,33
578,548	3097,33
578,754	2895,33
578,96	2989,33
579,166	3161,33
579,372	3560,33
579,578	3301,33
579,784	3468,33
579,989	3366,33
580,195	3258,33
580,401	3261,33
580,607	3351,33
580,813	3899,33
581,018	4501,33
581,224	4482,33
581,43	4334,33
581,636	4042,33
581,841	4053,33
582,047	3691,33
582,253	3411,33
582,458	3175,33
582,664	2887,33
582,869	2837,33
583,075	2567,33
583,281	3032,33
583,486	2813,33
583,692	2786,33
583,897	3095,33
584,103	3006,33
584,308	3127,33
584,514	3263,33
584,719	3561,33
584,925	3453,33
585,13	3240,33
585,335	3245,33
585,541	3095,33
585,746	2922,33
585,952	2641,33
586,157	2714,33
586,362	2695,33
586,568	2830,33
586,773	3064,33
586,978	2927,33
587,183	2857,33
587,389	2906,33
587,594	2694,33
587,799	2737,33
588,004	2781,33
588,21	2799,33
588,415	2475,33
588,62	2497,33
588,825	2516,33
589,03	2323,33
589,235	2889,33
589,44	2567,33
589,645	2404,33
589,85	2493,33
590,055	2591,33
590,26	2387,33
590,465	2312,33
590,67	2345,33
590,875	2441,33
591,08	2412,33
591,285	2339,33
591,49	2321,33
591,695	2253,33
591,9	2273,33
592,105	2328,33
592,31	2497,33
592,515	2899,33
592,719	2444,33
592,924	2385,33
593,129	2365,33
593,334	2434,33
593,539	2296,33
593,743	2411,33
593,948	2190,33
594,153	2118,33
594,357	2459,33
594,562	2254,33
594,767	2759,33
594,971	2150,33
595,176	2204,33
595,381	2290,33
595,585	2112,33
595,79	2346,33
595,994	1939,33
596,199	2555,33
596,403	1828,33
596,608	1969,33
596,812	2063,33
597,017	2225,33
597,221	2367,33
597,426	2241,33
597,63	2078,33
597,835	1997,33
598,039	2024,33
598,243	2078,33
598,448	2449,33
598,652	2283,33
598,856	2164,33
599,061	2231,33
599,265	2084,33
599,469	2033,33
599,673	2254,33
599,878	2316,33
600,082	2002,33
600,286	2158,33
600,49	2163,33
600,695	1950,33
600,899	2090,33
601,103	2174,33
601,307	2257,33
601,511	2071,33
601,715	2027,33
601,919	1899,33
602,123	2235,33
602,327	2147,33
602,531	2116,33
602,735	2236,33
602,939	2253,33
603,143	2067,33
603,347	2175,33
603,551	2043,33
603,755	2082,33
603,959	2018,33
604,163	2103,33
604,367	2041,33
604,571	1990,33
604,775	2118,33
604,978	2054,33
605,182	1971,33
605,386	2130,33
605,59	2166,33
605,793	2030,33
605,997	2177,33
606,201	2078,33
606,405	2132,33
606,608	2193,33
606,812	2067,33
607,016	2238,33
607,219	1986,33
607,423	1996,33
607,627	2204,33
607,83	2048,33
608,034	1925,33
608,237	2024,33
608,441	1943,33
608,644	2116,33
608,848	2119,33
609,051	2072,33
609,255	1925,33
609,458	2141,33
609,662	2030,33
609,865	2100,33
610,069	1936,33
610,272	1861,33
610,475	1907,33
610,679	1902,33
610,882	1979,33
611,085	1965,33
611,289	2083,33
611,492	1976,33
611,695	1929,33
611,898	1919,33
612,102	2053,33
612,305	1972,33
612,508	1940,33
612,711	2183,33
612,914	1951,33
613,118	2029,33
613,321	2034,33
613,524	1894,33
613,727	1934,33
613,93	1881,33
614,133	2006,33
614,336	2079,33
614,539	1922,33
614,742	1897,33
614,945	1932,33
615,148	2119,33
615,351	1984,33
615,554	2122,33
615,757	1877,33
615,96	1978,33
616,163	1889,33
616,366	2093,33
616,569	1913,33
616,772	2171,33
616,974	1963,33
617,177	2135,33
617,38	1950,33
617,583	2015,33
617,786	1858,33
617,988	1841,33
618,191	2085,33
618,394	1844,33
618,596	1836,33
618,799	1852,33
619,002	1922,33
619,204	2002,33
619,407	1952,33
619,61	1859,33
619,812	1922,33
620,015	1881,33
620,217	2093,33
620,42	1929,33
620,623	1901,33
620,825	1910,33
621,028	2084,33
621,23	2038,33
621,432	1991,33
621,635	2111,33
621,837	1987,33
622,04	1926,33
622,242	1892,33
622,445	1962,33
622,647	1983,33
622,849	2088,33
623,052	1820,33
623,254	2029,33
623,456	1810,33
623,658	2085,33
623,861	2113,33
624,063	1967,33
624,265	1949,33
624,467	2097,33
624,67	1797,33
624,872	2020,33
625,074	2190,33
625,276	2030,33
625,478	2060,33
625,68	1731,33
625,882	1836,33
626,084	1911,33
626,287	2110,33
626,489	2026,33
626,691	1968,33
626,893	2003,33
627,095	1985,33
627,297	2003,33
627,499	1873,33
627,7	1704,33
627,902	1712,33
628,104	1734,33
628,306	1837,33
628,508	1777,33
628,71	1911,33
628,912	1970,33
629,114	2189,33
629,315	1902,33
629,517	1834,33
629,719	1831,33
629,921	1924,33
630,122	1943,33
630,324	1825,33
630,526	1999,33
630,728	1907,33
630,929	1852,33
631,131	1806,33
631,332	2085,33
631,534	2035,33
631,736	1923,33
631,937	1813,33
632,139	1940,33
632,34	1940,33
632,542	1972,33
632,743	1956,33
632,945	1764,33
633,146	1953,33
633,348	1963,33
633,549	1867,33
633,751	1793,33
633,952	1866,33
634,154	1743,33
634,355	1744,33
634,556	1889,33
634,758	1783,33
634,959	1794,33
635,16	2016,33
635,362	1819,33
635,563	1929,33
635,764	1937,33
635,965	1939,33
636,167	1926,33
636,368	1862,33
636,569	1882,33
636,77	2092,33
636,971	1819,33
637,172	1925,33
637,374	1788,33
637,575	2027,33
637,776	1708,33
637,977	1709,33
638,178	1929,33
638,379	1858,33
638,58	1913,33
638,781	1651,33
638,982	1860,33
639,183	1813,33
639,384	1777,33
639,585	1781,33
639,786	1768,33
639,987	1790,33
640,187	1996,33
640,388	1965,33
640,589	1753,33
640,79	1778,33
640,991	1857,33
641,192	2038,33
641,392	1757,33
641,593	1801,33
641,794	1693,33
641,995	1769,33
642,195	1613,33
642,396	1793,33
642,597	1675,33
642,797	1793,33
642,998	1921,33
643,199	1732,33
643,399	1879,33
643,6	1696,33
643,8	1705,33
644,001	1795,33
644,202	1859,33
644,402	1830,33
644,603	1954,33
644,803	1677,33
645,004	1865,33
645,204	1653,33
645,404	1811,33
645,605	2172,33
645,805	1745,33
646,006	1710,33
646,206	2264,33
646,406	1753,33
646,607	1598,33
646,807	1547,33
647,007	-19,67
647,208	3,33
647,408	1,33
647,608	4,33
