200,697	970,67
200,927	32,67
201,158	203,67
201,388	21,67
201,618	1447,67
201,849	1424,67
202,079	1631,67
202,309	1472,67
202,539	1643,67
202,77	1595,67
203	1777,67
203,23	1614,67
203,46	1740,67
203,691	1702,67
203,921	1728,67
204,151	1696,67
204,381	1636,67
204,611	1729,67
204,841	1608,67
205,071	1490,67
205,302	1786,67
205,532	1609,67
205,762	3954,67
205,992	1573,67
206,222	1592,67
206,452	1650,67
206,682	1741,67
206,912	1725,67
207,142	1732,67
207,372	1702,67
207,602	1615,67
207,832	1652,67
208,062	1707,67
208,292	1761,67
208,522	1548,67
208,752	1663,67
208,982	1631,67
209,212	1840,67
209,442	1718,67
209,672	1648,67
209,902	1619,67
210,131	1887,67
210,361	1561,67
210,591	1976,67
210,821	1606,67
211,051	1844,67
211,281	1842,67
211,51	1749,67
211,74	1817,67
211,97	1635,67
212,2	1728,67
212,429	2007,67
212,659	1711,67
212,889	1741,67
213,119	1633,67
213,348	1622,67
213,578	1828,67
213,808	1816,67
214,037	1850,67
214,267	1831,67
214,497	1669,67
214,726	1698,67
214,956	1586,67
215,186	1867,67
215,415	1663,67
215,645	1749,67
215,874	1814,67
216,104	1780,67
216,333	1723,67
216,563	1866,67
216,792	1782,67
217,022	1842,67
217,251	1726,67
217,481	1647,67
217,71	1742,67
217,94	1705,67
218,169	1808,67
218,399	1750,67
218,628	1678,67
218,858	1842,67
219,087	1859,67
219,316	1818,67
219,546	1730,67
219,775	1739,67
220,004	1846,67
220,234	1769,67
220,463	1753,67
220,692	1757,67
220,922	1751,67
221,151	1772,67
221,38	1742,67
221,61	2143,67
221,839	2028,67
222,068	1761,67
222,297	1869,67
222,526	1844,67
222,756	1755,67
222,985	1862,67
223,214	1772,67
223,443	1726,67
223,672	2248,67
223,902	1710,67
224,131	1846,67
224,36	1903,67
224,589	1573,67
224,818	1630,67
225,047	1801,67
225,276	1710,67
225,505	2025,67
225,734	1864,67
225,963	1612,67
226,192	1697,67
226,421	1756,67
226,65	1787,67
226,879	1814,67
227,108	1843,67
227,337	1868,67
227,566	1962,67
227,795	1796,67
228,024	1798,67
228,253	1693,67
228,482	1654,67
228,711	1812,67
228,94	1586,67
229,168	1848,67
229,397	1738,67
229,626	2089,67
229,855	1775,67
230,084	1734,67
230,313	1750,67
230,541	1844,67
230,77	1800,67
230,999	1598,67
231,228	1975,67
231,456	1856,67
231,685	1691,67
231,914	1808,67
232,143	1719,67
232,371	1762,67
232,6	1806,67
232,829	1743,67
233,057	1826,67
233,286	1787,67
233,515	1790,67
233,743	1772,67
233,972	1720,67
234,2	1738,67
234,429	1769,67
234,658	1844,67
234,886	1658,67
235,115	1765,67
235,343	1514,67
235,572	1715,67
235,8	1865,67
236,029	1972,67
236,257	1652,67
236,486	1896,67
236,714	1862,67
236,943	1934,67
237,171	1740,67
237,399	1716,67
237,628	1880,67
237,856	1875,67
238,085	1734,67
238,313	1653,67
238,541	1810,67
238,77	2013,67
238,998	1664,67
239,226	1895,67
239,455	1800,67
239,683	1848,67
239,911	1564,67
240,14	1860,67
240,368	1892,67
240,596	1780,67
240,824	1782,67
241,053	1731,67
241,281	1725,67
241,509	1792,67
241,737	1685,67
241,965	1627,67
242,193	1697,67
242,422	1662,67
242,65	1688,67
242,878	1706,67
243,106	1764,67
243,334	1752,67
243,562	1807,67
243,79	1845,67
244,018	1748,67
244,246	1789,67
244,474	1810,67
244,702	1690,67
244,93	1898,67
245,158	1766,67
245,386	1759,67
245,614	1676,67
245,842	1923,67
246,07	1695,67
246,298	1889,67
246,526	2220,67
246,754	1702,67
246,982	1787,67
247,21	1797,67
247,438	1734,67
247,666	1777,67
247,893	1752,67
248,121	1731,67
248,349	1697,67
248,577	2000,67
248,805	1818,67
249,033	1766,67
249,26	1815,67
249,488	1593,67
249,716	1824,67
249,944	1766,67
250,171	1664,67
250,399	1759,67
250,627	1908,67
250,854	1825,67
251,082	1640,67
251,31	1719,67
251,537	1767,67
251,765	1975,67
251,993	1669,67
252,22	2095,67
252,448	1785,67
252,676	1811,67
252,903	1798,67
253,131	2105,67
253,358	1604,67
253,586	1619,67
253,813	1592,67
254,041	1832,67
254,268	1669,67
254,496	1699,67
254,723	1716,67
254,951	1739,67
255,178	1773,67
255,406	1730,67
255,633	1786,67
255,86	1927,67
256,088	1740,67
256,315	1669,67
256,543	1858,67
256,77	1789,67
256,997	1774,67
257,225	1770,67
257,452	1754,67
257,679	1607,67
257,907	1883,67
258,134	1766,67
258,361	1797,67
258,588	1720,67
258,816	1792,67
259,043	1846,67
259,27	1790,67
259,497	1818,67
259,725	1732,67
259,952	1724,67
260,179	1677,67
260,406	1802,67
260,633	1732,67
260,86	1782,67
261,088	1713,67
261,315	1944,67
261,542	1631,67
261,769	1686,67
261,996	2084,67
262,223	2004,67
262,45	2031,67
262,677	1583,67
262,904	1703,67
263,131	1822,67
263,358	1718,67
263,585	1800,67
263,812	2321,67
264,039	1830,67
264,266	1724,67
264,493	1840,67
264,72	1781,67
264,947	1714,67
265,174	2090,67
265,401	1950,67
265,627	1917,67
265,854	1820,67
266,081	1810,67
266,308	1754,67
266,535	1754,67
266,762	1711,67
266,988	1755,67
267,215	1841,67
267,442	1895,67
267,669	1864,67
267,896	1845,67
268,122	1952,67
268,349	1824,67
268,576	1627,67
268,802	1748,67
269,029	1757,67
269,256	1834,67
269,482	1778,67
269,709	1738,67
269,936	1816,67
270,162	1983,67
270,389	1734,67
270,616	1819,67
270,842	1947,67
271,069	1866,67
271,295	1807,67
271,522	1831,67
271,748	1746,67
271,975	1924,67
272,201	1939,67
272,428	1876,67
272,654	1828,67
272,881	2053,67
273,107	1652,67
273,334	1772,67
273,56	1952,67
273,787	1623,67
274,013	1818,67
274,239	2072,67
274,466	1771,67
274,692	1789,67
274,918	1767,67
275,145	1794,67
275,371	1806,67
275,597	1919,67
275,824	1835,67
276,05	1842,67
276,276	1852,67
276,503	1748,67
276,729	1777,67
276,955	1462,67
277,181	1808,67
277,407	1758,67
277,634	1854,67
277,86	1957,67
278,086	1856,67
278,312	1797,67
278,538	1704,67
278,764	1843,67
278,991	1901,67
279,217	1677,67
279,443	1673,67
279,669	1793,67
279,895	1864,67
280,121	1770,67
280,347	1782,67
280,573	1683,67
280,799	1734,67
281,025	1847,67
281,251	1662,67
281,477	1869,67
281,703	1646,67
281,929	1675,67
282,155	1671,67
282,381	1834,67
282,607	1763,67
282,833	1524,67
283,059	1822,67
283,285	1695,67
283,51	1740,67
283,736	1588,67
283,962	1731,67
284,188	1787,67
284,414	1744,67
284,64	1780,67
284,865	1831,67
285,091	1709,67
285,317	1801,67
285,543	1847,67
285,768	1694,67
285,994	1774,67
286,22	1974,67
286,446	1845,67
286,671	1483,67
286,897	1784,67
287,123	1786,67
287,348	1660,67
287,574	2196,67
287,799	1849,67
288,025	1779,67
288,251	1988,67
288,476	1804,67
288,702	1756,67
288,927	1750,67
289,153	1682,67
289,378	1966,67
289,604	1819,67
289,829	1800,67
290,055	1698,67
290,28	1757,67
290,506	1864,67
290,731	1784,67
290,957	1814,67
291,182	1877,67
291,408	1931,67
291,633	1847,67
291,858	1738,67
292,084	1822,67
292,309	1832,67
292,535	1804,67
292,76	1892,67
292,985	1765,67
293,211	1738,67
293,436	1666,67
293,661	1578,67
293,886	1709,67
294,112	1828,67
294,337	1750,67
294,562	1627,67
294,787	1866,67
295,013	1760,67
295,238	1828,67
295,463	1846,67
295,688	1844,67
295,913	1782,67
296,138	1757,67
296,364	1754,67
296,589	1875,67
296,814	1429,67
297,039	1788,67
297,264	1884,67
297,489	1780,67
297,714	1834,67
297,939	1695,67
298,164	1744,67
298,389	1858,67
298,614	1695,67
298,839	1786,67
299,064	1878,67
299,289	1831,67
299,514	1833,67
299,739	1922,67
299,964	1687,67
300,189	1708,67
300,414	1907,67
300,639	1969,67
300,863	1726,67
301,088	2064,67
301,313	1766,67
301,538	1763,67
301,763	1787,67
301,988	1759,67
302,212	1814,67
302,437	2238,67
302,662	1641,67
302,887	1742,67
303,111	1738,67
303,336	1929,67
303,561	1873,67
303,786	1755,67
304,01	1785,67
304,235	1908,67
304,46	1674,67
304,684	1752,67
304,909	1790,67
305,134	1822,67
305,358	1868,67
305,583	1776,67
305,807	1978,67
306,032	1611,67
306,256	1835,67
306,481	1884,67
306,706	1751,67
306,93	1672,67
307,155	2064,67
307,379	1712,67
307,604	1806,67
307,828	1716,67
308,052	1936,67
308,277	1808,67
308,501	1766,67
308,726	1919,67
308,95	1806,67
309,175	1529,67
309,399	1897,67
309,623	1756,67
309,848	1664,67
310,072	1611,67
310,296	2070,67
310,521	1728,67
310,745	1648,67
310,969	2187,67
311,193	1776,67
311,418	1832,67
311,642	1765,67
311,866	1811,67
312,09	1777,67
312,315	1777,67
312,539	1867,67
312,763	1708,67
312,987	1878,67
313,211	1701,67
313,435	1889,67
313,659	1727,67
313,884	2168,67
314,108	1947,67
314,332	2163,67
314,556	1654,67
314,78	1999,67
315,004	1949,67
315,228	1901,67
315,452	1715,67
315,676	1925,67
315,9	1862,67
316,124	1525,67
316,348	1793,67
316,572	1871,67
316,796	1848,67
317,02	1746,67
317,244	1804,67
317,468	1660,67
317,691	1959,67
317,915	1859,67
318,139	1752,67
318,363	2081,67
318,587	1872,67
318,811	1675,67
319,034	1680,67
319,258	1883,67
319,482	1984,67
319,706	1874,67
319,93	1764,67
320,153	1723,67
320,377	1968,67
320,601	1751,67
320,824	1612,67
321,048	1944,67
321,272	1949,67
321,495	1825,67
321,719	1803,67
321,943	1725,67
322,166	1734,67
322,39	1726,67
322,614	1840,67
322,837	1973,67
323,061	1680,67
323,284	1791,67
323,508	1894,67
323,731	1519,67
323,955	1797,67
324,178	1729,67
324,402	1871,67
324,625	1748,67
324,849	1612,67
325,072	1802,67
325,296	1806,67
325,519	1721,67
325,743	1704,67
325,966	1875,67
326,189	1919,67
326,413	1712,67
326,636	2027,67
326,859	1804,67
327,083	2155,67
327,306	1647,67
327,529	1638,67
327,753	1782,67
327,976	1800,67
328,199	1956,67
328,422	1833,67
328,646	1847,67
328,869	1638,67
329,092	1843,67
329,315	2045,67
329,538	1671,67
329,762	1746,67
329,985	1617,67
330,208	1623,67
330,431	1838,67
330,654	1855,67
330,877	1806,67
331,1	1864,67
331,323	1705,67
331,546	1915,67
331,769	1836,67
331,993	1682,67
332,216	1750,67
332,439	1846,67
332,662	1801,67
332,885	1686,67
333,107	1650,67
333,33	1630,67
333,553	1893,67
333,776	1708,67
333,999	1769,67
334,222	1845,67
334,445	1684,67
334,668	1752,67
334,891	1844,67
335,114	1545,67
335,336	1709,67
335,559	1852,67
335,782	2020,67
336,005	1733,67
336,228	1747,67
336,45	1731,67
336,673	1684,67
336,896	1769,67
337,119	1568,67
337,341	1711,67
337,564	1702,67
337,787	1738,67
338,009	1711,67
338,232	1776,67
338,455	1879,67
338,677	1748,67
338,9	1729,67
339,122	1702,67
339,345	1662,67
339,568	1603,67
339,79	1759,67
340,013	1914,67
340,235	1801,67
340,458	1649,67
340,68	1784,67
340,903	1661,67
341,125	1721,67
341,348	1734,67
341,57	1678,67
341,793	1866,67
342,015	1626,67
342,238	1746,67
342,46	1810,67
342,682	1780,67
342,905	1702,67
343,127	1804,67
343,349	1749,67
343,572	1736,67
343,794	1655,67
344,016	1720,67
344,239	1847,67
344,461	1663,67
344,683	1672,67
344,905	1709,67
345,128	1673,67
345,35	1737,67
345,572	1895,67
345,794	1975,67
346,017	1699,67
346,239	1688,67
346,461	1754,67
346,683	1663,67
346,905	1754,67
347,127	1702,67
347,349	1680,67
347,571	1729,67
347,793	1947,67
348,016	1783,67
348,238	1746,67
348,46	1766,67
348,682	1719,67
348,904	1838,67
349,126	1780,67
349,348	1742,67
349,57	1664,67
349,792	1788,67
350,014	1799,67
350,235	1696,67
350,457	2553,67
350,679	1756,67
350,901	1617,67
351,123	1679,67
351,345	1732,67
351,567	1903,67
351,789	1855,67
352,01	1837,67
352,232	1772,67
352,454	1733,67
352,676	1824,67
352,897	1441,67
353,119	1672,67
353,341	1721,67
353,563	1675,67
353,784	1716,67
354,006	1747,67
354,228	1697,67
354,449	1709,67
354,671	1814,67
354,893	1899,67
355,114	1831,67
355,336	1712,67
355,558	1833,67
355,779	1672,67
356,001	1880,67
356,222	1803,67
356,444	1639,67
356,665	2439,67
356,887	1661,67
357,108	1604,67
357,33	1720,67
357,551	1835,67
357,773	1710,67
357,994	1741,67
358,216	1646,67
358,437	1883,67
358,659	1852,67
358,88	1668,67
359,101	1794,67
359,323	1823,67
359,544	1659,67
359,765	1606,67
359,987	1735,67
360,208	1693,67
360,429	1784,67
360,651	1829,67
360,872	1892,67
361,093	1761,67
361,314	1746,67
361,536	1723,67
361,757	1710,67
361,978	1660,67
362,199	1676,67
362,42	1617,67
362,642	1680,67
362,863	1897,67
363,084	1733,67
363,305	1753,67
363,526	1681,67
363,747	1689,67
363,968	1742,67
364,189	1862,67
364,41	1638,67
364,631	1581,67
364,852	1615,67
365,073	1691,67
365,294	1774,67
365,515	1603,67
365,736	1782,67
365,957	1714,67
366,178	1700,67
366,399	1754,67
366,62	1779,67
366,841	1860,67
367,062	1774,67
367,283	1733,67
367,504	1847,67
367,724	1680,67
367,945	1581,67
368,166	1822,67
368,387	1721,67
368,608	1653,67
368,828	1877,67
369,049	1639,67
369,27	1609,67
369,491	1688,67
369,711	1725,67
369,932	1544,67
370,153	1700,67
370,373	1776,67
370,594	1863,67
370,815	1790,67
371,035	1896,67
371,256	1526,67
371,477	1760,67
371,697	1732,67
371,918	1521,67
372,138	1796,67
372,359	1912,67
372,579	1610,67
372,8	1659,67
373,02	1825,67
373,241	1729,67
373,461	1770,67
373,682	1758,67
373,902	1691,67
374,123	1667,67
374,343	1836,67
374,564	1712,67
374,784	1650,67
375,004	1754,67
375,225	1626,67
375,445	1693,67
375,666	1911,67
375,886	1647,67
376,106	1667,67
376,326	1749,67
376,547	1943,67
376,767	1749,67
376,987	1674,67
377,208	1677,67
377,428	1632,67
377,648	1822,67
377,868	1831,67
378,088	1859,67
378,309	1854,67
378,529	1828,67
378,749	1741,67
378,969	1524,67
379,189	1922,67
379,409	1772,67
379,629	1654,67
379,849	1774,67
380,069	1649,67
380,29	1670,67
380,51	1713,67
380,73	1756,67
380,95	1929,67
381,17	1794,67
381,39	1751,67
381,61	1619,67
381,829	1687,67
382,049	1663,67
382,269	1664,67
382,489	1752,67
382,709	1669,67
382,929	1796,67
383,149	1870,67
383,369	2148,67
383,589	1764,67
383,808	1742,67
384,028	1720,67
384,248	1846,67
384,468	1680,67
384,688	1678,67
384,907	1704,67
385,127	1608,67
385,347	1838,67
385,567	1697,67
385,786	1812,67
386,006	1857,67
386,226	1747,67
386,445	1613,67
386,665	1709,67
386,885	1791,67
387,104	1604,67
387,324	1692,67
387,543	1560,67
387,763	1683,67
387,982	1748,67
388,202	1856,67
388,422	1692,67
388,641	1647,67
388,861	1800,67
389,08	1839,67
389,3	1641,67
389,519	1879,67
389,738	1831,67
389,958	1692,67
390,177	1828,67
390,397	1914,67
390,616	1744,67
390,836	1819,67
391,055	1684,67
391,274	1717,67
391,494	1622,67
391,713	1605,67
391,932	1775,67
392,151	1526,67
392,371	1625,67
392,59	1692,67
392,809	1800,67
393,029	1811,67
393,248	1828,67
393,467	1586,67
393,686	1690,67
393,905	2827,67
394,124	1660,67
394,344	1735,67
394,563	1749,67
394,782	1627,67
395,001	1757,67
395,22	1650,67
395,439	1811,67
395,658	1638,67
395,877	1759,67
396,096	1623,67
396,315	1845,67
396,534	1602,67
396,753	1756,67
396,972	1789,67
397,191	1685,67
397,41	1480,67
397,629	1676,67
397,848	1602,67
398,067	1719,67
398,286	1617,67
398,505	1591,67
398,724	1818,67
398,943	2452,67
399,161	1553,67
399,38	1741,67
399,599	1807,67
399,818	1693,67
400,037	1846,67
400,255	1810,67
400,474	1685,67
400,693	1774,67
400,912	1892,67
401,13	1816,67
401,349	1752,67
401,568	1584,67
401,786	1900,67
402,005	1801,67
402,224	1698,67
402,442	1778,67
402,661	1779,67
402,88	1665,67
403,098	1601,67
403,317	1740,67
403,535	1753,67
403,754	1612,67
403,972	1685,67
404,191	1627,67
404,409	1747,67
404,628	2427,67
404,846	1640,67
405,065	1820,67
405,283	1768,67
405,502	1682,67
405,72	1717,67
405,938	1756,67
406,157	1419,67
406,375	1579,67
406,594	1944,67
406,812	1725,67
407,03	1714,67
407,249	1506,67
407,467	1766,67
407,685	1797,67
407,903	1563,67
408,122	1668,67
408,34	1745,67
408,558	1659,67
408,776	1679,67
408,995	1659,67
409,213	1639,67
409,431	1807,67
409,649	1766,67
409,867	1626,67
410,085	1706,67
410,303	1594,67
410,522	1624,67
410,74	1577,67
410,958	1551,67
411,176	1737,67
411,394	1628,67
411,612	1674,67
411,83	1907,67
412,048	1756,67
412,266	1672,67
412,484	1747,67
412,702	1907,67
412,92	1534,67
413,138	1762,67
413,356	1679,67
413,573	1863,67
413,791	2041,67
414,009	1809,67
414,227	1879,67
414,445	1724,67
414,663	1741,67
414,881	1759,67
415,098	1516,67
415,316	1760,67
415,534	2276,67
415,752	1571,67
415,969	1899,67
416,187	1605,67
416,405	1674,67
416,623	1802,67
416,84	1563,67
417,058	1727,67
417,276	1663,67
417,493	1762,67
417,711	1696,67
417,928	1722,67
418,146	1642,67
418,364	1782,67
418,581	1657,67
418,799	1626,67
419,016	1541,67
419,234	1644,67
419,451	2290,67
419,669	1745,67
419,886	1769,67
420,104	1700,67
420,321	1650,67
420,539	1731,67
420,756	1837,67
420,974	1641,67
421,191	1645,67
421,408	1767,67
421,626	1750,67
421,843	1715,67
422,06	1726,67
422,278	1602,67
422,495	1716,67
422,712	1718,67
422,93	1805,67
423,147	1771,67
423,364	1682,67
423,581	1816,67
423,799	1651,67
424,016	1750,67
424,233	1769,67
424,45	1840,67
424,667	1603,67
424,884	1519,67
425,102	1781,67
425,319	1651,67
425,536	1658,67
425,753	1726,67
425,97	1637,67
426,187	1772,67
426,404	1680,67
426,621	1931,67
426,838	1829,67
427,055	1805,67
427,272	1784,67
427,489	1697,67
427,706	1642,67
427,923	1624,67
428,14	1721,67
428,357	1857,67
428,574	1717,67
428,791	1739,67
429,008	1632,67
429,224	1603,67
429,441	1534,67
429,658	1733,67
429,875	1911,67
430,092	1758,67
430,308	1814,67
430,525	1800,67
430,742	1691,67
430,959	1746,67
431,175	1714,67
431,392	1574,67
431,609	1851,67
431,826	1715,67
432,042	1615,67
432,259	1655,67
432,476	2032,67
432,692	1621,67
432,909	1630,67
433,125	1783,67
433,342	1562,67
433,559	1761,67
433,775	1750,67
433,992	1607,67
434,208	1572,67
434,425	1679,67
434,641	1832,67
434,858	1915,67
435,074	1749,67
435,291	1613,67
435,507	1774,67
435,723	1661,67
435,94	1648,67
436,156	1819,67
436,373	1822,67
436,589	1682,67
436,805	1750,67
437,022	1694,67
437,238	1715,67
437,454	1705,67
437,671	1690,67
437,887	1724,67
438,103	1704,67
438,319	1712,67
438,536	1846,67
438,752	1798,67
438,968	1734,67
439,184	1756,67
439,4	1666,67
439,616	1562,67
439,833	1827,67
440,049	1603,67
440,265	1912,67
440,481	1676,67
440,697	1709,67
440,913	1760,67
441,129	1657,67
441,345	1789,67
441,561	1760,67
441,777	1703,67
441,993	1827,67
442,209	1525,67
442,425	1830,67
442,641	1712,67
442,857	1697,67
443,073	1706,67
443,289	1675,67
443,505	1775,67
443,721	1829,67
443,937	1724,67
444,152	1657,67
444,368	1742,67
444,584	1659,67
444,8	1721,67
445,016	1695,67
445,231	1733,67
445,447	1833,67
445,663	1809,67
445,879	1650,67
446,094	1874,67
446,31	1792,67
446,526	1832,67
446,742	1775,67
446,957	1741,67
447,173	1745,67
447,388	1812,67
447,604	1851,67
447,82	1713,67
448,035	1746,67
448,251	1689,67
448,466	1787,67
448,682	1635,67
448,897	1613,67
449,113	1703,67
449,328	1795,67
449,544	1612,67
449,759	2065,67
449,975	1617,67
450,19	1618,67
450,406	1696,67
450,621	1684,67
450,836	1692,67
451,052	1889,67
451,267	1593,67
451,483	1712,67
451,698	1616,67
451,913	1737,67
452,129	1792,67
452,344	1589,67
452,559	1764,67
452,774	1725,67
452,99	1701,67
453,205	1831,67
453,42	1858,67
453,635	1760,67
453,85	1664,67
454,066	1812,67
454,281	1733,67
454,496	1816,67
454,711	1762,67
454,926	1798,67
455,141	1737,67
455,356	1595,67
455,571	1718,67
455,786	1830,67
456,001	1728,67
456,217	1555,67
456,432	1787,67
456,647	1734,67
456,861	1782,67
457,076	1685,67
457,291	1852,67
457,506	1711,67
457,721	1663,67
457,936	1692,67
458,151	1653,67
458,366	1948,67
458,581	1710,67
458,796	1943,67
459,01	1710,67
459,225	1651,67
459,44	1522,67
459,655	1751,67
459,87	1722,67
460,084	1563,67
460,299	1981,67
460,514	1788,67
460,729	1911,67
460,943	1600,67
461,158	1568,67
461,373	1797,67
461,587	1650,67
461,802	1627,67
462,016	1868,67
462,231	1859,67
462,446	1769,67
462,66	1730,67
462,875	1701,67
463,089	1628,67
463,304	1799,67
463,518	1641,67
463,733	1695,67
463,947	1740,67
464,162	1699,67
464,376	1718,67
464,591	1776,67
464,805	1653,67
465,02	1789,67
465,234	1728,67
465,448	1854,67
465,663	1767,67
465,877	1748,67
466,091	1723,67
466,306	1826,67
466,52	1953,67
466,734	1702,67
466,949	1714,67
467,163	1867,67
467,377	1642,67
467,591	1792,67
467,806	1640,67
468,02	1574,67
468,234	1568,67
468,448	1809,67
468,662	1732,67
468,876	2205,67
469,091	1690,67
469,305	1719,67
469,519	1636,67
469,733	1744,67
469,947	1729,67
470,161	1871,67
470,375	1600,67
470,589	1771,67
470,803	1742,67
471,017	1758,67
471,231	1737,67
471,445	1576,67
471,659	1624,67
471,873	1707,67
472,087	1650,67
472,301	1791,67
472,515	1624,67
472,728	1646,67
472,942	1741,67
473,156	1750,67
473,37	1645,67
473,584	1680,67
473,798	1744,67
474,011	1672,67
474,225	1645,67
474,439	1815,67
474,653	1775,67
474,866	1702,67
475,08	1773,67
475,294	1806,67
475,507	1642,67
475,721	1765,67
475,935	1751,67
476,148	1732,67
476,362	1572,67
476,576	1660,67
476,789	1702,67
477,003	1754,67
477,216	1711,67
477,43	1663,67
477,643	1762,67
477,857	1897,67
478,07	1724,67
478,284	1696,67
478,497	1526,67
478,711	1656,67
478,924	1645,67
479,138	1676,67
479,351	1705,67
479,564	1581,67
479,778	1773,67
479,991	1547,67
480,204	1699,67
480,418	1771,67
480,631	1624,67
480,844	1776,67
481,058	1659,67
481,271	1680,67
481,484	1753,67
481,697	1666,67
481,911	1781,67
482,124	1703,67
482,337	1747,67
482,55	1600,67
482,763	1615,67
482,976	1631,67
483,19	1548,67
483,403	1732,67
483,616	1814,67
483,829	1755,67
484,042	1673,67
484,255	1732,67
484,468	1742,67
484,681	1695,67
484,894	1728,67
485,107	1804,67
485,32	1637,67
485,533	1602,67
485,746	1862,67
485,959	1697,67
486,172	1675,67
486,385	1549,67
486,598	1949,67
486,81	1694,67
487,023	1617,67
487,236	1818,67
487,449	1757,67
487,662	1690,67
487,875	1716,67
488,087	1790,67
488,3	1754,67
488,513	1565,67
488,726	1550,67
488,938	1840,67
489,151	1765,67
489,364	1742,67
489,576	1674,67
489,789	1770,67
490,002	1796,67
490,214	1754,67
490,427	1562,67
490,64	1677,67
490,852	1787,67
491,065	1633,67
491,277	1709,67
491,49	1838,67
491,702	1548,67
491,915	1866,67
492,127	1828,67
492,34	1817,67
492,552	1780,67
492,765	1784,67
492,977	1871,67
493,19	1829,67
493,402	1814,67
493,614	1734,67
493,827	1652,67
494,039	1693,67
494,251	1732,67
494,464	1800,67
494,676	1594,67
494,888	1651,67
495,101	1702,67
495,313	1761,67
495,525	1645,67
495,737	1616,67
495,95	2008,67
496,162	1699,67
496,374	1677,67
496,586	1680,67
496,798	1749,67
497,01	1702,67
497,222	1620,67
497,435	1835,67
497,647	1620,67
497,859	1684,67
498,071	1627,67
498,283	1633,67
498,495	1683,67
498,707	1910,67
498,919	1607,67
499,131	1855,67
499,343	1576,67
499,555	1631,67
499,767	1756,67
499,979	1688,67
500,191	1792,67
500,402	1639,67
500,614	1878,67
500,826	1618,67
501,038	1644,67
501,25	1796,67
501,462	1623,67
501,673	1701,67
501,885	1593,67
502,097	1843,67
502,309	1757,67
502,521	1805,67
502,732	1601,67
502,944	1674,67
503,156	1594,67
503,367	1612,67
503,579	1621,67
503,791	1701,67
504,002	1698,67
504,214	1823,67
504,425	2058,67
504,637	2044,67
504,849	1548,67
505,06	1737,67
505,272	1840,67
505,483	1743,67
505,695	1708,67
505,906	1579,67
506,118	1720,67
506,329	1604,67
506,541	1603,67
506,752	1871,67
506,963	1737,67
507,175	1541,67
507,386	1873,67
507,598	1842,67
507,809	1601,67
508,02	1672,67
508,232	1621,67
508,443	1585,67
508,654	1883,67
508,865	1740,67
509,077	1518,67
509,288	1665,67
509,499	2088,67
509,71	1598,67
509,922	1846,67
510,133	1717,67
510,344	1891,67
510,555	1709,67
510,766	1730,67
510,977	1730,67
511,188	1685,67
511,4	1723,67
511,611	1613,67
511,822	1754,67
512,033	1778,67
512,244	1763,67
512,455	1740,67
512,666	1761,67
512,877	1889,67
513,088	1696,67
513,299	1819,67
513,51	1773,67
513,721	1669,67
513,931	1818,67
514,142	1859,67
514,353	1906,67
514,564	1641,67
514,775	1716,67
514,986	1754,67
515,196	1794,67
515,407	1666,67
515,618	1702,67
515,829	1759,67
516,04	1709,67
516,25	1647,67
516,461	1625,67
516,672	1783,67
516,882	1713,67
517,093	1802,67
517,304	1572,67
517,514	1579,67
517,725	1864,67
517,936	1686,67
518,146	1643,67
518,357	1547,67
518,567	1649,67
518,778	1976,67
518,988	1602,67
519,199	1852,67
519,409	1621,67
519,62	1732,67
519,83	1705,67
520,041	1791,67
520,251	1760,67
520,462	1804,67
520,672	1613,67
520,882	1734,67
521,093	1792,67
521,303	1857,67
521,513	1690,67
521,724	2664,67
521,934	1674,67
522,144	1660,67
522,355	1520,67
522,565	1670,67
522,775	1615,67
522,985	1664,67
523,196	1708,67
523,406	1653,67
523,616	1809,67
523,826	1689,67
524,036	2575,67
524,246	1628,67
524,457	1639,67
524,667	1579,67
524,877	1705,67
525,087	1647,67
525,297	1809,67
525,507	1805,67
525,717	1471,67
525,927	1776,67
526,137	1640,67
526,347	1763,67
526,557	1604,67
526,767	1688,67
526,977	2235,67
527,187	1915,67
527,397	1657,67
527,607	1646,67
527,816	1689,67
528,026	1696,67
528,236	1675,67
528,446	1732,67
528,656	1739,67
528,865	1949,67
529,075	1668,67
529,285	1680,67
529,495	1789,67
529,704	1794,67
529,914	1694,67
530,124	1748,67
530,334	1608,67
530,543	1655,67
530,753	1994,67
530,963	1992,67
531,172	1861,67
531,382	1733,67
531,591	1939,67
531,801	1626,67
532,01	1726,67
532,22	1757,67
532,43	1751,67
532,639	2036,67
532,849	1778,67
533,058	1666,67
533,267	1849,67
533,477	1677,67
533,686	1634,67
533,896	1683,67
534,105	1697,67
534,315	1926,67
534,524	1691,67
534,733	1740,67
534,943	1898,67
535,152	1800,67
535,361	1639,67
535,57	1656,67
535,78	1773,67
535,989	1721,67
536,198	1707,67
536,407	1657,67
536,617	1736,67
536,826	1812,67
537,035	1835,67
537,244	1675,67
537,453	1477,67
537,662	1608,67
537,872	1946,67
538,081	1757,67
538,29	1659,67
538,499	1633,67
538,708	1625,67
538,917	1805,67
539,126	1663,67
539,335	1800,67
539,544	2183,67
539,753	1649,67
539,962	1643,67
540,171	1640,67
540,38	1859,67
540,589	1719,67
540,797	1880,67
541,006	1693,67
541,215	1683,67
541,424	1912,67
541,633	1730,67
541,842	1641,67
542,05	1859,67
542,259	1745,67
542,468	1722,67
542,677	1828,67
542,885	1691,67
543,094	1807,67
543,303	1598,67
543,512	1742,67
543,72	1784,67
543,929	1876,67
544,138	1705,67
544,346	1768,67
544,555	1724,67
544,763	1695,67
544,972	1685,67
545,18	1612,67
545,389	1774,67
545,598	1687,67
545,806	1787,67
546,015	1723,67
546,223	1670,67
546,431	1728,67
546,64	1642,67
546,848	1653,67
547,057	1785,67
547,265	1596,67
547,474	1684,67
547,682	1736,67
547,89	1956,67
548,099	1794,67
548,307	1841,67
548,515	1935,67
548,723	1792,67
548,932	1700,67
549,14	1813,67
549,348	1832,67
549,556	1671,67
549,765	1704,67
549,973	1586,67
550,181	1785,67
550,389	1832,67
550,597	1895,67
550,805	1624,67
551,014	1790,67
551,222	5916,67
551,43	1548,67
551,638	1592,67
551,846	1836,67
552,054	1808,67
552,262	1880,67
552,47	1499,67
552,678	1640,67
552,886	1688,67
553,094	1581,67
553,302	1658,67
553,51	1779,67
553,717	1812,67
553,925	1504,67
554,133	2029,67
554,341	1654,67
554,549	1760,67
554,757	1633,67
554,965	1652,67
555,172	1738,67
555,38	1990,67
555,588	1576,67
555,796	1691,67
556,003	1880,67
556,211	1676,67
556,419	1897,67
556,626	1737,67
556,834	1684,67
557,042	1591,67
557,249	1664,67
557,457	1742,67
557,664	1491,67
557,872	1655,67
558,08	1644,67
558,287	1772,67
558,495	1840,67
558,702	1625,67
558,91	1746,67
559,117	1695,67
559,325	1678,67
559,532	1680,67
559,74	1946,67
559,947	1744,67
560,154	1873,67
560,362	1686,67
560,569	1615,67
560,776	1651,67
560,984	1831,67
561,191	1792,67
561,398	1761,67
561,606	2416,67
561,813	1813,67
562,02	1479,67
562,227	1602,67
562,435	1761,67
562,642	1813,67
562,849	1785,67
563,056	1764,67
563,263	1696,67
563,471	1796,67
563,678	1777,67
563,885	1738,67
564,092	1739,67
564,299	1836,67
564,506	1785,67
564,713	1658,67
564,92	1720,67
565,127	1745,67
565,334	1787,67
565,541	2056,67
565,748	1864,67
565,955	1687,67
566,162	1724,67
566,369	1839,67
566,576	1833,67
566,783	1856,67
566,99	1650,67
567,196	1828,67
567,403	1754,67
567,61	1845,67
567,817	1706,67
568,024	1737,67
568,23	1754,67
568,437	1644,67
568,644	1663,67
568,851	1588,67
569,057	1934,67
569,264	1808,67
569,471	1616,67
569,677	1714,67
569,884	1765,67
570,091	1832,67
570,297	2828,67
570,504	1994,67
570,71	1924,67
570,917	1720,67
571,123	1642,67
571,33	1765,67
571,536	1647,67
571,743	1952,67
571,949	1706,67
572,156	1693,67
572,362	1987,67
572,569	1692,67
572,775	1705,67
572,982	1862,67
573,188	1712,67
573,394	1609,67
573,601	1635,67
573,807	1457,67
574,013	1918,67
574,22	1899,67
574,426	1602,67
574,632	2125,67
574,838	1798,67
575,045	1691,67
575,251	1718,67
575,457	1781,67
575,663	1866,67
575,869	1693,67
576,076	1677,67
576,282	1808,67
576,488	1698,67
576,694	1699,67
576,9	1486,67
577,106	1616,67
577,312	1641,67
577,518	1861,67
577,724	1837,67
577,93	1758,67
578,136	1673,67
578,342	1666,67
578,548	1703,67
578,754	1863,67
578,96	1634,67
579,166	1674,67
579,372	1911,67
579,578	1744,67
579,784	1860,67
579,989	1592,67
580,195	1689,67
580,401	1739,67
580,607	1814,67
580,813	1774,67
581,018	1765,67
581,224	1813,67
581,43	1675,67
581,636	1654,67
581,841	1836,67
582,047	1790,67
582,253	1572,67
582,458	1757,67
582,664	1655,67
582,869	1631,67
583,075	1580,67
583,281	1932,67
583,486	1796,67
583,692	1657,67
583,897	1857,67
584,103	1715,67
584,308	1873,67
584,514	1704,67
584,719	1819,67
584,925	1757,67
585,13	1680,67
585,335	1744,67
585,541	1772,67
585,746	1755,67
585,952	1689,67
586,157	1819,67
586,362	1731,67
586,568	1692,67
586,773	1895,67
586,978	1702,67
587,183	1789,67
587,389	1721,67
587,594	1653,67
587,799	1951,67
588,004	1742,67
588,21	1831,67
588,415	1647,67
588,62	1812,67
588,825	1875,67
589,03	1752,67
589,235	2219,67
589,44	1960,67
589,645	1721,67
589,85	1792,67
590,055	1987,67
590,26	1732,67
590,465	1713,67
590,67	1773,67
590,875	2211,67
591,08	1825,67
591,285	1722,67
591,49	1839,67
591,695	1866,67
591,9	1694,67
592,105	1730,67
592,31	1700,67
592,515	1965,67
592,719	1739,67
592,924	1690,67
593,129	1719,67
593,334	1790,67
593,539	1699,67
593,743	1898,67
593,948	1604,67
594,153	1677,67
594,357	2115,67
594,562	1680,67
594,767	2199,67
594,971	1642,67
595,176	1744,67
595,381	1766,67
595,585	1732,67
595,79	2088,67
595,994	1691,67
596,199	2183,67
596,403	1396,67
596,608	1724,67
596,812	1693,67
597,017	1803,67
597,221	1928,67
597,426	1933,67
597,63	1699,67
597,835	1688,67
598,039	1703,67
598,243	1703,67
598,448	1993,67
598,652	1777,67
598,856	1656,67
599,061	1821,67
599,265	1796,67
599,469	1568,67
599,673	1851,67
599,878	1955,67
600,082	1661,67
600,286	1623,67
600,49	1741,67
600,695	1548,67
600,899	1682,67
601,103	1767,67
601,307	1900,67
601,511	1701,67
601,715	1659,67
601,919	1595,67
602,123	1868,67
602,327	1825,67
602,531	1734,67
602,735	1867,67
602,939	1928,67
603,143	1634,67
603,347	1701,67
603,551	1719,67
603,755	1708,67
603,959	1785,67
604,163	1854,67
604,367	1659,67
604,571	1695,67
604,775	1830,67
604,978	1628,67
605,182	1605,67
605,386	1682,67
605,59	1663,67
605,793	1711,67
605,997	1843,67
606,201	1778,67
606,405	1786,67
606,608	1920,67
606,812	1751,67
607,016	1800,67
607,219	1695,67
607,423	1704,67
607,627	1901,67
607,83	1744,67
608,034	1677,67
608,237	1911,67
608,441	1590,67
608,644	1776,67
608,848	1890,67
609,051	1769,67
609,255	1655,67
609,458	1904,67
609,662	1769,67
609,865	1776,67
610,069	1624,67
610,272	1599,67
610,475	1670,67
610,679	1699,67
610,882	1728,67
611,085	1756,67
611,289	1816,67
611,492	1740,67
611,695	1721,67
611,898	1617,67
612,102	1783,67
612,305	1866,67
612,508	1701,67
612,711	1947,67
612,914	1730,67
613,118	1890,67
613,321	1791,67
613,524	1911,67
613,727	1733,67
613,93	1694,67
614,133	1798,67
614,336	1768,67
614,539	1702,67
614,742	1661,67
614,945	1725,67
615,148	1809,67
615,351	1727,67
615,554	1869,67
615,757	1671,67
615,96	1837,67
616,163	1688,67
616,366	1714,67
616,569	1676,67
616,772	1904,67
616,974	1848,67
617,177	1919,67
617,38	1767,67
617,583	1737,67
617,786	1679,67
617,988	1667,67
618,191	1899,67
618,394	1641,67
618,596	1627,67
618,799	1647,67
619,002	1750,67
619,204	1767,67
619,407	1708,67
619,61	1676,67
619,812	1755,67
620,015	1677,67
620,217	1892,67
620,42	1751,67
620,623	1686,67
620,825	1629,67
621,028	1973,67
621,23	1810,67
621,432	1822,67
621,635	1926,67
621,837	1780,67
622,04	1639,67
622,242	1627,67
622,445	1757,67
622,647	1752,67
622,849	1855,67
623,052	1581,67
623,254	1859,67
623,456	1595,67
623,658	1879,67
623,861	1857,67
624,063	1678,67
624,265	1737,67
624,467	1908,67
624,67	1439,67
624,872	1774,67
625,074	1931,67
625,276	1919,67
625,478	1850,67
625,68	1589,67
625,882	1548,67
626,084	1827,67
626,287	1923,67
626,489	1863,67
626,691	1739,67
626,893	1800,67
627,095	1762,67
627,297	1805,67
627,499	1674,67
627,7	1576,67
627,902	1598,67
628,104	1507,67
628,306	1673,67
628,508	1629,67
628,71	1663,67
628,912	1783,67
629,114	2034,67
629,315	1761,67
629,517	1566,67
629,719	1635,67
629,921	1716,67
630,122	1751,67
630,324	1738,67
630,526	1709,67
630,728	1763,67
630,929	1760,67
631,131	1681,67
631,332	1911,67
631,534	1877,67
631,736	1800,67
631,937	1593,67
632,139	1745,67
632,34	1799,67
632,542	1840,67
632,743	1774,67
632,945	1667,67
633,146	1968,67
633,348	1859,67
633,549	1793,67
633,751	1580,67
633,952	1740,67
634,154	1464,67
634,355	1624,67
634,556	1710,67
634,758	1636,67
634,959	1607,67
635,16	1804,67
635,362	1680,67
635,563	1737,67
635,764	1749,67
635,965	1802,67
636,167	1759,67
636,368	1739,67
636,569	1692,67
636,77	1903,67
636,971	1644,67
637,172	1741,67
637,374	1651,67
637,575	1819,67
637,776	1633,67
637,977	1554,67
638,178	1829,67
638,379	1751,67
638,58	1741,67
638,781	1526,67
638,982	1816,67
639,183	1697,67
639,384	1620,67
639,585	1675,67
639,786	1673,67
639,987	1733,67
640,187	1801,67
640,388	1803,67
640,589	1593,67
640,79	1692,67
640,991	1783,67
641,192	1961,67
641,392	1551,67
641,593	1644,67
641,794	1544,67
641,995	1610,67
642,195	1526,67
642,396	1651,67
642,597	1544,67
642,797	1641,67
642,998	1788,67
643,199	1717,67
643,399	1770,67
643,6	1602,67
643,8	1596,67
644,001	1737,67
644,202	1717,67
644,402	1673,67
644,603	1842,67
644,803	1533,67
645,004	1759,67
645,204	1560,67
645,404	1701,67
645,605	2023,67
645,805	1528,67
646,006	1626,67
646,206	1984,67
646,406	1680,67
646,607	1457,67
646,807	1430,67
647,007	-37,33
647,208	-185,33
647,408	15,67
647,608	-18,33
