200,697	920,17
200,927	-46,83
201,158	-32,83
201,388	257,17
201,618	1567,17
201,849	1421,17
202,079	1690,17
202,309	1724,17
202,539	1690,17
202,77	1575,17
203	1719,17
203,23	1650,17
203,46	1708,17
203,691	1713,17
203,921	1758,17
204,151	1790,17
204,381	1643,17
204,611	1772,17
204,841	1656,17
205,071	1621,17
205,302	1782,17
205,532	1725,17
205,762	3883,17
205,992	1597,17
206,222	1639,17
206,452	1680,17
206,682	1587,17
206,912	1759,17
207,142	1753,17
207,372	1644,17
207,602	1584,17
207,832	1689,17
208,062	1825,17
208,292	1865,17
208,522	1539,17
208,752	1791,17
208,982	1660,17
209,212	1887,17
209,442	1680,17
209,672	1665,17
209,902	1670,17
210,131	1779,17
210,361	1597,17
210,591	1696,17
210,821	1632,17
211,051	1655,17
211,281	1699,17
211,51	1738,17
211,74	1725,17
211,97	1632,17
212,2	1696,17
212,429	1984,17
212,659	1780,17
212,889	1716,17
213,119	1564,17
213,348	1608,17
213,578	1914,17
213,808	1879,17
214,037	1901,17
214,267	1861,17
214,497	1785,17
214,726	1648,17
214,956	1632,17
215,186	1780,17
215,415	1707,17
215,645	1663,17
215,874	1792,17
216,104	1652,17
216,333	1703,17
216,563	1768,17
216,792	1787,17
217,022	1854,17
217,251	1808,17
217,481	1576,17
217,71	1569,17
217,94	1794,17
218,169	1759,17
218,399	1728,17
218,628	1633,17
218,858	1811,17
219,087	1823,17
219,316	1763,17
219,546	1700,17
219,775	1746,17
220,004	1931,17
220,234	1610,17
220,463	1823,17
220,692	1766,17
220,922	1734,17
221,151	1850,17
221,38	1707,17
221,61	2075,17
221,839	2006,17
222,068	1772,17
222,297	1906,17
222,526	1896,17
222,756	1876,17
222,985	1912,17
223,214	1549,17
223,443	1882,17
223,672	2261,17
223,902	1630,17
224,131	1740,17
224,36	1866,17
224,589	1605,17
224,818	1781,17
225,047	1899,17
225,276	1788,17
225,505	2134,17
225,734	1896,17
225,963	1758,17
226,192	1777,17
226,421	1819,17
226,65	1839,17
226,879	1886,17
227,108	2010,17
227,337	2167,17
227,566	1978,17
227,795	1877,17
228,024	1942,17
228,253	1810,17
228,482	1749,17
228,711	1984,17
228,94	1732,17
229,168	1846,17
229,397	1874,17
229,626	1918,17
229,855	1889,17
230,084	1735,17
230,313	1754,17
230,541	1991,17
230,77	1874,17
230,999	1752,17
231,228	2140,17
231,456	1976,17
231,685	1865,17
231,914	2039,17
232,143	1924,17
232,371	1997,17
232,6	1973,17
232,829	2022,17
233,057	2042,17
233,286	1992,17
233,515	1991,17
233,743	2043,17
233,972	1943,17
234,2	2131,17
234,429	2038,17
234,658	2146,17
234,886	1970,17
235,115	1994,17
235,343	2162,17
235,572	2044,17
235,8	2126,17
236,029	2406,17
236,257	2030,17
236,486	2172,17
236,714	2205,17
236,943	2137,17
237,171	2128,17
237,399	2143,17
237,628	2256,17
237,856	2339,17
238,085	2205,17
238,313	2122,17
238,541	2251,17
238,77	2585,17
238,998	2170,17
239,226	2367,17
239,455	2170,17
239,683	2419,17
239,911	2202,17
240,14	2427,17
240,368	2451,17
240,596	2464,17
240,824	2382,17
241,053	2390,17
241,281	2387,17
241,509	2424,17
241,737	2446,17
241,965	2298,17
242,193	2123,17
242,422	2554,17
242,65	2469,17
242,878	2393,17
243,106	2455,17
243,334	2542,17
243,562	2533,17
243,79	2578,17
244,018	2637,17
244,246	2530,17
244,474	2576,17
244,702	2563,17
244,93	2674,17
245,158	2671,17
245,386	2592,17
245,614	2687,17
245,842	2859,17
246,07	2701,17
246,298	2839,17
246,526	3231,17
246,754	2760,17
246,982	2806,17
247,21	2788,17
247,438	2735,17
247,666	2902,17
247,893	2823,17
248,121	2787,17
248,349	2828,17
248,577	2904,17
248,805	3012,17
249,033	2916,17
249,26	3013,17
249,488	2849,17
249,716	3032,17
249,944	3011,17
250,171	2928,17
250,399	3004,17
250,627	3132,17
250,854	3090,17
251,082	2992,17
251,31	3054,17
251,537	3061,17
251,765	3306,17
251,993	2901,17
252,22	3504,17
252,448	3068,17
252,676	3258,17
252,903	3236,17
253,131	3511,17
253,358	3227,17
253,586	3122,17
253,813	3107,17
254,041	3409,17
254,268	3242,17
254,496	3165,17
254,723	3245,17
254,951	3348,17
255,178	3344,17
255,406	3313,17
255,633	3268,17
255,86	3456,17
256,088	3451,17
256,315	3342,17
256,543	3517,17
256,77	3515,17
256,997	3448,17
257,225	3523,17
257,452	3403,17
257,679	3486,17
257,907	3589,17
258,134	3436,17
258,361	3693,17
258,588	3653,17
258,816	3531,17
259,043	3530,17
259,27	3593,17
259,497	3631,17
259,725	3245,17
259,952	3585,17
260,179	3470,17
260,406	3632,17
260,633	3593,17
260,86	3589,17
261,088	3641,17
261,315	3771,17
261,542	3634,17
261,769	3680,17
261,996	3991,17
262,223	3866,17
262,45	3962,17
262,677	3520,17
262,904	3753,17
263,131	3856,17
263,358	3760,17
263,585	3777,17
263,812	4075,17
264,039	3931,17
264,266	3729,17
264,493	3862,17
264,72	3722,17
264,947	3806,17
265,174	4084,17
265,401	4042,17
265,627	3966,17
265,854	3918,17
266,081	3913,17
266,308	3817,17
266,535	3856,17
266,762	3811,17
266,988	3845,17
267,215	3832,17
267,442	3792,17
267,669	3939,17
267,896	4131,17
268,122	3987,17
268,349	3952,17
268,576	3690,17
268,802	3873,17
269,029	3934,17
269,256	4115,17
269,482	3856,17
269,709	3812,17
269,936	3963,17
270,162	4131,17
270,389	3936,17
270,616	3849,17
270,842	4034,17
271,069	3971,17
271,295	4042,17
271,522	3956,17
271,748	4031,17
271,975	4082,17
272,201	4265,17
272,428	4055,17
272,654	4073,17
272,881	4380,17
273,107	4091,17
273,334	4156,17
273,56	4334,17
273,787	4155,17
274,013	4215,17
274,239	4494,17
274,466	4237,17
274,692	4127,17
274,918	4103,17
275,145	4296,17
275,371	4257,17
275,597	4516,17
275,824	4398,17
276,05	4399,17
276,276	4484,17
276,503	4315,17
276,729	4352,17
276,955	4382,17
277,181	4420,17
277,407	4177,17
277,634	4528,17
277,86	4424,17
278,086	4465,17
278,312	4407,17
278,538	4274,17
278,764	4463,17
278,991	4500,17
279,217	4255,17
279,443	4313,17
279,669	4361,17
279,895	4671,17
280,121	4397,17
280,347	4711,17
280,573	4425,17
280,799	4474,17
281,025	4798,17
281,251	4591,17
281,477	4736,17
281,703	4645,17
281,929	4595,17
282,155	4648,17
282,381	4906,17
282,607	4824,17
282,833	4808,17
283,059	4893,17
283,285	4838,17
283,51	4836,17
283,736	4793,17
283,962	5006,17
284,188	4926,17
284,414	5083,17
284,64	5038,17
284,865	5082,17
285,091	5084,17
285,317	5176,17
285,543	5276,17
285,768	5214,17
285,994	5245,17
286,22	5396,17
286,446	5223,17
286,671	5099,17
286,897	5291,17
287,123	5161,17
287,348	5173,17
287,574	5752,17
287,799	5290,17
288,025	5427,17
288,251	5481,17
288,476	5375,17
288,702	5419,17
288,927	5463,17
289,153	5428,17
289,378	5518,17
289,604	5481,17
289,829	5440,17
290,055	5428,17
290,28	5511,17
290,506	5614,17
290,731	5606,17
290,957	5764,17
291,182	5709,17
291,408	5888,17
291,633	5867,17
291,858	5806,17
292,084	5907,17
292,309	5830,17
292,535	5952,17
292,76	6060,17
292,985	5952,17
293,211	5976,17
293,436	5939,17
293,661	5866,17
293,886	6042,17
294,112	6129,17
294,337	6137,17
294,562	6038,17
294,787	6174,17
295,013	6227,17
295,238	6060,17
295,463	6285,17
295,688	6396,17
295,913	6168,17
296,138	6230,17
296,364	6046,17
296,589	6073,17
296,814	5911,17
297,039	6034,17
297,264	6150,17
297,489	6122,17
297,714	6138,17
297,939	6053,17
298,164	6171,17
298,389	6316,17
298,614	6323,17
298,839	6312,17
299,064	6540,17
299,289	6549,17
299,514	6593,17
299,739	6581,17
299,964	6590,17
300,189	6596,17
300,414	6770,17
300,639	6822,17
300,863	6543,17
301,088	7268,17
301,313	6717,17
301,538	6730,17
301,763	6889,17
301,988	6930,17
302,212	6911,17
302,437	7264,17
302,662	6924,17
302,887	6842,17
303,111	6956,17
303,336	7090,17
303,561	7070,17
303,786	6894,17
304,01	6965,17
304,235	7066,17
304,46	6868,17
304,684	6877,17
304,909	6844,17
305,134	6716,17
305,358	6881,17
305,583	6882,17
305,807	6955,17
306,032	6520,17
306,256	6747,17
306,481	6816,17
306,706	6754,17
306,93	6560,17
307,155	7247,17
307,379	6936,17
307,604	7016,17
307,828	7047,17
308,052	7152,17
308,277	7157,17
308,501	7018,17
308,726	7370,17
308,95	7232,17
309,175	7078,17
309,399	7263,17
309,623	7157,17
309,848	7099,17
310,072	6972,17
310,296	7590,17
310,521	7080,17
310,745	7123,17
310,969	7341,17
311,193	7376,17
311,418	7283,17
311,642	7238,17
311,866	7198,17
312,09	7304,17
312,315	7312,17
312,539	7247,17
312,763	7194,17
312,987	7430,17
313,211	7172,17
313,435	7481,17
313,659	7207,17
313,884	7524,17
314,108	7322,17
314,332	7305,17
314,556	7102,17
314,78	7760,17
315,004	7211,17
315,228	7530,17
315,452	7378,17
315,676	7256,17
315,9	7221,17
316,124	6958,17
316,348	7417,17
316,572	7216,17
316,796	7267,17
317,02	7167,17
317,244	7315,17
317,468	7062,17
317,691	7377,17
317,915	7193,17
318,139	7118,17
318,363	7446,17
318,587	7010,17
318,811	7010,17
319,034	6957,17
319,258	7150,17
319,482	7203,17
319,706	7138,17
319,93	7134,17
320,153	6925,17
320,377	7189,17
320,601	6844,17
320,824	6856,17
321,048	7131,17
321,272	7100,17
321,495	7067,17
321,719	7219,17
321,943	7191,17
322,166	7048,17
322,39	7200,17
322,614	7258,17
322,837	7299,17
323,061	7103,17
323,284	7320,17
323,508	7237,17
323,731	7102,17
323,955	7257,17
324,178	6938,17
324,402	7264,17
324,625	7315,17
324,849	6997,17
325,072	7203,17
325,296	7256,17
325,519	7129,17
325,743	7232,17
325,966	7191,17
326,189	7224,17
326,413	7111,17
326,636	7335,17
326,859	7221,17
327,083	7338,17
327,306	7066,17
327,529	6953,17
327,753	6836,17
327,976	7061,17
328,199	7124,17
328,422	6999,17
328,646	6959,17
328,869	7003,17
329,092	7064,17
329,315	7099,17
329,538	7043,17
329,762	7152,17
329,985	6956,17
330,208	7081,17
330,431	7203,17
330,654	7290,17
330,877	7184,17
331,1	7352,17
331,323	7208,17
331,546	7317,17
331,769	7228,17
331,993	7074,17
332,216	7261,17
332,439	7238,17
332,662	7214,17
332,885	7210,17
333,107	7044,17
333,33	7041,17
333,553	7332,17
333,776	7054,17
333,999	7067,17
334,222	7108,17
334,445	7188,17
334,668	7162,17
334,891	7378,17
335,114	6977,17
335,336	7235,17
335,559	7144,17
335,782	7281,17
336,005	7183,17
336,228	7198,17
336,45	7192,17
336,673	7072,17
336,896	7217,17
337,119	7069,17
337,341	6990,17
337,564	7046,17
337,787	7144,17
338,009	7027,17
338,232	7207,17
338,455	7315,17
338,677	7140,17
338,9	7158,17
339,122	7131,17
339,345	6867,17
339,568	6982,17
339,79	7042,17
340,013	7056,17
340,235	7130,17
340,458	6934,17
340,68	7125,17
340,903	6976,17
341,125	6997,17
341,348	7009,17
341,57	6825,17
341,793	7211,17
342,015	6695,17
342,238	6880,17
342,46	7010,17
342,682	7062,17
342,905	6736,17
343,127	6814,17
343,349	6773,17
343,572	6859,17
343,794	6686,17
344,016	6743,17
344,239	6627,17
344,461	6722,17
344,683	6729,17
344,905	6796,17
345,128	6524,17
345,35	6787,17
345,572	7054,17
345,794	7155,17
346,017	6898,17
346,239	7021,17
346,461	6836,17
346,683	6999,17
346,905	7063,17
347,127	7012,17
347,349	7063,17
347,571	7043,17
347,793	7090,17
348,016	7072,17
348,238	6945,17
348,46	7025,17
348,682	6905,17
348,904	7084,17
349,126	7025,17
349,348	6990,17
349,57	6951,17
349,792	7028,17
350,014	6974,17
350,235	7043,17
350,457	7775,17
350,679	6918,17
350,901	6952,17
351,123	6897,17
351,345	6868,17
351,567	6957,17
351,789	6954,17
352,01	6889,17
352,232	6806,17
352,454	6680,17
352,676	6893,17
352,897	6650,17
353,119	6454,17
353,341	6605,17
353,563	6237,17
353,784	6379,17
354,006	6540,17
354,228	6445,17
354,449	6564,17
354,671	6870,17
354,893	6956,17
355,114	6787,17
355,336	6957,17
355,558	6818,17
355,779	6726,17
356,001	6970,17
356,222	7040,17
356,444	6854,17
356,665	7390,17
356,887	6810,17
357,108	6918,17
357,33	6854,17
357,551	6990,17
357,773	6966,17
357,994	7076,17
358,216	6797,17
358,437	7074,17
358,659	7115,17
358,88	7000,17
359,101	7075,17
359,323	7032,17
359,544	6888,17
359,765	6866,17
359,987	7035,17
360,208	7007,17
360,429	7003,17
360,651	6940,17
360,872	7137,17
361,093	6974,17
361,314	7070,17
361,536	6945,17
361,757	6955,17
361,978	6874,17
362,199	6904,17
362,42	6773,17
362,642	6925,17
362,863	7244,17
363,084	6946,17
363,305	6793,17
363,526	6797,17
363,747	6899,17
363,968	6907,17
364,189	7075,17
364,41	6872,17
364,631	6721,17
364,852	7034,17
365,073	6908,17
365,294	6924,17
365,515	6751,17
365,736	7003,17
365,957	7100,17
366,178	6996,17
366,399	7044,17
366,62	7202,17
366,841	7194,17
367,062	7150,17
367,283	7183,17
367,504	7162,17
367,724	7081,17
367,945	7076,17
368,166	7324,17
368,387	7284,17
368,608	7141,17
368,828	7354,17
369,049	7181,17
369,27	7168,17
369,491	7199,17
369,711	7243,17
369,932	7321,17
370,153	7358,17
370,373	7428,17
370,594	7463,17
370,815	7396,17
371,035	7394,17
371,256	7239,17
371,477	7335,17
371,697	7168,17
371,918	7124,17
372,138	7500,17
372,359	7618,17
372,579	7197,17
372,8	7341,17
373,02	7455,17
373,241	7336,17
373,461	7507,17
373,682	7603,17
373,902	7505,17
374,123	7386,17
374,343	7596,17
374,564	7443,17
374,784	7423,17
375,004	7472,17
375,225	7182,17
375,445	7227,17
375,666	7468,17
375,886	7071,17
376,106	7246,17
376,326	7370,17
376,547	7704,17
376,767	7682,17
376,987	7645,17
377,208	7836,17
377,428	7636,17
377,648	7987,17
377,868	8163,17
378,088	8223,17
378,309	8254,17
378,529	8430,17
378,749	8320,17
378,969	8226,17
379,189	8287,17
379,409	8148,17
379,629	7988,17
379,849	8110,17
380,069	8227,17
380,29	8082,17
380,51	8120,17
380,73	8085,17
380,95	8203,17
381,17	8147,17
381,39	8100,17
381,61	7997,17
381,829	8404,17
382,049	8259,17
382,269	8047,17
382,489	8154,17
382,709	8016,17
382,929	8107,17
383,149	8066,17
383,369	8412,17
383,589	8105,17
383,808	8122,17
384,028	8215,17
384,248	8356,17
384,468	8303,17
384,688	8249,17
384,907	8389,17
385,127	8358,17
385,347	8558,17
385,567	8517,17
385,786	8707,17
386,006	8585,17
386,226	8807,17
386,445	8750,17
386,665	8981,17
386,885	9188,17
387,104	9165,17
387,324	9218,17
387,543	9282,17
387,763	9462,17
387,982	9493,17
388,202	9536,17
388,422	9396,17
388,641	9177,17
388,861	9239,17
389,08	9235,17
389,3	9039,17
389,519	9483,17
389,738	9273,17
389,958	9395,17
390,177	9348,17
390,397	9538,17
390,616	9472,17
390,836	9738,17
391,055	9661,17
391,274	9892,17
391,494	9868,17
391,713	10031,17
391,932	10331,17
392,151	10259,17
392,371	10539,17
392,59	10517,17
392,809	10572,17
393,029	10089,17
393,248	9904,17
393,467	9367,17
393,686	9623,17
393,905	10799,17
394,124	9792,17
394,344	9881,17
394,563	9992,17
394,782	9892,17
395,001	10038,17
395,22	10090,17
395,439	10087,17
395,658	10010,17
395,877	10218,17
396,096	10296,17
396,315	10618,17
396,534	10524,17
396,753	10622,17
396,972	10647,17
397,191	11052,17
397,41	11156,17
397,629	11177,17
397,848	11378,17
398,067	11587,17
398,286	11416,17
398,505	11225,17
398,724	11171,17
398,943	11394,17
399,161	10544,17
399,38	10798,17
399,599	10336,17
399,818	10435,17
400,037	10300,17
400,255	10447,17
400,474	10529,17
400,693	10449,17
400,912	10554,17
401,13	10371,17
401,349	10105,17
401,568	10015,17
401,786	10274,17
402,005	10258,17
402,224	10012,17
402,442	10178,17
402,661	10190,17
402,88	9974,17
403,098	10050,17
403,317	10149,17
403,535	10120,17
403,754	10119,17
403,972	10229,17
404,191	10142,17
404,409	10340,17
404,628	11111,17
404,846	10688,17
405,065	10874,17
405,283	10649,17
405,502	10517,17
405,72	10380,17
405,938	9980,17
406,157	9984,17
406,375	9813,17
406,594	10038,17
406,812	9863,17
407,03	9516,17
407,249	9676,17
407,467	9847,17
407,685	10107,17
407,903	10070,17
408,122	10434,17
408,34	10310,17
408,558	10286,17
408,776	10258,17
408,995	10095,17
409,213	10252,17
409,431	10222,17
409,649	10187,17
409,867	9938,17
410,085	9890,17
410,303	9721,17
410,522	9747,17
410,74	9671,17
410,958	9639,17
411,176	9864,17
411,394	9758,17
411,612	9569,17
411,83	10140,17
412,048	10116,17
412,266	10024,17
412,484	10136,17
412,702	10340,17
412,92	9793,17
413,138	10116,17
413,356	9823,17
413,573	9903,17
413,791	9845,17
414,009	9656,17
414,227	9676,17
414,445	9437,17
414,663	9468,17
414,881	9543,17
415,098	9480,17
415,316	9459,17
415,534	9805,17
415,752	9561,17
415,969	9667,17
416,187	9630,17
416,405	9620,17
416,623	9554,17
416,84	9424,17
417,058	9596,17
417,276	9729,17
417,493	9573,17
417,711	9385,17
417,928	9541,17
418,146	9690,17
418,364	9711,17
418,581	9737,17
418,799	9567,17
419,016	9734,17
419,234	9495,17
419,451	10182,17
419,669	9709,17
419,886	9890,17
420,104	9978,17
420,321	10077,17
420,539	10337,17
420,756	10595,17
420,974	10634,17
421,191	10812,17
421,408	11070,17
421,626	10802,17
421,843	10509,17
422,06	10317,17
422,278	10197,17
422,495	10164,17
422,712	10127,17
422,93	10382,17
423,147	10190,17
423,364	9948,17
423,581	9858,17
423,799	9670,17
424,016	9798,17
424,233	9863,17
424,45	9963,17
424,667	10073,17
424,884	9858,17
425,102	10119,17
425,319	9625,17
425,536	9445,17
425,753	9478,17
425,97	9325,17
426,187	9357,17
426,404	9442,17
426,621	9973,17
426,838	10276,17
427,055	10008,17
427,272	10205,17
427,489	9951,17
427,706	9728,17
427,923	9531,17
428,14	9785,17
428,357	10171,17
428,574	10045,17
428,791	10218,17
429,008	10695,17
429,224	10954,17
429,441	11004,17
429,658	11287,17
429,875	11386,17
430,092	11186,17
430,308	10948,17
430,525	10791,17
430,742	10424,17
430,959	10147,17
431,175	9571,17
431,392	9330,17
431,609	9319,17
431,826	8989,17
432,042	8874,17
432,259	8919,17
432,476	9265,17
432,692	8974,17
432,909	9477,17
433,125	10255,17
433,342	10450,17
433,559	10581,17
433,775	10174,17
433,992	9439,17
434,208	8840,17
434,425	9264,17
434,641	9503,17
434,858	9611,17
435,074	9518,17
435,291	9244,17
435,507	9240,17
435,723	9571,17
435,94	9585,17
436,156	9759,17
436,373	9855,17
436,589	9550,17
436,805	9271,17
437,022	9189,17
437,238	9174,17
437,454	9294,17
437,671	9554,17
437,887	9456,17
438,103	9491,17
438,319	9548,17
438,536	9613,17
438,752	9475,17
438,968	9434,17
439,184	9196,17
439,4	8967,17
439,616	8954,17
439,833	9044,17
440,049	8831,17
440,265	9473,17
440,481	9751,17
440,697	10259,17
440,913	10642,17
441,129	10721,17
441,345	10548,17
441,561	10377,17
441,777	9993,17
441,993	9990,17
442,209	9593,17
442,425	9822,17
442,641	9790,17
442,857	10024,17
443,073	10070,17
443,289	10137,17
443,505	10009,17
443,721	9955,17
443,937	9822,17
444,152	9643,17
444,368	9675,17
444,584	9544,17
444,8	9650,17
445,016	9405,17
445,231	9424,17
445,447	9647,17
445,663	9614,17
445,879	9450,17
446,094	9709,17
446,31	9702,17
446,526	9472,17
446,742	9246,17
446,957	9167,17
447,173	9276,17
447,388	9309,17
447,604	9202,17
447,82	9057,17
448,035	8997,17
448,251	9222,17
448,466	9197,17
448,682	9137,17
448,897	9073,17
449,113	9227,17
449,328	9284,17
449,544	8990,17
449,759	9313,17
449,975	8898,17
450,19	8791,17
450,406	8879,17
450,621	8634,17
450,836	8632,17
451,052	8660,17
451,267	8666,17
451,483	8713,17
451,698	8410,17
451,913	8704,17
452,129	8818,17
452,344	8418,17
452,559	8508,17
452,774	8385,17
452,99	8135,17
453,205	8243,17
453,42	8346,17
453,635	8123,17
453,85	7926,17
454,066	7878,17
454,281	8280,17
454,496	8330,17
454,711	8499,17
454,926	8591,17
455,141	8254,17
455,356	8253,17
455,571	8083,17
455,786	7842,17
456,001	7904,17
456,217	7853,17
456,432	8086,17
456,647	8283,17
456,861	8180,17
457,076	8238,17
457,291	8575,17
457,506	8443,17
457,721	8539,17
457,936	8464,17
458,151	8538,17
458,366	8618,17
458,581	8341,17
458,796	8636,17
459,01	8587,17
459,225	8543,17
459,44	8311,17
459,655	8332,17
459,87	8095,17
460,084	7995,17
460,299	8075,17
460,514	8198,17
460,729	8587,17
460,943	7997,17
461,158	7436,17
461,373	7586,17
461,587	7243,17
461,802	7203,17
462,016	7464,17
462,231	7312,17
462,446	7433,17
462,66	7430,17
462,875	7725,17
463,089	7660,17
463,304	7707,17
463,518	7985,17
463,733	7950,17
463,947	7883,17
464,162	8130,17
464,376	8284,17
464,591	8378,17
464,805	8291,17
465,02	8539,17
465,234	8632,17
465,448	8623,17
465,663	8307,17
465,877	8039,17
466,091	7560,17
466,306	7699,17
466,52	7607,17
466,734	7136,17
466,949	7116,17
467,163	7264,17
467,377	7235,17
467,591	7494,17
467,806	7240,17
468,02	7092,17
468,234	6965,17
468,448	6998,17
468,662	6750,17
468,876	6982,17
469,091	6548,17
469,305	6470,17
469,519	6338,17
469,733	6239,17
469,947	6278,17
470,161	6683,17
470,375	6083,17
470,589	6404,17
470,803	6297,17
471,017	6365,17
471,231	6339,17
471,445	6257,17
471,659	6443,17
471,873	6462,17
472,087	6360,17
472,301	6824,17
472,515	6555,17
472,728	6579,17
472,942	6761,17
473,156	6768,17
473,37	6522,17
473,584	6315,17
473,798	6544,17
474,011	6563,17
474,225	6610,17
474,439	6868,17
474,653	6951,17
474,866	7060,17
475,08	6900,17
475,294	6747,17
475,507	6470,17
475,721	6564,17
475,935	6604,17
476,148	6492,17
476,362	6282,17
476,576	6300,17
476,789	6357,17
477,003	6407,17
477,216	6437,17
477,43	6665,17
477,643	6842,17
477,857	6936,17
478,07	6588,17
478,284	6451,17
478,497	6335,17
478,711	6536,17
478,924	6616,17
479,138	6362,17
479,351	6635,17
479,564	6766,17
479,778	6974,17
479,991	6761,17
480,204	6725,17
480,418	6676,17
480,631	6529,17
480,844	6666,17
481,058	6685,17
481,271	6872,17
481,484	6915,17
481,697	6874,17
481,911	6746,17
482,124	6490,17
482,337	6487,17
482,55	6184,17
482,763	6446,17
482,976	6565,17
483,19	6421,17
483,403	6557,17
483,616	6672,17
483,829	7129,17
484,042	7087,17
484,255	7141,17
484,468	7104,17
484,681	7033,17
484,894	8618,17
485,107	15054,17
485,32	21177,17
485,533	20989,17
485,746	18081,17
485,959	14805,17
486,172	11539,17
486,385	8884,17
486,598	7927,17
486,81	7308,17
487,023	6923,17
487,236	6869,17
487,449	6416,17
487,662	6134,17
487,875	5965,17
488,087	5986,17
488,3	6003,17
488,513	5826,17
488,726	5792,17
488,938	6023,17
489,151	6075,17
489,364	5975,17
489,576	5884,17
489,789	5871,17
490,002	5780,17
490,214	5804,17
490,427	5688,17
490,64	5860,17
490,852	5734,17
491,065	5555,17
491,277	5675,17
491,49	5904,17
491,702	5447,17
491,915	5672,17
492,127	5856,17
492,34	5585,17
492,552	5546,17
492,765	5735,17
492,977	5871,17
493,19	5618,17
493,402	5625,17
493,614	5575,17
493,827	5649,17
494,039	5549,17
494,251	5475,17
494,464	5390,17
494,676	5197,17
494,888	5231,17
495,101	5131,17
495,313	5303,17
495,525	5541,17
495,737	5991,17
495,95	5930,17
496,162	5859,17
496,374	5627,17
496,586	5398,17
496,798	5402,17
497,01	4988,17
497,222	4901,17
497,435	5015,17
497,647	4949,17
497,859	5126,17
498,071	5138,17
498,283	5237,17
498,495	5316,17
498,707	5561,17
498,919	5282,17
499,131	5560,17
499,343	5228,17
499,555	5223,17
499,767	5262,17
499,979	4912,17
500,191	5113,17
500,402	5066,17
500,614	5378,17
500,826	5446,17
501,038	5296,17
501,25	5243,17
501,462	5129,17
501,673	5331,17
501,885	5191,17
502,097	5376,17
502,309	5275,17
502,521	5327,17
502,732	5214,17
502,944	5281,17
503,156	5212,17
503,367	4982,17
503,579	4797,17
503,791	4909,17
504,002	4810,17
504,214	4964,17
504,425	5079,17
504,637	5092,17
504,849	4884,17
505,06	4990,17
505,272	4968,17
505,483	4747,17
505,695	4898,17
505,906	4841,17
506,118	4943,17
506,329	4779,17
506,541	4489,17
506,752	4565,17
506,963	4479,17
507,175	4319,17
507,386	4864,17
507,598	4548,17
507,809	4432,17
508,02	4641,17
508,232	4712,17
508,443	4400,17
508,654	4585,17
508,865	4463,17
509,077	4176,17
509,288	4254,17
509,499	4498,17
509,71	4327,17
509,922	4476,17
510,133	4308,17
510,344	4445,17
510,555	4264,17
510,766	4269,17
510,977	4232,17
511,188	4231,17
511,4	4039,17
511,611	3989,17
511,822	4055,17
512,033	4054,17
512,244	4110,17
512,455	4021,17
512,666	4175,17
512,877	4149,17
513,088	3948,17
513,299	3978,17
513,51	4056,17
513,721	4003,17
513,931	4017,17
514,142	4073,17
514,353	4051,17
514,564	3732,17
514,775	3716,17
514,986	3843,17
515,196	3991,17
515,407	3822,17
515,618	3898,17
515,829	3786,17
516,04	3981,17
516,25	3853,17
516,461	3931,17
516,672	3782,17
516,882	3602,17
517,093	3848,17
517,304	3642,17
517,514	3553,17
517,725	3729,17
517,936	3612,17
518,146	3552,17
518,357	3747,17
518,567	3742,17
518,778	4102,17
518,988	3720,17
519,199	3885,17
519,409	3590,17
519,62	3699,17
519,83	3557,17
520,041	3543,17
520,251	3546,17
520,462	3642,17
520,672	3591,17
520,882	3739,17
521,093	3655,17
521,303	3675,17
521,513	3445,17
521,724	4482,17
521,934	3322,17
522,144	3445,17
522,355	3466,17
522,565	3476,17
522,775	3532,17
522,985	3378,17
523,196	3390,17
523,406	3483,17
523,616	3641,17
523,826	3418,17
524,036	4250,17
524,246	3316,17
524,457	3318,17
524,667	3209,17
524,877	3327,17
525,087	3422,17
525,297	3403,17
525,507	3510,17
525,717	3278,17
525,927	3342,17
526,137	3290,17
526,347	3388,17
526,557	3297,17
526,767	3396,17
526,977	3563,17
527,187	3239,17
527,397	3093,17
527,607	3016,17
527,816	3245,17
528,026	3335,17
528,236	3463,17
528,446	3549,17
528,656	3502,17
528,865	3634,17
529,075	3311,17
529,285	3262,17
529,495	3340,17
529,704	3318,17
529,914	3174,17
530,124	3262,17
530,334	3143,17
530,543	3083,17
530,753	3477,17
530,963	3584,17
531,172	3205,17
531,382	3094,17
531,591	3515,17
531,801	3061,17
532,01	3156,17
532,22	3208,17
532,43	3304,17
532,639	3566,17
532,849	3404,17
533,058	3306,17
533,267	3447,17
533,477	3260,17
533,686	3232,17
533,896	3055,17
534,105	3249,17
534,315	3345,17
534,524	3200,17
534,733	3184,17
534,943	3404,17
535,152	3312,17
535,361	3022,17
535,57	3042,17
535,78	3034,17
535,989	2740,17
536,198	2772,17
536,407	3069,17
536,617	2961,17
536,826	3073,17
537,035	3130,17
537,244	2930,17
537,453	2864,17
537,662	3149,17
537,872	3409,17
538,081	3089,17
538,29	3028,17
538,499	3019,17
538,708	3037,17
538,917	3186,17
539,126	3111,17
539,335	3116,17
539,544	3514,17
539,753	2994,17
539,962	3024,17
540,171	3116,17
540,38	3275,17
540,589	3055,17
540,797	3271,17
541,006	3138,17
541,215	3011,17
541,424	3333,17
541,633	3140,17
541,842	3079,17
542,05	3312,17
542,259	3201,17
542,468	3135,17
542,677	3472,17
542,885	3228,17
543,094	3177,17
543,303	3104,17
543,512	3331,17
543,72	3246,17
543,929	3234,17
544,138	2996,17
544,346	3119,17
544,555	3281,17
544,763	3216,17
544,972	3304,17
545,18	2938,17
545,389	3055,17
545,598	3012,17
545,806	3044,17
546,015	3030,17
546,223	2984,17
546,431	3007,17
546,64	2931,17
546,848	3095,17
547,057	3117,17
547,265	3111,17
547,474	3311,17
547,682	3290,17
547,89	3295,17
548,099	3143,17
548,307	3040,17
548,515	3097,17
548,723	3009,17
548,932	2897,17
549,14	2955,17
549,348	3104,17
549,556	2847,17
549,765	2834,17
549,973	2769,17
550,181	2932,17
550,389	2896,17
550,597	2888,17
550,805	2682,17
551,014	2964,17
551,222	5285,17
551,43	2841,17
551,638	3080,17
551,846	3196,17
552,054	3268,17
552,262	3190,17
552,47	2850,17
552,678	2787,17
552,886	2987,17
553,094	2788,17
553,302	3166,17
553,51	2773,17
553,717	2941,17
553,925	2608,17
554,133	3021,17
554,341	2697,17
554,549	2937,17
554,757	2872,17
554,965	2884,17
555,172	3043,17
555,38	3239,17
555,588	2745,17
555,796	3009,17
556,003	2794,17
556,211	2683,17
556,419	2777,17
556,626	2890,17
556,834	2652,17
557,042	2747,17
557,249	2792,17
557,457	2868,17
557,664	2530,17
557,872	2603,17
558,08	2610,17
558,287	2686,17
558,495	2732,17
558,702	2500,17
558,91	2720,17
559,117	2637,17
559,325	2723,17
559,532	2819,17
559,74	2935,17
559,947	2727,17
560,154	2864,17
560,362	2776,17
560,569	2791,17
560,776	2744,17
560,984	2826,17
561,191	2793,17
561,398	2656,17
561,606	3085,17
561,813	2710,17
562,02	2529,17
562,227	2639,17
562,435	2609,17
562,642	2863,17
562,849	2747,17
563,056	2717,17
563,263	2656,17
563,471	2875,17
563,678	2835,17
563,885	2737,17
564,092	2791,17
564,299	2864,17
564,506	2793,17
564,713	2817,17
564,92	2710,17
565,127	2737,17
565,334	2720,17
565,541	3066,17
565,748	2832,17
565,955	2703,17
566,162	2866,17
566,369	2889,17
566,576	3027,17
566,783	3120,17
566,99	2997,17
567,196	3124,17
567,403	3002,17
567,61	3151,17
567,817	3077,17
568,024	3289,17
568,23	3255,17
568,437	3218,17
568,644	3189,17
568,851	3454,17
569,057	3941,17
569,264	3900,17
569,471	3675,17
569,677	3667,17
569,884	3659,17
570,091	3712,17
570,297	4795,17
570,504	4089,17
570,71	3885,17
570,917	3760,17
571,123	3824,17
571,33	4133,17
571,536	4009,17
571,743	4092,17
571,949	3550,17
572,156	3350,17
572,362	3571,17
572,569	3686,17
572,775	4072,17
572,982	3924,17
573,188	4154,17
573,394	3946,17
573,601	4116,17
573,807	4247,17
574,013	4442,17
574,22	4224,17
574,426	4096,17
574,632	4334,17
574,838	4054,17
575,045	3765,17
575,251	3770,17
575,457	3809,17
575,663	3982,17
575,869	4173,17
576,076	4177,17
576,282	4345,17
576,488	4261,17
576,694	4250,17
576,9	4209,17
577,106	4673,17
577,312	5037,17
577,518	5145,17
577,724	4863,17
577,93	4583,17
578,136	4275,17
578,342	4120,17
578,548	4005,17
578,754	3826,17
578,96	4086,17
579,166	4369,17
579,372	4433,17
579,578	4620,17
579,784	4588,17
579,989	4471,17
580,195	4267,17
580,401	4243,17
580,607	4718,17
580,813	5751,17
581,018	6216,17
581,224	5821,17
581,43	5571,17
581,636	5405,17
581,841	5247,17
582,047	4877,17
582,253	4593,17
582,458	4272,17
582,664	4072,17
582,869	4033,17
583,075	3658,17
583,281	4240,17
583,486	4232,17
583,692	4237,17
583,897	4455,17
584,103	4409,17
584,308	4721,17
584,514	4999,17
584,719	5069,17
584,925	4877,17
585,13	4820,17
585,335	4539,17
585,541	4444,17
585,746	4275,17
585,952	4053,17
586,157	4111,17
586,362	4188,17
586,568	4493,17
586,773	4651,17
586,978	4566,17
587,183	4499,17
587,389	4441,17
587,594	4125,17
587,799	4176,17
588,004	4381,17
588,21	4237,17
588,415	3950,17
588,62	3925,17
588,825	3924,17
589,03	3807,17
589,235	4459,17
589,44	4134,17
589,645	3848,17
589,85	3941,17
590,055	3793,17
590,26	3823,17
590,465	3632,17
590,67	3672,17
590,875	3884,17
591,08	3856,17
591,285	3757,17
591,49	3740,17
591,695	3806,17
591,9	3709,17
592,105	3986,17
592,31	4184,17
592,515	4427,17
592,719	3967,17
592,924	3885,17
593,129	3862,17
593,334	3824,17
593,539	3699,17
593,743	3602,17
593,948	3583,17
594,153	3511,17
594,357	3974,17
594,562	3789,17
594,767	4206,17
594,971	3553,17
595,176	3549,17
595,381	3723,17
595,585	3509,17
595,79	3668,17
595,994	3307,17
596,199	3901,17
596,403	3120,17
596,608	3243,17
596,812	3528,17
597,017	3514,17
597,221	3596,17
597,426	3582,17
597,63	3385,17
597,835	3234,17
598,039	3338,17
598,243	3509,17
598,448	4057,17
598,652	3727,17
598,856	3449,17
599,061	3501,17
599,265	3333,17
599,469	3323,17
599,673	3518,17
599,878	3533,17
600,082	3289,17
600,286	3411,17
600,49	3381,17
600,695	3121,17
600,899	3244,17
601,103	3314,17
601,307	3391,17
601,511	3236,17
601,715	3150,17
601,919	3030,17
602,123	3406,17
602,327	3313,17
602,531	3275,17
602,735	3476,17
602,939	3492,17
603,143	3181,17
603,347	3360,17
603,551	3125,17
603,755	3087,17
603,959	3151,17
604,163	3137,17
604,367	2948,17
604,571	3048,17
604,775	3171,17
604,978	3112,17
605,182	3129,17
605,386	3209,17
605,59	3163,17
605,793	3085,17
605,997	3119,17
606,201	3044,17
606,405	3081,17
606,608	3150,17
606,812	3003,17
607,016	3123,17
607,219	2867,17
607,423	2894,17
607,627	3058,17
607,83	2884,17
608,034	2818,17
608,237	2943,17
608,441	2800,17
608,644	2980,17
608,848	3025,17
609,051	2854,17
609,255	2791,17
609,458	3086,17
609,662	2874,17
609,865	3082,17
610,069	2739,17
610,272	2603,17
610,475	2770,17
610,679	2703,17
610,882	2653,17
611,085	2691,17
611,289	2828,17
611,492	2731,17
611,695	2611,17
611,898	2609,17
612,102	2810,17
612,305	2691,17
612,508	2675,17
612,711	2817,17
612,914	2645,17
613,118	2753,17
613,321	2706,17
613,524	2596,17
613,727	2569,17
613,93	2526,17
614,133	2695,17
614,336	2678,17
614,539	2598,17
614,742	2539,17
614,945	2553,17
615,148	2680,17
615,351	2672,17
615,554	2690,17
615,757	2443,17
615,96	2608,17
616,163	2521,17
616,366	2668,17
616,569	2514,17
616,772	2661,17
616,974	2540,17
617,177	2643,17
617,38	2511,17
617,583	2570,17
617,786	2359,17
617,988	2376,17
618,191	2558,17
618,394	2410,17
618,596	2332,17
618,799	2329,17
619,002	2473,17
619,204	2527,17
619,407	2410,17
619,61	2470,17
619,812	2375,17
620,015	2411,17
620,217	2531,17
620,42	2340,17
620,623	2303,17
620,825	2356,17
621,028	2569,17
621,23	2521,17
621,432	2420,17
621,635	2609,17
621,837	2480,17
622,04	2470,17
622,242	2280,17
622,445	2362,17
622,647	2434,17
622,849	2510,17
623,052	2221,17
623,254	2520,17
623,456	2268,17
623,658	2448,17
623,861	2657,17
624,063	2354,17
624,265	2540,17
624,467	2420,17
624,67	2145,17
624,872	2366,17
625,074	2558,17
625,276	2458,17
625,478	2332,17
625,68	2134,17
625,882	2127,17
626,084	2239,17
626,287	2424,17
626,489	2329,17
626,691	2297,17
626,893	2274,17
627,095	2336,17
627,297	2331,17
627,499	2218,17
627,7	1866,17
627,902	2013,17
628,104	2020,17
628,306	2103,17
628,508	2124,17
628,71	2161,17
628,912	2133,17
629,114	2426,17
629,315	2200,17
629,517	2044,17
629,719	2088,17
629,921	2208,17
630,122	2054,17
630,324	2076,17
630,526	2077,17
630,728	2137,17
630,929	2037,17
631,131	2024,17
631,332	2327,17
631,534	2223,17
631,736	2188,17
631,937	1913,17
632,139	2228,17
632,34	2090,17
632,542	2250,17
632,743	2090,17
632,945	1960,17
633,146	2127,17
633,348	2146,17
633,549	2057,17
633,751	1996,17
633,952	2124,17
634,154	1872,17
634,355	1828,17
634,556	2002,17
634,758	1980,17
634,959	2007,17
635,16	2108,17
635,362	1867,17
635,563	2018,17
635,764	1986,17
635,965	1966,17
636,167	2182,17
636,368	1939,17
636,569	1914,17
636,77	2098,17
636,971	1934,17
637,172	2016,17
637,374	1835,17
637,575	2135,17
637,776	1776,17
637,977	1795,17
638,178	1981,17
638,379	1860,17
638,58	1920,17
638,781	1751,17
638,982	2000,17
639,183	1875,17
639,384	1831,17
639,585	1851,17
639,786	1770,17
639,987	1774,17
640,187	2004,17
640,388	2002,17
640,589	1881,17
640,79	1798,17
640,991	1897,17
641,192	2008,17
641,392	1795,17
641,593	1795,17
641,794	1680,17
641,995	1774,17
642,195	1450,17
642,396	1698,17
642,597	1681,17
642,797	1787,17
642,998	1873,17
643,199	1754,17
643,399	1843,17
643,6	1668,17
643,8	1665,17
644,001	1813,17
644,202	1810,17
644,402	1726,17
644,603	1767,17
644,803	1671,17
645,004	1814,17
645,204	1648,17
645,404	1788,17
645,605	2099,17
645,805	1664,17
646,006	1648,17
646,206	2223,17
646,406	1680,17
646,607	1549,17
646,807	1370,17
647,007	-61,83
647,208	-33,83
647,408	-81,83
647,608	-46,83
