200,697	952
200,927	65
201,158	-81
201,388	89
201,618	1504
201,849	1434
202,079	1635
202,309	1560
202,539	1693
202,77	1548
203	1617
203,23	1614
203,46	1677
203,691	1655
203,921	1664
204,151	1632
204,381	1590
204,611	1867
204,841	1637
205,071	1621
205,302	1785
205,532	1638
205,762	3674
205,992	1731
206,222	1520
206,452	1745
206,682	1636
206,912	1755
207,142	1734
207,372	1666
207,602	1553
207,832	1525
208,062	1760
208,292	1763
208,522	1515
208,752	1683
208,982	1619
209,212	1842
209,442	1655
209,672	1611
209,902	1622
210,131	1766
210,361	1579
210,591	1660
210,821	1709
211,051	1838
211,281	1679
211,51	1676
211,74	1716
211,97	1631
212,2	1696
212,429	1883
212,659	1731
212,889	1735
213,119	1584
213,348	1646
213,578	1805
213,808	1805
214,037	1787
214,267	1723
214,497	1668
214,726	1650
214,956	1676
215,186	1632
215,415	1691
215,645	1637
215,874	1767
216,104	1567
216,333	1669
216,563	1720
216,792	1716
217,022	1752
217,251	1705
217,481	1644
217,71	1668
217,94	1688
218,169	1757
218,399	1721
218,628	1586
218,858	1784
219,087	1755
219,316	1771
219,546	1665
219,775	1732
220,004	1845
220,234	1577
220,463	1725
220,692	1679
220,922	1669
221,151	1738
221,38	1639
221,61	2127
221,839	1981
222,068	1967
222,297	1887
222,526	1809
222,756	1853
222,985	1803
223,214	1789
223,443	1772
223,672	2196
223,902	1554
224,131	1786
224,36	1869
224,589	1587
224,818	1749
225,047	1883
225,276	1901
225,505	2028
225,734	1775
225,963	1684
226,192	1731
226,421	1711
226,65	1773
226,879	1841
227,108	1980
227,337	1917
227,566	1982
227,795	1776
228,024	1899
228,253	1752
228,482	1670
228,711	1829
228,94	1730
229,168	1782
229,397	1825
229,626	1824
229,855	1886
230,084	1745
230,313	1677
230,541	1931
230,77	1819
230,999	1681
231,228	2051
231,456	1929
231,685	1528
231,914	1892
232,143	1851
232,371	1829
232,6	1792
232,829	1811
233,057	1922
233,286	1901
233,515	1854
233,743	1833
233,972	1746
234,2	1891
234,429	1856
234,658	2133
234,886	1697
235,115	1906
235,343	1886
235,572	1855
235,8	1932
236,029	2128
236,257	1807
236,486	1938
236,714	1867
236,943	1965
237,171	1832
237,399	1889
237,628	2048
237,856	2067
238,085	1968
238,313	1835
238,541	1904
238,77	2257
238,998	1841
239,226	1865
239,455	1944
239,683	1991
239,911	1867
240,14	2037
240,368	2041
240,596	1882
240,824	1971
241,053	1909
241,281	2068
241,509	1944
241,737	1919
241,965	1836
242,193	1912
242,422	1907
242,65	1843
242,878	2098
243,106	1946
243,334	1936
243,562	2034
243,79	1936
244,018	2078
244,246	1922
244,474	1923
244,702	1902
244,93	1995
245,158	1937
245,386	1906
245,614	2004
245,842	2145
246,07	1909
246,298	2132
246,526	2408
246,754	1911
246,982	2087
247,21	1980
247,438	1970
247,666	1958
247,893	1954
248,121	1861
248,349	1953
248,577	2022
248,805	2250
249,033	2002
249,26	2097
249,488	1982
249,716	1974
249,944	1948
250,171	2075
250,399	1961
250,627	2183
250,854	2019
251,082	1971
251,31	2066
251,537	1966
251,765	2209
251,993	1901
252,22	2379
252,448	1926
252,676	2112
252,903	2025
253,131	2355
253,358	1980
253,586	1941
253,813	2134
254,041	2116
254,268	2041
254,496	1822
254,723	2021
254,951	1964
255,178	2020
255,406	1820
255,633	1993
255,86	2235
256,088	1965
256,315	1946
256,543	2167
256,77	2042
256,997	2006
257,225	2060
257,452	1948
257,679	2045
257,907	2165
258,134	1969
258,361	2133
258,588	1974
258,816	2088
259,043	1936
259,27	2022
259,497	1997
259,725	1999
259,952	1923
260,179	1922
260,406	2035
260,633	1959
260,86	2038
261,088	2009
261,315	2271
261,542	1986
261,769	1941
261,996	2357
262,223	2161
262,45	2283
262,677	1921
262,904	2004
263,131	2188
263,358	1924
263,585	2077
263,812	2432
264,039	2191
264,266	1975
264,493	2060
264,72	1967
264,947	2101
265,174	2299
265,401	2206
265,627	2236
265,854	2115
266,081	2315
266,308	2075
266,535	2059
266,762	2048
266,988	2056
267,215	1968
267,442	2030
267,669	2281
267,896	2111
268,122	2184
268,349	2098
268,576	1900
268,802	2185
269,029	2083
269,256	2074
269,482	2104
269,709	2037
269,936	2036
270,162	2265
270,389	2029
270,616	2106
270,842	2216
271,069	2123
271,295	2081
271,522	2037
271,748	2141
271,975	2210
272,201	2228
272,428	2106
272,654	2096
272,881	2369
273,107	1979
273,334	2108
273,56	2326
273,787	2122
274,013	2260
274,239	2554
274,466	1963
274,692	2248
274,918	2270
275,145	2230
275,371	2235
275,597	2385
275,824	2383
276,05	2333
276,276	2481
276,503	2367
276,729	2496
276,955	2513
277,181	2593
277,407	2554
277,634	2705
277,86	2707
278,086	2855
278,312	2649
278,538	2824
278,764	3004
278,991	3172
279,217	3028
279,443	3145
279,669	3230
279,895	3412
280,121	3363
280,347	3411
280,573	3553
280,799	3529
281,025	3893
281,251	3814
281,477	3924
281,703	3887
281,929	4054
282,155	4278
282,381	4296
282,607	4231
282,833	4321
283,059	4427
283,285	4473
283,51	4505
283,736	4389
283,962	4604
284,188	4768
284,414	4838
284,64	4856
284,865	4983
285,091	4924
285,317	5115
285,543	5327
285,768	5177
285,994	5204
286,22	5593
286,446	5572
286,671	5265
286,897	5501
287,123	5411
287,348	5476
287,574	6176
287,799	5854
288,025	5642
288,251	6004
288,476	5798
288,702	5774
288,927	5783
289,153	5813
289,378	6150
289,604	6082
289,829	5964
290,055	6052
290,28	6055
290,506	6124
290,731	6017
290,957	6172
291,182	6279
291,408	6365
291,633	6309
291,858	6356
292,084	6378
292,309	6337
292,535	6356
292,76	6630
292,985	6666
293,211	6543
293,436	6487
293,661	6543
293,886	6713
294,112	6771
294,337	6880
294,562	6639
294,787	6986
295,013	6963
295,238	6875
295,463	7111
295,688	7174
295,913	6984
296,138	7109
296,364	6947
296,589	7062
296,814	6876
297,039	6882
297,264	6993
297,489	7069
297,714	6956
297,939	6829
298,164	7098
298,389	7167
298,614	7079
298,839	7341
299,064	7404
299,289	7387
299,514	7563
299,739	7705
299,964	7536
300,189	7588
300,414	7824
300,639	7799
300,863	7733
301,088	8017
301,313	7672
301,538	7739
301,763	7948
301,988	7840
302,212	7999
302,437	8509
302,662	8018
302,887	7997
303,111	8014
303,336	8140
303,561	8031
303,786	7904
304,01	8048
304,235	8215
304,46	7922
304,684	7979
304,909	7965
305,134	7825
305,358	7927
305,583	7876
305,807	8067
306,032	7593
306,256	7795
306,481	7961
306,706	7839
306,93	7817
307,155	8156
307,379	7958
307,604	8003
307,828	7987
308,052	8369
308,277	8233
308,501	8318
308,726	8424
308,95	8244
309,175	8246
309,399	8419
309,623	8325
309,848	8224
310,072	8073
310,296	8640
310,521	8355
310,745	8154
310,969	8576
311,193	8460
311,418	8341
311,642	8237
311,866	8637
312,09	8182
312,315	8448
312,539	8421
312,763	8299
312,987	8574
313,211	8345
313,435	8501
313,659	8315
313,884	8664
314,108	8502
314,332	8527
314,556	8233
314,78	8568
315,004	8414
315,228	8534
315,452	8332
315,676	8361
315,9	8048
316,124	8064
316,348	8377
316,572	8270
316,796	8336
317,02	8210
317,244	8284
317,468	8133
317,691	8470
317,915	8256
318,139	8119
318,363	8641
318,587	8190
318,811	8078
319,034	8114
319,258	8197
319,482	8435
319,706	8245
319,93	8171
320,153	8073
320,377	8173
320,601	7990
320,824	7990
321,048	8475
321,272	8181
321,495	8222
321,719	8188
321,943	8073
322,166	8235
322,39	8283
322,614	8241
322,837	8288
323,061	8138
323,284	8217
323,508	8261
323,731	8051
323,955	8212
324,178	8025
324,402	8343
324,625	8225
324,849	8183
325,072	8292
325,296	8411
325,519	8246
325,743	8017
325,966	8259
326,189	8283
326,413	8146
326,636	8434
326,859	8203
327,083	8335
327,306	7968
327,529	7902
327,753	7795
327,976	8072
328,199	8023
328,422	7926
328,646	8040
328,869	8106
329,092	8054
329,315	8172
329,538	7961
329,762	8006
329,985	8010
330,208	7948
330,431	8202
330,654	8251
330,877	8067
331,1	8318
331,323	8070
331,546	8168
331,769	8137
331,993	8064
332,216	8175
332,439	8093
332,662	8109
332,885	8041
333,107	7918
333,33	8100
333,553	8265
333,776	8010
333,999	8016
334,222	8015
334,445	8077
334,668	8011
334,891	8115
335,114	7907
335,336	8008
335,559	8078
335,782	8251
336,005	8045
336,228	8035
336,45	7875
336,673	7800
336,896	8008
337,119	8034
337,341	7984
337,564	7877
337,787	7945
338,009	7917
338,232	7866
338,455	8090
338,677	7792
338,9	7805
339,122	7904
339,345	7720
339,568	7874
339,79	7896
340,013	8102
340,235	7868
340,458	7634
340,68	7867
340,903	7655
341,125	7696
341,348	7623
341,57	7588
341,793	7859
342,015	7411
342,238	7490
342,46	7589
342,682	7607
342,905	7366
343,127	7461
343,349	7344
343,572	7454
343,794	7103
344,016	7239
344,239	7354
344,461	7215
344,683	7141
344,905	7185
345,128	7279
345,35	7340
345,572	7381
345,794	7511
346,017	7388
346,239	7300
346,461	7304
346,683	7334
346,905	7542
347,127	7464
347,349	7338
347,571	7280
347,793	7581
348,016	7460
348,238	7335
348,46	7346
348,682	7108
348,904	7479
349,126	7339
349,348	7140
349,57	7247
349,792	7193
350,014	7283
350,235	7197
350,457	7389
350,679	7345
350,901	7152
351,123	7135
351,345	7134
351,567	7259
351,789	7213
352,01	7241
352,232	7043
352,454	7001
352,676	7132
352,897	6864
353,119	6830
353,341	6733
353,563	6643
353,784	6524
354,006	6534
354,228	6615
354,449	6593
354,671	6858
354,893	6851
355,114	6907
355,336	6844
355,558	6835
355,779	6789
356,001	7103
356,222	6825
356,444	6749
356,665	7285
356,887	6662
357,108	6761
357,33	6754
357,551	6822
357,773	6797
357,994	6915
358,216	6675
358,437	6757
358,659	6898
358,88	6633
359,101	6684
359,323	6791
359,544	6582
359,765	6588
359,987	6638
360,208	6672
360,429	6639
360,651	6510
360,872	6735
361,093	6721
361,314	6511
361,536	6528
361,757	6592
361,978	6483
362,199	6362
362,42	6308
362,642	6461
362,863	6524
363,084	6441
363,305	6376
363,526	6409
363,747	6305
363,968	6235
364,189	6409
364,41	6232
364,631	6129
364,852	6389
365,073	6159
365,294	6169
365,515	6072
365,736	6189
365,957	6300
366,178	6043
366,399	6195
366,62	6299
366,841	6274
367,062	6085
367,283	6318
367,504	6259
367,724	5941
367,945	6071
368,166	6340
368,387	6203
368,608	6194
368,828	6228
369,049	6068
369,27	6129
369,491	6113
369,711	6218
369,932	6243
370,153	6009
370,373	6224
370,594	6495
370,815	6186
371,035	6225
371,256	5924
371,477	5985
371,697	6099
371,918	6016
372,138	6143
372,359	6265
372,579	5905
372,8	6041
373,02	6126
373,241	5905
373,461	6085
373,682	5945
373,902	6042
374,123	5854
374,343	6271
374,564	5946
374,784	5894
375,004	5997
375,225	5777
375,445	5846
375,666	5947
375,886	5583
376,106	5667
376,326	5915
376,547	6024
376,767	5891
376,987	6010
377,208	5971
377,428	5835
377,648	6107
377,868	6159
378,088	6286
378,309	6203
378,529	6227
378,749	6311
378,969	6167
379,189	6269
379,409	6387
379,629	6062
379,849	6047
380,069	6025
380,29	5874
380,51	5926
380,73	6020
380,95	6115
381,17	5923
381,39	5880
381,61	5739
381,829	5801
382,049	5812
382,269	5879
382,489	5882
382,709	5840
382,929	5873
383,149	5685
383,369	6110
383,589	5767
383,808	5778
384,028	5716
384,248	5789
384,468	5736
384,688	5760
384,907	5677
385,127	5746
385,347	5796
385,567	5744
385,786	5957
386,006	5669
386,226	5933
386,445	5821
386,665	5971
386,885	6127
387,104	6078
387,324	6030
387,543	6023
387,763	6161
387,982	6101
388,202	6133
388,422	5947
388,641	6082
388,861	6017
389,08	6140
389,3	5859
389,519	6004
389,738	5952
389,958	5975
390,177	5870
390,397	6008
390,616	6036
390,836	6099
391,055	6041
391,274	6077
391,494	6005
391,713	6095
391,932	6298
392,151	6208
392,371	6199
392,59	6369
392,809	6518
393,029	6354
393,248	6203
393,467	5885
393,686	5855
393,905	7019
394,124	5746
394,344	5982
394,563	6199
394,782	5899
395,001	6044
395,22	5900
395,439	5852
395,658	5868
395,877	6024
396,096	5866
396,315	6132
396,534	5964
396,753	6146
396,972	6095
397,191	6253
397,41	6375
397,629	6511
397,848	6368
398,067	6470
398,286	6392
398,505	6493
398,724	6475
398,943	6809
399,161	6113
399,38	6108
399,599	6072
399,818	5930
400,037	6159
400,255	5934
400,474	5891
400,693	5880
400,912	6071
401,13	5803
401,349	5883
401,568	5649
401,786	5923
402,005	5852
402,224	5717
402,442	5769
402,661	5697
402,88	5591
403,098	5537
403,317	5711
403,535	5720
403,754	5700
403,972	5783
404,191	5507
404,409	5688
404,628	6576
404,846	5891
405,065	5901
405,283	5794
405,502	5844
405,72	5752
405,938	5733
406,157	5504
406,375	5521
406,594	5514
406,812	5588
407,03	5467
407,249	5289
407,467	5525
407,685	5642
407,903	5508
408,122	5727
408,34	5728
408,558	5660
408,776	5565
408,995	5547
409,213	5595
409,431	5742
409,649	5713
409,867	5538
410,085	5588
410,303	5489
410,522	5325
410,74	5294
410,958	5407
411,176	5401
411,394	5330
411,612	5375
411,83	5579
412,048	5562
412,266	5427
412,484	5575
412,702	5921
412,92	5482
413,138	5633
413,356	5482
413,573	5489
413,791	5702
414,009	5427
414,227	5571
414,445	5199
414,663	5313
414,881	5341
415,098	5321
415,316	5282
415,534	5667
415,752	5521
415,969	5495
416,187	5217
416,405	5210
416,623	5357
416,84	5198
417,058	5285
417,276	5395
417,493	5256
417,711	5306
417,928	5290
418,146	5291
418,364	5265
418,581	5146
418,799	5250
419,016	5186
419,234	5295
419,451	5877
419,669	5341
419,886	5426
420,104	5411
420,321	5395
420,539	5615
420,756	5806
420,974	5757
421,191	5707
421,408	5962
421,626	5862
421,843	5579
422,06	5678
422,278	5523
422,495	5585
422,712	5682
422,93	5641
423,147	5677
423,364	5518
423,581	5577
423,799	5345
424,016	5337
424,233	5446
424,45	5388
424,667	5475
424,884	5444
425,102	5540
425,319	5166
425,536	5291
425,753	5268
425,97	5077
426,187	5095
426,404	5023
426,621	5355
426,838	5426
427,055	5477
427,272	5520
427,489	5494
427,706	5382
427,923	5370
428,14	5339
428,357	5539
428,574	5379
428,791	5377
429,008	5581
429,224	5575
429,441	5669
429,658	6021
429,875	6186
430,092	6040
430,308	5957
430,525	5929
430,742	5507
430,959	5597
431,175	5443
431,392	5148
431,609	5264
431,826	5279
432,042	4918
432,259	4943
432,476	5266
432,692	4917
432,909	5067
433,125	5341
433,342	5439
433,559	5561
433,775	5562
433,992	5373
434,208	5177
434,425	4985
434,641	5138
434,858	5295
435,074	5126
435,291	5117
435,507	5197
435,723	5143
435,94	5182
436,156	5321
436,373	5405
436,589	5227
436,805	5222
437,022	5013
437,238	5051
437,454	5121
437,671	5169
437,887	5103
438,103	5146
438,319	5084
438,536	5274
438,752	5235
438,968	5141
439,184	5089
439,4	4987
439,616	4896
439,833	5168
440,049	5019
440,265	5189
440,481	5135
440,697	5358
440,913	5461
441,129	5660
441,345	5667
441,561	5630
441,777	5452
441,993	5405
442,209	5214
442,425	5424
442,641	5359
442,857	5371
443,073	5396
443,289	5443
443,505	5751
443,721	5359
443,937	5314
444,152	5263
444,368	5336
444,584	5253
444,8	5353
445,016	5235
445,231	5218
445,447	5213
445,663	5137
445,879	5189
446,094	5291
446,31	5349
446,526	5187
446,742	5169
446,957	5002
447,173	5092
447,388	5126
447,604	5132
447,82	4974
448,035	5014
448,251	4935
448,466	5073
448,682	4916
448,897	4933
449,113	5043
449,328	5102
449,544	4959
449,759	5271
449,975	4800
450,19	4886
450,406	4965
450,621	4827
450,836	4764
451,052	4700
451,267	4658
451,483	4761
451,698	4600
451,913	4796
452,129	4764
452,344	4595
452,559	4736
452,774	4660
452,99	4574
453,205	4611
453,42	4696
453,635	4659
453,85	4453
454,066	4624
454,281	4617
454,496	4693
454,711	4664
454,926	4761
455,141	4561
455,356	4597
455,571	4562
455,786	4552
456,001	4443
456,217	4312
456,432	4503
456,647	4515
456,861	4533
457,076	4547
457,291	4775
457,506	4544
457,721	4764
457,936	4712
458,151	4641
458,366	4824
458,581	4684
458,796	4817
459,01	4738
459,225	4696
459,44	4492
459,655	4706
459,87	4461
460,084	4497
460,299	4525
460,514	4493
460,729	4845
460,943	4457
461,158	4330
461,373	4527
461,587	4254
461,802	4030
462,016	4317
462,231	4121
462,446	4223
462,66	4171
462,875	4221
463,089	4314
463,304	4363
463,518	4310
463,733	4468
463,947	4464
464,162	4448
464,376	4477
464,591	4780
464,805	4482
465,02	4745
465,234	4764
465,448	4828
465,663	4709
465,877	4630
466,091	4373
466,306	4495
466,52	4588
466,734	3932
466,949	4109
467,163	4169
467,377	4048
467,591	4215
467,806	4043
468,02	3995
468,234	3868
468,448	4081
468,662	4031
468,876	4077
469,091	3773
469,305	3836
469,519	3579
469,733	3717
469,947	3703
470,161	3874
470,375	3521
470,589	3659
470,803	3707
471,017	3749
471,231	3723
471,445	3625
471,659	3775
471,873	3824
472,087	3667
472,301	3909
472,515	3841
472,728	3752
472,942	3878
473,156	3897
473,37	3836
473,584	3833
473,798	3910
474,011	3751
474,225	3801
474,439	3914
474,653	3885
474,866	4024
475,08	4059
475,294	4063
475,507	3621
475,721	4032
475,935	3835
476,148	3679
476,362	3684
476,576	3685
476,789	3893
477,003	3769
477,216	3769
477,43	3790
477,643	3913
477,857	4187
478,07	3841
478,284	3872
478,497	4001
478,711	3916
478,924	3789
479,138	3737
479,351	3954
479,564	3783
479,778	4057
479,991	3947
480,204	3905
480,418	4009
480,631	3835
480,844	4004
481,058	3891
481,271	4000
481,484	3979
481,697	4050
481,911	3906
482,124	3917
482,337	3955
482,55	3727
482,763	3739
482,976	3884
483,19	3773
483,403	3809
483,616	3919
483,829	3973
484,042	4014
484,255	4055
484,468	4382
484,681	4141
484,894	4346
485,107	5987
485,32	8680
485,533	10089
485,746	9913
485,959	8499
486,172	7458
486,385	5915
486,598	5099
486,81	4430
487,023	4171
487,236	4296
487,449	3751
487,662	3818
487,875	3691
488,087	3657
488,3	3595
488,513	3441
488,726	3481
488,938	3700
489,151	3675
489,364	3643
489,576	3599
489,789	3632
490,002	3594
490,214	3541
490,427	3410
490,64	3557
490,852	3630
491,065	3346
491,277	3541
491,49	3524
491,702	3334
491,915	3590
492,127	3626
492,34	3519
492,552	3425
492,765	3536
492,977	3747
493,19	3515
493,402	3398
493,614	3513
493,827	3479
494,039	3506
494,251	3485
494,464	3556
494,676	3075
494,888	3229
495,101	3291
495,313	3300
495,525	3394
495,737	3658
495,95	3600
496,162	3696
496,374	3536
496,586	3465
496,798	3434
497,01	3379
497,222	3013
497,435	3415
497,647	3140
497,859	3175
498,071	3312
498,283	3359
498,495	3339
498,707	3586
498,919	3307
499,131	3523
499,343	3274
499,555	3293
499,767	3483
499,979	3143
500,191	3446
500,402	3191
500,614	3283
500,826	3375
501,038	3310
501,25	3472
501,462	3272
501,673	3359
501,885	3307
502,097	3288
502,309	3412
502,521	3498
502,732	3266
502,944	3254
503,156	3269
503,367	3320
503,579	3115
503,791	3244
504,002	3219
504,214	3323
504,425	3459
504,637	3371
504,849	3134
505,06	3152
505,272	3313
505,483	3220
505,695	3153
505,906	2988
506,118	3292
506,329	3069
506,541	3036
506,752	3150
506,963	3010
507,175	2853
507,386	3200
507,598	3180
507,809	3035
508,02	3119
508,232	3151
508,443	2964
508,654	3203
508,865	3084
509,077	2912
509,288	2901
509,499	3220
509,71	2925
509,922	3160
510,133	2995
510,344	3162
510,555	2886
510,766	2948
510,977	3187
511,188	2951
511,4	2911
511,611	2873
511,822	2896
512,033	2870
512,244	2833
512,455	2926
512,666	2875
512,877	2928
513,088	2884
513,299	2849
513,51	2803
513,721	2690
513,931	2867
514,142	2863
514,353	2829
514,564	2698
514,775	2702
514,986	2777
515,196	2934
515,407	2735
515,618	2848
515,829	2751
516,04	2804
516,25	2704
516,461	2794
516,672	2786
516,882	2656
517,093	2824
517,304	2655
517,514	2624
517,725	2831
517,936	2618
518,146	2613
518,357	2786
518,567	2631
518,778	3080
518,988	2720
519,199	2900
519,409	2641
519,62	2736
519,83	2593
520,041	2683
520,251	2710
520,462	2695
520,672	2611
520,882	2723
521,093	2466
521,303	2711
521,513	2619
521,724	3535
521,934	2468
522,144	2597
522,355	2610
522,565	2867
522,775	2663
522,985	2591
523,196	2664
523,406	2549
523,616	2925
523,826	2562
524,036	3487
524,246	2564
524,457	2527
524,667	2445
524,877	2566
525,087	2614
525,297	2659
525,507	2681
525,717	2521
525,927	2587
526,137	2554
526,347	2617
526,557	2589
526,767	2625
526,977	2846
527,187	2518
527,397	2446
527,607	2413
527,816	2420
528,026	2547
528,236	2632
528,446	2495
528,656	2729
528,865	2882
529,075	2532
529,285	2611
529,495	2607
529,704	2605
529,914	2536
530,124	2468
530,334	2428
530,543	2556
530,753	2808
530,963	2901
531,172	2572
531,382	2410
531,591	2820
531,801	2425
532,01	2527
532,22	2488
532,43	2416
532,639	2790
532,849	2572
533,058	2563
533,267	2816
533,477	2487
533,686	2554
533,896	2586
534,105	2622
534,315	2690
534,524	2520
534,733	2566
534,943	2675
535,152	2649
535,361	2400
535,57	2469
535,78	2480
535,989	2364
536,198	2451
536,407	2326
536,617	2421
536,826	2401
537,035	2538
537,244	2592
537,453	2269
537,662	2473
537,872	2674
538,081	2489
538,29	2417
538,499	2366
538,708	2651
538,917	2515
539,126	2526
539,335	2526
539,544	2926
539,753	2349
539,962	2447
540,171	2404
540,38	2555
540,589	2497
540,797	2759
541,006	2561
541,215	2394
541,424	2650
541,633	2508
541,842	2462
542,05	2618
542,259	2517
542,468	2515
542,677	2530
542,885	2475
543,094	2495
543,303	2408
543,512	2579
543,72	2636
543,929	2653
544,138	2489
544,346	2416
544,555	2389
544,763	2553
544,972	2439
545,18	2288
545,389	2441
545,598	2392
545,806	2548
546,015	2234
546,223	2287
546,431	2484
546,64	2300
546,848	2392
547,057	2448
547,265	2435
547,474	2481
547,682	2599
547,89	2625
548,099	2527
548,307	2409
548,515	2540
548,723	2394
548,932	2312
549,14	2390
549,348	2468
549,556	2349
549,765	2112
549,973	2239
550,181	2384
550,389	2426
550,597	2374
550,805	2193
551,014	2391
551,222	6258
551,43	2249
551,638	2484
551,846	2565
552,054	2481
552,262	2563
552,47	2395
552,678	2357
552,886	2392
553,094	2230
553,302	2502
553,51	2335
553,717	2405
553,925	2203
554,133	2539
554,341	2204
554,549	2234
554,757	2357
554,965	2255
555,172	2400
555,38	2710
555,588	2265
555,796	2449
556,003	2569
556,211	2104
556,419	2303
556,626	2373
556,834	2273
557,042	2260
557,249	2205
557,457	2347
557,664	2044
557,872	2229
558,08	2148
558,287	2259
558,495	2296
558,702	2059
558,91	2288
559,117	2269
559,325	2281
559,532	2259
559,74	2445
559,947	2298
560,154	2362
560,362	2204
560,569	2282
560,776	2212
560,984	2417
561,191	2370
561,398	2308
561,606	2647
561,813	2232
562,02	2046
562,227	2082
562,435	2196
562,642	2304
562,849	2278
563,056	2237
563,263	2323
563,471	2366
563,678	2364
563,885	2256
564,092	2312
564,299	2322
564,506	2319
564,713	2243
564,92	2267
565,127	2339
565,334	2158
565,541	2525
565,748	2231
565,955	2263
566,162	2246
566,369	2347
566,576	2466
566,783	2436
566,99	2322
567,196	2561
567,403	2372
567,61	2509
567,817	2298
568,024	2414
568,23	2494
568,437	2478
568,644	2460
568,851	2516
569,057	2855
569,264	2824
569,471	2723
569,677	2769
569,884	2765
570,091	2816
570,297	3737
570,504	3069
570,71	2930
570,917	2864
571,123	2790
571,33	2959
571,536	2829
571,743	3066
571,949	2495
572,156	2455
572,362	2682
572,569	2527
572,775	2773
572,982	3090
573,188	2981
573,394	2897
573,601	2728
573,807	2849
574,013	3175
574,22	2863
574,426	2806
574,632	2855
574,838	2817
575,045	2637
575,251	2539
575,457	2608
575,663	2669
575,869	2547
576,076	2663
576,282	2833
576,488	2734
576,694	2844
576,9	2611
577,106	2906
577,312	3039
577,518	3287
577,724	3273
577,93	3024
578,136	2759
578,342	2717
578,548	2584
578,754	2464
578,96	2564
579,166	2530
579,372	2933
579,578	2774
579,784	2799
579,989	2628
580,195	2631
580,401	2585
580,607	2718
580,813	3009
581,018	3453
581,224	3376
581,43	3246
581,636	3199
581,841	3209
582,047	2827
582,253	2723
582,458	2670
582,664	2438
582,869	2411
583,075	2031
583,281	2644
583,486	2335
583,692	2329
583,897	2616
584,103	2490
584,308	2593
584,514	2713
584,719	2854
584,925	2822
585,13	2681
585,335	2680
585,541	2605
585,746	2386
585,952	2287
586,157	2283
586,362	2317
586,568	2420
586,773	2639
586,978	2444
587,183	2480
587,389	2546
587,594	2231
587,799	2336
588,004	2450
588,21	2369
588,415	2174
588,62	2272
588,825	2309
589,03	2042
589,235	2561
589,44	2333
589,645	2111
589,85	2237
590,055	2414
590,26	2128
590,465	2115
590,67	2105
590,875	2083
591,08	2209
591,285	2215
591,49	2137
591,695	2328
591,9	2063
592,105	2097
592,31	2155
592,515	2517
592,719	2072
592,924	2059
593,129	2139
593,334	2141
593,539	2065
593,743	2170
593,948	2000
594,153	1954
594,357	2261
594,562	2060
594,767	2509
594,971	1929
595,176	2034
595,381	2157
595,585	1968
595,79	2220
595,994	1852
596,199	2414
596,403	1738
596,608	1875
596,812	1911
597,017	2021
597,221	2226
597,426	2028
597,63	2026
597,835	1834
598,039	1913
598,243	1943
598,448	2323
598,652	2057
598,856	2009
599,061	2279
599,265	2014
599,469	1876
599,673	2050
599,878	2134
600,082	1998
600,286	1954
600,49	2071
600,695	1760
600,899	1944
601,103	2034
601,307	2059
601,511	2169
601,715	1910
601,919	1842
602,123	2115
602,327	1982
602,531	1936
602,735	2090
602,939	2176
603,143	1936
603,347	2115
603,551	1937
603,755	1910
603,959	1966
604,163	1932
604,367	1853
604,571	1768
604,775	2028
604,978	1973
605,182	1913
605,386	2093
605,59	1932
605,793	1972
605,997	2083
606,201	1932
606,405	2012
606,608	2043
606,812	1964
607,016	2082
607,219	1923
607,423	1884
607,627	2051
607,83	1974
608,034	1857
608,237	2017
608,441	1830
608,644	1980
608,848	1966
609,051	1996
609,255	1830
609,458	2000
609,662	1964
609,865	1976
610,069	1790
610,272	1792
610,475	1762
610,679	1960
610,882	1941
611,085	1846
611,289	2029
611,492	1819
611,695	1799
611,898	1867
612,102	2027
612,305	1919
612,508	1879
612,711	2082
612,914	1785
613,118	2017
613,321	1925
613,524	1805
613,727	1701
613,93	1936
614,133	1850
614,336	1887
614,539	1897
614,742	1762
614,945	1859
615,148	2057
615,351	1927
615,554	2017
615,757	1792
615,96	1846
616,163	1774
616,366	1939
616,569	1860
616,772	2035
616,974	1910
617,177	1867
617,38	1881
617,583	1878
617,786	1803
617,988	1692
618,191	2035
618,394	1838
618,596	1704
618,799	2136
619,002	1922
619,204	1937
619,407	1881
619,61	1782
619,812	1826
620,015	1800
620,217	2009
620,42	1861
620,623	1829
620,825	1832
621,028	2009
621,23	1978
621,432	2044
621,635	2022
621,837	1968
622,04	1801
622,242	1788
622,445	1929
622,647	1883
622,849	1990
623,052	1735
623,254	1953
623,456	1699
623,658	1940
623,861	1970
624,063	1864
624,265	1899
624,467	1898
624,67	1717
624,872	1860
625,074	2038
625,276	2000
625,478	1781
625,68	1701
625,882	1693
626,084	1802
626,287	2054
626,489	1979
626,691	1882
626,893	1793
627,095	1939
627,297	1646
627,499	1716
627,7	1630
627,902	1691
628,104	1644
628,306	1731
628,508	1674
628,71	1797
628,912	1839
629,114	2035
629,315	1829
629,517	1639
629,719	1731
629,921	1715
630,122	1826
630,324	1636
630,526	1896
630,728	1688
630,929	1733
631,131	1737
631,332	1960
631,534	1953
631,736	1820
631,937	1653
632,139	1834
632,34	1808
632,542	1892
632,743	1848
632,945	1689
633,146	1796
633,348	1848
633,549	1830
633,751	1693
633,952	2037
634,154	1673
634,355	1587
634,556	1799
634,758	1740
634,959	1741
635,16	1860
635,362	1647
635,563	1897
635,764	2022
635,965	1817
636,167	1825
636,368	1788
636,569	1750
636,77	1946
636,971	1759
637,172	1820
637,374	1701
637,575	1899
637,776	1605
637,977	1627
638,178	1871
638,379	1731
638,58	1829
638,781	1610
638,982	1790
639,183	1865
639,384	1755
639,585	1711
639,786	1660
639,987	1717
640,187	1864
640,388	1830
640,589	1625
640,79	1670
640,991	1741
641,192	1888
641,392	1612
641,593	1729
641,794	1581
641,995	1721
642,195	1604
642,396	1619
642,597	1624
642,797	1717
642,998	1772
643,199	1691
643,399	1736
643,6	1587
643,8	1800
644,001	1943
644,202	1619
644,402	1645
644,603	1852
644,803	1625
645,004	1764
645,204	1538
645,404	1713
645,605	2066
645,805	1622
646,006	1612
646,206	2104
646,406	1634
646,607	1374
646,807	1426
647,007	-4
647,208	28
647,408	62
647,608	-94
