200,697	908,83
200,927	-14,17
201,158	-3,17
201,388	10,83
201,618	1489,83
201,849	1344,83
202,079	1622,83
202,309	1501,83
202,539	1645,83
202,77	1475,83
203	1617,83
203,23	1537,83
203,46	1599,83
203,691	1648,83
203,921	1654,83
204,151	1626,83
204,381	1534,83
204,611	1680,83
204,841	1546,83
205,071	1528,83
205,302	1719,83
205,532	1669,83
205,762	3750,83
205,992	1519,83
206,222	1580,83
206,452	1618,83
206,682	1567,83
206,912	1679,83
207,142	1744,83
207,372	1605,83
207,602	1464,83
207,832	1644,83
208,062	1708,83
208,292	1666,83
208,522	1467,83
208,752	1610,83
208,982	1564,83
209,212	1754,83
209,442	1584,83
209,672	1575,83
209,902	1507,83
210,131	1719,83
210,361	1513,83
210,591	1646,83
210,821	1546,83
211,051	1746,83
211,281	1599,83
211,51	1627,83
211,74	1683,83
211,97	1591,83
212,2	1692,83
212,429	1863,83
212,659	1611,83
212,889	1673,83
213,119	1552,83
213,348	1537,83
213,578	1748,83
213,808	1747,83
214,037	1770,83
214,267	1715,83
214,497	1681,83
214,726	1609,83
214,956	1560,83
215,186	1647,83
215,415	1642,83
215,645	1665,83
215,874	1732,83
216,104	1565,83
216,333	1647,83
216,563	1698,83
216,792	1674,83
217,022	1768,83
217,251	1671,83
217,481	1592,83
217,71	1692,83
217,94	1645,83
218,169	1713,83
218,399	1695,83
218,628	1633,83
218,858	1751,83
219,087	1764,83
219,316	1732,83
219,546	1701,83
219,775	1696,83
220,004	1782,83
220,234	1553,83
220,463	1670,83
220,692	1679,83
220,922	1613,83
221,151	1743,83
221,38	1644,83
221,61	2035,83
221,839	1943,83
222,068	1751,83
222,297	1790,83
222,526	1769,83
222,756	1801,83
222,985	1813,83
223,214	1788,83
223,443	1756,83
223,672	2257,83
223,902	1662,83
224,131	1734,83
224,36	1857,83
224,589	1672,83
224,818	1744,83
225,047	1836,83
225,276	1673,83
225,505	2061,83
225,734	1813,83
225,963	1720,83
226,192	1765,83
226,421	1737,83
226,65	1825,83
226,879	1812,83
227,108	1900,83
227,337	1872,83
227,566	1976,83
227,795	1842,83
228,024	1892,83
228,253	1804,83
228,482	1737,83
228,711	1893,83
228,94	1676,83
229,168	1799,83
229,397	1828,83
229,626	1889,83
229,855	1852,83
230,084	1854,83
230,313	1790,83
230,541	2049,83
230,77	1953,83
230,999	1756,83
231,228	2186,83
231,456	2006,83
231,685	1944,83
231,914	2034,83
232,143	2028,83
232,371	2074,83
232,6	2070,83
232,829	2060,83
233,057	2163,83
233,286	2078,83
233,515	2120,83
233,743	2152,83
233,972	2086,83
234,2	2190,83
234,429	2161,83
234,658	2282,83
234,886	2215,83
235,115	2314,83
235,343	2425,83
235,572	2322,83
235,8	2481,83
236,029	2802,83
236,257	2449,83
236,486	2690,83
236,714	2720,83
236,943	2709,83
237,171	2605,83
237,399	2699,83
237,628	2745,83
237,856	2925,83
238,085	2894,83
238,313	2755,83
238,541	2970,83
238,77	3305,83
238,998	2995,83
239,226	3126,83
239,455	3126,83
239,683	3200,83
239,911	3133,83
240,14	3453,83
240,368	3426,83
240,596	3361,83
240,824	3422,83
241,053	3414,83
241,281	3441,83
241,509	3538,83
241,737	3550,83
241,965	3578,83
242,193	3606,83
242,422	3603,83
242,65	3722,83
242,878	3788,83
243,106	3873,83
243,334	3872,83
243,562	3993,83
243,79	3987,83
244,018	4082,83
244,246	3974,83
244,474	4089,83
244,702	4082,83
244,93	4177,83
245,158	4202,83
245,386	4103,83
245,614	4235,83
245,842	4391,83
246,07	4230,83
246,298	4426,83
246,526	4742,83
246,754	4336,83
246,982	4468,83
247,21	4448,83
247,438	4413,83
247,666	4551,83
247,893	4534,83
248,121	4553,83
248,349	4542,83
248,577	4654,83
248,805	4747,83
249,033	4592,83
249,26	4698,83
249,488	4621,83
249,716	4725,83
249,944	4684,83
250,171	4661,83
250,399	4783,83
250,627	4878,83
250,854	4831,83
251,082	4748,83
251,31	4850,83
251,537	4790,83
251,765	5047,83
251,993	4766,83
252,22	5180,83
252,448	4774,83
252,676	4989,83
252,903	4978,83
253,131	5218,83
253,358	4911,83
253,586	4810,83
253,813	4918,83
254,041	5034,83
254,268	4996,83
254,496	4828,83
254,723	4964,83
254,951	4970,83
255,178	5046,83
255,406	5030,83
255,633	5014,83
255,86	5167,83
256,088	4999,83
256,315	4881,83
256,543	5105,83
256,77	5102,83
256,997	4992,83
257,225	5135,83
257,452	4996,83
257,679	5028,83
257,907	5143,83
258,134	5017,83
258,361	5130,83
258,588	5012,83
258,816	5139,83
259,043	5050,83
259,27	5059,83
259,497	5087,83
259,725	5017,83
259,952	4997,83
260,179	4944,83
260,406	5094,83
260,633	4993,83
260,86	5117,83
261,088	4906,83
261,315	5226,83
261,542	4900,83
261,769	4934,83
261,996	5351,83
262,223	5144,83
262,45	5226,83
262,677	4891,83
262,904	4893,83
263,131	5104,83
263,358	4882,83
263,585	5047,83
263,812	5299,83
264,039	5090,83
264,266	4868,83
264,493	4980,83
264,72	4891,83
264,947	4898,83
265,174	5209,83
265,401	4987,83
265,627	5047,83
265,854	4887,83
266,081	4989,83
266,308	4872,83
266,535	4857,83
266,762	4874,83
266,988	4839,83
267,215	4879,83
267,442	4772,83
267,669	4850,83
267,896	4866,83
268,122	4888,83
268,349	4874,83
268,576	4602,83
268,802	4696,83
269,029	4663,83
269,256	4842,83
269,482	4700,83
269,709	4708,83
269,936	4772,83
270,162	4846,83
270,389	4735,83
270,616	4848,83
270,842	4919,83
271,069	4874,83
271,295	4795,83
271,522	4771,83
271,748	4828,83
271,975	4989,83
272,201	5023,83
272,428	4882,83
272,654	4778,83
272,881	5068,83
273,107	4788,83
273,334	4898,83
273,56	5083,83
273,787	4945,83
274,013	5042,83
274,239	5336,83
274,466	5049,83
274,692	5044,83
274,918	5136,83
275,145	5178,83
275,371	5059,83
275,597	5316,83
275,824	5213,83
276,05	5290,83
276,276	5330,83
276,503	5274,83
276,729	5268,83
276,955	5218,83
277,181	5296,83
277,407	5329,83
277,634	5411,83
277,86	5304,83
278,086	5512,83
278,312	5344,83
278,538	5340,83
278,764	5409,83
278,991	5558,83
279,217	5346,83
279,443	5357,83
279,669	5373,83
279,895	5481,83
280,121	5420,83
280,347	5571,83
280,573	5515,83
280,799	5565,83
281,025	5742,83
281,251	5604,83
281,477	5891,83
281,703	5830,83
281,929	5906,83
282,155	5947,83
282,381	6077,83
282,607	6118,83
282,833	6241,83
283,059	6312,83
283,285	6136,83
283,51	6264,83
283,736	6266,83
283,962	6564,83
284,188	6524,83
284,414	6557,83
284,64	6677,83
284,865	6706,83
285,091	6752,83
285,317	6864,83
285,543	7088,83
285,768	6955,83
285,994	7002,83
286,22	7365,83
286,446	7258,83
286,671	7054,83
286,897	7272,83
287,123	7256,83
287,348	7334,83
287,574	7888,83
287,799	7557,83
288,025	7430,83
288,251	7772,83
288,476	7664,83
288,702	7653,83
288,927	7694,83
289,153	7720,83
289,378	8008,83
289,604	7891,83
289,829	7978,83
290,055	7897,83
290,28	7907,83
290,506	8140,83
290,731	8007,83
290,957	8119,83
291,182	8223,83
291,408	8287,83
291,633	8195,83
291,858	8128,83
292,084	8286,83
292,309	8193,83
292,535	8293,83
292,76	8386,83
292,985	8364,83
293,211	8344,83
293,436	8300,83
293,661	8251,83
293,886	8387,83
294,112	8401,83
294,337	8533,83
294,562	8267,83
294,787	8572,83
295,013	8433,83
295,238	8329,83
295,463	8575,83
295,688	8516,83
295,913	8372,83
296,138	8450,83
296,364	8337,83
296,589	8310,83
296,814	8073,83
297,039	8138,83
297,264	8140,83
297,489	8088,83
297,714	8049,83
297,939	8088,83
298,164	8047,83
298,389	8209,83
298,614	8192,83
298,839	8259,83
299,064	8524,83
299,289	8385,83
299,514	8535,83
299,739	8624,83
299,964	8649,83
300,189	8673,83
300,414	8684,83
300,639	8836,83
300,863	8655,83
301,088	9108,83
301,313	8727,83
301,538	8721,83
301,763	8745,83
301,988	8926,83
302,212	8784,83
302,437	9235,83
302,662	8774,83
302,887	8748,83
303,111	8738,83
303,336	8896,83
303,561	8749,83
303,786	8689,83
304,01	8923,83
304,235	8937,83
304,46	8632,83
304,684	8697,83
304,909	8584,83
305,134	8475,83
305,358	8640,83
305,583	8466,83
305,807	8669,83
306,032	8122,83
306,256	8481,83
306,481	8325,83
306,706	8382,83
306,93	8340,83
307,155	8756,83
307,379	8601,83
307,604	8599,83
307,828	8646,83
308,052	8866,83
308,277	8737,83
308,501	8839,83
308,726	9033,83
308,95	8844,83
309,175	8794,83
309,399	8980,83
309,623	8904,83
309,848	8736,83
310,072	8742,83
310,296	9212,83
310,521	8812,83
310,745	8808,83
310,969	9017,83
311,193	8910,83
311,418	8938,83
311,642	8766,83
311,866	8727,83
312,09	8873,83
312,315	8884,83
312,539	8934,83
312,763	8838,83
312,987	8926,83
313,211	8665,83
313,435	8976,83
313,659	8695,83
313,884	9093,83
314,108	8884,83
314,332	8932,83
314,556	8767,83
314,78	9033,83
315,004	8716,83
315,228	8831,83
315,452	8818,83
315,676	8714,83
315,9	8719,83
316,124	8422,83
316,348	8610,83
316,572	8798,83
316,796	8633,83
317,02	8466,83
317,244	8644,83
317,468	8444,83
317,691	8819,83
317,915	8619,83
318,139	8481,83
318,363	8920,83
318,587	8489,83
318,811	8339,83
319,034	8300,83
319,258	8589,83
319,482	8452,83
319,706	8392,83
319,93	8399,83
320,153	8218,83
320,377	8326,83
320,601	8228,83
320,824	8226,83
321,048	8540,83
321,272	8517,83
321,495	8351,83
321,719	8406,83
321,943	8381,83
322,166	8414,83
322,39	8399,83
322,614	8441,83
322,837	8512,83
323,061	8380,83
323,284	8568,83
323,508	8503,83
323,731	8406,83
323,955	8411,83
324,178	8442,83
324,402	8402,83
324,625	8525,83
324,849	8241,83
325,072	8419,83
325,296	8467,83
325,519	8368,83
325,743	8423,83
325,966	8459,83
326,189	8476,83
326,413	8259,83
326,636	8627,83
326,859	8278,83
327,083	8500,83
327,306	8082,83
327,529	8044,83
327,753	7916,83
327,976	8178,83
328,199	8203,83
328,422	8107,83
328,646	8152,83
328,869	7933,83
329,092	8080,83
329,315	8383,83
329,538	8097,83
329,762	8258,83
329,985	8176,83
330,208	8153,83
330,431	8312,83
330,654	8300,83
330,877	8203,83
331,1	8274,83
331,323	8133,83
331,546	8471,83
331,769	8387,83
331,993	8106,83
332,216	8261,83
332,439	8186,83
332,662	8206,83
332,885	8207,83
333,107	8039,83
333,33	8189,83
333,553	8349,83
333,776	8025,83
333,999	8208,83
334,222	8196,83
334,445	8129,83
334,668	8098,83
334,891	8175,83
335,114	7959,83
335,336	8139,83
335,559	8170,83
335,782	8313,83
336,005	8059,83
336,228	8083,83
336,45	8059,83
336,673	7996,83
336,896	8050,83
337,119	8080,83
337,341	7954,83
337,564	7977,83
337,787	8091,83
338,009	7906,83
338,232	8086,83
338,455	8099,83
338,677	7935,83
338,9	7970,83
339,122	7972,83
339,345	7730,83
339,568	7849,83
339,79	7837,83
340,013	7956,83
340,235	7881,83
340,458	7773,83
340,68	7952,83
340,903	7748,83
341,125	7768,83
341,348	7821,83
341,57	7575,83
341,793	7918,83
342,015	7442,83
342,238	7602,83
342,46	7654,83
342,682	7658,83
342,905	7493,83
343,127	7645,83
343,349	7425,83
343,572	7448,83
343,794	7326,83
344,016	7333,83
344,239	7433,83
344,461	7272,83
344,683	7312,83
344,905	7294,83
345,128	7213,83
345,35	7375,83
345,572	7564,83
345,794	7527,83
346,017	7442,83
346,239	7381,83
346,461	7448,83
346,683	7420,83
346,905	7535,83
347,127	7544,83
347,349	7468,83
347,571	7478,83
347,793	7708,83
348,016	7496,83
348,238	7450,83
348,46	7387,83
348,682	7394,83
348,904	7468,83
349,126	7443,83
349,348	7480,83
349,57	7360,83
349,792	7440,83
350,014	7471,83
350,235	7372,83
350,457	8078,83
350,679	7412,83
350,901	7112,83
351,123	7140,83
351,345	7230,83
351,567	7365,83
351,789	7262,83
352,01	7226,83
352,232	7166,83
352,454	7011,83
352,676	7165,83
352,897	6923,83
353,119	6890,83
353,341	6862,83
353,563	6635,83
353,784	6584,83
354,006	6640,83
354,228	6569,83
354,449	6581,83
354,671	6787,83
354,893	6983,83
355,114	6918,83
355,336	7027,83
355,558	6909,83
355,779	6910,83
356,001	6984,83
356,222	6997,83
356,444	6854,83
356,665	7615,83
356,887	6957,83
357,108	6886,83
357,33	6892,83
357,551	7032,83
357,773	6890,83
357,994	6865,83
358,216	6722,83
358,437	6986,83
358,659	6922,83
358,88	6828,83
359,101	6928,83
359,323	6983,83
359,544	6741,83
359,765	6630,83
359,987	6706,83
360,208	6664,83
360,429	6796,83
360,651	6709,83
360,872	6911,83
361,093	6712,83
361,314	6758,83
361,536	6688,83
361,757	6622,83
361,978	6587,83
362,199	6533,83
362,42	6570,83
362,642	6634,83
362,863	6729,83
363,084	6566,83
363,305	6519,83
363,526	6473,83
363,747	6425,83
363,968	6405,83
364,189	6633,83
364,41	6334,83
364,631	6291,83
364,852	6546,83
365,073	6366,83
365,294	6370,83
365,515	6174,83
365,736	6362,83
365,957	6347,83
366,178	6329,83
366,399	6440,83
366,62	6440,83
366,841	6467,83
367,062	6487,83
367,283	6488,83
367,504	6504,83
367,724	6315,83
367,945	6141,83
368,166	6528,83
368,387	6346,83
368,608	6391,83
368,828	6569,83
369,049	6337,83
369,27	6345,83
369,491	6398,83
369,711	6426,83
369,932	6373,83
370,153	6417,83
370,373	6353,83
370,594	6472,83
370,815	6335,83
371,035	6480,83
371,256	6141,83
371,477	6141,83
371,697	6200,83
371,918	6103,83
372,138	6280,83
372,359	6403,83
372,579	6123,83
372,8	6232,83
373,02	6277,83
373,241	6231,83
373,461	6170,83
373,682	6291,83
373,902	6213,83
374,123	6183,83
374,343	6320,83
374,564	6215,83
374,784	6126,83
375,004	6106,83
375,225	6088,83
375,445	5996,83
375,666	6209,83
375,886	5938,83
376,106	5892,83
376,326	5922,83
376,547	6119,83
376,767	6056,83
376,987	6032,83
377,208	6114,83
377,428	6098,83
377,648	6292,83
377,868	6361,83
378,088	6530,83
378,309	6547,83
378,529	6632,83
378,749	6560,83
378,969	6421,83
379,189	6602,83
379,409	6451,83
379,629	6291,83
379,849	6362,83
380,069	6233,83
380,29	6155,83
380,51	6231,83
380,73	6415,83
380,95	6489,83
381,17	6313,83
381,39	6169,83
381,61	6059,83
381,829	6207,83
382,049	6093,83
382,269	6079,83
382,489	6205,83
382,709	6127,83
382,929	6156,83
383,149	6009,83
383,369	6398,83
383,589	6083,83
383,808	5987,83
384,028	6040,83
384,248	6128,83
384,468	6010,83
384,688	6059,83
384,907	6074,83
385,127	6136,83
385,347	6184,83
385,567	6048,83
385,786	6245,83
386,006	6120,83
386,226	6228,83
386,445	6173,83
386,665	6303,83
386,885	6389,83
387,104	6398,83
387,324	6484,83
387,543	6431,83
387,763	6524,83
387,982	6552,83
388,202	6510,83
388,422	6526,83
388,641	6410,83
388,861	6540,83
389,08	6549,83
389,3	6214,83
389,519	6504,83
389,738	6229,83
389,958	6386,83
390,177	6268,83
390,397	6415,83
390,616	6296,83
390,836	6606,83
391,055	6432,83
391,274	6488,83
391,494	6454,83
391,713	6469,83
391,932	6658,83
392,151	6605,83
392,371	6682,83
392,59	6770,83
392,809	6827,83
393,029	6834,83
393,248	6674,83
393,467	6216,83
393,686	6300,83
393,905	7339,83
394,124	6212,83
394,344	6267,83
394,563	6297,83
394,782	6343,83
395,001	6360,83
395,22	6299,83
395,439	6347,83
395,658	6321,83
395,877	6394,83
396,096	6374,83
396,315	6698,83
396,534	6418,83
396,753	6666,83
396,972	6476,83
397,191	6823,83
397,41	6775,83
397,629	6852,83
397,848	6838,83
398,067	7067,83
398,286	6938,83
398,505	7035,83
398,724	7124,83
398,943	7393,83
399,161	6606,83
399,38	6799,83
399,599	6657,83
399,818	6580,83
400,037	6688,83
400,255	6496,83
400,474	6477,83
400,693	6441,83
400,912	6656,83
401,13	6532,83
401,349	6425,83
401,568	6248,83
401,786	6457,83
402,005	6353,83
402,224	6304,83
402,442	6294,83
402,661	6272,83
402,88	6216,83
403,098	6125,83
403,317	6275,83
403,535	6225,83
403,754	6172,83
403,972	6203,83
404,191	6150,83
404,409	6365,83
404,628	6971,83
404,846	6452,83
405,065	6560,83
405,283	6495,83
405,502	6462,83
405,72	6487,83
405,938	6287,83
406,157	6216,83
406,375	6096,83
406,594	6128,83
406,812	6066,83
407,03	6008,83
407,249	5922,83
407,467	6092,83
407,685	6221,83
407,903	5961,83
408,122	6450,83
408,34	6300,83
408,558	6244,83
408,776	6158,83
408,995	6242,83
409,213	6150,83
409,431	6406,83
409,649	6182,83
409,867	6168,83
410,085	6076,83
410,303	6118,83
410,522	5850,83
410,74	5900,83
410,958	5936,83
411,176	6050,83
411,394	5872,83
411,612	5951,83
411,83	6170,83
412,048	6106,83
412,266	6100,83
412,484	6197,83
412,702	6335,83
412,92	6109,83
413,138	6217,83
413,356	6067,83
413,573	6214,83
413,791	6298,83
414,009	5893,83
414,227	6100,83
414,445	5779,83
414,663	5875,83
414,881	5889,83
415,098	5862,83
415,316	5808,83
415,534	6279,83
415,752	5840,83
415,969	5939,83
416,187	5793,83
416,405	5898,83
416,623	5934,83
416,84	5746,83
417,058	5930,83
417,276	6005,83
417,493	5807,83
417,711	5859,83
417,928	6012,83
418,146	5851,83
418,364	6030,83
418,581	5866,83
418,799	5804,83
419,016	5799,83
419,234	5910,83
419,451	6457,83
419,669	5960,83
419,886	6011,83
420,104	6091,83
420,321	6115,83
420,539	6284,83
420,756	6372,83
420,974	6389,83
421,191	6357,83
421,408	6580,83
421,626	6619,83
421,843	6545,83
422,06	6397,83
422,278	6189,83
422,495	6312,83
422,712	6198,83
422,93	6292,83
423,147	6304,83
423,364	6127,83
423,581	6288,83
423,799	6076,83
424,016	6149,83
424,233	6040,83
424,45	6112,83
424,667	6117,83
424,884	5989,83
425,102	6311,83
425,319	5895,83
425,536	6008,83
425,753	5980,83
425,97	5812,83
426,187	5816,83
426,404	5746,83
426,621	6235,83
426,838	6169,83
427,055	6212,83
427,272	6148,83
427,489	6236,83
427,706	6099,83
427,923	6056,83
428,14	6005,83
428,357	6213,83
428,574	6119,83
428,791	6223,83
429,008	6363,83
429,224	6412,83
429,441	6448,83
429,658	6746,83
429,875	6978,83
430,092	6872,83
430,308	6841,83
430,525	6726,83
430,742	6515,83
430,959	6393,83
431,175	6197,83
431,392	5948,83
431,609	5987,83
431,826	5820,83
432,042	5632,83
432,259	5620,83
432,476	6010,83
432,692	5575,83
432,909	5679,83
433,125	6044,83
433,342	6194,83
433,559	6290,83
433,775	6259,83
433,992	6039,83
434,208	5981,83
434,425	5912,83
434,641	5867,83
434,858	6060,83
435,074	5889,83
435,291	5828,83
435,507	5821,83
435,723	5836,83
435,94	5853,83
436,156	5932,83
436,373	6161,83
436,589	5920,83
436,805	6024,83
437,022	5804,83
437,238	5688,83
437,454	5769,83
437,671	5823,83
437,887	5882,83
438,103	5910,83
438,319	5842,83
438,536	6014,83
438,752	5855,83
438,968	5834,83
439,184	5803,83
439,4	5772,83
439,616	5599,83
439,833	5737,83
440,049	5546,83
440,265	5788,83
440,481	5844,83
440,697	6072,83
440,913	6223,83
441,129	6360,83
441,345	6506,83
441,561	6484,83
441,777	6281,83
441,993	6270,83
442,209	5979,83
442,425	6114,83
442,641	5992,83
442,857	6077,83
443,073	6093,83
443,289	6173,83
443,505	6205,83
443,721	6124,83
443,937	6130,83
444,152	5997,83
444,368	5998,83
444,584	5912,83
444,8	6090,83
445,016	5898,83
445,231	5819,83
445,447	6005,83
445,663	5850,83
445,879	5826,83
446,094	5953,83
446,31	6023,83
446,526	5991,83
446,742	5911,83
446,957	5773,83
447,173	5727,83
447,388	5769,83
447,604	5885,83
447,82	5617,83
448,035	5652,83
448,251	5612,83
448,466	5746,83
448,682	5629,83
448,897	5577,83
449,113	5622,83
449,328	5718,83
449,544	5561,83
449,759	5994,83
449,975	5482,83
450,19	5518,83
450,406	5604,83
450,621	5403,83
450,836	5439,83
451,052	5396,83
451,267	5332,83
451,483	5412,83
451,698	5251,83
451,913	5447,83
452,129	5512,83
452,344	5253,83
452,559	5484,83
452,774	5235,83
452,99	5130,83
453,205	5319,83
453,42	5260,83
453,635	5285,83
453,85	5057,83
454,066	5243,83
454,281	5224,83
454,496	5260,83
454,711	5260,83
454,926	5301,83
455,141	5202,83
455,356	5238,83
455,571	5095,83
455,786	5213,83
456,001	5001,83
456,217	4894,83
456,432	5085,83
456,647	5156,83
456,861	5098,83
457,076	5125,83
457,291	5386,83
457,506	5187,83
457,721	5260,83
457,936	5381,83
458,151	5395,83
458,366	5488,83
458,581	5295,83
458,796	5541,83
459,01	5375,83
459,225	5439,83
459,44	5238,83
459,655	5308,83
459,87	5108,83
460,084	5143,83
460,299	5195,83
460,514	5159,83
460,729	5572,83
460,943	5175,83
461,158	5005,83
461,373	4986,83
461,587	4833,83
461,802	4662,83
462,016	4862,83
462,231	4604,83
462,446	4795,83
462,66	4639,83
462,875	4739,83
463,089	4995,83
463,304	4951,83
463,518	4973,83
463,733	4994,83
463,947	5127,83
464,162	5090,83
464,376	5164,83
464,591	5374,83
464,805	5151,83
465,02	5338,83
465,234	5398,83
465,448	5480,83
465,663	5377,83
465,877	5251,83
466,091	4976,83
466,306	5080,83
466,52	5122,83
466,734	4764,83
466,949	4642,83
467,163	4748,83
467,377	4557,83
467,591	4802,83
467,806	4704,83
468,02	4615,83
468,234	4424,83
468,448	4730,83
468,662	4591,83
468,876	4600,83
469,091	4347,83
469,305	4421,83
469,519	4188,83
469,733	4175,83
469,947	4244,83
470,161	4434,83
470,375	4103,83
470,589	4269,83
470,803	4125,83
471,017	4251,83
471,231	4198,83
471,445	4200,83
471,659	4241,83
471,873	4268,83
472,087	4127,83
472,301	4372,83
472,515	4291,83
472,728	4352,83
472,942	4365,83
473,156	4460,83
473,37	4467,83
473,584	4315,83
473,798	4494,83
474,011	4426,83
474,225	4375,83
474,439	4497,83
474,653	4549,83
474,866	4551,83
475,08	4603,83
475,294	4647,83
475,507	4395,83
475,721	4530,83
475,935	4481,83
476,148	4385,83
476,362	4259,83
476,576	4340,83
476,789	4322,83
477,003	4388,83
477,216	4386,83
477,43	4432,83
477,643	4551,83
477,857	4658,83
478,07	4561,83
478,284	4487,83
478,497	4420,83
478,711	4363,83
478,924	4410,83
479,138	4381,83
479,351	4415,83
479,564	4422,83
479,778	4721,83
479,991	4516,83
480,204	4538,83
480,418	4654,83
480,631	4526,83
480,844	4642,83
481,058	4634,83
481,271	4708,83
481,484	4705,83
481,697	4660,83
481,911	4704,83
482,124	4577,83
482,337	4560,83
482,55	4430,83
482,763	4417,83
482,976	4578,83
483,19	4472,83
483,403	4567,83
483,616	4651,83
483,829	4790,83
484,042	4729,83
484,255	4814,83
484,468	4835,83
484,681	4828,83
484,894	5043,83
485,107	6552,83
485,32	9859,83
485,533	12156,83
485,746	11768,83
485,959	10070,83
486,172	9065,83
486,385	7673,83
486,598	6528,83
486,81	5483,83
487,023	5069,83
487,236	4982,83
487,449	4731,83
487,662	4493,83
487,875	4392,83
488,087	4454,83
488,3	4327,83
488,513	4099,83
488,726	4200,83
488,938	4422,83
489,151	4325,83
489,364	4293,83
489,576	4277,83
489,789	4283,83
490,002	4367,83
490,214	4277,83
490,427	4041,83
490,64	4288,83
490,852	4260,83
491,065	4177,83
491,277	4224,83
491,49	4233,83
491,702	3994,83
491,915	4180,83
492,127	4252,83
492,34	4184,83
492,552	4166,83
492,765	4227,83
492,977	4350,83
493,19	4187,83
493,402	4211,83
493,614	4227,83
493,827	4193,83
494,039	4199,83
494,251	4178,83
494,464	4247,83
494,676	3971,83
494,888	4064,83
495,101	3896,83
495,313	3942,83
495,525	4062,83
495,737	4335,83
495,95	4426,83
496,162	4374,83
496,374	4349,83
496,586	4105,83
496,798	4112,83
497,01	4025,83
497,222	3850,83
497,435	4031,83
497,647	3798,83
497,859	3866,83
498,071	3939,83
498,283	3910,83
498,495	3957,83
498,707	4177,83
498,919	3974,83
499,131	4212,83
499,343	3948,83
499,555	4015,83
499,767	4056,83
499,979	3883,83
500,191	4052,83
500,402	3798,83
500,614	3969,83
500,826	4033,83
501,038	3963,83
501,25	3988,83
501,462	3887,83
501,673	4019,83
501,885	3958,83
502,097	4165,83
502,309	4005,83
502,521	4094,83
502,732	3955,83
502,944	3989,83
503,156	3913,83
503,367	3868,83
503,579	3868,83
503,791	3888,83
504,002	3902,83
504,214	3934,83
504,425	4086,83
504,637	3995,83
504,849	3847,83
505,06	3882,83
505,272	3833,83
505,483	3714,83
505,695	3814,83
505,906	3709,83
506,118	3891,83
506,329	3777,83
506,541	3667,83
506,752	3748,83
506,963	3593,83
507,175	3447,83
507,386	3831,83
507,598	3748,83
507,809	3530,83
508,02	3632,83
508,232	3758,83
508,443	3556,83
508,654	3809,83
508,865	3717,83
509,077	3390,83
509,288	3419,83
509,499	3732,83
509,71	3469,83
509,922	3648,83
510,133	3507,83
510,344	3674,83
510,555	3480,83
510,766	3600,83
510,977	3518,83
511,188	3415,83
511,4	3446,83
511,611	3316,83
511,822	3430,83
512,033	3450,83
512,244	3448,83
512,455	3376,83
512,666	3375,83
512,877	3454,83
513,088	3346,83
513,299	3372,83
513,51	3399,83
513,721	3304,83
513,931	3338,83
514,142	3447,83
514,353	3423,83
514,564	3215,83
514,775	3204,83
514,986	3297,83
515,196	3325,83
515,407	3241,83
515,618	3235,83
515,829	3213,83
516,04	3275,83
516,25	3235,83
516,461	3190,83
516,672	3307,83
516,882	3220,83
517,093	3259,83
517,304	3078,83
517,514	3100,83
517,725	3242,83
517,936	3062,83
518,146	3089,83
518,357	3227,83
518,567	3064,83
518,778	3508,83
518,988	3247,83
519,199	3506,83
519,409	3137,83
519,62	3174,83
519,83	3142,83
520,041	3160,83
520,251	3112,83
520,462	3078,83
520,672	3060,83
520,882	3211,83
521,093	3172,83
521,303	3236,83
521,513	3088,83
521,724	4052,83
521,934	2920,83
522,144	3055,83
522,355	2992,83
522,565	3046,83
522,775	3074,83
522,985	2995,83
523,196	3031,83
523,406	3009,83
523,616	3218,83
523,826	3075,83
524,036	3388,83
524,246	2976,83
524,457	2930,83
524,667	2775,83
524,877	3015,83
525,087	2970,83
525,297	3031,83
525,507	3119,83
525,717	2843,83
525,927	3063,83
526,137	2977,83
526,347	3016,83
526,557	2926,83
526,767	3017,83
526,977	3278,83
527,187	2969,83
527,397	2823,83
527,607	2858,83
527,816	2907,83
528,026	2944,83
528,236	3039,83
528,446	3172,83
528,656	3177,83
528,865	3294,83
529,075	2982,83
529,285	3018,83
529,495	3035,83
529,704	3000,83
529,914	2932,83
530,124	2941,83
530,334	2838,83
530,543	2880,83
530,753	3186,83
530,963	3223,83
531,172	2881,83
531,382	2799,83
531,591	3130,83
531,801	2772,83
532,01	2897,83
532,22	2883,83
532,43	2931,83
532,639	3265,83
532,849	3029,83
533,058	2991,83
533,267	3182,83
533,477	2951,83
533,686	2852,83
533,896	2974,83
534,105	2944,83
534,315	3053,83
534,524	2915,83
534,733	2939,83
534,943	3038,83
535,152	3002,83
535,361	2780,83
535,57	2751,83
535,78	2737,83
535,989	2706,83
536,198	2728,83
536,407	2652,83
536,617	2737,83
536,826	2728,83
537,035	2824,83
537,244	2723,83
537,453	2581,83
537,662	2782,83
537,872	2959,83
538,081	2840,83
538,29	2732,83
538,499	2681,83
538,708	2734,83
538,917	2842,83
539,126	2857,83
539,335	2855,83
539,544	3304,83
539,753	2704,83
539,962	2712,83
540,171	2675,83
540,38	2925,83
540,589	2800,83
540,797	2928,83
541,006	2769,83
541,215	2695,83
541,424	2938,83
541,633	2806,83
541,842	2747,83
542,05	2936,83
542,259	2850,83
542,468	2838,83
542,677	2907,83
542,885	2780,83
543,094	2840,83
543,303	2765,83
543,512	2916,83
543,72	2889,83
543,929	2954,83
544,138	2842,83
544,346	2699,83
544,555	2852,83
544,763	2896,83
544,972	2852,83
545,18	2678,83
545,389	2737,83
545,598	2638,83
545,806	2704,83
546,015	2663,83
546,223	2702,83
546,431	2713,83
546,64	2701,83
546,848	2715,83
547,057	2790,83
547,265	2738,83
547,474	2862,83
547,682	2954,83
547,89	3002,83
548,099	2871,83
548,307	2789,83
548,515	2921,83
548,723	2807,83
548,932	2634,83
549,14	2623,83
549,348	2771,83
549,556	2623,83
549,765	2607,83
549,973	2503,83
550,181	2654,83
550,389	2690,83
550,597	2699,83
550,805	2479,83
551,014	2659,83
551,222	5864,83
551,43	2557,83
551,638	2701,83
551,846	2934,83
552,054	2920,83
552,262	2864,83
552,47	2617,83
552,678	2562,83
552,886	2604,83
553,094	2556,83
553,302	2732,83
553,51	2670,83
553,717	2728,83
553,925	2445,83
554,133	2841,83
554,341	2438,83
554,549	2570,83
554,757	2561,83
554,965	2671,83
555,172	2695,83
555,38	2965,83
555,588	2595,83
555,796	2640,83
556,003	2806,83
556,211	2542,83
556,419	2557,83
556,626	2632,83
556,834	2491,83
557,042	2529,83
557,249	2553,83
557,457	2523,83
557,664	2349,83
557,872	2401,83
558,08	2382,83
558,287	2476,83
558,495	2488,83
558,702	2269,83
558,91	2436,83
559,117	2370,83
559,325	2442,83
559,532	2450,83
559,74	2698,83
559,947	2509,83
560,154	2679,83
560,362	2504,83
560,569	2552,83
560,776	2535,83
560,984	2539,83
561,191	2510,83
561,398	2449,83
561,606	2786,83
561,813	2443,83
562,02	2281,83
562,227	2245,83
562,435	2356,83
562,642	2492,83
562,849	2467,83
563,056	2408,83
563,263	2332,83
563,471	2561,83
563,678	2521,83
563,885	2321,83
564,092	2501,83
564,299	2481,83
564,506	2495,83
564,713	2460,83
564,92	2463,83
565,127	2517,83
565,334	2432,83
565,541	2738,83
565,748	2506,83
565,955	2463,83
566,162	2420,83
566,369	2438,83
566,576	2586,83
566,783	2607,83
566,99	2516,83
567,196	2727,83
567,403	2666,83
567,61	2716,83
567,817	2645,83
568,024	2721,83
568,23	2751,83
568,437	2722,83
568,644	2693,83
568,851	2783,83
569,057	3186,83
569,264	3289,83
569,471	3146,83
569,677	3216,83
569,884	3170,83
570,091	3199,83
570,297	4047,83
570,504	3356,83
570,71	3261,83
570,917	3323,83
571,123	3128,83
571,33	3250,83
571,536	3330,83
571,743	3515,83
571,949	3044,83
572,156	2898,83
572,362	2967,83
572,569	2706,83
572,775	3079,83
572,982	3351,83
573,188	3282,83
573,394	3243,83
573,601	3203,83
573,807	3180,83
574,013	3627,83
574,22	3392,83
574,426	3197,83
574,632	3350,83
574,838	3283,83
575,045	3050,83
575,251	2936,83
575,457	2868,83
575,663	3018,83
575,869	2972,83
576,076	3000,83
576,282	3196,83
576,488	3149,83
576,694	3271,83
576,9	2936,83
577,106	3262,83
577,312	3587,83
577,518	3841,83
577,724	3784,83
577,93	3417,83
578,136	3144,83
578,342	3010,83
578,548	2899,83
578,754	2797,83
578,96	2762,83
579,166	2888,83
579,372	3263,83
579,578	3087,83
579,784	3151,83
579,989	3036,83
580,195	3008,83
580,401	2943,83
580,607	2993,83
580,813	3300,83
581,018	3922,83
581,224	4203,83
581,43	3848,83
581,636	3693,83
581,841	3696,83
582,047	3504,83
582,253	3267,83
582,458	2954,83
582,664	2781,83
582,869	2707,83
583,075	2477,83
583,281	2831,83
583,486	2552,83
583,692	2582,83
583,897	2906,83
584,103	2755,83
584,308	2855,83
584,514	2898,83
584,719	3204,83
584,925	3148,83
585,13	3025,83
585,335	3014,83
585,541	2988,83
585,746	2791,83
585,952	2553,83
586,157	2460,83
586,362	2544,83
586,568	2616,83
586,773	2882,83
586,978	2796,83
587,183	2735,83
587,389	2827,83
587,594	2648,83
587,799	2622,83
588,004	2606,83
588,21	2622,83
588,415	2409,83
588,62	2392,83
588,825	2479,83
589,03	2232,83
589,235	2797,83
589,44	2457,83
589,645	2269,83
589,85	2407,83
590,055	2482,83
590,26	2231,83
590,465	2218,83
590,67	2234,83
590,875	2302,83
591,08	2280,83
591,285	2202,83
591,49	2218,83
591,695	2163,83
591,9	2116,83
592,105	2131,83
592,31	2286,83
592,515	2743,83
592,719	2281,83
592,924	2255,83
593,129	2305,83
593,334	2287,83
593,539	2182,83
593,743	2270,83
593,948	2080,83
594,153	2042,83
594,357	2348,83
594,562	2167,83
594,767	2624,83
594,971	2049,83
595,176	2084,83
595,381	2234,83
595,585	1992,83
595,79	2269,83
595,994	1849,83
596,199	2439,83
596,403	1735,83
596,608	1906,83
596,812	2080,83
597,017	2154,83
597,221	2239,83
597,426	2130,83
597,63	1957,83
597,835	1875,83
598,039	1915,83
598,243	1972,83
598,448	2377,83
598,652	2193,83
598,856	2050,83
599,061	2122,83
599,265	1956,83
599,469	1977,83
599,673	2127,83
599,878	2165,83
600,082	1988,83
600,286	2065,83
600,49	2060,83
600,695	1872,83
600,899	1979,83
601,103	2055,83
601,307	2117,83
601,511	1987,83
601,715	1896,83
601,919	1871,83
602,123	2116,83
602,327	2054,83
602,531	2010,83
602,735	2121,83
602,939	2234,83
603,143	1923,83
603,347	2066,83
603,551	1997,83
603,755	1992,83
603,959	2006,83
604,163	2047,83
604,367	1908,83
604,571	1886,83
604,775	2016,83
604,978	1988,83
605,182	1892,83
605,386	2014,83
605,59	1966,83
605,793	2020,83
605,997	2048,83
606,201	1992,83
606,405	1998,83
606,608	2006,83
606,812	1952,83
607,016	2110,83
607,219	1923,83
607,423	1875,83
607,627	2098,83
607,83	1906,83
608,034	1821,83
608,237	1981,83
608,441	1838,83
608,644	1978,83
608,848	2022,83
609,051	1920,83
609,255	1826,83
609,458	2068,83
609,662	1955,83
609,865	2003,83
610,069	1832,83
610,272	1772,83
610,475	1827,83
610,679	1842,83
610,882	1876,83
611,085	1879,83
611,289	2030,83
611,492	1889,83
611,695	1745,83
611,898	1850,83
612,102	1960,83
612,305	1911,83
612,508	1920,83
612,711	2021,83
612,914	1811,83
613,118	1936,83
613,321	1980,83
613,524	1788,83
613,727	1835,83
613,93	1808,83
614,133	1895,83
614,336	1912,83
614,539	1825,83
614,742	1831,83
614,945	1791,83
615,148	2009,83
615,351	1902,83
615,554	1978,83
615,757	1754,83
615,96	1895,83
616,163	1733,83
616,366	1908,83
616,569	1816,83
616,772	2028,83
616,974	1893,83
617,177	1979,83
617,38	1868,83
617,583	1935,83
617,786	1770,83
617,988	1713,83
618,191	1917,83
618,394	1724,83
618,596	1713,83
618,799	1828,83
619,002	1875,83
619,204	1844,83
619,407	1842,83
619,61	1764,83
619,812	1833,83
620,015	1839,83
620,217	2047,83
620,42	1841,83
620,623	1872,83
620,825	1840,83
621,028	1944,83
621,23	1919,83
621,432	1935,83
621,635	1984,83
621,837	1929,83
622,04	1814,83
622,242	1789,83
622,445	1835,83
622,647	1861,83
622,849	1955,83
623,052	1751,83
623,254	1940,83
623,456	1720,83
623,658	1966,83
623,861	1946,83
624,063	1856,83
624,265	1873,83
624,467	1954,83
624,67	1698,83
624,872	1819,83
625,074	1990,83
625,276	1909,83
625,478	1961,83
625,68	1638,83
625,882	1713,83
626,084	1817,83
626,287	1992,83
626,489	1929,83
626,691	1807,83
626,893	1888,83
627,095	1897,83
627,297	1887,83
627,499	1730,83
627,7	1592,83
627,902	1638,83
628,104	1624,83
628,306	1722,83
628,508	1741,83
628,71	1756,83
628,912	1852,83
629,114	2044,83
629,315	1808,83
629,517	1688,83
629,719	1731,83
629,921	1772,83
630,122	1736,83
630,324	1686,83
630,526	1876,83
630,728	1828,83
630,929	1717,83
631,131	1688,83
631,332	1913,83
631,534	1858,83
631,736	1814,83
631,937	1653,83
632,139	1790,83
632,34	1801,83
632,542	1851,83
632,743	1831,83
632,945	1639,83
633,146	1801,83
633,348	1811,83
633,549	1782,83
633,751	1676,83
633,952	1738,83
634,154	1595,83
634,355	1588,83
634,556	1772,83
634,758	1652,83
634,959	1684,83
635,16	1784,83
635,362	1656,83
635,563	1753,83
635,764	1714,83
635,965	1740,83
636,167	1721,83
636,368	1704,83
636,569	1634,83
636,77	1863,83
636,971	1644,83
637,172	1786,83
637,374	1608,83
637,575	1862,83
637,776	1553,83
637,977	1572,83
638,178	1729,83
638,379	1710,83
638,58	1670,83
638,781	1540,83
638,982	1707,83
639,183	1671,83
639,384	1656,83
639,585	1642,83
639,786	1590,83
639,987	1584,83
640,187	1741,83
640,388	1753,83
640,589	1544,83
640,79	1637,83
640,991	1652,83
641,192	1811,83
641,392	1570,83
641,593	1603,83
641,794	1511,83
641,995	1582,83
642,195	1491,83
642,396	1617,83
642,597	1548,83
642,797	1618,83
642,998	1759,83
643,199	1585,83
643,399	1717,83
643,6	1520,83
643,8	1547,83
644,001	1635,83
644,202	1698,83
644,402	1574,83
644,603	1699,83
644,803	1517,83
645,004	1703,83
645,204	1512,83
645,404	1598,83
645,605	1999,83
645,805	1553,83
646,006	1540,83
646,206	2042,83
646,406	1564,83
646,607	1437,83
646,807	1381,83
647,007	-19,17
647,208	0,83
647,408	5,83
647,608	4,83
