200,697	900
200,927	-7
201,158	17
201,388	-193
201,618	1404
201,849	1252
202,079	1499
202,309	1332
202,539	1447
202,77	1385
203	1506
203,23	1440
203,46	1571
203,691	1345
203,921	1553
204,151	1541
204,381	1407
204,611	1491
204,841	1441
205,071	1385
205,302	1615
205,532	1554
205,762	3413
205,992	1424
206,222	1420
206,452	1511
206,682	1394
206,912	1509
207,142	1552
207,372	1473
207,602	1361
207,832	1349
208,062	1573
208,292	1511
208,522	1262
208,752	1397
208,982	1441
209,212	1609
209,442	1449
209,672	1393
209,902	1605
210,131	1554
210,361	1407
210,591	1455
210,821	1479
211,051	1514
211,281	1458
211,51	1491
211,74	1563
211,97	1431
212,2	1512
212,429	1715
212,659	1582
212,889	1461
213,119	1394
213,348	1345
213,578	1661
213,808	1563
214,037	1821
214,267	1543
214,497	1624
214,726	1423
214,956	1375
215,186	1445
215,415	1488
215,645	1510
215,874	1587
216,104	1391
216,333	1438
216,563	1524
216,792	1556
217,022	1561
217,251	1595
217,481	1397
217,71	1525
217,94	1516
218,169	1529
218,399	1537
218,628	1505
218,858	1621
219,087	1516
219,316	1793
219,546	1482
219,775	1590
220,004	1632
220,234	1420
220,463	1513
220,692	1707
220,922	1497
221,151	1605
221,38	1547
221,61	1913
221,839	1755
222,068	1530
222,297	1633
222,526	1561
222,756	1486
222,985	1575
223,214	1521
223,443	1522
223,672	1871
223,902	1460
224,131	1547
224,36	1619
224,589	1442
224,818	1550
225,047	1561
225,276	1511
225,505	1756
225,734	1534
225,963	1512
226,192	1570
226,421	1530
226,65	1608
226,879	1505
227,108	1696
227,337	1645
227,566	1715
227,795	1560
228,024	1603
228,253	1556
228,482	1433
228,711	1599
228,94	1294
229,168	1524
229,397	1567
229,626	1605
229,855	1531
230,084	1473
230,313	1485
230,541	1722
230,77	1544
230,999	1483
231,228	1769
231,456	1692
231,685	1548
231,914	1662
232,143	1464
232,371	1572
232,6	1609
232,829	1626
233,057	1736
233,286	1646
233,515	1647
233,743	1672
233,972	1570
234,2	1646
234,429	1644
234,658	1730
234,886	1543
235,115	1663
235,343	1714
235,572	1574
235,8	1740
236,029	1987
236,257	1690
236,486	1740
236,714	1829
236,943	1838
237,171	1678
237,399	1666
237,628	1743
237,856	1801
238,085	1696
238,313	1584
238,541	1752
238,77	1987
238,998	1630
239,226	1839
239,455	1690
239,683	1959
239,911	1577
240,14	1899
240,368	1814
240,596	1753
240,824	1715
241,053	1768
241,281	1697
241,509	1795
241,737	1898
241,965	1667
242,193	1706
242,422	1737
242,65	1619
242,878	1735
243,106	1665
243,334	1775
243,562	1827
243,79	1851
244,018	1791
244,246	1705
244,474	1772
244,702	1720
244,93	1832
245,158	1803
245,386	1739
245,614	1780
245,842	1958
246,07	1710
246,298	1900
246,526	2323
246,754	1724
246,982	1820
247,21	1929
247,438	1779
247,666	1841
247,893	1924
248,121	1830
248,349	1772
248,577	1876
248,805	1985
249,033	1814
249,26	1957
249,488	1812
249,716	1886
249,944	1759
250,171	1803
250,399	1837
250,627	1971
250,854	1862
251,082	1721
251,31	1904
251,537	1847
251,765	2093
251,993	1731
252,22	2270
252,448	1808
252,676	1999
252,903	1952
253,131	2202
253,358	1836
253,586	1789
253,813	1803
254,041	1894
254,268	1855
254,496	1724
254,723	1832
254,951	1886
255,178	1861
255,406	1862
255,633	1918
255,86	2044
256,088	1848
256,315	1749
256,543	1950
256,77	1931
256,997	1895
257,225	1955
257,452	1715
257,679	1846
257,907	1993
258,134	1816
258,361	1946
258,588	1823
258,816	1785
259,043	1865
259,27	1842
259,497	1979
259,725	1857
259,952	1901
260,179	1754
260,406	1997
260,633	1872
260,86	1951
261,088	1958
261,315	2081
261,542	1857
261,769	1764
261,996	2166
262,223	2073
262,45	2124
262,677	1777
262,904	1855
263,131	1993
263,358	1885
263,585	1913
263,812	2213
264,039	2015
264,266	1917
264,493	1999
264,72	1869
264,947	1935
265,174	2136
265,401	2106
265,627	2135
265,854	1919
266,081	1993
266,308	1940
266,535	1930
266,762	1811
266,988	1922
267,215	2002
267,442	1948
267,669	2050
267,896	1895
268,122	2109
268,349	1883
268,576	1774
268,802	1865
269,029	1909
269,256	2040
269,482	1911
269,709	1890
269,936	2075
270,162	2086
270,389	1945
270,616	2007
270,842	2130
271,069	2100
271,295	1961
271,522	2057
271,748	2042
271,975	2113
272,201	2158
272,428	2036
272,654	2097
272,881	2318
273,107	1992
273,334	2160
273,56	2265
273,787	2109
274,013	2150
274,239	2506
274,466	2196
274,692	2259
274,918	2281
275,145	2200
275,371	2291
275,597	2504
275,824	2402
276,05	2459
276,276	2664
276,503	2598
276,729	2487
276,955	2490
277,181	2617
277,407	2593
277,634	2699
277,86	2898
278,086	2867
278,312	2804
278,538	2789
278,764	2985
278,991	2974
279,217	2879
279,443	2744
279,669	2943
279,895	3114
280,121	3050
280,347	3067
280,573	3085
280,799	3215
281,025	3418
281,251	3253
281,477	3482
281,703	3417
281,929	3435
282,155	3463
282,381	3591
282,607	3617
282,833	3675
283,059	3743
283,285	3732
283,51	3670
283,736	3678
283,962	3781
284,188	3847
284,414	3833
284,64	4016
284,865	3914
285,091	3962
285,317	4235
285,543	4120
285,768	4132
285,994	4293
286,22	4421
286,446	4437
286,671	4164
286,897	4413
287,123	4335
287,348	4449
287,574	4947
287,799	4638
288,025	4538
288,251	4814
288,476	4656
288,702	4604
288,927	4975
289,153	4823
289,378	5003
289,604	4830
289,829	4865
290,055	4892
290,28	4876
290,506	4999
290,731	4912
290,957	5082
291,182	5151
291,408	5185
291,633	5139
291,858	5125
292,084	5271
292,309	5197
292,535	5335
292,76	5368
292,985	5433
293,211	5447
293,436	5483
293,661	5531
293,886	5738
294,112	5870
294,337	5846
294,562	5777
294,787	6125
295,013	5949
295,238	6083
295,463	6268
295,688	6424
295,913	6320
296,138	6292
296,364	6325
296,589	6508
296,814	6121
297,039	6410
297,264	6492
297,489	6517
297,714	6459
297,939	6637
298,164	6788
298,389	6804
298,614	6736
298,839	6950
299,064	7037
299,289	7124
299,514	7418
299,739	7294
299,964	7182
300,189	7378
300,414	7458
300,639	7676
300,863	7414
301,088	7766
301,313	7707
301,538	7729
301,763	7645
301,988	7796
302,212	7935
302,437	8281
302,662	7830
302,887	7822
303,111	7847
303,336	7983
303,561	7984
303,786	7906
304,01	8106
304,235	8169
304,46	8192
304,684	7993
304,909	7979
305,134	7881
305,358	8079
305,583	7848
305,807	8083
306,032	7852
306,256	7961
306,481	8006
306,706	8004
306,93	8020
307,155	8308
307,379	8311
307,604	8285
307,828	8226
308,052	8634
308,277	8435
308,501	8519
308,726	8554
308,95	8360
309,175	8441
309,399	8685
309,623	8576
309,848	8484
310,072	8302
310,296	8762
310,521	8571
310,745	8484
310,969	8888
311,193	8686
311,418	8773
311,642	8684
311,866	8647
312,09	8677
312,315	8721
312,539	8745
312,763	8619
312,987	8865
313,211	8580
313,435	8684
313,659	8545
313,884	8769
314,108	8745
314,332	8818
314,556	8576
314,78	8884
315,004	8847
315,228	8950
315,452	8670
315,676	8868
315,9	8710
316,124	8457
316,348	8609
316,572	8514
316,796	8743
317,02	8380
317,244	8756
317,468	8415
317,691	8777
317,915	8732
318,139	8510
318,363	8893
318,587	8554
318,811	8429
319,034	8452
319,258	8660
319,482	8733
319,706	8491
319,93	8473
320,153	8404
320,377	8546
320,601	8303
320,824	8369
321,048	8723
321,272	8667
321,495	8561
321,719	8631
321,943	8595
322,166	8681
322,39	8739
322,614	8769
322,837	8819
323,061	8580
323,284	8848
323,508	8697
323,731	8506
323,955	8709
324,178	8650
324,402	8832
324,625	8734
324,849	8322
325,072	8693
325,296	8727
325,519	8628
325,743	8519
325,966	8788
326,189	8671
326,413	8771
326,636	8820
326,859	8534
327,083	8826
327,306	8434
327,529	8197
327,753	8513
327,976	8409
328,199	8605
328,422	8454
328,646	8459
328,869	8300
329,092	8496
329,315	8714
329,538	8505
329,762	8696
329,985	8590
330,208	8581
330,431	8598
330,654	8830
330,877	8584
331,1	8715
331,323	8663
331,546	8812
331,769	8675
331,993	8573
332,216	8665
332,439	8846
332,662	8401
332,885	8602
333,107	8507
333,33	8642
333,553	8764
333,776	8626
333,999	8660
334,222	8652
334,445	8748
334,668	8628
334,891	8627
335,114	8431
335,336	8599
335,559	8721
335,782	8821
336,005	8531
336,228	8670
336,45	8448
336,673	8447
336,896	8584
337,119	8656
337,341	8329
337,564	8554
337,787	8454
338,009	8381
338,232	8523
338,455	8652
338,677	8456
338,9	8513
339,122	8505
339,345	8368
339,568	8305
339,79	8228
340,013	8408
340,235	8395
340,458	8110
340,68	8416
340,903	8284
341,125	8189
341,348	8267
341,57	8237
341,793	8238
342,015	8005
342,238	8065
342,46	8135
342,682	8264
342,905	7917
343,127	8067
343,349	8178
343,572	8189
343,794	7844
344,016	7912
344,239	7859
344,461	7897
344,683	7863
344,905	7781
345,128	7935
345,35	8039
345,572	8120
345,794	8306
346,017	8063
346,239	8441
346,461	8153
346,683	8106
346,905	8242
347,127	8054
347,349	8089
347,571	8105
347,793	8287
348,016	8134
348,238	8046
348,46	7976
348,682	8080
348,904	8142
349,126	8115
349,348	8075
349,57	7979
349,792	8217
350,014	8144
350,235	8019
350,457	8307
350,679	7982
350,901	7933
351,123	8087
351,345	7923
351,567	7994
351,789	7972
352,01	7897
352,232	7793
352,454	7672
352,676	7689
352,897	7483
353,119	7401
353,341	7406
353,563	7304
353,784	7149
354,006	7089
354,228	7482
354,449	7308
354,671	7608
354,893	7635
355,114	7550
355,336	7559
355,558	7519
355,779	7757
356,001	7796
356,222	7669
356,444	7585
356,665	8363
356,887	7663
357,108	7631
357,33	7572
357,551	7747
357,773	7621
357,994	7712
358,216	7540
358,437	7767
358,659	7749
358,88	7638
359,101	7746
359,323	7584
359,544	7509
359,765	7472
359,987	7528
360,208	7507
360,429	7319
360,651	7440
360,872	7564
361,093	7395
361,314	7620
361,536	7376
361,757	7415
361,978	7308
362,199	7320
362,42	7130
362,642	7187
362,863	7471
363,084	7236
363,305	7505
363,526	7119
363,747	7201
363,968	7208
364,189	7383
364,41	7088
364,631	7045
364,852	7170
365,073	7129
365,294	7073
365,515	6921
365,736	7173
365,957	7102
366,178	7136
366,399	7183
366,62	7226
366,841	7326
367,062	7333
367,283	7222
367,504	7278
367,724	7013
367,945	7134
368,166	7311
368,387	7189
368,608	7150
368,828	7303
369,049	7144
369,27	7203
369,491	7249
369,711	7159
369,932	7274
370,153	7100
370,373	7175
370,594	7179
370,815	7253
371,035	7222
371,256	6991
371,477	7009
371,697	7075
371,918	7044
372,138	7149
372,359	7297
372,579	6805
372,8	7106
373,02	7110
373,241	7033
373,461	7145
373,682	7066
373,902	6869
374,123	7011
374,343	7105
374,564	6952
374,784	6904
375,004	7038
375,225	6827
375,445	6769
375,666	6981
375,886	6665
376,106	6714
376,326	6799
376,547	6919
376,767	6998
376,987	7001
377,208	7347
377,428	7045
377,648	7291
377,868	7223
378,088	7493
378,309	7490
378,529	7504
378,749	7473
378,969	7374
379,189	7461
379,409	7347
379,629	7261
379,849	7323
380,069	7196
380,29	7224
380,51	7201
380,73	7178
380,95	7344
381,17	7157
381,39	7065
381,61	6828
381,829	6958
382,049	7103
382,269	7000
382,489	7046
382,709	6937
382,929	6823
383,149	6911
383,369	7076
383,589	6815
383,808	6937
384,028	6925
384,248	7066
384,468	6884
384,688	6961
384,907	6950
385,127	6955
385,347	6953
385,567	6967
385,786	7121
386,006	7089
386,226	7257
386,445	7088
386,665	7236
386,885	7372
387,104	7343
387,324	7492
387,543	7390
387,763	7560
387,982	7598
388,202	7512
388,422	7572
388,641	7502
388,861	7390
389,08	7382
389,3	7100
389,519	7324
389,738	7218
389,958	7137
390,177	7187
390,397	7377
390,616	7330
390,836	7565
391,055	7334
391,274	7409
391,494	7489
391,713	7598
391,932	7856
392,151	7704
392,371	7995
392,59	7933
392,809	7916
393,029	7910
393,248	7537
393,467	7049
393,686	7146
393,905	8266
394,124	7110
394,344	7313
394,563	7422
394,782	7326
395,001	7338
395,22	7263
395,439	7428
395,658	7251
395,877	7344
396,096	7228
396,315	7714
396,534	7369
396,753	7618
396,972	7560
397,191	7851
397,41	7909
397,629	7971
397,848	7913
398,067	8097
398,286	8070
398,505	8101
398,724	7962
398,943	8311
399,161	7556
399,38	7587
399,599	7476
399,818	7477
400,037	7516
400,255	7297
400,474	7255
400,693	7333
400,912	7434
401,13	7251
401,349	7177
401,568	6746
401,786	7106
402,005	7103
402,224	7043
402,442	7095
402,661	7049
402,88	7029
403,098	6943
403,317	7082
403,535	6948
403,754	6940
403,972	7116
404,191	6965
404,409	7236
404,628	7743
404,846	7414
405,065	7375
405,283	7687
405,502	7267
405,72	7321
405,938	7076
406,157	6921
406,375	6842
406,594	6862
406,812	6733
407,03	6669
407,249	6583
407,467	6905
407,685	6993
407,903	6865
408,122	7137
408,34	7121
408,558	7066
408,776	6991
408,995	6990
409,213	6992
409,431	7130
409,649	6989
409,867	6830
410,085	6891
410,303	6870
410,522	6903
410,74	6739
410,958	6749
411,176	6780
411,394	6751
411,612	6804
411,83	6973
412,048	6891
412,266	7002
412,484	7009
412,702	7184
412,92	6804
413,138	6999
413,356	6860
413,573	6844
413,791	6962
414,009	6658
414,227	6663
414,445	6313
414,663	6596
414,881	6563
415,098	6542
415,316	6631
415,534	7039
415,752	6544
415,969	6747
416,187	6557
416,405	6536
416,623	6742
416,84	6440
417,058	6564
417,276	6645
417,493	6628
417,711	6584
417,928	6577
418,146	6338
418,364	6720
418,581	6648
418,799	6598
419,016	6530
419,234	6587
419,451	7117
419,669	6669
419,886	6638
420,104	6808
420,321	6906
420,539	7022
420,756	7325
420,974	7202
421,191	7208
421,408	7530
421,626	7443
421,843	7236
422,06	7183
422,278	6896
422,495	7073
422,712	7047
422,93	7121
423,147	7025
423,364	6842
423,581	6949
423,799	6680
424,016	6662
424,233	6726
424,45	6734
424,667	6837
424,884	6690
425,102	6922
425,319	6572
425,536	6500
425,753	6560
425,97	6345
426,187	6381
426,404	6406
426,621	7013
426,838	6913
427,055	6803
427,272	7061
427,489	6809
427,706	6679
427,923	6648
428,14	6599
428,357	7022
428,574	6835
428,791	6927
429,008	7265
429,224	7182
429,441	7350
429,658	7637
429,875	7857
430,092	7779
430,308	7603
430,525	7453
430,742	7167
430,959	7109
431,175	6750
431,392	6478
431,609	6387
431,826	6454
432,042	6076
432,259	6076
432,476	6417
432,692	6117
432,909	6501
433,125	6883
433,342	6900
433,559	7133
433,775	6861
433,992	6826
434,208	6402
434,425	6292
434,641	6493
434,858	6650
435,074	6387
435,291	6286
435,507	6349
435,723	6473
435,94	6453
436,156	6724
436,373	6811
436,589	6664
436,805	6501
437,022	6310
437,238	6374
437,454	6383
437,671	6684
437,887	6647
438,103	6445
438,319	6530
438,536	6581
438,752	6589
438,968	6380
439,184	6366
439,4	6316
439,616	6165
439,833	6305
440,049	6147
440,265	6445
440,481	6561
440,697	6939
440,913	7061
441,129	7161
441,345	7087
441,561	7235
441,777	6919
441,993	6721
442,209	6679
442,425	6627
442,641	6658
442,857	6647
443,073	6802
443,289	6806
443,505	6851
443,721	6821
443,937	6780
444,152	6580
444,368	6552
444,584	6651
444,8	6679
445,016	6428
445,231	6329
445,447	6648
445,663	6527
445,879	6417
446,094	6670
446,31	6610
446,526	6522
446,742	6557
446,957	6302
447,173	6353
447,388	6419
447,604	6459
447,82	6169
448,035	6220
448,251	6252
448,466	6298
448,682	6185
448,897	6184
449,113	6267
449,328	6391
449,544	6075
449,759	6395
449,975	6065
450,19	6036
450,406	6034
450,621	5673
450,836	5789
451,052	5781
451,267	5857
451,483	5979
451,698	5795
451,913	6056
452,129	5969
452,344	5724
452,559	5913
452,774	5708
452,99	5517
453,205	5739
453,42	5642
453,635	5602
453,85	5440
454,066	5443
454,281	5684
454,496	5595
454,711	5726
454,926	5812
455,141	5553
455,356	5481
455,571	5763
455,786	5675
456,001	5183
456,217	5386
456,432	5463
456,647	5534
456,861	5594
457,076	5546
457,291	5783
457,506	5630
457,721	5689
457,936	5727
458,151	5737
458,366	5927
458,581	5846
458,796	5934
459,01	5803
459,225	5778
459,44	5616
459,655	5824
459,87	5489
460,084	5504
460,299	5551
460,514	5444
460,729	5944
460,943	5516
461,158	5312
461,373	5396
461,587	5069
461,802	4968
462,016	5120
462,231	4976
462,446	5035
462,66	5037
462,875	5244
463,089	5448
463,304	5253
463,518	5460
463,733	5511
463,947	5483
464,162	5401
464,376	5660
464,591	5884
464,805	5411
465,02	5998
465,234	5780
465,448	5861
465,663	5763
465,877	5573
466,091	5400
466,306	5355
466,52	5386
466,734	4981
466,949	5043
467,163	5069
467,377	4916
467,591	4984
467,806	4994
468,02	4966
468,234	4787
468,448	4992
468,662	4706
468,876	4971
469,091	4512
469,305	4622
469,519	4508
469,733	4325
469,947	4431
470,161	4574
470,375	4242
470,589	4489
470,803	4401
471,017	4385
471,231	4487
471,445	4377
471,659	4417
471,873	4444
472,087	4264
472,301	4692
472,515	4520
472,728	4610
472,942	4600
473,156	4730
473,37	4882
473,584	4502
473,798	4382
474,011	4467
474,225	4484
474,439	4709
474,653	4738
474,866	4743
475,08	4851
475,294	4811
475,507	4630
475,721	4574
475,935	4621
476,148	4541
476,362	4407
476,576	4390
476,789	4458
477,003	4539
477,216	4573
477,43	4675
477,643	4692
477,857	4681
478,07	4678
478,284	4607
478,497	4512
478,711	4460
478,924	4452
479,138	4489
479,351	4539
479,564	4602
479,778	4792
479,991	4732
480,204	4670
480,418	4747
480,631	4670
480,844	4544
481,058	4715
481,271	4687
481,484	4869
481,697	4713
481,911	4648
482,124	4469
482,337	4696
482,55	4441
482,763	4766
482,976	4605
483,19	4631
483,403	4567
483,616	4761
483,829	4902
484,042	4837
484,255	4998
484,468	4971
484,681	4959
484,894	5652
485,107	9082
485,32	12921
485,533	13696
485,746	12229
485,959	10662
486,172	9022
486,385	7142
486,598	6032
486,81	5306
487,023	4936
487,236	4914
487,449	4807
487,662	4521
487,875	4362
488,087	4322
488,3	4414
488,513	4076
488,726	4104
488,938	4374
489,151	4415
489,364	4316
489,576	4247
489,789	4483
490,002	4167
490,214	4220
490,427	4098
490,64	4215
490,852	4222
491,065	4190
491,277	4140
491,49	4124
491,702	4019
491,915	4134
492,127	4091
492,34	4029
492,552	4084
492,765	4179
492,977	4307
493,19	4091
493,402	4024
493,614	4096
493,827	4017
494,039	4090
494,251	4076
494,464	3999
494,676	3851
494,888	3871
495,101	3748
495,313	3782
495,525	4094
495,737	4307
495,95	4311
496,162	4315
496,374	4196
496,586	4037
496,798	3935
497,01	3765
497,222	3634
497,435	3809
497,647	3749
497,859	3766
498,071	3779
498,283	3853
498,495	3897
498,707	3985
498,919	3868
499,131	4004
499,343	3892
499,555	3865
499,767	3757
499,979	3827
500,191	3829
500,402	3776
500,614	3784
500,826	3983
501,038	3842
501,25	3912
501,462	3803
501,673	3973
501,885	3870
502,097	3935
502,309	3945
502,521	4004
502,732	3834
502,944	3800
503,156	3843
503,367	3756
503,579	3659
503,791	3690
504,002	3701
504,214	3729
504,425	3922
504,637	3857
504,849	3625
505,06	3770
505,272	3689
505,483	3613
505,695	3610
505,906	3579
506,118	3738
506,329	3530
506,541	3493
506,752	3541
506,963	3424
507,175	3316
507,386	3449
507,598	3598
507,809	3327
508,02	3529
508,232	3631
508,443	3425
508,654	3865
508,865	3404
509,077	3229
509,288	3133
509,499	3560
509,71	3199
509,922	3488
510,133	3411
510,344	3486
510,555	3310
510,766	3403
510,977	3321
511,188	3253
511,4	3220
511,611	3187
511,822	3185
512,033	3182
512,244	3315
512,455	3154
512,666	3256
512,877	3228
513,088	3127
513,299	3134
513,51	3173
513,721	3150
513,931	3184
514,142	3200
514,353	3253
514,564	3026
514,775	2901
514,986	3111
515,196	3144
515,407	3073
515,618	3027
515,829	3068
516,04	3111
516,25	3238
516,461	3009
516,672	3151
516,882	2975
517,093	3068
517,304	2901
517,514	2967
517,725	2982
517,936	2838
518,146	2942
518,357	3078
518,567	2882
518,778	3405
518,988	3217
519,199	3135
519,409	2906
519,62	3018
519,83	2887
520,041	2892
520,251	2946
520,462	2892
520,672	2998
520,882	2906
521,093	2934
521,303	2993
521,513	2844
521,724	3783
521,934	2727
522,144	2871
522,355	2830
522,565	2803
522,775	2838
522,985	2815
523,196	2797
523,406	2820
523,616	3003
523,826	2901
524,036	3186
524,246	2713
524,457	2798
524,667	2652
524,877	2811
525,087	2636
525,297	2825
525,507	2927
525,717	2700
525,927	2805
526,137	3033
526,347	2851
526,557	2844
526,767	2700
526,977	3240
527,187	2870
527,397	2645
527,607	2645
527,816	2766
528,026	2817
528,236	2933
528,446	2941
528,656	2942
528,865	3117
529,075	2719
529,285	2880
529,495	2903
529,704	2805
529,914	2712
530,124	2834
530,334	2621
530,543	2764
530,753	2985
530,963	3026
531,172	2665
531,382	2643
531,591	2943
531,801	2562
532,01	2674
532,22	2675
532,43	2765
532,639	3092
532,849	2863
533,058	2831
533,267	3033
533,477	2770
533,686	2463
533,896	2868
534,105	2769
534,315	2849
534,524	2753
534,733	2791
534,943	2936
535,152	2817
535,361	2608
535,57	2572
535,78	2453
535,989	2484
536,198	2499
536,407	2440
536,617	2575
536,826	2566
537,035	2613
537,244	2683
537,453	2411
537,662	2545
537,872	2735
538,081	2681
538,29	2559
538,499	2596
538,708	2567
538,917	2727
539,126	2793
539,335	2707
539,544	3089
539,753	2509
539,962	2639
540,171	2553
540,38	2809
540,589	2618
540,797	2780
541,006	2625
541,215	2649
541,424	2870
541,633	2649
541,842	2629
542,05	2841
542,259	2681
542,468	2676
542,677	2773
542,885	2721
543,094	2721
543,303	2680
543,512	2845
543,72	2696
543,929	2841
544,138	2718
544,346	2612
544,555	2735
544,763	2712
544,972	2617
545,18	2456
545,389	2603
545,598	2474
545,806	2632
546,015	2509
546,223	2513
546,431	2593
546,64	2584
546,848	2423
547,057	2525
547,265	2668
547,474	2759
547,682	2850
547,89	2814
548,099	2776
548,307	2619
548,515	2705
548,723	2631
548,932	2468
549,14	2540
549,348	2655
549,556	2459
549,765	2474
549,973	2476
550,181	2477
550,389	2466
550,597	2502
550,805	2208
551,014	2580
551,222	6068
551,43	2455
551,638	2650
551,846	2794
552,054	2789
552,262	2566
552,47	2472
552,678	2421
552,886	2475
553,094	2310
553,302	2733
553,51	2506
553,717	2567
553,925	2295
554,133	2571
554,341	2292
554,549	2584
554,757	2460
554,965	2534
555,172	2542
555,38	2789
555,588	2668
555,796	2523
556,003	2664
556,211	2324
556,419	2333
556,626	2475
556,834	2239
557,042	2375
557,249	2392
557,457	2388
557,664	2219
557,872	2206
558,08	2187
558,287	2315
558,495	2340
558,702	2115
558,91	2324
559,117	2239
559,325	2283
559,532	2333
559,74	2662
559,947	2324
560,154	2543
560,362	2317
560,569	2390
560,776	2139
560,984	2377
561,191	2318
561,398	2282
561,606	2652
561,813	2177
562,02	1951
562,227	2125
562,435	2253
562,642	2331
562,849	2164
563,056	2349
563,263	2261
563,471	2329
563,678	2366
563,885	2290
564,092	2327
564,299	2279
564,506	2242
564,713	2250
564,92	2229
565,127	2291
565,334	2290
565,541	2550
565,748	2292
565,955	2149
566,162	2241
566,369	2367
566,576	2411
566,783	2520
566,99	2402
567,196	2532
567,403	2297
567,61	2589
567,817	2482
568,024	2427
568,23	2641
568,437	2541
568,644	2547
568,851	2645
569,057	3101
569,264	3100
569,471	3153
569,677	3062
569,884	2952
570,091	2981
570,297	3913
570,504	3524
570,71	3261
570,917	3114
571,123	3000
571,33	3277
571,536	3224
571,743	3255
571,949	2746
572,156	2558
572,362	2778
572,569	2723
572,775	3092
572,982	3263
573,188	3093
573,394	2973
573,601	3089
573,807	3169
574,013	3346
574,22	3207
574,426	3017
574,632	3204
574,838	3015
575,045	2898
575,251	2774
575,457	2764
575,663	2993
575,869	2920
576,076	2861
576,282	3097
576,488	2977
576,694	3031
576,9	2842
577,106	3265
577,312	3646
577,518	3772
577,724	3519
577,93	3247
578,136	2933
578,342	2866
578,548	2649
578,754	2533
578,96	2738
579,166	2913
579,372	3209
579,578	2956
579,784	3019
579,989	2885
580,195	2797
580,401	2722
580,607	2966
580,813	3639
581,018	4121
581,224	3881
581,43	3553
581,636	3466
581,841	3499
582,047	3097
582,253	2953
582,458	2641
582,664	2475
582,869	2503
583,075	2252
583,281	2703
583,486	2363
583,692	2507
583,897	2760
584,103	2613
584,308	2859
584,514	2936
584,719	3091
584,925	2968
585,13	2744
585,335	2858
585,541	2642
585,746	2439
585,952	2303
586,157	2292
586,362	2338
586,568	2434
586,773	2660
586,978	2590
587,183	2594
587,389	2579
587,594	2374
587,799	2173
588,004	2508
588,21	2395
588,415	2144
588,62	2184
588,825	2211
589,03	2062
589,235	2574
589,44	2286
589,645	1953
589,85	2110
590,055	2283
590,26	2019
590,465	2009
590,67	2037
590,875	2170
591,08	2089
591,285	2014
591,49	2031
591,695	1954
591,9	1925
592,105	2149
592,31	2285
592,515	2473
592,719	2134
592,924	2070
593,129	2078
593,334	2128
593,539	2031
593,743	2111
593,948	1848
594,153	1870
594,357	2273
594,562	2002
594,767	2430
594,971	1757
595,176	1861
595,381	2059
595,585	1914
595,79	2045
595,994	1688
596,199	2223
596,403	1713
596,608	1745
596,812	1814
597,017	1976
597,221	2084
597,426	2059
597,63	1849
597,835	1734
598,039	1771
598,243	1656
598,448	2370
598,652	1927
598,856	1941
599,061	2002
599,265	1874
599,469	1806
599,673	1987
599,878	1991
600,082	1778
600,286	1866
600,49	1954
600,695	1757
600,899	1831
601,103	1900
601,307	1961
601,511	1890
601,715	1745
601,919	1662
602,123	1874
602,327	1880
602,531	1785
602,735	2092
602,939	1986
603,143	1804
603,347	1933
603,551	1822
603,755	1987
603,959	1832
604,163	1851
604,367	1787
604,571	1793
604,775	1708
604,978	1954
605,182	1736
605,386	1926
605,59	1839
605,793	1858
605,997	1857
606,201	1846
606,405	1887
606,608	1797
606,812	1891
607,016	1882
607,219	1813
607,423	1726
607,627	2020
607,83	1725
608,034	1685
608,237	1889
608,441	1650
608,644	1813
608,848	1855
609,051	1763
609,255	1747
609,458	1892
609,662	1817
609,865	1815
610,069	1656
610,272	1644
610,475	1666
610,679	1689
610,882	1745
611,085	1787
611,289	1873
611,492	1769
611,695	1675
611,898	1715
612,102	1882
612,305	1707
612,508	1797
612,711	1907
612,914	1676
613,118	1804
613,321	1746
613,524	1622
613,727	1687
613,93	1680
614,133	1824
614,336	1797
614,539	1695
614,742	1587
614,945	1731
615,148	1767
615,351	1742
615,554	1771
615,757	1623
615,96	1760
616,163	1714
616,366	1774
616,569	1668
616,772	1871
616,974	1749
617,177	1848
617,38	1711
617,583	1767
617,786	1635
617,988	1613
618,191	1849
618,394	1599
618,596	1635
618,799	1629
619,002	1715
619,204	1742
619,407	1699
619,61	1621
619,812	1640
620,015	1659
620,217	1839
620,42	1639
620,623	1549
620,825	1722
621,028	1785
621,23	1835
621,432	1814
621,635	1899
621,837	1959
622,04	1704
622,242	1736
622,445	1769
622,647	1750
622,849	1806
623,052	1607
623,254	1720
623,456	1496
623,658	1825
623,861	1762
624,063	1736
624,265	1765
624,467	1845
624,67	1565
624,872	1794
625,074	1915
625,276	1781
625,478	1798
625,68	1518
625,882	1560
626,084	1693
626,287	1838
626,489	1745
626,691	1640
626,893	1769
627,095	1775
627,297	1725
627,499	1576
627,7	1549
627,902	1588
628,104	1486
628,306	1593
628,508	1580
628,71	1667
628,912	1616
629,114	2033
629,315	1625
629,517	1572
629,719	1627
629,921	1641
630,122	1625
630,324	1590
630,526	1761
630,728	1669
630,929	1642
631,131	1493
631,332	1772
631,534	1773
631,736	1633
631,937	1503
632,139	1697
632,34	1751
632,542	1666
632,743	1771
632,945	1616
633,146	1605
633,348	1656
633,549	1619
633,751	1577
633,952	1592
634,154	1537
634,355	1446
634,556	1582
634,758	1570
634,959	1512
635,16	1664
635,362	1563
635,563	1639
635,764	1726
635,965	1697
636,167	1671
636,368	1544
636,569	1583
636,77	1626
636,971	1533
637,172	1629
637,374	1597
637,575	1701
637,776	1537
637,977	1468
638,178	1590
638,379	1584
638,58	1639
638,781	1285
638,982	1614
639,183	1569
639,384	1564
639,585	1506
639,786	1429
639,987	1514
640,187	1610
640,388	1713
640,589	1430
640,79	1471
640,991	1551
641,192	1667
641,392	1436
641,593	1521
641,794	1396
641,995	1469
642,195	1352
642,396	1492
642,597	1447
642,797	1563
642,998	1625
643,199	1541
643,399	1609
643,6	1405
643,8	1448
644,001	1524
644,202	1568
644,402	1443
644,603	1575
644,803	1405
645,004	1576
645,204	1424
645,404	1432
645,605	1922
645,805	1228
646,006	1410
646,206	2011
646,406	1461
646,607	1340
646,807	1253
647,007	102
647,208	22
647,408	23
647,608	29
