200,697	968,5
200,927	30,5
201,158	45,5
201,388	65,5
201,618	1422,5
201,849	1277,5
202,079	1695,5
202,309	1239,5
202,539	1607,5
202,77	1619,5
203	1355,5
203,23	1544,5
203,46	1418,5
203,691	1533,5
203,921	1507,5
204,151	1515,5
204,381	1422,5
204,611	1526,5
204,841	1384,5
205,071	1369,5
205,302	1550,5
205,532	1524,5
205,762	3428,5
205,992	1432,5
206,222	1443,5
206,452	1427,5
206,682	1455,5
206,912	1376,5
207,142	1575,5
207,372	1478,5
207,602	1413,5
207,832	1468,5
208,062	1494,5
208,292	1531,5
208,522	1538,5
208,752	1508,5
208,982	1454,5
209,212	1599,5
209,442	1466,5
209,672	1272,5
209,902	1526,5
210,131	1611,5
210,361	1365,5
210,591	1465,5
210,821	1478,5
211,051	1620,5
211,281	1449,5
211,51	1522,5
211,74	1456,5
211,97	1474,5
212,2	1504,5
212,429	1720,5
212,659	1520,5
212,889	1443,5
213,119	1393,5
213,348	1451,5
213,578	1616,5
213,808	1600,5
214,037	1593,5
214,267	1547,5
214,497	1506,5
214,726	1425,5
214,956	1408,5
215,186	1482,5
215,415	1446,5
215,645	1473,5
215,874	1470,5
216,104	1386,5
216,333	1401,5
216,563	1709,5
216,792	1465,5
217,022	1562,5
217,251	1554,5
217,481	1354,5
217,71	1534,5
217,94	1417,5
218,169	1296,5
218,399	1522,5
218,628	1424,5
218,858	1587,5
219,087	1708,5
219,316	1568,5
219,546	1526,5
219,775	1511,5
220,004	1670,5
220,234	1449,5
220,463	1535,5
220,692	1542,5
220,922	1520,5
221,151	1726,5
221,38	1418,5
221,61	1927,5
221,839	1727,5
222,068	1246,5
222,297	1647,5
222,526	1576,5
222,756	1586,5
222,985	1654,5
223,214	1603,5
223,443	1568,5
223,672	2048,5
223,902	1562,5
224,131	1540,5
224,36	1579,5
224,589	1447,5
224,818	1465,5
225,047	1592,5
225,276	1484,5
225,505	1696,5
225,734	1520,5
225,963	1670,5
226,192	1477,5
226,421	1573,5
226,65	1542,5
226,879	1643,5
227,108	1635,5
227,337	1698,5
227,566	1668,5
227,795	1752,5
228,024	1608,5
228,253	1561,5
228,482	1515,5
228,711	1503,5
228,94	1419,5
229,168	1513,5
229,397	1535,5
229,626	1619,5
229,855	1555,5
230,084	1502,5
230,313	1427,5
230,541	1723,5
230,77	1268,5
230,999	1471,5
231,228	1779,5
231,456	1588,5
231,685	1594,5
231,914	1642,5
232,143	1652,5
232,371	1640,5
232,6	1677,5
232,829	1570,5
233,057	1624,5
233,286	1630,5
233,515	1591,5
233,743	1684,5
233,972	1573,5
234,2	1680,5
234,429	1624,5
234,658	1676,5
234,886	1644,5
235,115	1658,5
235,343	1747,5
235,572	1377,5
235,8	1758,5
236,029	1925,5
236,257	1592,5
236,486	1754,5
236,714	1746,5
236,943	1796,5
237,171	1842,5
237,399	1690,5
237,628	1793,5
237,856	1790,5
238,085	1508,5
238,313	1616,5
238,541	1750,5
238,77	1967,5
238,998	1580,5
239,226	1792,5
239,455	1747,5
239,683	1757,5
239,911	1731,5
240,14	1759,5
240,368	1800,5
240,596	1682,5
240,824	1756,5
241,053	1813,5
241,281	1581,5
241,509	1786,5
241,737	1738,5
241,965	1614,5
242,193	1609,5
242,422	1709,5
242,65	1634,5
242,878	1712,5
243,106	1733,5
243,334	1737,5
243,562	1783,5
243,79	1798,5
244,018	1792,5
244,246	1745,5
244,474	1774,5
244,702	1643,5
244,93	1790,5
245,158	1907,5
245,386	1598,5
245,614	1815,5
245,842	1907,5
246,07	1719,5
246,298	1847,5
246,526	2213,5
246,754	1719,5
246,982	1822,5
247,21	1863,5
247,438	1750,5
247,666	1813,5
247,893	1822,5
248,121	1740,5
248,349	1739,5
248,577	1829,5
248,805	1921,5
249,033	1725,5
249,26	1789,5
249,488	1757,5
249,716	1740,5
249,944	1796,5
250,171	1717,5
250,399	1762,5
250,627	1958,5
250,854	1832,5
251,082	1705,5
251,31	1803,5
251,537	1800,5
251,765	2029,5
251,993	1730,5
252,22	2134,5
252,448	1780,5
252,676	1822,5
252,903	1860,5
253,131	2088,5
253,358	1726,5
253,586	1703,5
253,813	1788,5
254,041	1795,5
254,268	1892,5
254,496	1842,5
254,723	1736,5
254,951	1921,5
255,178	1867,5
255,406	1842,5
255,633	1871,5
255,86	1967,5
256,088	1853,5
256,315	1594,5
256,543	1965,5
256,77	1872,5
256,997	1844,5
257,225	1983,5
257,452	1736,5
257,679	1810,5
257,907	1900,5
258,134	1809,5
258,361	1890,5
258,588	1782,5
258,816	1869,5
259,043	1707,5
259,27	1978,5
259,497	1967,5
259,725	1799,5
259,952	1759,5
260,179	1540,5
260,406	1862,5
260,633	1775,5
260,86	1817,5
261,088	1832,5
261,315	1984,5
261,542	1754,5
261,769	1768,5
261,996	2112,5
262,223	2051,5
262,45	2059,5
262,677	1706,5
262,904	1832,5
263,131	1885,5
263,358	1866,5
263,585	1872,5
263,812	2147,5
264,039	1771,5
264,266	1877,5
264,493	1800,5
264,72	1770,5
264,947	1833,5
265,174	2090,5
265,401	1944,5
265,627	1985,5
265,854	1923,5
266,081	1921,5
266,308	1856,5
266,535	1862,5
266,762	1916,5
266,988	1915,5
267,215	1865,5
267,442	1888,5
267,669	1986,5
267,896	1901,5
268,122	2038,5
268,349	1889,5
268,576	1730,5
268,802	1879,5
269,029	1811,5
269,256	1900,5
269,482	1790,5
269,709	1859,5
269,936	1876,5
270,162	2075,5
270,389	1890,5
270,616	1926,5
270,842	2036,5
271,069	1932,5
271,295	1945,5
271,522	1885,5
271,748	1914,5
271,975	2062,5
272,201	2107,5
272,428	1964,5
272,654	2259,5
272,881	2299,5
273,107	1992,5
273,334	1980,5
273,56	1985,5
273,787	2078,5
274,013	2223,5
274,239	2362,5
274,466	2163,5
274,692	2261,5
274,918	2244,5
275,145	2275,5
275,371	2320,5
275,597	2473,5
275,824	2376,5
276,05	2378,5
276,276	2428,5
276,503	2365,5
276,729	2528,5
276,955	2442,5
277,181	2598,5
277,407	2599,5
277,634	2728,5
277,86	2713,5
278,086	2965,5
278,312	2785,5
278,538	2826,5
278,764	2914,5
278,991	3088,5
279,217	2859,5
279,443	2954,5
279,669	3105,5
279,895	3112,5
280,121	3040,5
280,347	3162,5
280,573	3175,5
280,799	3134,5
281,025	3505,5
281,251	3367,5
281,477	3542,5
281,703	3396,5
281,929	3405,5
282,155	3280,5
282,381	3573,5
282,607	3582,5
282,833	3670,5
283,059	3819,5
283,285	3658,5
283,51	3735,5
283,736	3694,5
283,962	3877,5
284,188	3863,5
284,414	3900,5
284,64	3939,5
284,865	3984,5
285,091	3929,5
285,317	4204,5
285,543	4185,5
285,768	4131,5
285,994	4198,5
286,22	4370,5
286,446	4350,5
286,671	4080,5
286,897	4368,5
287,123	4306,5
287,348	4544,5
287,574	4752,5
287,799	4731,5
288,025	4177,5
288,251	4612,5
288,476	4561,5
288,702	4529,5
288,927	4608,5
289,153	4543,5
289,378	4724,5
289,604	4636,5
289,829	4694,5
290,055	4652,5
290,28	4749,5
290,506	4856,5
290,731	4717,5
290,957	4922,5
291,182	4955,5
291,408	4863,5
291,633	5122,5
291,858	4852,5
292,084	4965,5
292,309	4935,5
292,535	4889,5
292,76	5101,5
292,985	5125,5
293,211	5035,5
293,436	5020,5
293,661	5196,5
293,886	5305,5
294,112	5338,5
294,337	5314,5
294,562	5313,5
294,787	5560,5
295,013	5456,5
295,238	5336,5
295,463	5590,5
295,688	5707,5
295,913	5554,5
296,138	5518,5
296,364	5447,5
296,589	5578,5
296,814	5372,5
297,039	5645,5
297,264	5638,5
297,489	5648,5
297,714	5602,5
297,939	5200,5
298,164	5702,5
298,389	5803,5
298,614	5776,5
298,839	5936,5
299,064	6021,5
299,289	6023,5
299,514	6144,5
299,739	6096,5
299,964	6005,5
300,189	6103,5
300,414	6268,5
300,639	6432,5
300,863	6305,5
301,088	6536,5
301,313	6336,5
301,538	6276,5
301,763	6321,5
301,988	6443,5
302,212	6452,5
302,437	6799,5
302,662	6368,5
302,887	6403,5
303,111	6442,5
303,336	6629,5
303,561	6581,5
303,786	6383,5
304,01	6542,5
304,235	6506,5
304,46	6404,5
304,684	6428,5
304,909	6458,5
305,134	6336,5
305,358	6473,5
305,583	6333,5
305,807	6535,5
306,032	6150,5
306,256	6204,5
306,481	6545,5
306,706	6298,5
306,93	6309,5
307,155	6706,5
307,379	6696,5
307,604	6667,5
307,828	6651,5
308,052	6771,5
308,277	6717,5
308,501	6632,5
308,726	6736,5
308,95	6748,5
309,175	6775,5
309,399	6908,5
309,623	6736,5
309,848	6762,5
310,072	6490,5
310,296	7241,5
310,521	6774,5
310,745	6668,5
310,969	6983,5
311,193	6809,5
311,418	6776,5
311,642	6832,5
311,866	6758,5
312,09	6756,5
312,315	6774,5
312,539	6843,5
312,763	6823,5
312,987	6814,5
313,211	6774,5
313,435	6854,5
313,659	6685,5
313,884	6950,5
314,108	6899,5
314,332	6933,5
314,556	6734,5
314,78	6921,5
315,004	6802,5
315,228	6803,5
315,452	6537,5
315,676	6804,5
315,9	6593,5
316,124	6618,5
316,348	6680,5
316,572	6652,5
316,796	6778,5
317,02	6624,5
317,244	6620,5
317,468	6539,5
317,691	6914,5
317,915	6613,5
318,139	6567,5
318,363	7000,5
318,587	6549,5
318,811	6482,5
319,034	6480,5
319,258	6782,5
319,482	6715,5
319,706	6321,5
319,93	6502,5
320,153	6486,5
320,377	6556,5
320,601	6481,5
320,824	6344,5
321,048	6729,5
321,272	6614,5
321,495	6644,5
321,719	6602,5
321,943	6567,5
322,166	6586,5
322,39	6606,5
322,614	6728,5
322,837	6731,5
323,061	6591,5
323,284	6656,5
323,508	6728,5
323,731	6489,5
323,955	6668,5
324,178	6509,5
324,402	6620,5
324,625	6458,5
324,849	6382,5
325,072	6462,5
325,296	6648,5
325,519	6494,5
325,743	6518,5
325,966	6793,5
326,189	6717,5
326,413	6508,5
326,636	6930,5
326,859	6526,5
327,083	6835,5
327,306	6287,5
327,529	6343,5
327,753	6240,5
327,976	6444,5
328,199	6502,5
328,422	6432,5
328,646	6354,5
328,869	6296,5
329,092	6543,5
329,315	6614,5
329,538	6459,5
329,762	6523,5
329,985	6416,5
330,208	6362,5
330,431	6577,5
330,654	6693,5
330,877	6606,5
331,1	6577,5
331,323	6376,5
331,546	6664,5
331,769	6590,5
331,993	6478,5
332,216	6483,5
332,439	6480,5
332,662	6557,5
332,885	6467,5
333,107	6392,5
333,33	6418,5
333,553	6692,5
333,776	6462,5
333,999	6521,5
334,222	6260,5
334,445	6638,5
334,668	6364,5
334,891	6501,5
335,114	6372,5
335,336	6361,5
335,559	6540,5
335,782	6558,5
336,005	6307,5
336,228	6377,5
336,45	6370,5
336,673	6313,5
336,896	6471,5
337,119	6464,5
337,341	6221,5
337,564	6287,5
337,787	6450,5
338,009	6284,5
338,232	6489,5
338,455	6392,5
338,677	6322,5
338,9	6377,5
339,122	6260,5
339,345	6088,5
339,568	6139,5
339,79	6238,5
340,013	6343,5
340,235	6318,5
340,458	6133,5
340,68	6262,5
340,903	6125,5
341,125	6161,5
341,348	6148,5
341,57	6013,5
341,793	6326,5
342,015	5933,5
342,238	5971,5
342,46	6073,5
342,682	6056,5
342,905	5906,5
343,127	5983,5
343,349	5699,5
343,572	5958,5
343,794	5902,5
344,016	5996,5
344,239	5963,5
344,461	5800,5
344,683	5746,5
344,905	5757,5
345,128	5845,5
345,35	5932,5
345,572	6086,5
345,794	6132,5
346,017	5934,5
346,239	5943,5
346,461	6023,5
346,683	5968,5
346,905	6035,5
347,127	5996,5
347,349	6008,5
347,571	6112,5
347,793	6180,5
348,016	6040,5
348,238	5818,5
348,46	5954,5
348,682	5844,5
348,904	5995,5
349,126	5998,5
349,348	6047,5
349,57	5877,5
349,792	5880,5
350,014	6027,5
350,235	5814,5
350,457	6099,5
350,679	5808,5
350,901	5750,5
351,123	5841,5
351,345	5746,5
351,567	5976,5
351,789	5744,5
352,01	5758,5
352,232	5786,5
352,454	5707,5
352,676	5444,5
352,897	5630,5
353,119	5292,5
353,341	5542,5
353,563	5402,5
353,784	5283,5
354,006	5523,5
354,228	5405,5
354,449	5384,5
354,671	5584,5
354,893	5672,5
355,114	5707,5
355,336	5572,5
355,558	5739,5
355,779	5561,5
356,001	5680,5
356,222	5688,5
356,444	5543,5
356,665	6102,5
356,887	5514,5
357,108	5606,5
357,33	5524,5
357,551	5783,5
357,773	5629,5
357,994	5612,5
358,216	5432,5
358,437	5647,5
358,659	5682,5
358,88	5414,5
359,101	5522,5
359,323	5531,5
359,544	5443,5
359,765	5463,5
359,987	5483,5
360,208	5397,5
360,429	5479,5
360,651	5391,5
360,872	5531,5
361,093	5384,5
361,314	5475,5
361,536	5341,5
361,757	4932,5
361,978	5311,5
362,199	5073,5
362,42	5357,5
362,642	5279,5
362,863	5411,5
363,084	5271,5
363,305	5173,5
363,526	5381,5
363,747	5169,5
363,968	5284,5
364,189	5492,5
364,41	5110,5
364,631	5079,5
364,852	5308,5
365,073	5124,5
365,294	5165,5
365,515	5150,5
365,736	5208,5
365,957	5173,5
366,178	5256,5
366,399	5243,5
366,62	5288,5
366,841	5287,5
367,062	5235,5
367,283	5176,5
367,504	5309,5
367,724	5108,5
367,945	5106,5
368,166	5289,5
368,387	5223,5
368,608	5167,5
368,828	5264,5
369,049	5180,5
369,27	5277,5
369,491	5164,5
369,711	5217,5
369,932	5190,5
370,153	5236,5
370,373	5237,5
370,594	5256,5
370,815	5170,5
371,035	5088,5
371,256	5029,5
371,477	4992,5
371,697	5053,5
371,918	4956,5
372,138	5238,5
372,359	5293,5
372,579	5044,5
372,8	5122,5
373,02	5061,5
373,241	4976,5
373,461	5155,5
373,682	5081,5
373,902	5108,5
374,123	4928,5
374,343	5258,5
374,564	4970,5
374,784	5030,5
375,004	5055,5
375,225	5016,5
375,445	4956,5
375,666	5072,5
375,886	4725,5
376,106	4842,5
376,326	4862,5
376,547	5147,5
376,767	5102,5
376,987	4958,5
377,208	5058,5
377,428	5044,5
377,648	5225,5
377,868	5158,5
378,088	5353,5
378,309	5410,5
378,529	5474,5
378,749	5347,5
378,969	5187,5
379,189	5354,5
379,409	5191,5
379,629	5160,5
379,849	5235,5
380,069	5031,5
380,29	5041,5
380,51	5084,5
380,73	5440,5
380,95	5314,5
381,17	5151,5
381,39	5005,5
381,61	4738,5
381,829	5078,5
382,049	4994,5
382,269	4963,5
382,489	5058,5
382,709	4986,5
382,929	5019,5
383,149	4944,5
383,369	5314,5
383,589	4931,5
383,808	4990,5
384,028	4947,5
384,248	5034,5
384,468	4846,5
384,688	4946,5
384,907	4892,5
385,127	4877,5
385,347	5067,5
385,567	4923,5
385,786	5172,5
386,006	5090,5
386,226	5024,5
386,445	5014,5
386,665	5146,5
386,885	5293,5
387,104	5147,5
387,324	5358,5
387,543	5196,5
387,763	5340,5
387,982	5335,5
388,202	5328,5
388,422	5329,5
388,641	5264,5
388,861	5249,5
389,08	5266,5
389,3	4880,5
389,519	5336,5
389,738	5118,5
389,958	5083,5
390,177	5077,5
390,397	5228,5
390,616	5160,5
390,836	5480,5
391,055	5242,5
391,274	5286,5
391,494	5278,5
391,713	5262,5
391,932	5416,5
392,151	5512,5
392,371	5457,5
392,59	5432,5
392,809	5584,5
393,029	5484,5
393,248	5291,5
393,467	4935,5
393,686	5145,5
393,905	6003,5
394,124	4894,5
394,344	5180,5
394,563	5207,5
394,782	5130,5
395,001	5096,5
395,22	5176,5
395,439	5124,5
395,658	5083,5
395,877	5264,5
396,096	5158,5
396,315	5392,5
396,534	5203,5
396,753	5332,5
396,972	5305,5
397,191	5515,5
397,41	5536,5
397,629	5542,5
397,848	5549,5
398,067	5652,5
398,286	5393,5
398,505	5567,5
398,724	5639,5
398,943	6012,5
399,161	5062,5
399,38	5380,5
399,599	5275,5
399,818	5175,5
400,037	5474,5
400,255	5112,5
400,474	5127,5
400,693	5163,5
400,912	5313,5
401,13	5104,5
401,349	5096,5
401,568	5015,5
401,786	5191,5
402,005	5106,5
402,224	5029,5
402,442	5063,5
402,661	5112,5
402,88	4890,5
403,098	4877,5
403,317	5002,5
403,535	4986,5
403,754	4855,5
403,972	5058,5
404,191	4890,5
404,409	5050,5
404,628	5728,5
404,846	5175,5
405,065	5228,5
405,283	5216,5
405,502	5121,5
405,72	5070,5
405,938	4914,5
406,157	4800,5
406,375	4865,5
406,594	4856,5
406,812	4867,5
407,03	4941,5
407,249	4637,5
407,467	4706,5
407,685	5008,5
407,903	4782,5
408,122	4950,5
408,34	5078,5
408,558	4920,5
408,776	4914,5
408,995	4946,5
409,213	4818,5
409,431	5088,5
409,649	5018,5
409,867	4848,5
410,085	4869,5
410,303	4783,5
410,522	4719,5
410,74	4744,5
410,958	4751,5
411,176	4775,5
411,394	4727,5
411,612	4704,5
411,83	4855,5
412,048	4886,5
412,266	4790,5
412,484	5003,5
412,702	5073,5
412,92	4848,5
413,138	4888,5
413,356	4696,5
413,573	4782,5
413,791	5017,5
414,009	4839,5
414,227	4854,5
414,445	4616,5
414,663	4657,5
414,881	4615,5
415,098	4667,5
415,316	4699,5
415,534	5104,5
415,752	4595,5
415,969	4821,5
416,187	4652,5
416,405	4472,5
416,623	4859,5
416,84	4444,5
417,058	4637,5
417,276	4757,5
417,493	4585,5
417,711	4657,5
417,928	4782,5
418,146	4736,5
418,364	4815,5
418,581	4666,5
418,799	4544,5
419,016	4551,5
419,234	4552,5
419,451	5264,5
419,669	4781,5
419,886	4845,5
420,104	4734,5
420,321	4934,5
420,539	4787,5
420,756	5137,5
420,974	5115,5
421,191	5022,5
421,408	5392,5
421,626	5180,5
421,843	5098,5
422,06	5069,5
422,278	4888,5
422,495	5011,5
422,712	4904,5
422,93	4918,5
423,147	4960,5
423,364	4883,5
423,581	4953,5
423,799	4698,5
424,016	4736,5
424,233	4853,5
424,45	4901,5
424,667	4815,5
424,884	4757,5
425,102	4861,5
425,319	4589,5
425,536	4812,5
425,753	4678,5
425,97	4546,5
426,187	4549,5
426,404	4828,5
426,621	4959,5
426,838	4987,5
427,055	4895,5
427,272	4835,5
427,489	4857,5
427,706	4684,5
427,923	4648,5
428,14	4734,5
428,357	4969,5
428,574	4833,5
428,791	4924,5
429,008	5073,5
429,224	5038,5
429,441	5114,5
429,658	5342,5
429,875	5595,5
430,092	5312,5
430,308	5384,5
430,525	5130,5
430,742	5025,5
430,959	4990,5
431,175	4721,5
431,392	4584,5
431,609	4633,5
431,826	4562,5
432,042	4356,5
432,259	4414,5
432,476	4741,5
432,692	4467,5
432,909	4502,5
433,125	4820,5
433,342	4955,5
433,559	5053,5
433,775	4943,5
433,992	4791,5
434,208	4563,5
434,425	4415,5
434,641	4674,5
434,858	4788,5
435,074	4588,5
435,291	4464,5
435,507	4462,5
435,723	4667,5
435,94	4632,5
436,156	4703,5
436,373	4782,5
436,589	4702,5
436,805	4679,5
437,022	4569,5
437,238	4551,5
437,454	4536,5
437,671	4473,5
437,887	4555,5
438,103	4557,5
438,319	4653,5
438,536	4720,5
438,752	4650,5
438,968	4577,5
439,184	4596,5
439,4	4557,5
439,616	4283,5
439,833	4536,5
440,049	4487,5
440,265	4668,5
440,481	4616,5
440,697	4885,5
440,913	5082,5
441,129	5043,5
441,345	5080,5
441,561	5017,5
441,777	4906,5
441,993	4843,5
442,209	4660,5
442,425	4841,5
442,641	4724,5
442,857	4820,5
443,073	4846,5
443,289	4816,5
443,505	5140,5
443,721	5017,5
443,937	4864,5
444,152	4695,5
444,368	4843,5
444,584	4524,5
444,8	4864,5
445,016	4604,5
445,231	4591,5
445,447	4836,5
445,663	4657,5
445,879	4672,5
446,094	4678,5
446,31	4741,5
446,526	4799,5
446,742	4588,5
446,957	4528,5
447,173	4516,5
447,388	4545,5
447,604	4556,5
447,82	4573,5
448,035	4493,5
448,251	4560,5
448,466	4513,5
448,682	4446,5
448,897	4414,5
449,113	4539,5
449,328	4614,5
449,544	4360,5
449,759	4799,5
449,975	4400,5
450,19	4349,5
450,406	4374,5
450,621	4324,5
450,836	4246,5
451,052	4273,5
451,267	4243,5
451,483	4191,5
451,698	4188,5
451,913	4301,5
452,129	4272,5
452,344	4200,5
452,559	4168,5
452,774	4120,5
452,99	4080,5
453,205	4118,5
453,42	4284,5
453,635	4187,5
453,85	3977,5
454,066	4090,5
454,281	3988,5
454,496	4150,5
454,711	4209,5
454,926	4266,5
455,141	4044,5
455,356	4117,5
455,571	3963,5
455,786	4041,5
456,001	3943,5
456,217	3842,5
456,432	4056,5
456,647	4049,5
456,861	4089,5
457,076	4093,5
457,291	4298,5
457,506	4112,5
457,721	4241,5
457,936	4276,5
458,151	4168,5
458,366	4367,5
458,581	4212,5
458,796	4355,5
459,01	4185,5
459,225	4348,5
459,44	4008,5
459,655	4138,5
459,87	3986,5
460,084	4003,5
460,299	4038,5
460,514	4117,5
460,729	4570,5
460,943	3934,5
461,158	3781,5
461,373	3743,5
461,587	3743,5
461,802	3649,5
462,016	3835,5
462,231	3654,5
462,446	3543,5
462,66	3712,5
462,875	3812,5
463,089	3840,5
463,304	4161,5
463,518	3914,5
463,733	4086,5
463,947	4031,5
464,162	4069,5
464,376	4075,5
464,591	4256,5
464,805	4027,5
465,02	4305,5
465,234	4216,5
465,448	4270,5
465,663	4236,5
465,877	4208,5
466,091	3994,5
466,306	3872,5
466,52	3980,5
466,734	3611,5
466,949	3659,5
467,163	3837,5
467,377	3679,5
467,591	3869,5
467,806	3668,5
468,02	3562,5
468,234	3540,5
468,448	3665,5
468,662	3546,5
468,876	3757,5
469,091	3388,5
469,305	3407,5
469,519	3420,5
469,733	3350,5
469,947	3387,5
470,161	3473,5
470,375	3296,5
470,589	3522,5
470,803	3344,5
471,017	3424,5
471,231	3336,5
471,445	3316,5
471,659	3349,5
471,873	3473,5
472,087	3287,5
472,301	3463,5
472,515	3434,5
472,728	3393,5
472,942	3483,5
473,156	3600,5
473,37	3412,5
473,584	3404,5
473,798	3413,5
474,011	3429,5
474,225	3423,5
474,439	3677,5
474,653	3545,5
474,866	3619,5
475,08	3586,5
475,294	3612,5
475,507	3429,5
475,721	3533,5
475,935	3524,5
476,148	3373,5
476,362	3267,5
476,576	3358,5
476,789	3388,5
477,003	3346,5
477,216	3394,5
477,43	3467,5
477,643	3546,5
477,857	3696,5
478,07	3509,5
478,284	3475,5
478,497	3421,5
478,711	3405,5
478,924	3439,5
479,138	3417,5
479,351	3416,5
479,564	3362,5
479,778	3640,5
479,991	3598,5
480,204	3541,5
480,418	3879,5
480,631	3484,5
480,844	3565,5
481,058	3608,5
481,271	3352,5
481,484	3688,5
481,697	3573,5
481,911	3562,5
482,124	3495,5
482,337	3363,5
482,55	3428,5
482,763	3408,5
482,976	3536,5
483,19	3409,5
483,403	3500,5
483,616	3684,5
483,829	3655,5
484,042	3509,5
484,255	3720,5
484,468	3729,5
484,681	3671,5
484,894	4157,5
485,107	6392,5
485,32	8757,5
485,533	9102,5
485,746	8290,5
485,959	7285,5
486,172	6388,5
486,385	5022,5
486,598	4397,5
486,81	3920,5
487,023	3748,5
487,236	3807,5
487,449	3598,5
487,662	3315,5
487,875	3380,5
488,087	3411,5
488,3	3310,5
488,513	3205,5
488,726	3180,5
488,938	3294,5
489,151	3294,5
489,364	3192,5
489,576	3273,5
489,789	3249,5
490,002	3217,5
490,214	3246,5
490,427	3035,5
490,64	3279,5
490,852	3230,5
491,065	3102,5
491,277	3126,5
491,49	3264,5
491,702	2931,5
491,915	3204,5
492,127	3184,5
492,34	3165,5
492,552	3190,5
492,765	3224,5
492,977	3314,5
493,19	3149,5
493,402	3194,5
493,614	3193,5
493,827	3200,5
494,039	3091,5
494,251	3103,5
494,464	3023,5
494,676	2901,5
494,888	3008,5
495,101	2916,5
495,313	2947,5
495,525	3124,5
495,737	3396,5
495,95	3235,5
496,162	3358,5
496,374	3216,5
496,586	3135,5
496,798	3059,5
497,01	2847,5
497,222	2795,5
497,435	2968,5
497,647	2887,5
497,859	2928,5
498,071	3041,5
498,283	2873,5
498,495	3031,5
498,707	3178,5
498,919	2878,5
499,131	3209,5
499,343	2940,5
499,555	3036,5
499,767	3210,5
499,979	2906,5
500,191	3056,5
500,402	2936,5
500,614	3061,5
500,826	3253,5
501,038	2941,5
501,25	3139,5
501,462	2998,5
501,673	3016,5
501,885	3042,5
502,097	3162,5
502,309	3054,5
502,521	3152,5
502,732	2968,5
502,944	3035,5
503,156	2960,5
503,367	2915,5
503,579	2879,5
503,791	2941,5
504,002	2881,5
504,214	2936,5
504,425	3104,5
504,637	3022,5
504,849	2873,5
505,06	2949,5
505,272	2953,5
505,483	2848,5
505,695	2779,5
505,906	2968,5
506,118	2996,5
506,329	2795,5
506,541	2737,5
506,752	2885,5
506,963	2700,5
507,175	2682,5
507,386	2944,5
507,598	2905,5
507,809	2668,5
508,02	2767,5
508,232	2904,5
508,443	2657,5
508,654	2927,5
508,865	2842,5
509,077	2539,5
509,288	2620,5
509,499	2879,5
509,71	2577,5
509,922	2804,5
510,133	2680,5
510,344	2722,5
510,555	2618,5
510,766	2722,5
510,977	2652,5
511,188	2617,5
511,4	2532,5
511,611	2568,5
511,822	2602,5
512,033	2619,5
512,244	2699,5
512,455	2510,5
512,666	2599,5
512,877	2656,5
513,088	2620,5
513,299	2582,5
513,51	2644,5
513,721	2450,5
513,931	2487,5
514,142	2676,5
514,353	2667,5
514,564	2520,5
514,775	2576,5
514,986	2600,5
515,196	2654,5
515,407	2448,5
515,618	2536,5
515,829	2298,5
516,04	2559,5
516,25	2453,5
516,461	2497,5
516,672	2425,5
516,882	2412,5
517,093	2498,5
517,304	2328,5
517,514	2421,5
517,725	2497,5
517,936	2412,5
518,146	2323,5
518,357	2537,5
518,567	2493,5
518,778	2822,5
518,988	2478,5
519,199	2537,5
519,409	2339,5
519,62	2465,5
519,83	2367,5
520,041	2462,5
520,251	2411,5
520,462	2410,5
520,672	2353,5
520,882	2508,5
521,093	2439,5
521,303	2489,5
521,513	2309,5
521,724	3352,5
521,934	2248,5
522,144	2385,5
522,355	2319,5
522,565	2433,5
522,775	2353,5
522,985	2366,5
523,196	2296,5
523,406	2195,5
523,616	2279,5
523,826	2372,5
524,036	2618,5
524,246	2334,5
524,457	2239,5
524,667	2199,5
524,877	2246,5
525,087	2345,5
525,297	2374,5
525,507	2549,5
525,717	2133,5
525,927	2458,5
526,137	2157,5
526,347	2223,5
526,557	2339,5
526,767	2278,5
526,977	2746,5
527,187	2282,5
527,397	2125,5
527,607	2199,5
527,816	2263,5
528,026	2323,5
528,236	2396,5
528,446	2425,5
528,656	2456,5
528,865	2600,5
529,075	2329,5
529,285	2297,5
529,495	2378,5
529,704	2302,5
529,914	2339,5
530,124	2361,5
530,334	2194,5
530,543	2259,5
530,753	2529,5
530,963	2607,5
531,172	2251,5
531,382	2221,5
531,591	2462,5
531,801	2204,5
532,01	2243,5
532,22	2423,5
532,43	2335,5
532,639	2602,5
532,849	2324,5
533,058	2313,5
533,267	2519,5
533,477	2534,5
533,686	2357,5
533,896	2299,5
534,105	2261,5
534,315	2407,5
534,524	2302,5
534,733	2401,5
534,943	2453,5
535,152	2372,5
535,361	2190,5
535,57	2145,5
535,78	2215,5
535,989	2189,5
536,198	2201,5
536,407	2151,5
536,617	2092,5
536,826	2264,5
537,035	2226,5
537,244	2150,5
537,453	2056,5
537,662	2186,5
537,872	2436,5
538,081	2251,5
538,29	2201,5
538,499	2167,5
538,708	2206,5
538,917	2275,5
539,126	2379,5
539,335	2323,5
539,544	2657,5
539,753	2096,5
539,962	2176,5
540,171	2237,5
540,38	2410,5
540,589	2231,5
540,797	2552,5
541,006	2234,5
541,215	2165,5
541,424	2473,5
541,633	2214,5
541,842	2239,5
542,05	2408,5
542,259	2276,5
542,468	2231,5
542,677	2266,5
542,885	2180,5
543,094	2277,5
543,303	2172,5
543,512	2440,5
543,72	2544,5
543,929	2408,5
544,138	2232,5
544,346	2190,5
544,555	2220,5
544,763	2323,5
544,972	2218,5
545,18	2022,5
545,389	2193,5
545,598	2060,5
545,806	2315,5
546,015	2117,5
546,223	2171,5
546,431	2194,5
546,64	2082,5
546,848	2234,5
547,057	2348,5
547,265	2199,5
547,474	2321,5
547,682	2323,5
547,89	2319,5
548,099	2305,5
548,307	2246,5
548,515	2296,5
548,723	2272,5
548,932	2100,5
549,14	2149,5
549,348	2267,5
549,556	1947,5
549,765	1847,5
549,973	1969,5
550,181	2132,5
550,389	2194,5
550,597	2114,5
550,805	2070,5
551,014	2012,5
551,222	5906,5
551,43	2035,5
551,638	2216,5
551,846	2291,5
552,054	2230,5
552,262	2300,5
552,47	2060,5
552,678	2057,5
552,886	2155,5
553,094	2011,5
553,302	2168,5
553,51	2190,5
553,717	2250,5
553,925	2017,5
554,133	2329,5
554,341	1988,5
554,549	2157,5
554,757	2064,5
554,965	2103,5
555,172	2181,5
555,38	2464,5
555,588	2069,5
555,796	2143,5
556,003	2261,5
556,211	2025,5
556,419	2101,5
556,626	2086,5
556,834	2015,5
557,042	2082,5
557,249	2069,5
557,457	2102,5
557,664	1894,5
557,872	1990,5
558,08	1927,5
558,287	2206,5
558,495	1921,5
558,702	1842,5
558,91	1944,5
559,117	2021,5
559,325	2078,5
559,532	2172,5
559,74	2226,5
559,947	2027,5
560,154	2197,5
560,362	2044,5
560,569	2134,5
560,776	2027,5
560,984	2169,5
561,191	2095,5
561,398	2017,5
561,606	2374,5
561,813	2069,5
562,02	1893,5
562,227	1813,5
562,435	2141,5
562,642	2078,5
562,849	2076,5
563,056	2007,5
563,263	2002,5
563,471	2170,5
563,678	2082,5
563,885	1990,5
564,092	2064,5
564,299	2065,5
564,506	2064,5
564,713	2070,5
564,92	1878,5
565,127	2067,5
565,334	2001,5
565,541	2313,5
565,748	2023,5
565,955	1950,5
566,162	1998,5
566,369	2050,5
566,576	2171,5
566,783	2252,5
566,99	2037,5
567,196	2289,5
567,403	2145,5
567,61	2242,5
567,817	2150,5
568,024	2216,5
568,23	2131,5
568,437	2287,5
568,644	2163,5
568,851	2299,5
569,057	2666,5
569,264	2720,5
569,471	2469,5
569,677	2529,5
569,884	2477,5
570,091	2527,5
570,297	3431,5
570,504	2794,5
570,71	2683,5
570,917	2536,5
571,123	2535,5
571,33	2453,5
571,536	2588,5
571,743	2696,5
571,949	2324,5
572,156	2253,5
572,362	2403,5
572,569	2344,5
572,775	2636,5
572,982	2736,5
573,188	2596,5
573,394	2492,5
573,601	2526,5
573,807	2553,5
574,013	2897,5
574,22	2647,5
574,426	2519,5
574,632	2675,5
574,838	2537,5
575,045	2388,5
575,251	2512,5
575,457	2330,5
575,663	2535,5
575,869	2428,5
576,076	2435,5
576,282	2580,5
576,488	2537,5
576,694	2532,5
576,9	2254,5
577,106	2594,5
577,312	2866,5
577,518	3010,5
577,724	2990,5
577,93	2546,5
578,136	2564,5
578,342	2463,5
578,548	2221,5
578,754	2175,5
578,96	2294,5
579,166	2431,5
579,372	2619,5
579,578	2446,5
579,784	2557,5
579,989	2719,5
580,195	2269,5
580,401	2414,5
580,607	2524,5
580,813	2892,5
581,018	3270,5
581,224	3105,5
581,43	2896,5
581,636	2880,5
581,841	2870,5
582,047	2582,5
582,253	2463,5
582,458	2336,5
582,664	2150,5
582,869	2141,5
583,075	1988,5
583,281	2341,5
583,486	2197,5
583,692	2162,5
583,897	2346,5
584,103	2336,5
584,308	2424,5
584,514	2372,5
584,719	2594,5
584,925	2446,5
585,13	2381,5
585,335	2365,5
585,541	2375,5
585,746	2267,5
585,952	2004,5
586,157	2024,5
586,362	2027,5
586,568	2138,5
586,773	2387,5
586,978	2248,5
587,183	2255,5
587,389	2238,5
587,594	2069,5
587,799	2088,5
588,004	2189,5
588,21	2159,5
588,415	1978,5
588,62	1837,5
588,825	2005,5
589,03	1838,5
589,235	2357,5
589,44	2062,5
589,645	1893,5
589,85	1982,5
590,055	2070,5
590,26	1898,5
590,465	1862,5
590,67	1946,5
590,875	1991,5
591,08	1865,5
591,285	1866,5
591,49	1915,5
591,695	1910,5
591,9	1792,5
592,105	1886,5
592,31	2088,5
592,515	2139,5
592,719	1870,5
592,924	1931,5
593,129	1901,5
593,334	1971,5
593,539	1809,5
593,743	1932,5
593,948	1783,5
594,153	1808,5
594,357	2046,5
594,562	1763,5
594,767	2292,5
594,971	1716,5
595,176	1771,5
595,381	1893,5
595,585	1775,5
595,79	1914,5
595,994	1651,5
596,199	2186,5
596,403	1531,5
596,608	1702,5
596,812	1812,5
597,017	2184,5
597,221	1941,5
597,426	1924,5
597,63	1662,5
597,835	1637,5
598,039	1714,5
598,243	1738,5
598,448	1992,5
598,652	1887,5
598,856	1774,5
599,061	1801,5
599,265	1736,5
599,469	1710,5
599,673	1866,5
599,878	1841,5
600,082	1686,5
600,286	1782,5
600,49	1830,5
600,695	1586,5
600,899	1785,5
601,103	1910,5
601,307	1861,5
601,511	1777,5
601,715	1672,5
601,919	1581,5
602,123	1919,5
602,327	1784,5
602,531	1769,5
602,735	1895,5
602,939	2016,5
603,143	1660,5
603,347	1798,5
603,551	1759,5
603,755	1712,5
603,959	1742,5
604,163	1782,5
604,367	1632,5
604,571	1723,5
604,775	1864,5
604,978	1747,5
605,182	1639,5
605,386	1750,5
605,59	1716,5
605,793	1658,5
605,997	1727,5
606,201	1792,5
606,405	1753,5
606,608	1793,5
606,812	1738,5
607,016	1910,5
607,219	1659,5
607,423	1623,5
607,627	1838,5
607,83	1721,5
608,034	1612,5
608,237	1758,5
608,441	1598,5
608,644	1811,5
608,848	1805,5
609,051	1703,5
609,255	1757,5
609,458	1886,5
609,662	1660,5
609,865	1750,5
610,069	1595,5
610,272	1609,5
610,475	1649,5
610,679	1608,5
610,882	1666,5
611,085	1581,5
611,289	1808,5
611,492	1719,5
611,695	1593,5
611,898	1627,5
612,102	1701,5
612,305	1684,5
612,508	1692,5
612,711	1804,5
612,914	1598,5
613,118	1716,5
613,321	1683,5
613,524	1654,5
613,727	1620,5
613,93	1531,5
614,133	1958,5
614,336	1729,5
614,539	1648,5
614,742	1602,5
614,945	1626,5
615,148	1761,5
615,351	1669,5
615,554	1770,5
615,757	1556,5
615,96	1698,5
616,163	1684,5
616,366	1799,5
616,569	1580,5
616,772	1814,5
616,974	1670,5
617,177	1784,5
617,38	1731,5
617,583	1709,5
617,786	1592,5
617,988	1329,5
618,191	1802,5
618,394	1524,5
618,596	1545,5
618,799	1605,5
619,002	1670,5
619,204	1722,5
619,407	1654,5
619,61	1573,5
619,812	1463,5
620,015	1617,5
620,217	1744,5
620,42	1619,5
620,623	1603,5
620,825	1648,5
621,028	1741,5
621,23	1734,5
621,432	1736,5
621,635	1798,5
621,837	1674,5
622,04	1649,5
622,242	1541,5
622,445	1933,5
622,647	1605,5
622,849	1698,5
623,052	1544,5
623,254	1720,5
623,456	1587,5
623,658	1711,5
623,861	1762,5
624,063	1678,5
624,265	1678,5
624,467	1713,5
624,67	1561,5
624,872	1642,5
625,074	1816,5
625,276	1752,5
625,478	1752,5
625,68	1712,5
625,882	1537,5
626,084	1793,5
626,287	1757,5
626,489	1775,5
626,691	1666,5
626,893	1649,5
627,095	1692,5
627,297	1683,5
627,499	1592,5
627,7	1449,5
627,902	1523,5
628,104	1459,5
628,306	1522,5
628,508	1623,5
628,71	1577,5
628,912	1612,5
629,114	1901,5
629,315	1556,5
629,517	1507,5
629,719	1573,5
629,921	1538,5
630,122	1539,5
630,324	1560,5
630,526	1708,5
630,728	1229,5
630,929	1383,5
631,131	1547,5
631,332	1709,5
631,534	1741,5
631,736	1642,5
631,937	1482,5
632,139	1594,5
632,34	1618,5
632,542	1683,5
632,743	1675,5
632,945	1504,5
633,146	1633,5
633,348	1656,5
633,549	1626,5
633,751	1521,5
633,952	1613,5
634,154	1397,5
634,355	1393,5
634,556	1643,5
634,758	1459,5
634,959	1535,5
635,16	1641,5
635,362	1484,5
635,563	1594,5
635,764	1569,5
635,965	1575,5
636,167	1636,5
636,368	1552,5
636,569	1469,5
636,77	1739,5
636,971	1500,5
637,172	1606,5
637,374	1465,5
637,575	1696,5
637,776	1440,5
637,977	1403,5
638,178	1604,5
638,379	1575,5
638,58	1593,5
638,781	1394,5
638,982	1336,5
639,183	1697,5
639,384	1451,5
639,585	1495,5
639,786	1504,5
639,987	1516,5
640,187	1635,5
640,388	1672,5
640,589	1367,5
640,79	1530,5
640,991	1541,5
641,192	1653,5
641,392	1434,5
641,593	1473,5
641,794	1514,5
641,995	1444,5
642,195	1325,5
642,396	1436,5
642,597	1708,5
642,797	1608,5
642,998	1602,5
643,199	1533,5
643,399	1573,5
643,6	1412,5
643,8	1444,5
644,001	1530,5
644,202	1529,5
644,402	1469,5
644,603	1606,5
644,803	1405,5
645,004	1560,5
645,204	1321,5
645,404	1509,5
645,605	1829,5
645,805	1447,5
646,006	1322,5
646,206	1938,5
646,406	1441,5
646,607	1370,5
646,807	1279,5
647,007	25,5
647,208	96,5
647,408	-183,5
647,608	-49,5
