200,697	879,83
200,927	-107,17
201,158	-83,17
201,388	30,83
201,618	1222,83
201,849	1210,83
202,079	1467,83
202,309	1306,83
202,539	1442,83
202,77	1284,83
203	1602,83
203,23	1347,83
203,46	1346,83
203,691	1392,83
203,921	1407,83
204,151	1398,83
204,381	1289,83
204,611	1399,83
204,841	1519,83
205,071	1291,83
205,302	1469,83
205,532	1510,83
205,762	3181,83
205,992	1359,83
206,222	1344,83
206,452	1393,83
206,682	1356,83
206,912	1449,83
207,142	1439,83
207,372	1369,83
207,602	1294,83
207,832	1384,83
208,062	1480,83
208,292	1389,83
208,522	1245,83
208,752	1412,83
208,982	1248,83
209,212	1457,83
209,442	1446,83
209,672	1340,83
209,902	1294,83
210,131	1491,83
210,361	1333,83
210,591	1345,83
210,821	1288,83
211,051	1545,83
211,281	1387,83
211,51	1415,83
211,74	1476,83
211,97	1361,83
212,2	1411,83
212,429	1655,83
212,659	1213,83
212,889	1421,83
213,119	1289,83
213,348	1305,83
213,578	1648,83
213,808	1458,83
214,037	1508,83
214,267	1595,83
214,497	1520,83
214,726	1307,83
214,956	1295,83
215,186	1357,83
215,415	1429,83
215,645	1349,83
215,874	1511,83
216,104	1341,83
216,333	1358,83
216,563	1375,83
216,792	1452,83
217,022	1472,83
217,251	1417,83
217,481	1374,83
217,71	1394,83
217,94	1397,83
218,169	1365,83
218,399	1425,83
218,628	1339,83
218,858	1538,83
219,087	1427,83
219,316	1484,83
219,546	1366,83
219,775	1458,83
220,004	1564,83
220,234	1357,83
220,463	1431,83
220,692	1469,83
220,922	1423,83
221,151	1513,83
221,38	1367,83
221,61	1799,83
221,839	1607,83
222,068	1433,83
222,297	1671,83
222,526	1577,83
222,756	1601,83
222,985	1678,83
223,214	1482,83
223,443	1513,83
223,672	1811,83
223,902	1517,83
224,131	1415,83
224,36	1579,83
224,589	1293,83
224,818	1420,83
225,047	1569,83
225,276	1381,83
225,505	1656,83
225,734	1449,83
225,963	1363,83
226,192	1417,83
226,421	1335,83
226,65	1420,83
226,879	1475,83
227,108	1560,83
227,337	1446,83
227,566	1627,83
227,795	1413,83
228,024	1468,83
228,253	1427,83
228,482	1338,83
228,711	1468,83
228,94	1344,83
229,168	1405,83
229,397	1391,83
229,626	1446,83
229,855	1476,83
230,084	1385,83
230,313	1295,83
230,541	1575,83
230,77	1375,83
230,999	1249,83
231,228	1642,83
231,456	1574,83
231,685	1527,83
231,914	1402,83
232,143	1515,83
232,371	1441,83
232,6	1334,83
232,829	1441,83
233,057	1463,83
233,286	1523,83
233,515	1247,83
233,743	1515,83
233,972	1363,83
234,2	1442,83
234,429	1505,83
234,658	1436,83
234,886	1347,83
235,115	1460,83
235,343	1524,83
235,572	1402,83
235,8	1504,83
236,029	1688,83
236,257	1374,83
236,486	1564,83
236,714	1535,83
236,943	1409,83
237,171	1410,83
237,399	1449,83
237,628	1470,83
237,856	1615,83
238,085	1481,83
238,313	1345,83
238,541	1481,83
238,77	1743,83
238,998	1372,83
239,226	1536,83
239,455	1422,83
239,683	1487,83
239,911	1385,83
240,14	1567,83
240,368	1533,83
240,596	1423,83
240,824	1463,83
241,053	1411,83
241,281	1340,83
241,509	1490,83
241,737	1386,83
241,965	1300,83
242,193	1355,83
242,422	1358,83
242,65	1399,83
242,878	1379,83
243,106	1251,83
243,334	1443,83
243,562	1451,83
243,79	1495,83
244,018	1484,83
244,246	1354,83
244,474	1440,83
244,702	1395,83
244,93	1445,83
245,158	1505,83
245,386	1416,83
245,614	1432,83
245,842	1549,83
246,07	1368,83
246,298	1511,83
246,526	1901,83
246,754	1373,83
246,982	1468,83
247,21	1502,83
247,438	1362,83
247,666	1419,83
247,893	1429,83
248,121	1396,83
248,349	1349,83
248,577	1479,83
248,805	1529,83
249,033	1360,83
249,26	1486,83
249,488	1409,83
249,716	1448,83
249,944	1148,83
250,171	1400,83
250,399	1376,83
250,627	1571,83
250,854	1404,83
251,082	1467,83
251,31	1479,83
251,537	1289,83
251,765	1672,83
251,993	1225,83
252,22	1699,83
252,448	1377,83
252,676	1570,83
252,903	1483,83
253,131	1793,83
253,358	1398,83
253,586	1315,83
253,813	1309,83
254,041	1504,83
254,268	1525,83
254,496	1308,83
254,723	1380,83
254,951	1468,83
255,178	1423,83
255,406	1466,83
255,633	1278,83
255,86	1664,83
256,088	1438,83
256,315	1408,83
256,543	1570,83
256,77	1418,83
256,997	1420,83
257,225	1468,83
257,452	1388,83
257,679	1399,83
257,907	1481,83
258,134	1396,83
258,361	1617,83
258,588	1369,83
258,816	1451,83
259,043	1371,83
259,27	1425,83
259,497	1320,83
259,725	1402,83
259,952	1447,83
260,179	1425,83
260,406	1472,83
260,633	1417,83
260,86	1419,83
261,088	1527,83
261,315	1564,83
261,542	1354,83
261,769	1377,83
261,996	1680,83
262,223	1507,83
262,45	1675,83
262,677	1348,83
262,904	1433,83
263,131	1524,83
263,358	1410,83
263,585	1505,83
263,812	1720,83
264,039	1546,83
264,266	1414,83
264,493	1475,83
264,72	1382,83
264,947	1286,83
265,174	1690,83
265,401	1458,83
265,627	1628,83
265,854	1439,83
266,081	1449,83
266,308	1518,83
266,535	1359,83
266,762	1405,83
266,988	1479,83
267,215	1538,83
267,442	1477,83
267,669	1615,83
267,896	1523,83
268,122	1603,83
268,349	1473,83
268,576	1281,83
268,802	1270,83
269,029	1578,83
269,256	1439,83
269,482	1450,83
269,709	1421,83
269,936	1472,83
270,162	1607,83
270,389	1582,83
270,616	1516,83
270,842	1656,83
271,069	1505,83
271,295	1476,83
271,522	1524,83
271,748	1470,83
271,975	1670,83
272,201	1565,83
272,428	1324,83
272,654	1465,83
272,881	1704,83
273,107	1350,83
273,334	1521,83
273,56	1652,83
273,787	1445,83
274,013	1517,83
274,239	1717,83
274,466	1623,83
274,692	1397,83
274,918	1616,83
275,145	1548,83
275,371	1490,83
275,597	1682,83
275,824	1456,83
276,05	1498,83
276,276	1548,83
276,503	1385,83
276,729	1441,83
276,955	1429,83
277,181	1482,83
277,407	1459,83
277,634	1547,83
277,86	1448,83
278,086	1581,83
278,312	1557,83
278,538	1320,83
278,764	1504,83
278,991	1557,83
279,217	1500,83
279,443	1434,83
279,669	1414,83
279,895	1381,83
280,121	1414,83
280,347	1465,83
280,573	1422,83
280,799	1418,83
281,025	1425,83
281,251	1374,83
281,477	1507,83
281,703	1391,83
281,929	1415,83
282,155	1400,83
282,381	1491,83
282,607	1442,83
282,833	1483,83
283,059	1502,83
283,285	1438,83
283,51	1390,83
283,736	1276,83
283,962	1710,83
284,188	1473,83
284,414	1423,83
284,64	1519,83
284,865	1460,83
285,091	1435,83
285,317	1512,83
285,543	1494,83
285,768	1484,83
285,994	1491,83
286,22	1681,83
286,446	1623,83
286,671	1354,83
286,897	1488,83
287,123	1421,83
287,348	1333,83
287,574	1802,83
287,799	1374,83
288,025	1482,83
288,251	1615,83
288,476	1406,83
288,702	1434,83
288,927	1398,83
289,153	1361,83
289,378	1641,83
289,604	1533,83
289,829	1456,83
290,055	1370,83
290,28	1468,83
290,506	1600,83
290,731	1392,83
290,957	1477,83
291,182	1520,83
291,408	1635,83
291,633	1471,83
291,858	1415,83
292,084	1474,83
292,309	1371,83
292,535	1479,83
292,76	1540,83
292,985	1512,83
293,211	1645,83
293,436	1203,83
293,661	1465,83
293,886	1448,83
294,112	1510,83
294,337	1570,83
294,562	1279,83
294,787	1539,83
295,013	1425,83
295,238	1496,83
295,463	1528,83
295,688	1617,83
295,913	1493,83
296,138	1497,83
296,364	1414,83
296,589	1533,83
296,814	1338,83
297,039	1412,83
297,264	1609,83
297,489	1462,83
297,714	1517,83
297,939	1404,83
298,164	1465,83
298,389	1540,83
298,614	1381,83
298,839	1489,83
299,064	1515,83
299,289	1490,83
299,514	1568,83
299,739	1385,83
299,964	1475,83
300,189	1435,83
300,414	1492,83
300,639	1599,83
300,863	1388,83
301,088	1763,83
301,313	1523,83
301,538	1445,83
301,763	1351,83
301,988	1469,83
302,212	1512,83
302,437	1941,83
302,662	1441,83
302,887	1562,83
303,111	1374,83
303,336	1574,83
303,561	1484,83
303,786	1386,83
304,01	1525,83
304,235	1551,83
304,46	1392,83
304,684	1462,83
304,909	1492,83
305,134	1341,83
305,358	1589,83
305,583	1519,83
305,807	1708,83
306,032	1324,83
306,256	1508,83
306,481	1448,83
306,706	1391,83
306,93	1420,83
307,155	1752,83
307,379	1434,83
307,604	1340,83
307,828	1360,83
308,052	1753,83
308,277	1514,83
308,501	1526,83
308,726	1607,83
308,95	1476,83
309,175	1414,83
309,399	1519,83
309,623	1498,83
309,848	1422,83
310,072	1357,83
310,296	1786,83
310,521	1446,83
310,745	1393,83
310,969	1634,83
311,193	1550,83
311,418	1535,83
311,642	1397,83
311,866	1746,83
312,09	1305,83
312,315	1537,83
312,539	1556,83
312,763	1422,83
312,987	1592,83
313,211	1423,83
313,435	1609,83
313,659	1474,83
313,884	1685,83
314,108	1559,83
314,332	1658,83
314,556	1394,83
314,78	1660,83
315,004	1551,83
315,228	1555,83
315,452	1569,83
315,676	1538,83
315,9	1697,83
316,124	1368,83
316,348	1390,83
316,572	1515,83
316,796	1537,83
317,02	1419,83
317,244	1680,83
317,468	1281,83
317,691	1730,83
317,915	1568,83
318,139	1386,83
318,363	1878,83
318,587	1587,83
318,811	1401,83
319,034	1358,83
319,258	1599,83
319,482	1652,83
319,706	1585,83
319,93	1459,83
320,153	1446,83
320,377	1491,83
320,601	1395,83
320,824	1311,83
321,048	1619,83
321,272	1604,83
321,495	1804,83
321,719	1525,83
321,943	1546,83
322,166	1508,83
322,39	1307,83
322,614	1500,83
322,837	1548,83
323,061	1428,83
323,284	1542,83
323,508	1503,83
323,731	1417,83
323,955	1409,83
324,178	1464,83
324,402	1545,83
324,625	1430,83
324,849	1381,83
325,072	1537,83
325,296	1332,83
325,519	1414,83
325,743	1346,83
325,966	1578,83
326,189	1550,83
326,413	1425,83
326,636	1517,83
326,859	1546,83
327,083	1700,83
327,306	1373,83
327,529	1421,83
327,753	1319,83
327,976	1408,83
328,199	1500,83
328,422	1473,83
328,646	1576,83
328,869	1374,83
329,092	1553,83
329,315	1649,83
329,538	1341,83
329,762	1467,83
329,985	1401,83
330,208	1437,83
330,431	1807,83
330,654	1608,83
330,877	1367,83
331,1	1550,83
331,323	1425,83
331,546	1498,83
331,769	1568,83
331,993	1323,83
332,216	1482,83
332,439	1451,83
332,662	1459,83
332,885	1435,83
333,107	1278,83
333,33	1346,83
333,553	1547,83
333,776	1456,83
333,999	1482,83
334,222	1361,83
334,445	1370,83
334,668	1539,83
334,891	1500,83
335,114	1369,83
335,336	1401,83
335,559	1523,83
335,782	1604,83
336,005	1454,83
336,228	1429,83
336,45	1407,83
336,673	1343,83
336,896	1465,83
337,119	1477,83
337,341	1478,83
337,564	1343,83
337,787	1489,83
338,009	1409,83
338,232	1468,83
338,455	1504,83
338,677	1472,83
338,9	1470,83
339,122	1530,83
339,345	1277,83
339,568	1290,83
339,79	1571,83
340,013	1563,83
340,235	1473,83
340,458	1340,83
340,68	1482,83
340,903	1436,83
341,125	1410,83
341,348	1444,83
341,57	1332,83
341,793	1619,83
342,015	1301,83
342,238	1381,83
342,46	1344,83
342,682	1496,83
342,905	1368,83
343,127	1521,83
343,349	1502,83
343,572	1600,83
343,794	1493,83
344,016	1432,83
344,239	1467,83
344,461	1358,83
344,683	1340,83
344,905	1361,83
345,128	1513,83
345,35	1440,83
345,572	1544,83
345,794	1567,83
346,017	1419,83
346,239	1422,83
346,461	1289,83
346,683	1481,83
346,905	1467,83
347,127	1453,83
347,349	1411,83
347,571	1378,83
347,793	1590,83
348,016	1452,83
348,238	1435,83
348,46	1415,83
348,682	1364,83
348,904	1803,83
349,126	1478,83
349,348	1284,83
349,57	1302,83
349,792	1316,83
350,014	1448,83
350,235	1501,83
350,457	1595,83
350,679	1449,83
350,901	1336,83
351,123	1465,83
351,345	1360,83
351,567	1499,83
351,789	1385,83
352,01	1535,83
352,232	1467,83
352,454	1327,83
352,676	1519,83
352,897	1399,83
353,119	1197,83
353,341	1483,83
353,563	1363,83
353,784	1380,83
354,006	1489,83
354,228	1379,83
354,449	1237,83
354,671	1564,83
354,893	1531,83
355,114	1476,83
355,336	1462,83
355,558	1406,83
355,779	1507,83
356,001	1507,83
356,222	1508,83
356,444	1406,83
356,665	1722,83
356,887	1382,83
357,108	1323,83
357,33	1371,83
357,551	1553,83
357,773	1473,83
357,994	1469,83
358,216	1470,83
358,437	1482,83
358,659	1587,83
358,88	1299,83
359,101	1537,83
359,323	1638,83
359,544	1397,83
359,765	1388,83
359,987	1432,83
360,208	1420,83
360,429	1403,83
360,651	1391,83
360,872	1585,83
361,093	1420,83
361,314	1428,83
361,536	1385,83
361,757	1340,83
361,978	1352,83
362,199	1348,83
362,42	1377,83
362,642	1332,83
362,863	1516,83
363,084	1406,83
363,305	1559,83
363,526	1417,83
363,747	1371,83
363,968	1411,83
364,189	1547,83
364,41	1313,83
364,631	1310,83
364,852	1422,83
365,073	1596,83
365,294	1484,83
365,515	1399,83
365,736	1502,83
365,957	1412,83
366,178	1422,83
366,399	1476,83
366,62	1515,83
366,841	1507,83
367,062	1497,83
367,283	1697,83
367,504	1506,83
367,724	1371,83
367,945	1444,83
368,166	1544,83
368,387	1412,83
368,608	1358,83
368,828	1499,83
369,049	1302,83
369,27	1416,83
369,491	1365,83
369,711	1407,83
369,932	1502,83
370,153	1435,83
370,373	1559,83
370,594	1567,83
370,815	1386,83
371,035	1582,83
371,256	1246,83
371,477	1355,83
371,697	1257,83
371,918	1231,83
372,138	1551,83
372,359	1571,83
372,579	1356,83
372,8	1422,83
373,02	1509,83
373,241	1404,83
373,461	1442,83
373,682	1414,83
373,902	1403,83
374,123	1297,83
374,343	1433,83
374,564	1403,83
374,784	1316,83
375,004	1455,83
375,225	1310,83
375,445	1364,83
375,666	1628,83
375,886	1369,83
376,106	1344,83
376,326	1445,83
376,547	1715,83
376,767	1384,83
376,987	1344,83
377,208	1213,83
377,428	1318,83
377,648	1527,83
377,868	1418,83
378,088	1609,83
378,309	1541,83
378,529	1542,83
378,749	1394,83
378,969	1295,83
379,189	1482,83
379,409	1413,83
379,629	1348,83
379,849	1470,83
380,069	1360,83
380,29	1380,83
380,51	1397,83
380,73	1349,83
380,95	1653,83
381,17	1441,83
381,39	1405,83
381,61	1309,83
381,829	1379,83
382,049	1501,83
382,269	1372,83
382,489	1479,83
382,709	1403,83
382,929	1507,83
383,149	1465,83
383,369	1748,83
383,589	1394,83
383,808	1483,83
384,028	1401,83
384,248	1437,83
384,468	1433,83
384,688	1433,83
384,907	1431,83
385,127	1443,83
385,347	1510,83
385,567	1635,83
385,786	1461,83
386,006	1360,83
386,226	1442,83
386,445	1415,83
386,665	1436,83
386,885	1365,83
387,104	1335,83
387,324	1376,83
387,543	1337,83
387,763	1428,83
387,982	1462,83
388,202	1435,83
388,422	1366,83
388,641	1367,83
388,861	1463,83
389,08	1545,83
389,3	1345,83
389,519	1513,83
389,738	1378,83
389,958	1474,83
390,177	1365,83
390,397	1543,83
390,616	1423,83
390,836	1596,83
391,055	1445,83
391,274	1386,83
391,494	1366,83
391,713	1315,83
391,932	1465,83
392,151	1366,83
392,371	1449,83
392,59	1376,83
392,809	1547,83
393,029	1499,83
393,248	1540,83
393,467	1261,83
393,686	1347,83
393,905	2334,83
394,124	1345,83
394,344	1454,83
394,563	1561,83
394,782	1438,83
395,001	1436,83
395,22	1362,83
395,439	1315,83
395,658	1301,83
395,877	1331,83
396,096	1324,83
396,315	1500,83
396,534	1321,83
396,753	1419,83
396,972	1308,83
397,191	1412,83
397,41	1462,83
397,629	1490,83
397,848	1393,83
398,067	1372,83
398,286	1359,83
398,505	1313,83
398,724	1457,83
398,943	2013,83
399,161	1138,83
399,38	1570,83
399,599	1522,83
399,818	1446,83
400,037	1534,83
400,255	1328,83
400,474	1364,83
400,693	1368,83
400,912	1556,83
401,13	1373,83
401,349	1415,83
401,568	1336,83
401,786	1630,83
402,005	1413,83
402,224	1399,83
402,442	1442,83
402,661	1434,83
402,88	1397,83
403,098	1307,83
403,317	1419,83
403,535	1483,83
403,754	1448,83
403,972	1343,83
404,191	1336,83
404,409	1364,83
404,628	2280,83
404,846	1466,83
405,065	1526,83
405,283	1471,83
405,502	1329,83
405,72	1448,83
405,938	1303,83
406,157	1244,83
406,375	1442,83
406,594	1462,83
406,812	1414,83
407,03	1379,83
407,249	1225,83
407,467	1451,83
407,685	1483,83
407,903	1304,83
408,122	1501,83
408,34	1435,83
408,558	1353,83
408,776	1350,83
408,995	1345,83
409,213	1375,83
409,431	1571,83
409,649	1440,83
409,867	1354,83
410,085	1446,83
410,303	1480,83
410,522	1302,83
410,74	1356,83
410,958	1346,83
411,176	1354,83
411,394	1266,83
411,612	1351,83
411,83	1605,83
412,048	1485,83
412,266	1425,83
412,484	1407,83
412,702	1736,83
412,92	1057,83
413,138	1480,83
413,356	1388,83
413,573	1462,83
413,791	1800,83
414,009	1375,83
414,227	1701,83
414,445	1325,83
414,663	1405,83
414,881	1459,83
415,098	1393,83
415,316	1431,83
415,534	1779,83
415,752	1412,83
415,969	1536,83
416,187	1228,83
416,405	1392,83
416,623	1481,83
416,84	1277,83
417,058	1402,83
417,276	1549,83
417,493	1444,83
417,711	1394,83
417,928	1419,83
418,146	1261,83
418,364	1614,83
418,581	1378,83
418,799	1406,83
419,016	1292,83
419,234	1328,83
419,451	1865,83
419,669	1437,83
419,886	1354,83
420,104	1155,83
420,321	1403,83
420,539	1321,83
420,756	1525,83
420,974	1552,83
421,191	1323,83
421,408	1415,83
421,626	1471,83
421,843	1258,83
422,06	1353,83
422,278	1310,83
422,495	1456,83
422,712	1436,83
422,93	1329,83
423,147	1618,83
423,364	1331,83
423,581	1554,83
423,799	1264,83
424,016	1397,83
424,233	1423,83
424,45	1407,83
424,667	1447,83
424,884	1267,83
425,102	1563,83
425,319	1276,83
425,536	1382,83
425,753	1394,83
425,97	1302,83
426,187	1474,83
426,404	1332,83
426,621	1646,83
426,838	1487,83
427,055	1457,83
427,272	1409,83
427,489	1137,83
427,706	1322,83
427,923	1441,83
428,14	1393,83
428,357	1603,83
428,574	1354,83
428,791	1365,83
429,008	1399,83
429,224	1320,83
429,441	1262,83
429,658	1367,83
429,875	1593,83
430,092	1468,83
430,308	1589,83
430,525	1433,83
430,742	1355,83
430,959	1339,83
431,175	1401,83
431,392	1395,83
431,609	1471,83
431,826	1388,83
432,042	1401,83
432,259	1339,83
432,476	1655,83
432,692	1293,83
432,909	1368,83
433,125	1379,83
433,342	1316,83
433,559	1465,83
433,775	1359,83
433,992	1272,83
434,208	1237,83
434,425	1269,83
434,641	1520,83
434,858	1635,83
435,074	1412,83
435,291	1363,83
435,507	1366,83
435,723	1396,83
435,94	1366,83
436,156	1402,83
436,373	1433,83
436,589	1393,83
436,805	1437,83
437,022	1351,83
437,238	1440,83
437,454	1435,83
437,671	1354,83
437,887	1403,83
438,103	1250,83
438,319	1437,83
438,536	1493,83
438,752	1441,83
438,968	1370,83
439,184	1453,83
439,4	1365,83
439,616	1238,83
439,833	1391,83
440,049	1465,83
440,265	1445,83
440,481	1362,83
440,697	1393,83
440,913	1279,83
441,129	1486,83
441,345	1307,83
441,561	1449,83
441,777	1393,83
441,993	1460,83
442,209	1364,83
442,425	1458,83
442,641	1365,83
442,857	1410,83
443,073	1442,83
443,289	1369,83
443,505	1403,83
443,721	1517,83
443,937	1401,83
444,152	1410,83
444,368	1395,83
444,584	1350,83
444,8	1475,83
445,016	1370,83
445,231	1442,83
445,447	1553,83
445,663	1468,83
445,879	1381,83
446,094	1594,83
446,31	1526,83
446,526	1441,83
446,742	1436,83
446,957	1395,83
447,173	1473,83
447,388	1431,83
447,604	1538,83
447,82	1446,83
448,035	1490,83
448,251	1343,83
448,466	1477,83
448,682	1327,83
448,897	1581,83
449,113	1481,83
449,328	1525,83
449,544	1308,83
449,759	1730,83
449,975	1508,83
450,19	1188,83
450,406	1457,83
450,621	1271,83
450,836	1348,83
451,052	1415,83
451,267	1302,83
451,483	1397,83
451,698	1211,83
451,913	1391,83
452,129	1471,83
452,344	1218,83
452,559	1505,83
452,774	1484,83
452,99	1394,83
453,205	1402,83
453,42	1484,83
453,635	1503,83
453,85	1386,83
454,066	1517,83
454,281	1468,83
454,496	1276,83
454,711	1528,83
454,926	1421,83
455,141	1278,83
455,356	1343,83
455,571	1349,83
455,786	1439,83
456,001	1332,83
456,217	1428,83
456,432	1436,83
456,647	1473,83
456,861	1514,83
457,076	1391,83
457,291	1589,83
457,506	1329,83
457,721	1468,83
457,936	1300,83
458,151	1342,83
458,366	1627,83
458,581	1377,83
458,796	1578,83
459,01	1583,83
459,225	1366,83
459,44	1251,83
459,655	1456,83
459,87	1324,83
460,084	1382,83
460,299	1403,83
460,514	1426,83
460,729	1827,83
460,943	1319,83
461,158	1279,83
461,373	1535,83
461,587	1439,83
461,802	1286,83
462,016	1556,83
462,231	1362,83
462,446	1527,83
462,66	1363,83
462,875	1363,83
463,089	1396,83
463,304	1326,83
463,518	1408,83
463,733	1435,83
463,947	1488,83
464,162	1419,83
464,376	1337,83
464,591	1546,83
464,805	1358,83
465,02	1576,83
465,234	1449,83
465,448	1449,83
465,663	1525,83
465,877	1447,83
466,091	1354,83
466,306	1407,83
466,52	1681,83
466,734	1287,83
466,949	1300,83
467,163	1515,83
467,377	1347,83
467,591	1489,83
467,806	1413,83
468,02	1002,83
468,234	1335,83
468,448	1437,83
468,662	1442,83
468,876	1639,83
469,091	1354,83
469,305	1488,83
469,519	1353,83
469,733	1313,83
469,947	1408,83
470,161	1501,83
470,375	1297,83
470,589	1492,83
470,803	1471,83
471,017	1373,83
471,231	1419,83
471,445	1286,83
471,659	1348,83
471,873	1445,83
472,087	1315,83
472,301	1505,83
472,515	1344,83
472,728	1337,83
472,942	1237,83
473,156	1411,83
473,37	1382,83
473,584	1333,83
473,798	1440,83
474,011	1419,83
474,225	1151,83
474,439	1481,83
474,653	1400,83
474,866	1300,83
475,08	1478,83
475,294	1427,83
475,507	1342,83
475,721	1449,83
475,935	1491,83
476,148	1315,83
476,362	1231,83
476,576	1329,83
476,789	1348,83
477,003	1346,83
477,216	1433,83
477,43	1327,83
477,643	1430,83
477,857	1516,83
478,07	1391,83
478,284	1381,83
478,497	1259,83
478,711	1324,83
478,924	1428,83
479,138	1358,83
479,351	1357,83
479,564	1332,83
479,778	1399,83
479,991	1352,83
480,204	1330,83
480,418	1437,83
480,631	1336,83
480,844	1418,83
481,058	1372,83
481,271	1386,83
481,484	1429,83
481,697	1279,83
481,911	1385,83
482,124	1381,83
482,337	1453,83
482,55	1351,83
482,763	1293,83
482,976	1479,83
483,19	1354,83
483,403	1407,83
483,616	1466,83
483,829	1459,83
484,042	1468,83
484,255	1384,83
484,468	1433,83
484,681	1503,83
484,894	1365,83
485,107	1506,83
485,32	1312,83
485,533	1371,83
485,746	1364,83
485,959	1481,83
486,172	1361,83
486,385	1289,83
486,598	1446,83
486,81	1304,83
487,023	1383,83
487,236	1514,83
487,449	1465,83
487,662	1423,83
487,875	1388,83
488,087	1557,83
488,3	1404,83
488,513	1233,83
488,726	1260,83
488,938	1461,83
489,151	1384,83
489,364	1380,83
489,576	1411,83
489,789	1457,83
490,002	1388,83
490,214	1516,83
490,427	1201,83
490,64	1470,83
490,852	1395,83
491,065	1349,83
491,277	1395,83
491,49	1444,83
491,702	1286,83
491,915	1414,83
492,127	1394,83
492,34	1435,83
492,552	1413,83
492,765	1483,83
492,977	1513,83
493,19	1427,83
493,402	1553,83
493,614	1391,83
493,827	1444,83
494,039	1400,83
494,251	1388,83
494,464	1360,83
494,676	1229,83
494,888	1378,83
495,101	1343,83
495,313	1441,83
495,525	1374,83
495,737	1540,83
495,95	1403,83
496,162	1410,83
496,374	1457,83
496,586	1373,83
496,798	1419,83
497,01	1443,83
497,222	1358,83
497,435	1569,83
497,647	1384,83
497,859	1333,83
498,071	1387,83
498,283	1403,83
498,495	1371,83
498,707	1569,83
498,919	1356,83
499,131	1540,83
499,343	1191,83
499,555	1292,83
499,767	1529,83
499,979	1359,83
500,191	1545,83
500,402	1332,83
500,614	1499,83
500,826	1503,83
501,038	1332,83
501,25	1313,83
501,462	1337,83
501,673	1420,83
501,885	1257,83
502,097	1578,83
502,309	1293,83
502,521	1555,83
502,732	1299,83
502,944	1322,83
503,156	1300,83
503,367	1358,83
503,579	1468,83
503,791	1315,83
504,002	1481,83
504,214	1562,83
504,425	1652,83
504,637	1567,83
504,849	1347,83
505,06	1368,83
505,272	1539,83
505,483	1400,83
505,695	1401,83
505,906	1327,83
506,118	1332,83
506,329	1381,83
506,541	1329,83
506,752	1519,83
506,963	1401,83
507,175	1249,83
507,386	1551,83
507,598	1491,83
507,809	1087,83
508,02	1326,83
508,232	1450,83
508,443	1273,83
508,654	1597,83
508,865	1509,83
509,077	1271,83
509,288	1344,83
509,499	1591,83
509,71	1327,83
509,922	1485,83
510,133	1325,83
510,344	1580,83
510,555	1332,83
510,766	1460,83
510,977	1275,83
511,188	1479,83
511,4	1309,83
511,611	1242,83
511,822	1473,83
512,033	1368,83
512,244	1537,83
512,455	1485,83
512,666	1515,83
512,877	1472,83
513,088	1448,83
513,299	1445,83
513,51	1457,83
513,721	1429,83
513,931	1398,83
514,142	1505,83
514,353	1576,83
514,564	1322,83
514,775	1418,83
514,986	1439,83
515,196	1481,83
515,407	1356,83
515,618	1422,83
515,829	1410,83
516,04	1425,83
516,25	1340,83
516,461	1292,83
516,672	1403,83
516,882	1286,83
517,093	1453,83
517,304	1265,83
517,514	1296,83
517,725	1454,83
517,936	1369,83
518,146	1293,83
518,357	1535,83
518,567	1336,83
518,778	1647,83
518,988	1332,83
519,199	1444,83
519,409	1396,83
519,62	1353,83
519,83	1610,83
520,041	1408,83
520,251	1485,83
520,462	1521,83
520,672	1341,83
520,882	1553,83
521,093	1513,83
521,303	1398,83
521,513	1406,83
521,724	2396,83
521,934	1265,83
522,144	1406,83
522,355	1323,83
522,565	1485,83
522,775	1396,83
522,985	1424,83
523,196	1434,83
523,406	1357,83
523,616	1528,83
523,826	1317,83
524,036	1683,83
524,246	1345,83
524,457	1305,83
524,667	1319,83
524,877	1430,83
525,087	1376,83
525,297	1623,83
525,507	1522,83
525,717	1255,83
525,927	1440,83
526,137	1346,83
526,347	1391,83
526,557	1301,83
526,767	1382,83
526,977	1666,83
527,187	1421,83
527,397	1253,83
527,607	1364,83
527,816	1475,83
528,026	1381,83
528,236	1437,83
528,446	1404,83
528,656	1284,83
528,865	1616,83
529,075	1347,83
529,285	1372,83
529,495	1363,83
529,704	1509,83
529,914	1451,83
530,124	1329,83
530,334	1382,83
530,543	1319,83
530,753	1684,83
530,963	1781,83
531,172	1356,83
531,382	1384,83
531,591	1605,83
531,801	1403,83
532,01	1425,83
532,22	1396,83
532,43	1444,83
532,639	1689,83
532,849	1430,83
533,058	1378,83
533,267	1608,83
533,477	1375,83
533,686	1339,83
533,896	1399,83
534,105	1124,83
534,315	1496,83
534,524	1382,83
534,733	1402,83
534,943	1579,83
535,152	1531,83
535,361	1315,83
535,57	1376,83
535,78	1355,83
535,989	1343,83
536,198	1326,83
536,407	1395,83
536,617	1601,83
536,826	1475,83
537,035	1523,83
537,244	1189,83
537,453	1335,83
537,662	1287,83
537,872	1517,83
538,081	1435,83
538,29	1444,83
538,499	1368,83
538,708	1297,83
538,917	1541,83
539,126	1395,83
539,335	1422,83
539,544	1860,83
539,753	1343,83
539,962	1406,83
540,171	1410,83
540,38	1549,83
540,589	1542,83
540,797	1457,83
541,006	1439,83
541,215	1337,83
541,424	1589,83
541,633	1408,83
541,842	1315,83
542,05	1493,83
542,259	1443,83
542,468	1381,83
542,677	1510,83
542,885	1316,83
543,094	1473,83
543,303	1286,83
543,512	1457,83
543,72	1461,83
543,929	1519,83
544,138	1397,83
544,346	1275,83
544,555	1371,83
544,763	1362,83
544,972	1395,83
545,18	1325,83
545,389	1446,83
545,598	1289,83
545,806	1502,83
546,015	1602,83
546,223	1385,83
546,431	1470,83
546,64	1327,83
546,848	1378,83
547,057	1505,83
547,265	1329,83
547,474	1166,83
547,682	1344,83
547,89	1395,83
548,099	1469,83
548,307	1375,83
548,515	1617,83
548,723	1480,83
548,932	1435,83
549,14	1485,83
549,348	1509,83
549,556	1292,83
549,765	1372,83
549,973	1279,83
550,181	1455,83
550,389	1438,83
550,597	1569,83
550,805	1342,83
551,014	1534,83
551,222	5046,83
551,43	1324,83
551,638	1325,83
551,846	1549,83
552,054	1538,83
552,262	1486,83
552,47	1316,83
552,678	1320,83
552,886	1354,83
553,094	1292,83
553,302	1410,83
553,51	1419,83
553,717	1505,83
553,925	1259,83
554,133	1642,83
554,341	1306,83
554,549	1403,83
554,757	1189,83
554,965	1359,83
555,172	1370,83
555,38	1673,83
555,588	1338,83
555,796	1280,83
556,003	1474,83
556,211	1320,83
556,419	1387,83
556,626	1515,83
556,834	1401,83
557,042	1521,83
557,249	1494,83
557,457	1411,83
557,664	1256,83
557,872	1380,83
558,08	1324,83
558,287	1468,83
558,495	1583,83
558,702	1207,83
558,91	1456,83
559,117	1392,83
559,325	1423,83
559,532	1398,83
559,74	1513,83
559,947	1390,83
560,154	1510,83
560,362	1343,83
560,569	1353,83
560,776	1402,83
560,984	1440,83
561,191	1456,83
561,398	1425,83
561,606	1766,83
561,813	1494,83
562,02	1233,83
562,227	1307,83
562,435	1454,83
562,642	1499,83
562,849	1499,83
563,056	1381,83
563,263	1298,83
563,471	1674,83
563,678	1412,83
563,885	1369,83
564,092	1421,83
564,299	1426,83
564,506	1662,83
564,713	1384,83
564,92	1516,83
565,127	1538,83
565,334	1413,83
565,541	1700,83
565,748	1428,83
565,955	1345,83
566,162	1422,83
566,369	1511,83
566,576	1494,83
566,783	1502,83
566,99	1332,83
567,196	1514,83
567,403	1399,83
567,61	1507,83
567,817	1406,83
568,024	1414,83
568,23	1425,83
568,437	1213,83
568,644	1294,83
568,851	1353,83
569,057	1719,83
569,264	1524,83
569,471	1313,83
569,677	1397,83
569,884	1475,83
570,091	1486,83
570,297	2355,83
570,504	1607,83
570,71	1420,83
570,917	1420,83
571,123	1450,83
571,33	1417,83
571,536	1395,83
571,743	1609,83
571,949	1417,83
572,156	1342,83
572,362	1662,83
572,569	1381,83
572,775	1455,83
572,982	1353,83
573,188	1306,83
573,394	1325,83
573,601	1376,83
573,807	1266,83
574,013	1607,83
574,22	1463,83
574,426	1251,83
574,632	1495,83
574,838	1370,83
575,045	1349,83
575,251	1406,83
575,457	1434,83
575,663	1527,83
575,869	1395,83
576,076	1326,83
576,282	1430,83
576,488	1340,83
576,694	1425,83
576,9	1262,83
577,106	1287,83
577,312	1328,83
577,518	1509,83
577,724	1462,83
577,93	1447,83
578,136	1405,83
578,342	1440,83
578,548	1408,83
578,754	1385,83
578,96	1352,83
579,166	1340,83
579,372	1634,83
579,578	1453,83
579,784	1484,83
579,989	1334,83
580,195	1333,83
580,401	1429,83
580,607	1418,83
580,813	1550,83
581,018	1454,83
581,224	1393,83
581,43	1436,83
581,636	1032,83
581,841	1572,83
582,047	1441,83
582,253	1436,83
582,458	1335,83
582,664	1348,83
582,869	1447,83
583,075	1348,83
583,281	1642,83
583,486	1479,83
583,692	1345,83
583,897	1533,83
584,103	1507,83
584,308	1503,83
584,514	1414,83
584,719	1509,83
584,925	1510,83
585,13	1402,83
585,335	1449,83
585,541	1336,83
585,746	1466,83
585,952	1325,83
586,157	1396,83
586,362	1423,83
586,568	1389,83
586,773	1484,83
586,978	1437,83
587,183	1406,83
587,389	1437,83
587,594	1344,83
587,799	1500,83
588,004	1550,83
588,21	1427,83
588,415	1293,83
588,62	1449,83
588,825	1551,83
589,03	1464,83
589,235	1876,83
589,44	1569,83
589,645	1376,83
589,85	1538,83
590,055	1617,83
590,26	1409,83
590,465	1399,83
590,67	1567,83
590,875	1605,83
591,08	1384,83
591,285	1465,83
591,49	1569,83
591,695	1426,83
591,9	1412,83
592,105	1426,83
592,31	1382,83
592,515	1703,83
592,719	1366,83
592,924	1374,83
593,129	1409,83
593,334	1466,83
593,539	1401,83
593,743	1537,83
593,948	1435,83
594,153	1356,83
594,357	1599,83
594,562	1391,83
594,767	1849,83
594,971	1289,83
595,176	1385,83
595,381	1521,83
595,585	1405,83
595,79	1552,83
595,994	1444,83
596,199	1841,83
596,403	1186,83
596,608	1344,83
596,812	1427,83
597,017	1471,83
597,221	1641,83
597,426	1611,83
597,63	1188,83
597,835	1348,83
598,039	1358,83
598,243	1373,83
598,448	1674,83
598,652	1400,83
598,856	1372,83
599,061	1311,83
599,265	1446,83
599,469	1401,83
599,673	1464,83
599,878	1519,83
600,082	1360,83
600,286	1439,83
600,49	1473,83
600,695	1231,83
600,899	1399,83
601,103	1541,83
601,307	1554,83
601,511	1404,83
601,715	1327,83
601,919	1466,83
602,123	1556,83
602,327	1421,83
602,531	1309,83
602,735	1561,83
602,939	1535,83
603,143	1327,83
603,347	1429,83
603,551	1394,83
603,755	1412,83
603,959	1430,83
604,163	1470,83
604,367	1413,83
604,571	1365,83
604,775	1539,83
604,978	1422,83
605,182	1315,83
605,386	1423,83
605,59	1185,83
605,793	1449,83
605,997	1452,83
606,201	1435,83
606,405	1457,83
606,608	1529,83
606,812	1400,83
607,016	1526,83
607,219	1446,83
607,423	1368,83
607,627	1653,83
607,83	1391,83
608,034	1358,83
608,237	1491,83
608,441	1331,83
608,644	1478,83
608,848	1489,83
609,051	1392,83
609,255	1368,83
609,458	1588,83
609,662	1421,83
609,865	1443,83
610,069	1345,83
610,272	1329,83
610,475	1259,83
610,679	1404,83
610,882	1450,83
611,085	1410,83
611,289	1533,83
611,492	1390,83
611,695	1363,83
611,898	1335,83
612,102	1477,83
612,305	1439,83
612,508	1379,83
612,711	1591,83
612,914	1417,83
613,118	1442,83
613,321	1524,83
613,524	1318,83
613,727	1355,83
613,93	1621,83
614,133	1424,83
614,336	1515,83
614,539	1441,83
614,742	1383,83
614,945	1451,83
615,148	1484,83
615,351	1496,83
615,554	1475,83
615,757	1183,83
615,96	1531,83
616,163	1340,83
616,366	1500,83
616,569	1389,83
616,772	1593,83
616,974	1385,83
617,177	1586,83
617,38	1428,83
617,583	1510,83
617,786	1301,83
617,988	1365,83
618,191	1575,83
618,394	1373,83
618,596	1292,83
618,799	1342,83
619,002	1746,83
619,204	1450,83
619,407	1419,83
619,61	1370,83
619,812	1415,83
620,015	1359,83
620,217	1485,83
620,42	1409,83
620,623	1373,83
620,825	1425,83
621,028	1574,83
621,23	1588,83
621,432	1502,83
621,635	1595,83
621,837	1513,83
622,04	1395,83
622,242	1363,83
622,445	1504,83
622,647	1453,83
622,849	1497,83
623,052	1281,83
623,254	1463,83
623,456	1306,83
623,658	1541,83
623,861	1504,83
624,063	1388,83
624,265	1399,83
624,467	1522,83
624,67	1377,83
624,872	1502,83
625,074	1609,83
625,276	1528,83
625,478	1530,83
625,68	1269,83
625,882	1296,83
626,084	1473,83
626,287	1613,83
626,489	1445,83
626,691	1413,83
626,893	1476,83
627,095	1468,83
627,297	1640,83
627,499	1281,83
627,7	1449,83
627,902	1234,83
628,104	1388,83
628,306	1370,83
628,508	1375,83
628,71	1387,83
628,912	1436,83
629,114	1649,83
629,315	1460,83
629,517	1345,83
629,719	1334,83
629,921	1387,83
630,122	1441,83
630,324	1346,83
630,526	1559,83
630,728	1436,83
630,929	1477,83
631,131	1343,83
631,332	1580,83
631,534	1616,83
631,736	1400,83
631,937	1332,83
632,139	1420,83
632,34	1293,83
632,542	1526,83
632,743	1604,83
632,945	1356,83
633,146	1468,83
633,348	1478,83
633,549	1435,83
633,751	1367,83
633,952	1434,83
634,154	1326,83
634,355	1262,83
634,556	1387,83
634,758	1407,83
634,959	1381,83
635,16	1556,83
635,362	1362,83
635,563	1410,83
635,764	1706,83
635,965	1447,83
636,167	1565,83
636,368	1346,83
636,569	1371,83
636,77	1633,83
636,971	1326,83
637,172	1411,83
637,374	1395,83
637,575	1587,83
637,776	1320,83
637,977	1289,83
638,178	1442,83
638,379	1490,83
638,58	1406,83
638,781	1258,83
638,982	1383,83
639,183	1289,83
639,384	1322,83
639,585	1381,83
639,786	1337,83
639,987	1333,83
640,187	1481,83
640,388	1514,83
640,589	1203,83
640,79	1345,83
640,991	1391,83
641,192	1493,83
641,392	1374,83
641,593	1322,83
641,794	1277,83
641,995	1353,83
642,195	1177,83
642,396	1323,83
642,597	1276,83
642,797	1356,83
642,998	1463,83
643,199	1465,83
643,399	1394,83
643,6	1245,83
643,8	1291,83
644,001	1409,83
644,202	1357,83
644,402	1349,83
644,603	1464,83
644,803	1260,83
645,004	1327,83
645,204	1221,83
645,404	1433,83
645,605	1681,83
645,805	1290,83
646,006	1306,83
646,206	1753,83
646,406	1305,83
646,607	1253,83
646,807	1178,83
647,007	-64,17
647,208	-40,17
647,408	-35,17
647,608	191,83
