200,697	973,67
200,927	-2,33
201,158	-11,33
201,388	-2,33
201,618	1353,67
201,849	1214,67
202,079	1259,67
202,309	1292,67
202,539	1443,67
202,77	1459,67
203	1318,67
203,23	1403,67
203,46	1375,67
203,691	1397,67
203,921	1419,67
204,151	1403,67
204,381	1383,67
204,611	1451,67
204,841	1358,67
205,071	1349,67
205,302	1487,67
205,532	1455,67
205,762	3456,67
205,992	1380,67
206,222	1408,67
206,452	1443,67
206,682	1361,67
206,912	1448,67
207,142	1489,67
207,372	1243,67
207,602	1317,67
207,832	1348,67
208,062	1517,67
208,292	1487,67
208,522	1265,67
208,752	1355,67
208,982	1415,67
209,212	1499,67
209,442	1406,67
209,672	1347,67
209,902	1170,67
210,131	1526,67
210,361	1287,67
210,591	1417,67
210,821	1341,67
211,051	1554,67
211,281	1426,67
211,51	1630,67
211,74	1541,67
211,97	1414,67
212,2	1487,67
212,429	1503,67
212,659	1378,67
212,889	1390,67
213,119	1355,67
213,348	1412,67
213,578	1523,67
213,808	1526,67
214,037	1569,67
214,267	1487,67
214,497	1455,67
214,726	1383,67
214,956	1393,67
215,186	1424,67
215,415	1397,67
215,645	1394,67
215,874	1527,67
216,104	1372,67
216,333	1452,67
216,563	1427,67
216,792	1327,67
217,022	1597,67
217,251	1442,67
217,481	1315,67
217,71	1428,67
217,94	1435,67
218,169	1447,67
218,399	1611,67
218,628	1309,67
218,858	1589,67
219,087	1557,67
219,316	1446,67
219,546	1545,67
219,775	1439,67
220,004	1518,67
220,234	1330,67
220,463	1424,67
220,692	1477,67
220,922	1472,67
221,151	1563,67
221,38	1380,67
221,61	1829,67
221,839	1655,67
222,068	1425,67
222,297	1555,67
222,526	1531,67
222,756	1547,67
222,985	1534,67
223,214	1476,67
223,443	1450,67
223,672	1929,67
223,902	1402,67
224,131	1465,67
224,36	1577,67
224,589	1363,67
224,818	1423,67
225,047	1567,67
225,276	1423,67
225,505	1691,67
225,734	1497,67
225,963	1404,67
226,192	1520,67
226,421	1473,67
226,65	1567,67
226,879	1575,67
227,108	1595,67
227,337	1531,67
227,566	1641,67
227,795	1431,67
228,024	1595,67
228,253	1491,67
228,482	1405,67
228,711	1584,67
228,94	1401,67
229,168	1346,67
229,397	1508,67
229,626	1537,67
229,855	1517,67
230,084	1424,67
230,313	1369,67
230,541	1624,67
230,77	1529,67
230,999	1403,67
231,228	1721,67
231,456	1495,67
231,685	1521,67
231,914	1536,67
232,143	1490,67
232,371	1547,67
232,6	1518,67
232,829	1513,67
233,057	1629,67
233,286	1486,67
233,515	1521,67
233,743	1540,67
233,972	1472,67
234,2	1589,67
234,429	1528,67
234,658	1588,67
234,886	1508,67
235,115	1514,67
235,343	1554,67
235,572	1487,67
235,8	1675,67
236,029	1975,67
236,257	1420,67
236,486	1591,67
236,714	1629,67
236,943	1663,67
237,171	1522,67
237,399	1529,67
237,628	1436,67
237,856	1660,67
238,085	1549,67
238,313	1456,67
238,541	1670,67
238,77	1871,67
238,998	1456,67
239,226	1654,67
239,455	1554,67
239,683	1621,67
239,911	1491,67
240,14	1644,67
240,368	1558,67
240,596	1565,67
240,824	1488,67
241,053	1459,67
241,281	1436,67
241,509	1632,67
241,737	1534,67
241,965	1524,67
242,193	1511,67
242,422	1476,67
242,65	1496,67
242,878	1501,67
243,106	1600,67
243,334	1613,67
243,562	1638,67
243,79	1641,67
244,018	1628,67
244,246	1593,67
244,474	1589,67
244,702	1486,67
244,93	1637,67
245,158	1585,67
245,386	1553,67
245,614	1544,67
245,842	1775,67
246,07	1581,67
246,298	1711,67
246,526	2079,67
246,754	1539,67
246,982	1620,67
247,21	1720,67
247,438	1583,67
247,666	1588,67
247,893	1637,67
248,121	1546,67
248,349	1441,67
248,577	1642,67
248,805	1749,67
249,033	1597,67
249,26	1720,67
249,488	1580,67
249,716	1642,67
249,944	1534,67
250,171	1564,67
250,399	1714,67
250,627	1766,67
250,854	1635,67
251,082	1546,67
251,31	1599,67
251,537	1647,67
251,765	1842,67
251,993	1549,67
252,22	1918,67
252,448	1548,67
252,676	1727,67
252,903	1655,67
253,131	1951,67
253,358	1607,67
253,586	1535,67
253,813	1479,67
254,041	1682,67
254,268	1653,67
254,496	1573,67
254,723	1678,67
254,951	1470,67
255,178	1708,67
255,406	1571,67
255,633	1598,67
255,86	1748,67
256,088	1619,67
256,315	1456,67
256,543	1757,67
256,77	1796,67
256,997	1639,67
257,225	1651,67
257,452	1581,67
257,679	1588,67
257,907	1765,67
258,134	1587,67
258,361	1716,67
258,588	1551,67
258,816	1651,67
259,043	1591,67
259,27	1668,67
259,497	1685,67
259,725	1534,67
259,952	1692,67
260,179	1512,67
260,406	1589,67
260,633	1596,67
260,86	1653,67
261,088	1615,67
261,315	1848,67
261,542	1465,67
261,769	1597,67
261,996	1834,67
262,223	1612,67
262,45	1977,67
262,677	1565,67
262,904	1634,67
263,131	1712,67
263,358	1562,67
263,585	1705,67
263,812	1933,67
264,039	1776,67
264,266	1664,67
264,493	1781,67
264,72	1547,67
264,947	1672,67
265,174	1801,67
265,401	1738,67
265,627	1771,67
265,854	1655,67
266,081	2009,67
266,308	1584,67
266,535	1671,67
266,762	1617,67
266,988	1629,67
267,215	1650,67
267,442	1562,67
267,669	1791,67
267,896	1664,67
268,122	1737,67
268,349	1631,67
268,576	1504,67
268,802	1499,67
269,029	1594,67
269,256	1777,67
269,482	1583,67
269,709	1634,67
269,936	1647,67
270,162	1815,67
270,389	1679,67
270,616	1630,67
270,842	1751,67
271,069	1728,67
271,295	1610,67
271,522	1575,67
271,748	1695,67
271,975	1809,67
272,201	1767,67
272,428	1603,67
272,654	1581,67
272,881	1881,67
273,107	1564,67
273,334	1635,67
273,56	1736,67
273,787	1753,67
274,013	1537,67
274,239	1934,67
274,466	1618,67
274,692	1601,67
274,918	1640,67
275,145	1605,67
275,371	1626,67
275,597	1576,67
275,824	1670,67
276,05	1620,67
276,276	1719,67
276,503	1553,67
276,729	1610,67
276,955	1584,67
277,181	1592,67
277,407	1678,67
277,634	1678,67
277,86	1656,67
278,086	1643,67
278,312	1602,67
278,538	1607,67
278,764	1662,67
278,991	1781,67
279,217	1551,67
279,443	1570,67
279,669	1588,67
279,895	1718,67
280,121	1602,67
280,347	1613,67
280,573	1553,67
280,799	1579,67
281,025	1778,67
281,251	1522,67
281,477	1730,67
281,703	1527,67
281,929	1562,67
282,155	1602,67
282,381	1643,67
282,607	1605,67
282,833	1685,67
283,059	1653,67
283,285	1380,67
283,51	1621,67
283,736	1390,67
283,962	1553,67
284,188	1638,67
284,414	1594,67
284,64	1677,67
284,865	1614,67
285,091	1482,67
285,317	1615,67
285,543	1655,67
285,768	1678,67
285,994	1687,67
286,22	1831,67
286,446	1708,67
286,671	1485,67
286,897	1671,67
287,123	1589,67
287,348	1581,67
287,574	2103,67
287,799	1672,67
288,025	1651,67
288,251	1815,67
288,476	1668,67
288,702	1651,67
288,927	1624,67
289,153	1570,67
289,378	1771,67
289,604	1666,67
289,829	1674,67
290,055	1591,67
290,28	1576,67
290,506	1704,67
290,731	1608,67
290,957	1659,67
291,182	1727,67
291,408	1740,67
291,633	1753,67
291,858	1647,67
292,084	1692,67
292,309	1590,67
292,535	1578,67
292,76	1711,67
292,985	1683,67
293,211	1589,67
293,436	1526,67
293,661	1506,67
293,886	1615,67
294,112	1681,67
294,337	1719,67
294,562	1520,67
294,787	1777,67
295,013	1694,67
295,238	1571,67
295,463	1716,67
295,688	1822,67
295,913	1671,67
296,138	1738,67
296,364	1595,67
296,589	1732,67
296,814	1531,67
297,039	1649,67
297,264	1807,67
297,489	1540,67
297,714	1748,67
297,939	1586,67
298,164	1595,67
298,389	1781,67
298,614	1553,67
298,839	1642,67
299,064	1759,67
299,289	1632,67
299,514	1825,67
299,739	1696,67
299,964	1398,67
300,189	1614,67
300,414	1643,67
300,639	1821,67
300,863	1669,67
301,088	2058,67
301,313	1664,67
301,538	1686,67
301,763	1644,67
301,988	1956,67
302,212	1740,67
302,437	2125,67
302,662	1620,67
302,887	1714,67
303,111	1696,67
303,336	1841,67
303,561	1717,67
303,786	1756,67
304,01	1810,67
304,235	1821,67
304,46	1600,67
304,684	1625,67
304,909	1767,67
305,134	1588,67
305,358	1774,67
305,583	1768,67
305,807	1900,67
306,032	1487,67
306,256	1739,67
306,481	1746,67
306,706	1603,67
306,93	1581,67
307,155	1931,67
307,379	1673,67
307,604	1631,67
307,828	1654,67
308,052	1870,67
308,277	1710,67
308,501	1726,67
308,726	1825,67
308,95	1779,67
309,175	1488,67
309,399	2047,67
309,623	1657,67
309,848	1665,67
310,072	1591,67
310,296	2020,67
310,521	1675,67
310,745	1661,67
310,969	1868,67
311,193	1799,67
311,418	1505,67
311,642	1662,67
311,866	1687,67
312,09	1690,67
312,315	1771,67
312,539	1821,67
312,763	1645,67
312,987	1850,67
313,211	1423,67
313,435	1735,67
313,659	1692,67
313,884	1973,67
314,108	1800,67
314,332	1879,67
314,556	1653,67
314,78	1918,67
315,004	1763,67
315,228	1865,67
315,452	1790,67
315,676	1738,67
315,9	1741,67
316,124	1440,67
316,348	1715,67
316,572	1727,67
316,796	1792,67
317,02	1641,67
317,244	1739,67
317,468	1595,67
317,691	1912,67
317,915	1801,67
318,139	1694,67
318,363	2082,67
318,587	1591,67
318,811	1490,67
319,034	1526,67
319,258	1794,67
319,482	1920,67
319,706	1839,67
319,93	1686,67
320,153	1676,67
320,377	1681,67
320,601	1564,67
320,824	1624,67
321,048	1792,67
321,272	1727,67
321,495	1731,67
321,719	1702,67
321,943	1639,67
322,166	1660,67
322,39	1657,67
322,614	2009,67
322,837	1761,67
323,061	1706,67
323,284	1783,67
323,508	1717,67
323,731	1679,67
323,955	1713,67
324,178	1684,67
324,402	1766,67
324,625	1706,67
324,849	1574,67
325,072	1790,67
325,296	1566,67
325,519	1720,67
325,743	1676,67
325,966	1777,67
326,189	1879,67
326,413	1673,67
326,636	1902,67
326,859	1728,67
327,083	2101,67
327,306	1635,67
327,529	1615,67
327,753	1400,67
327,976	1764,67
328,199	1839,67
328,422	1706,67
328,646	1753,67
328,869	1611,67
329,092	1762,67
329,315	1835,67
329,538	1654,67
329,762	1731,67
329,985	1800,67
330,208	1660,67
330,431	1751,67
330,654	1838,67
330,877	1704,67
331,1	1781,67
331,323	1669,67
331,546	1814,67
331,769	1930,67
331,993	1522,67
332,216	1847,67
332,439	1677,67
332,662	1750,67
332,885	1745,67
333,107	1490,67
333,33	1553,67
333,553	1809,67
333,776	1687,67
333,999	1706,67
334,222	1650,67
334,445	1730,67
334,668	1728,67
334,891	1745,67
335,114	1601,67
335,336	1686,67
335,559	1716,67
335,782	1972,67
336,005	1647,67
336,228	1705,67
336,45	1664,67
336,673	1652,67
336,896	1739,67
337,119	1583,67
337,341	1473,67
337,564	1631,67
337,787	1646,67
338,009	1615,67
338,232	1743,67
338,455	1809,67
338,677	1708,67
338,9	1646,67
339,122	1836,67
339,345	1258,67
339,568	1565,67
339,79	1652,67
340,013	1758,67
340,235	1804,67
340,458	1528,67
340,68	1693,67
340,903	1673,67
341,125	1541,67
341,348	1883,67
341,57	1545,67
341,793	1815,67
342,015	1497,67
342,238	1599,67
342,46	1668,67
342,682	1779,67
342,905	1606,67
343,127	1688,67
343,349	1647,67
343,572	1736,67
343,794	1439,67
344,016	1669,67
344,239	1682,67
344,461	1584,67
344,683	1598,67
344,905	1622,67
345,128	1530,67
345,35	1666,67
345,572	1743,67
345,794	1804,67
346,017	1616,67
346,239	1573,67
346,461	1541,67
346,683	1813,67
346,905	1733,67
347,127	1702,67
347,349	1707,67
347,571	1733,67
347,793	1819,67
348,016	1718,67
348,238	1604,67
348,46	1621,67
348,682	1674,67
348,904	1690,67
349,126	1688,67
349,348	1708,67
349,57	1566,67
349,792	1583,67
350,014	1669,67
350,235	1688,67
350,457	2172,67
350,679	1595,67
350,901	1605,67
351,123	1602,67
351,345	1570,67
351,567	1741,67
351,789	1685,67
352,01	1750,67
352,232	1703,67
352,454	1556,67
352,676	1775,67
352,897	1642,67
353,119	1735,67
353,341	1717,67
353,563	1618,67
353,784	1623,67
354,006	1761,67
354,228	1605,67
354,449	1661,67
354,671	1776,67
354,893	1761,67
355,114	1647,67
355,336	1676,67
355,558	1491,67
355,779	1591,67
356,001	1628,67
356,222	1691,67
356,444	1571,67
356,665	2306,67
356,887	1612,67
357,108	1573,67
357,33	1619,67
357,551	1754,67
357,773	1855,67
357,994	1656,67
358,216	1561,67
358,437	1770,67
358,659	1741,67
358,88	1629,67
359,101	1738,67
359,323	1727,67
359,544	1575,67
359,765	1507,67
359,987	1621,67
360,208	1680,67
360,429	1710,67
360,651	1563,67
360,872	1702,67
361,093	1595,67
361,314	1779,67
361,536	1627,67
361,757	1568,67
361,978	1595,67
362,199	1439,67
362,42	1526,67
362,642	1555,67
362,863	1717,67
363,084	1563,67
363,305	1611,67
363,526	1596,67
363,747	1586,67
363,968	1567,67
364,189	1830,67
364,41	1596,67
364,631	1414,67
364,852	1614,67
365,073	1671,67
365,294	1561,67
365,515	1551,67
365,736	1743,67
365,957	1622,67
366,178	1585,67
366,399	1630,67
366,62	1729,67
366,841	1738,67
367,062	1320,67
367,283	1700,67
367,504	1705,67
367,724	1539,67
367,945	1512,67
368,166	1672,67
368,387	1580,67
368,608	1554,67
368,828	1715,67
369,049	1643,67
369,27	1525,67
369,491	1593,67
369,711	1745,67
369,932	1628,67
370,153	1612,67
370,373	1694,67
370,594	1764,67
370,815	1661,67
371,035	1759,67
371,256	1498,67
371,477	1702,67
371,697	1572,67
371,918	1495,67
372,138	1713,67
372,359	1807,67
372,579	1513,67
372,8	1621,67
373,02	1688,67
373,241	1609,67
373,461	1604,67
373,682	1608,67
373,902	1453,67
374,123	1504,67
374,343	1576,67
374,564	1753,67
374,784	1527,67
375,004	1600,67
375,225	1517,67
375,445	1540,67
375,666	1807,67
375,886	1546,67
376,106	1549,67
376,326	1683,67
376,547	1763,67
376,767	1753,67
376,987	1558,67
377,208	1633,67
377,428	1582,67
377,648	1659,67
377,868	1674,67
378,088	1707,67
378,309	1709,67
378,529	1677,67
378,749	1672,67
378,969	1518,67
379,189	1655,67
379,409	1600,67
379,629	1533,67
379,849	1658,67
380,069	1532,67
380,29	1508,67
380,51	1539,67
380,73	1733,67
380,95	1740,67
381,17	1549,67
381,39	1607,67
381,61	1557,67
381,829	1587,67
382,049	1516,67
382,269	1585,67
382,489	1660,67
382,709	1562,67
382,929	1572,67
383,149	1564,67
383,369	1914,67
383,589	1609,67
383,808	1545,67
384,028	1593,67
384,248	1632,67
384,468	1615,67
384,688	1631,67
384,907	1521,67
385,127	1553,67
385,347	1849,67
385,567	1445,67
385,786	1789,67
386,006	1535,67
386,226	1609,67
386,445	1530,67
386,665	1572,67
386,885	1607,67
387,104	1564,67
387,324	1667,67
387,543	1532,67
387,763	1615,67
387,982	1633,67
388,202	1481,67
388,422	1590,67
388,641	1574,67
388,861	1658,67
389,08	1754,67
389,3	1540,67
389,519	1655,67
389,738	1743,67
389,958	1638,67
390,177	1580,67
390,397	1631,67
390,616	1587,67
390,836	1720,67
391,055	1568,67
391,274	1596,67
391,494	1551,67
391,713	1568,67
391,932	1630,67
392,151	1318,67
392,371	1601,67
392,59	1557,67
392,809	1887,67
393,029	1749,67
393,248	1755,67
393,467	1511,67
393,686	1546,67
393,905	2532,67
394,124	1555,67
394,344	1711,67
394,563	1779,67
394,782	1632,67
395,001	1696,67
395,22	1451,67
395,439	1576,67
395,658	1538,67
395,877	1638,67
396,096	1568,67
396,315	1801,67
396,534	1520,67
396,753	1657,67
396,972	1535,67
397,191	1599,67
397,41	1616,67
397,629	1604,67
397,848	1523,67
398,067	1630,67
398,286	1560,67
398,505	1579,67
398,724	1713,67
398,943	2089,67
399,161	1579,67
399,38	1642,67
399,599	1665,67
399,818	1563,67
400,037	1763,67
400,255	1603,67
400,474	1559,67
400,693	1605,67
400,912	1689,67
401,13	1420,67
401,349	1493,67
401,568	1480,67
401,786	1784,67
402,005	1513,67
402,224	1495,67
402,442	1559,67
402,661	1683,67
402,88	1541,67
403,098	1508,67
403,317	1640,67
403,535	1638,67
403,754	1467,67
403,972	1595,67
404,191	1495,67
404,409	1549,67
404,628	2123,67
404,846	1607,67
405,065	1649,67
405,283	1628,67
405,502	1494,67
405,72	1626,67
405,938	1535,67
406,157	1513,67
406,375	1571,67
406,594	1615,67
406,812	1585,67
407,03	1591,67
407,249	1378,67
407,467	1607,67
407,685	1605,67
407,903	1516,67
408,122	1816,67
408,34	1423,67
408,558	1664,67
408,776	1570,67
408,995	1506,67
409,213	1633,67
409,431	1680,67
409,649	1581,67
409,867	1495,67
410,085	1641,67
410,303	1553,67
410,522	1505,67
410,74	1493,67
410,958	1508,67
411,176	1651,67
411,394	1522,67
411,612	1531,67
411,83	1729,67
412,048	1604,67
412,266	1527,67
412,484	1642,67
412,702	1698,67
412,92	1437,67
413,138	1645,67
413,356	1556,67
413,573	1744,67
413,791	1839,67
414,009	1632,67
414,227	1768,67
414,445	1602,67
414,663	1630,67
414,881	1577,67
415,098	1591,67
415,316	1527,67
415,534	1912,67
415,752	1591,67
415,969	1701,67
416,187	1404,67
416,405	1540,67
416,623	1618,67
416,84	1416,67
417,058	1614,67
417,276	1464,67
417,493	1530,67
417,711	1479,67
417,928	1602,67
418,146	1508,67
418,364	1602,67
418,581	1561,67
418,799	1452,67
419,016	1409,67
419,234	1259,67
419,451	2085,67
419,669	1527,67
419,886	1557,67
420,104	1358,67
420,321	1554,67
420,539	1531,67
420,756	1721,67
420,974	1553,67
421,191	1504,67
421,408	1565,67
421,626	1640,67
421,843	1572,67
422,06	1571,67
422,278	1469,67
422,495	1604,67
422,712	1652,67
422,93	1664,67
423,147	1675,67
423,364	1566,67
423,581	1653,67
423,799	1572,67
424,016	1633,67
424,233	1564,67
424,45	1582,67
424,667	1588,67
424,884	1508,67
425,102	1645,67
425,319	1508,67
425,536	1510,67
425,753	1672,67
425,97	1493,67
426,187	1673,67
426,404	1523,67
426,621	1826,67
426,838	1699,67
427,055	1656,67
427,272	1561,67
427,489	1552,67
427,706	1506,67
427,923	1505,67
428,14	1538,67
428,357	1890,67
428,574	1611,67
428,791	1620,67
429,008	1574,67
429,224	1389,67
429,441	1364,67
429,658	1746,67
429,875	1735,67
430,092	1683,67
430,308	1693,67
430,525	1644,67
430,742	1493,67
430,959	1640,67
431,175	1576,67
431,392	1491,67
431,609	1707,67
431,826	1557,67
432,042	1525,67
432,259	1495,67
432,476	1837,67
432,692	1484,67
432,909	1486,67
433,125	1610,67
433,342	1498,67
433,559	1588,67
433,775	1552,67
433,992	1445,67
434,208	1419,67
434,425	1516,67
434,641	1637,67
434,858	1763,67
435,074	1599,67
435,291	1493,67
435,507	1401,67
435,723	1648,67
435,94	1545,67
436,156	1585,67
436,373	1717,67
436,589	1488,67
436,805	1549,67
437,022	1606,67
437,238	1527,67
437,454	1595,67
437,671	1498,67
437,887	1567,67
438,103	1527,67
438,319	1723,67
438,536	1688,67
438,752	1601,67
438,968	1559,67
439,184	1537,67
439,4	1549,67
439,616	1433,67
439,833	1643,67
440,049	1469,67
440,265	1714,67
440,481	1565,67
440,697	1613,67
440,913	1593,67
441,129	1577,67
441,345	1606,67
441,561	1617,67
441,777	1499,67
441,993	1622,67
442,209	1470,67
442,425	1602,67
442,641	1640,67
442,857	1598,67
443,073	1535,67
443,289	1569,67
443,505	1608,67
443,721	1662,67
443,937	1686,67
444,152	1606,67
444,368	1551,67
444,584	1582,67
444,8	1668,67
445,016	1493,67
445,231	1561,67
445,447	1708,67
445,663	1624,67
445,879	1519,67
446,094	1668,67
446,31	1950,67
446,526	1528,67
446,742	1701,67
446,957	1574,67
447,173	1590,67
447,388	1521,67
447,604	1705,67
447,82	1542,67
448,035	1602,67
448,251	1535,67
448,466	1635,67
448,682	1503,67
448,897	1485,67
449,113	1561,67
449,328	1608,67
449,544	1492,67
449,759	1859,67
449,975	1424,67
450,19	1508,67
450,406	1543,67
450,621	1425,67
450,836	1547,67
451,052	1531,67
451,267	1433,67
451,483	1488,67
451,698	1456,67
451,913	1554,67
452,129	1586,67
452,344	1423,67
452,559	1624,67
452,774	1527,67
452,99	1479,67
453,205	1729,67
453,42	1498,67
453,635	1700,67
453,85	1555,67
454,066	1637,67
454,281	1622,67
454,496	1623,67
454,711	1609,67
454,926	1611,67
455,141	1469,67
455,356	1290,67
455,571	1490,67
455,786	1612,67
456,001	1439,67
456,217	1485,67
456,432	1542,67
456,647	1567,67
456,861	1583,67
457,076	1550,67
457,291	1503,67
457,506	1538,67
457,721	1519,67
457,936	1540,67
458,151	1485,67
458,366	1737,67
458,581	1538,67
458,796	1746,67
459,01	1573,67
459,225	1592,67
459,44	1439,67
459,655	1512,67
459,87	1451,67
460,084	1503,67
460,299	1579,67
460,514	1570,67
460,729	1956,67
460,943	1449,67
461,158	1453,67
461,373	1607,67
461,587	1521,67
461,802	1471,67
462,016	1743,67
462,231	1471,67
462,446	1919,67
462,66	1533,67
462,875	1451,67
463,089	1496,67
463,304	1626,67
463,518	1567,67
463,733	1494,67
463,947	1603,67
464,162	1210,67
464,376	1559,67
464,591	1622,67
464,805	1490,67
465,02	1653,67
465,234	1545,67
465,448	1763,67
465,663	1575,67
465,877	1565,67
466,091	1544,67
466,306	1675,67
466,52	1808,67
466,734	1591,67
466,949	1521,67
467,163	1665,67
467,377	1482,67
467,591	1617,67
467,806	1475,67
468,02	1488,67
468,234	1385,67
468,448	1577,67
468,662	1547,67
468,876	1692,67
469,091	1456,67
469,305	1612,67
469,519	1515,67
469,733	1408,67
469,947	1483,67
470,161	1719,67
470,375	1390,67
470,589	1652,67
470,803	1521,67
471,017	1668,67
471,231	1548,67
471,445	1342,67
471,659	1562,67
471,873	1539,67
472,087	1412,67
472,301	1603,67
472,515	1472,67
472,728	1440,67
472,942	1508,67
473,156	1778,67
473,37	1524,67
473,584	1455,67
473,798	1563,67
474,011	1519,67
474,225	1384,67
474,439	1527,67
474,653	1539,67
474,866	1521,67
475,08	1493,67
475,294	1615,67
475,507	1513,67
475,721	1531,67
475,935	1532,67
476,148	1481,67
476,362	1415,67
476,576	1511,67
476,789	1501,67
477,003	1493,67
477,216	1524,67
477,43	1581,67
477,643	1540,67
477,857	1648,67
478,07	1503,67
478,284	1595,67
478,497	1455,67
478,711	1493,67
478,924	1453,67
479,138	1507,67
479,351	1474,67
479,564	1357,67
479,778	1661,67
479,991	1346,67
480,204	1535,67
480,418	1617,67
480,631	1448,67
480,844	1552,67
481,058	1495,67
481,271	1541,67
481,484	1596,67
481,697	1553,67
481,911	1599,67
482,124	1464,67
482,337	1560,67
482,55	1445,67
482,763	1404,67
482,976	1613,67
483,19	1715,67
483,403	1467,67
483,616	1636,67
483,829	1642,67
484,042	1543,67
484,255	1593,67
484,468	1496,67
484,681	1520,67
484,894	1471,67
485,107	1792,67
485,32	1697,67
485,533	1689,67
485,746	1796,67
485,959	1624,67
486,172	1630,67
486,385	1454,67
486,598	1590,67
486,81	1480,67
487,023	1522,67
487,236	1705,67
487,449	1580,67
487,662	1534,67
487,875	1529,67
488,087	1614,67
488,3	1534,67
488,513	1374,67
488,726	1441,67
488,938	1621,67
489,151	1532,67
489,364	1484,67
489,576	1478,67
489,789	1546,67
490,002	1580,67
490,214	1539,67
490,427	1362,67
490,64	1425,67
490,852	1457,67
491,065	1408,67
491,277	1549,67
491,49	1525,67
491,702	1332,67
491,915	1592,67
492,127	1671,67
492,34	1532,67
492,552	1550,67
492,765	1591,67
492,977	1625,67
493,19	1537,67
493,402	1597,67
493,614	1576,67
493,827	1456,67
494,039	1446,67
494,251	1538,67
494,464	1578,67
494,676	1390,67
494,888	1511,67
495,101	1480,67
495,313	1473,67
495,525	1492,67
495,737	1690,67
495,95	1550,67
496,162	1431,67
496,374	1490,67
496,586	1570,67
496,798	1532,67
497,01	1453,67
497,222	1361,67
497,435	1650,67
497,647	1408,67
497,859	1484,67
498,071	1712,67
498,283	1477,67
498,495	1482,67
498,707	1718,67
498,919	1437,67
499,131	1606,67
499,343	1413,67
499,555	1551,67
499,767	1633,67
499,979	1487,67
500,191	1626,67
500,402	1461,67
500,614	1559,67
500,826	1588,67
501,038	1216,67
501,25	1537,67
501,462	1558,67
501,673	1500,67
501,885	1461,67
502,097	1613,67
502,309	1487,67
502,521	1637,67
502,732	1426,67
502,944	1499,67
503,156	1448,67
503,367	1391,67
503,579	1361,67
503,791	1597,67
504,002	1456,67
504,214	1592,67
504,425	1787,67
504,637	1667,67
504,849	1524,67
505,06	1564,67
505,272	1581,67
505,483	1558,67
505,695	1488,67
505,906	1378,67
506,118	1544,67
506,329	1506,67
506,541	1365,67
506,752	1648,67
506,963	1394,67
507,175	1361,67
507,386	1648,67
507,598	1575,67
507,809	1389,67
508,02	1460,67
508,232	1555,67
508,443	1435,67
508,654	1695,67
508,865	1586,67
509,077	1323,67
509,288	1501,67
509,499	1713,67
509,71	1407,67
509,922	1548,67
510,133	1477,67
510,344	1664,67
510,555	1490,67
510,766	1554,67
510,977	1501,67
511,188	1415,67
511,4	1545,67
511,611	1506,67
511,822	1556,67
512,033	1535,67
512,244	1542,67
512,455	1502,67
512,666	1506,67
512,877	1598,67
513,088	1507,67
513,299	1541,67
513,51	1525,67
513,721	1489,67
513,931	1520,67
514,142	1584,67
514,353	1604,67
514,564	1437,67
514,775	1440,67
514,986	1547,67
515,196	1434,67
515,407	1463,67
515,618	1552,67
515,829	1465,67
516,04	1535,67
516,25	1377,67
516,461	1367,67
516,672	1489,67
516,882	1405,67
517,093	1607,67
517,304	1350,67
517,514	1307,67
517,725	1582,67
517,936	1410,67
518,146	1349,67
518,357	1528,67
518,567	1290,67
518,778	1796,67
518,988	1439,67
519,199	1657,67
519,409	1361,67
519,62	1496,67
519,83	1457,67
520,041	1495,67
520,251	1592,67
520,462	1555,67
520,672	1431,67
520,882	1526,67
521,093	1554,67
521,303	1597,67
521,513	1512,67
521,724	2411,67
521,934	1362,67
522,144	1528,67
522,355	1461,67
522,565	1462,67
522,775	1458,67
522,985	1381,67
523,196	1481,67
523,406	1469,67
523,616	1529,67
523,826	1344,67
524,036	1764,67
524,246	1370,67
524,457	1258,67
524,667	1285,67
524,877	1413,67
525,087	1479,67
525,297	1528,67
525,507	1568,67
525,717	1359,67
525,927	1520,67
526,137	1471,67
526,347	1500,67
526,557	1337,67
526,767	1439,67
526,977	1727,67
527,187	1453,67
527,397	1232,67
527,607	1292,67
527,816	1441,67
528,026	1444,67
528,236	1471,67
528,446	1454,67
528,656	1509,67
528,865	1678,67
529,075	1364,67
529,285	1485,67
529,495	1611,67
529,704	1528,67
529,914	1488,67
530,124	1520,67
530,334	1407,67
530,543	1473,67
530,753	1805,67
530,963	1866,67
531,172	1474,67
531,382	1386,67
531,591	1704,67
531,801	1385,67
532,01	1504,67
532,22	1495,67
532,43	1598,67
532,639	1942,67
532,849	1487,67
533,058	1397,67
533,267	1649,67
533,477	1399,67
533,686	1460,67
533,896	1455,67
534,105	1495,67
534,315	1582,67
534,524	1482,67
534,733	1484,67
534,943	1634,67
535,152	1579,67
535,361	1370,67
535,57	1440,67
535,78	1499,67
535,989	1454,67
536,198	1644,67
536,407	1312,67
536,617	1637,67
536,826	1469,67
537,035	1587,67
537,244	1446,67
537,453	1346,67
537,662	1460,67
537,872	1623,67
538,081	1437,67
538,29	1437,67
538,499	1389,67
538,708	1404,67
538,917	1445,67
539,126	1576,67
539,335	1523,67
539,544	1946,67
539,753	1394,67
539,962	1503,67
540,171	1429,67
540,38	1596,67
540,589	1433,67
540,797	1561,67
541,006	1460,67
541,215	1411,67
541,424	1669,67
541,633	1428,67
541,842	1347,67
542,05	1583,67
542,259	1536,67
542,468	1409,67
542,677	1515,67
542,885	1515,67
543,094	1492,67
543,303	1425,67
543,512	1344,67
543,72	1446,67
543,929	1565,67
544,138	1382,67
544,346	1397,67
544,555	1449,67
544,763	1528,67
544,972	1664,67
545,18	1358,67
545,389	1476,67
545,598	1341,67
545,806	1560,67
546,015	1480,67
546,223	1486,67
546,431	1520,67
546,64	1357,67
546,848	1426,67
547,057	1525,67
547,265	1384,67
547,474	1447,67
547,682	1434,67
547,89	1496,67
548,099	1531,67
548,307	1455,67
548,515	1546,67
548,723	1579,67
548,932	1481,67
549,14	1540,67
549,348	1571,67
549,556	1424,67
549,765	1484,67
549,973	1461,67
550,181	1491,67
550,389	1620,67
550,597	1664,67
550,805	1300,67
551,014	1654,67
551,222	5162,67
551,43	1333,67
551,638	1464,67
551,846	1574,67
552,054	1508,67
552,262	1730,67
552,47	1461,67
552,678	1385,67
552,886	1440,67
553,094	1358,67
553,302	1530,67
553,51	1475,67
553,717	1341,67
553,925	1302,67
554,133	1664,67
554,341	1359,67
554,549	1437,67
554,757	1409,67
554,965	1497,67
555,172	1434,67
555,38	1671,67
555,588	1311,67
555,796	1529,67
556,003	1593,67
556,211	1414,67
556,419	1511,67
556,626	1543,67
556,834	1422,67
557,042	1463,67
557,249	1429,67
557,457	1369,67
557,664	1344,67
557,872	1407,67
558,08	1435,67
558,287	1531,67
558,495	1679,67
558,702	1269,67
558,91	1561,67
559,117	1406,67
559,325	1339,67
559,532	1489,67
559,74	1597,67
559,947	1424,67
560,154	1551,67
560,362	1369,67
560,569	1450,67
560,776	1498,67
560,984	1410,67
561,191	1477,67
561,398	1496,67
561,606	1802,67
561,813	1481,67
562,02	1280,67
562,227	1532,67
562,435	1348,67
562,642	1581,67
562,849	1510,67
563,056	1475,67
563,263	1322,67
563,471	1524,67
563,678	1574,67
563,885	1359,67
564,092	1518,67
564,299	1499,67
564,506	1569,67
564,713	1571,67
564,92	1549,67
565,127	1584,67
565,334	1469,67
565,541	1792,67
565,748	1533,67
565,955	1343,67
566,162	1470,67
566,369	1524,67
566,576	1581,67
566,783	1544,67
566,99	1389,67
567,196	1441,67
567,403	1475,67
567,61	1599,67
567,817	1426,67
568,024	1448,67
568,23	1464,67
568,437	1416,67
568,644	1370,67
568,851	1480,67
569,057	1713,67
569,264	1574,67
569,471	1190,67
569,677	1412,67
569,884	1505,67
570,091	1636,67
570,297	2537,67
570,504	1618,67
570,71	1529,67
570,917	1423,67
571,123	1540,67
571,33	1474,67
571,536	1413,67
571,743	1618,67
571,949	1420,67
572,156	1440,67
572,362	1753,67
572,569	1380,67
572,775	1481,67
572,982	1582,67
573,188	1525,67
573,394	1463,67
573,601	1431,67
573,807	1362,67
574,013	1677,67
574,22	1565,67
574,426	1403,67
574,632	1567,67
574,838	1459,67
575,045	1443,67
575,251	1489,67
575,457	1502,67
575,663	1658,67
575,869	1440,67
576,076	1406,67
576,282	1503,67
576,488	1398,67
576,694	1741,67
576,9	1383,67
577,106	1402,67
577,312	1461,67
577,518	1484,67
577,724	1466,67
577,93	1465,67
578,136	1781,67
578,342	1483,67
578,548	1508,67
578,754	1470,67
578,96	1493,67
579,166	1394,67
579,372	1673,67
579,578	1665,67
579,784	1498,67
579,989	1447,67
580,195	1439,67
580,401	1372,67
580,607	1565,67
580,813	1569,67
581,018	1507,67
581,224	1481,67
581,43	1463,67
581,636	1528,67
581,841	1624,67
582,047	1478,67
582,253	1584,67
582,458	1530,67
582,664	1425,67
582,869	1478,67
583,075	1268,67
583,281	1735,67
583,486	1493,67
583,692	1391,67
583,897	1601,67
584,103	1464,67
584,308	1353,67
584,514	1523,67
584,719	1497,67
584,925	1541,67
585,13	1377,67
585,335	1361,67
585,541	1570,67
585,746	1449,67
585,952	1386,67
586,157	1467,67
586,362	1431,67
586,568	1516,67
586,773	1445,67
586,978	1506,67
587,183	1420,67
587,389	1513,67
587,594	1425,67
587,799	1501,67
588,004	1654,67
588,21	1345,67
588,415	1332,67
588,62	1589,67
588,825	1574,67
589,03	1452,67
589,235	1897,67
589,44	1543,67
589,645	1343,67
589,85	1575,67
590,055	1639,67
590,26	1520,67
590,465	1532,67
590,67	1541,67
590,875	1602,67
591,08	1596,67
591,285	1472,67
591,49	1519,67
591,695	1421,67
591,9	1469,67
592,105	1416,67
592,31	1450,67
592,515	1671,67
592,719	1360,67
592,924	1643,67
593,129	1448,67
593,334	1569,67
593,539	1436,67
593,743	1622,67
593,948	1488,67
594,153	1439,67
594,357	1714,67
594,562	1409,67
594,767	1884,67
594,971	1347,67
595,176	1339,67
595,381	1679,67
595,585	1353,67
595,79	1713,67
595,994	1312,67
596,199	1862,67
596,403	1179,67
596,608	1365,67
596,812	1492,67
597,017	1436,67
597,221	1633,67
597,426	1688,67
597,63	1514,67
597,835	1429,67
598,039	1373,67
598,243	1341,67
598,448	1712,67
598,652	1577,67
598,856	1490,67
599,061	1559,67
599,265	1426,67
599,469	1394,67
599,673	1494,67
599,878	1602,67
600,082	1452,67
600,286	1492,67
600,49	1485,67
600,695	1314,67
600,899	1404,67
601,103	1516,67
601,307	1645,67
601,511	1443,67
601,715	1361,67
601,919	1339,67
602,123	1611,67
602,327	1424,67
602,531	1417,67
602,735	1554,67
602,939	1593,67
603,143	1362,67
603,347	1486,67
603,551	1430,67
603,755	1611,67
603,959	1391,67
604,163	1502,67
604,367	1456,67
604,571	1424,67
604,775	1547,67
604,978	1517,67
605,182	1505,67
605,386	1527,67
605,59	1378,67
605,793	1499,67
605,997	1506,67
606,201	1553,67
606,405	1531,67
606,608	1591,67
606,812	1467,67
607,016	1575,67
607,219	1419,67
607,423	1431,67
607,627	1583,67
607,83	1435,67
608,034	1409,67
608,237	1458,67
608,441	1373,67
608,644	1557,67
608,848	1569,67
609,051	1455,67
609,255	1424,67
609,458	1547,67
609,662	1400,67
609,865	1470,67
610,069	1347,67
610,272	1332,67
610,475	1376,67
610,679	1426,67
610,882	1654,67
611,085	1464,67
611,289	1602,67
611,492	1429,67
611,695	1396,67
611,898	1384,67
612,102	1541,67
612,305	1395,67
612,508	1447,67
612,711	1590,67
612,914	1425,67
613,118	1529,67
613,321	1466,67
613,524	1415,67
613,727	1441,67
613,93	1460,67
614,133	1587,67
614,336	1405,67
614,539	1426,67
614,742	1345,67
614,945	1369,67
615,148	1533,67
615,351	1406,67
615,554	1569,67
615,757	1481,67
615,96	1508,67
616,163	1365,67
616,366	1506,67
616,569	1592,67
616,772	1579,67
616,974	1396,67
617,177	1596,67
617,38	1458,67
617,583	1490,67
617,786	1369,67
617,988	1378,67
618,191	1594,67
618,394	1271,67
618,596	1357,67
618,799	1397,67
619,002	1491,67
619,204	1512,67
619,407	1356,67
619,61	1385,67
619,812	1238,67
620,015	1468,67
620,217	1575,67
620,42	1399,67
620,623	1411,67
620,825	1466,67
621,028	1563,67
621,23	1560,67
621,432	1490,67
621,635	1638,67
621,837	1477,67
622,04	1424,67
622,242	1419,67
622,445	1497,67
622,647	1489,67
622,849	1540,67
623,052	1335,67
623,254	1547,67
623,456	1281,67
623,658	1546,67
623,861	1599,67
624,063	1395,67
624,265	1445,67
624,467	1548,67
624,67	1367,67
624,872	1585,67
625,074	1592,67
625,276	1602,67
625,478	1578,67
625,68	1301,67
625,882	1377,67
626,084	1473,67
626,287	1611,67
626,489	1572,67
626,691	1251,67
626,893	1525,67
627,095	1477,67
627,297	1480,67
627,499	1457,67
627,7	1359,67
627,902	1341,67
628,104	1337,67
628,306	1463,67
628,508	1352,67
628,71	1531,67
628,912	1503,67
629,114	1736,67
629,315	1447,67
629,517	1417,67
629,719	1359,67
629,921	1421,67
630,122	1416,67
630,324	1360,67
630,526	1564,67
630,728	1471,67
630,929	1403,67
631,131	1425,67
631,332	1609,67
631,534	1617,67
631,736	1503,67
631,937	1313,67
632,139	1524,67
632,34	1503,67
632,542	1556,67
632,743	1531,67
632,945	1404,67
633,146	1465,67
633,348	1392,67
633,549	1541,67
633,751	1303,67
633,952	1496,67
634,154	1356,67
634,355	1286,67
634,556	1471,67
634,758	1405,67
634,959	1418,67
635,16	1786,67
635,362	1375,67
635,563	1565,67
635,764	1480,67
635,965	1520,67
636,167	1369,67
636,368	1470,67
636,569	1361,67
636,77	1599,67
636,971	1428,67
637,172	1468,67
637,374	1388,67
637,575	1620,67
637,776	1297,67
637,977	1287,67
638,178	1480,67
638,379	1497,67
638,58	1489,67
638,781	1350,67
638,982	1442,67
639,183	1402,67
639,384	1383,67
639,585	1393,67
639,786	1345,67
639,987	1385,67
640,187	1554,67
640,388	1524,67
640,589	1356,67
640,79	1400,67
640,991	1460,67
641,192	1566,67
641,392	1317,67
641,593	1329,67
641,794	1251,67
641,995	1305,67
642,195	1182,67
642,396	1378,67
642,597	1367,67
642,797	1412,67
642,998	1468,67
643,199	1389,67
643,399	1583,67
643,6	1297,67
643,8	1281,67
644,001	1398,67
644,202	1471,67
644,402	1348,67
644,603	1482,67
644,803	1265,67
645,004	1574,67
645,204	1280,67
645,404	1442,67
645,605	1679,67
645,805	1351,67
646,006	1298,67
646,206	1851,67
646,406	1392,67
646,607	1287,67
646,807	1239,67
647,007	-45,33
647,208	59,67
647,408	31,67
647,608	-32,33
