200,697	920,17
200,927	-17,83
201,158	-5,83
201,388	44,17
201,618	1321,17
201,849	1231,17
202,079	1387,17
202,309	1337,17
202,539	1442,17
202,77	1419,17
203	1513,17
203,23	1410,17
203,46	1349,17
203,691	1518,17
203,921	1449,17
204,151	1423,17
204,381	1348,17
204,611	1332,17
204,841	1396,17
205,071	1370,17
205,302	1483,17
205,532	1496,17
205,762	3335,17
205,992	1383,17
206,222	1370,17
206,452	1428,17
206,682	1422,17
206,912	1456,17
207,142	1504,17
207,372	1384,17
207,602	1362,17
207,832	1390,17
208,062	1462,17
208,292	1470,17
208,522	1346,17
208,752	1432,17
208,982	1361,17
209,212	1550,17
209,442	1305,17
209,672	1358,17
209,902	1349,17
210,131	1510,17
210,361	1370,17
210,591	1450,17
210,821	1352,17
211,051	1687,17
211,281	1338,17
211,51	1508,17
211,74	1537,17
211,97	1399,17
212,2	1480,17
212,429	1543,17
212,659	1548,17
212,889	1508,17
213,119	1351,17
213,348	1328,17
213,578	1470,17
213,808	1500,17
214,037	1359,17
214,267	1555,17
214,497	1474,17
214,726	1384,17
214,956	1334,17
215,186	1415,17
215,415	1336,17
215,645	1450,17
215,874	1475,17
216,104	1348,17
216,333	1478,17
216,563	1424,17
216,792	1465,17
217,022	1557,17
217,251	1475,17
217,481	1373,17
217,71	1491,17
217,94	1375,17
218,169	1462,17
218,399	1474,17
218,628	1412,17
218,858	1568,17
219,087	1477,17
219,316	1611,17
219,546	1489,17
219,775	1501,17
220,004	1636,17
220,234	1382,17
220,463	1472,17
220,692	1364,17
220,922	1467,17
221,151	1524,17
221,38	1396,17
221,61	1822,17
221,839	1810,17
222,068	1467,17
222,297	1582,17
222,526	1539,17
222,756	1572,17
222,985	1581,17
223,214	1489,17
223,443	1460,17
223,672	2289,17
223,902	1439,17
224,131	1508,17
224,36	1634,17
224,589	1360,17
224,818	1453,17
225,047	1705,17
225,276	1393,17
225,505	1804,17
225,734	1548,17
225,963	1403,17
226,192	1496,17
226,421	1440,17
226,65	1518,17
226,879	1566,17
227,108	1579,17
227,337	1644,17
227,566	1745,17
227,795	1611,17
228,024	1603,17
228,253	1483,17
228,482	1425,17
228,711	1650,17
228,94	1406,17
229,168	1526,17
229,397	1534,17
229,626	1557,17
229,855	1530,17
230,084	1385,17
230,313	1571,17
230,541	1576,17
230,77	1515,17
230,999	1487,17
231,228	1744,17
231,456	1555,17
231,685	1667,17
231,914	1564,17
232,143	1611,17
232,371	1650,17
232,6	1610,17
232,829	1679,17
233,057	1787,17
233,286	1531,17
233,515	1628,17
233,743	1562,17
233,972	1478,17
234,2	1648,17
234,429	1587,17
234,658	1644,17
234,886	1571,17
235,115	1711,17
235,343	1734,17
235,572	1623,17
235,8	1734,17
236,029	1913,17
236,257	1604,17
236,486	1723,17
236,714	1823,17
236,943	1780,17
237,171	1665,17
237,399	1674,17
237,628	1761,17
237,856	1793,17
238,085	1766,17
238,313	1538,17
238,541	1747,17
238,77	1989,17
238,998	1632,17
239,226	1757,17
239,455	1784,17
239,683	2029,17
239,911	1713,17
240,14	1931,17
240,368	1864,17
240,596	1707,17
240,824	1826,17
241,053	1540,17
241,281	1754,17
241,509	1714,17
241,737	1748,17
241,965	1637,17
242,193	1700,17
242,422	1717,17
242,65	1752,17
242,878	1699,17
243,106	1830,17
243,334	1792,17
243,562	1844,17
243,79	1874,17
244,018	1892,17
244,246	1665,17
244,474	1794,17
244,702	1761,17
244,93	1794,17
245,158	1792,17
245,386	1775,17
245,614	1854,17
245,842	1946,17
246,07	1781,17
246,298	1831,17
246,526	2297,17
246,754	1734,17
246,982	1893,17
247,21	1863,17
247,438	1826,17
247,666	1866,17
247,893	1871,17
248,121	1836,17
248,349	1788,17
248,577	1953,17
248,805	1939,17
249,033	1871,17
249,26	1710,17
249,488	1769,17
249,716	1869,17
249,944	1795,17
250,171	1866,17
250,399	1836,17
250,627	2171,17
250,854	1842,17
251,082	1892,17
251,31	1929,17
251,537	1893,17
251,765	2122,17
251,993	1754,17
252,22	2115,17
252,448	1803,17
252,676	1972,17
252,903	1900,17
253,131	2192,17
253,358	1896,17
253,586	1634,17
253,813	1820,17
254,041	1866,17
254,268	1944,17
254,496	1792,17
254,723	1873,17
254,951	1880,17
255,178	1961,17
255,406	1874,17
255,633	2020,17
255,86	2078,17
256,088	1908,17
256,315	1844,17
256,543	2009,17
256,77	1887,17
256,997	1862,17
257,225	1896,17
257,452	1892,17
257,679	1830,17
257,907	1972,17
258,134	1875,17
258,361	1944,17
258,588	1711,17
258,816	2022,17
259,043	1795,17
259,27	1956,17
259,497	1998,17
259,725	1846,17
259,952	1924,17
260,179	1921,17
260,406	2008,17
260,633	1849,17
260,86	1892,17
261,088	1866,17
261,315	2104,17
261,542	1578,17
261,769	1967,17
261,996	2117,17
262,223	1976,17
262,45	2164,17
262,677	1724,17
262,904	1983,17
263,131	1909,17
263,358	1868,17
263,585	1969,17
263,812	2229,17
264,039	2108,17
264,266	1900,17
264,493	1978,17
264,72	1917,17
264,947	1902,17
265,174	2095,17
265,401	2027,17
265,627	2102,17
265,854	1973,17
266,081	2034,17
266,308	2008,17
266,535	1956,17
266,762	2023,17
266,988	1986,17
267,215	2066,17
267,442	1946,17
267,669	2106,17
267,896	2018,17
268,122	2357,17
268,349	2051,17
268,576	1864,17
268,802	1895,17
269,029	1919,17
269,256	1989,17
269,482	1897,17
269,709	1850,17
269,936	1986,17
270,162	2121,17
270,389	1925,17
270,616	2115,17
270,842	2125,17
271,069	2282,17
271,295	2109,17
271,522	1982,17
271,748	2110,17
271,975	2198,17
272,201	2217,17
272,428	2047,17
272,654	2296,17
272,881	2363,17
273,107	2151,17
273,334	2360,17
273,56	2378,17
273,787	2245,17
274,013	2387,17
274,239	2613,17
274,466	2419,17
274,692	2464,17
274,918	2498,17
275,145	2520,17
275,371	2547,17
275,597	2731,17
275,824	2685,17
276,05	2804,17
276,276	2873,17
276,503	2781,17
276,729	2960,17
276,955	2945,17
277,181	3040,17
277,407	3156,17
277,634	3082,17
277,86	3273,17
278,086	3390,17
278,312	3410,17
278,538	3450,17
278,764	3586,17
278,991	3803,17
279,217	3564,17
279,443	3662,17
279,669	3662,17
279,895	3851,17
280,121	3868,17
280,347	3996,17
280,573	3976,17
280,799	4135,17
281,025	4443,17
281,251	4233,17
281,477	4479,17
281,703	4355,17
281,929	4503,17
282,155	4512,17
282,381	4693,17
282,607	4736,17
282,833	4776,17
283,059	4841,17
283,285	4890,17
283,51	4954,17
283,736	4849,17
283,962	5016,17
284,188	5080,17
284,414	5108,17
284,64	5182,17
284,865	5310,17
285,091	5304,17
285,317	5382,17
285,543	5620,17
285,768	5533,17
285,994	5593,17
286,22	5824,17
286,446	5753,17
286,671	5612,17
286,897	5696,17
287,123	5838,17
287,348	5727,17
287,574	6433,17
287,799	6097,17
288,025	5980,17
288,251	6372,17
288,476	6139,17
288,702	6356,17
288,927	6291,17
289,153	6283,17
289,378	6578,17
289,604	6497,17
289,829	6254,17
290,055	6413,17
290,28	6440,17
290,506	6677,17
290,731	6578,17
290,957	6711,17
291,182	6776,17
291,408	6896,17
291,633	6741,17
291,858	6717,17
292,084	6920,17
292,309	6795,17
292,535	7120,17
292,76	7252,17
292,985	7286,17
293,211	7285,17
293,436	7220,17
293,661	7318,17
293,886	7536,17
294,112	7598,17
294,337	7700,17
294,562	7472,17
294,787	8045,17
295,013	7892,17
295,238	8041,17
295,463	7979,17
295,688	8224,17
295,913	8000,17
296,138	8158,17
296,364	8225,17
296,589	8169,17
296,814	7986,17
297,039	8089,17
297,264	8127,17
297,489	8147,17
297,714	8173,17
297,939	7980,17
298,164	8442,17
298,389	8529,17
298,614	8536,17
298,839	8706,17
299,064	8891,17
299,289	9178,17
299,514	8965,17
299,739	9246,17
299,964	9127,17
300,189	9225,17
300,414	9327,17
300,639	9481,17
300,863	9343,17
301,088	9814,17
301,313	9456,17
301,538	9653,17
301,763	9562,17
301,988	9741,17
302,212	9649,17
302,437	10095,17
302,662	9795,17
302,887	9741,17
303,111	9880,17
303,336	9950,17
303,561	9933,17
303,786	9835,17
304,01	9883,17
304,235	9880,17
304,46	9794,17
304,684	9860,17
304,909	9822,17
305,134	9674,17
305,358	9736,17
305,583	9656,17
305,807	9712,17
306,032	9527,17
306,256	9746,17
306,481	9731,17
306,706	9761,17
306,93	9792,17
307,155	10082,17
307,379	10072,17
307,604	10098,17
307,828	10158,17
308,052	10509,17
308,277	10316,17
308,501	10521,17
308,726	10425,17
308,95	10371,17
309,175	10350,17
309,399	10553,17
309,623	10502,17
309,848	10426,17
310,072	10258,17
310,296	10779,17
310,521	10468,17
310,745	10520,17
310,969	10804,17
311,193	10632,17
311,418	10662,17
311,642	10535,17
311,866	10612,17
312,09	10661,17
312,315	10662,17
312,539	10719,17
312,763	10540,17
312,987	10614,17
313,211	10649,17
313,435	10929,17
313,659	10502,17
313,884	10859,17
314,108	10700,17
314,332	10760,17
314,556	10563,17
314,78	10758,17
315,004	10562,17
315,228	10847,17
315,452	10549,17
315,676	10726,17
315,9	10626,17
316,124	10449,17
316,348	10436,17
316,572	10667,17
316,796	10507,17
317,02	10451,17
317,244	10551,17
317,468	10481,17
317,691	10712,17
317,915	10366,17
318,139	10359,17
318,363	10835,17
318,587	10585,17
318,811	10307,17
319,034	10278,17
319,258	10517,17
319,482	10514,17
319,706	10538,17
319,93	10349,17
320,153	10433,17
320,377	10401,17
320,601	10336,17
320,824	10302,17
321,048	10553,17
321,272	10688,17
321,495	10452,17
321,719	10520,17
321,943	10472,17
322,166	10563,17
322,39	10489,17
322,614	10665,17
322,837	10527,17
323,061	10515,17
323,284	10635,17
323,508	10659,17
323,731	10371,17
323,955	10709,17
324,178	10597,17
324,402	10675,17
324,625	10433,17
324,849	10445,17
325,072	10678,17
325,296	10581,17
325,519	10533,17
325,743	10490,17
325,966	10474,17
326,189	10756,17
326,413	10481,17
326,636	10614,17
326,859	10507,17
327,083	10579,17
327,306	10380,17
327,529	10316,17
327,753	10242,17
327,976	10414,17
328,199	10326,17
328,422	10216,17
328,646	10226,17
328,869	10149,17
329,092	10447,17
329,315	10562,17
329,538	10286,17
329,762	10479,17
329,985	10334,17
330,208	10447,17
330,431	10502,17
330,654	10706,17
330,877	10462,17
331,1	10654,17
331,323	10509,17
331,546	10667,17
331,769	10666,17
331,993	10453,17
332,216	10551,17
332,439	10408,17
332,662	10560,17
332,885	10497,17
333,107	10484,17
333,33	10413,17
333,553	10690,17
333,776	10484,17
333,999	10585,17
334,222	10435,17
334,445	10441,17
334,668	10549,17
334,891	10479,17
335,114	10335,17
335,336	10528,17
335,559	10495,17
335,782	10972,17
336,005	10406,17
336,228	10322,17
336,45	10469,17
336,673	10282,17
336,896	10472,17
337,119	10472,17
337,341	10361,17
337,564	10283,17
337,787	10250,17
338,009	10250,17
338,232	10436,17
338,455	10258,17
338,677	10350,17
338,9	10246,17
339,122	10332,17
339,345	10152,17
339,568	10040,17
339,79	10242,17
340,013	10290,17
340,235	10307,17
340,458	10134,17
340,68	10298,17
340,903	10189,17
341,125	10107,17
341,348	9883,17
341,57	9904,17
341,793	10208,17
342,015	9756,17
342,238	9903,17
342,46	9869,17
342,682	9929,17
342,905	9766,17
343,127	9726,17
343,349	9745,17
343,572	9791,17
343,794	9441,17
344,016	9587,17
344,239	9656,17
344,461	9557,17
344,683	9527,17
344,905	9481,17
345,128	9559,17
345,35	9768,17
345,572	9956,17
345,794	9771,17
346,017	9918,17
346,239	9681,17
346,461	9779,17
346,683	9970,17
346,905	9841,17
347,127	9819,17
347,349	9894,17
347,571	10029,17
347,793	10034,17
348,016	9883,17
348,238	9867,17
348,46	9795,17
348,682	9736,17
348,904	9820,17
349,126	9907,17
349,348	9862,17
349,57	9778,17
349,792	9713,17
350,014	9824,17
350,235	9725,17
350,457	9915,17
350,679	9772,17
350,901	9521,17
351,123	9570,17
351,345	9552,17
351,567	9691,17
351,789	9703,17
352,01	9503,17
352,232	9238,17
352,454	9321,17
352,676	9290,17
352,897	9089,17
353,119	8964,17
353,341	8961,17
353,563	8692,17
353,784	8801,17
354,006	8849,17
354,228	8701,17
354,449	8865,17
354,671	9247,17
354,893	9269,17
355,114	9481,17
355,336	9380,17
355,558	9286,17
355,779	9176,17
356,001	9435,17
356,222	9332,17
356,444	9298,17
356,665	9859,17
356,887	9190,17
357,108	9370,17
357,33	9143,17
357,551	9311,17
357,773	9272,17
357,994	9300,17
358,216	9121,17
358,437	9389,17
358,659	9330,17
358,88	9108,17
359,101	9234,17
359,323	9216,17
359,544	9057,17
359,765	8842,17
359,987	9066,17
360,208	9052,17
360,429	9139,17
360,651	9120,17
360,872	9114,17
361,093	9076,17
361,314	9078,17
361,536	8918,17
361,757	8839,17
361,978	8887,17
362,199	8850,17
362,42	8731,17
362,642	8816,17
362,863	9016,17
363,084	8757,17
363,305	8873,17
363,526	8865,17
363,747	8624,17
363,968	8685,17
364,189	8707,17
364,41	8414,17
364,631	8476,17
364,852	8673,17
365,073	8589,17
365,294	8565,17
365,515	8420,17
365,736	8658,17
365,957	8562,17
366,178	8144,17
366,399	8624,17
366,62	8670,17
366,841	8734,17
367,062	8654,17
367,283	8649,17
367,504	8747,17
367,724	8678,17
367,945	8678,17
368,166	8731,17
368,387	8746,17
368,608	8753,17
368,828	8814,17
369,049	8574,17
369,27	8647,17
369,491	8565,17
369,711	8664,17
369,932	8811,17
370,153	8664,17
370,373	8744,17
370,594	8682,17
370,815	8569,17
371,035	8641,17
371,256	8346,17
371,477	8387,17
371,697	8401,17
371,918	8417,17
372,138	8637,17
372,359	8664,17
372,579	8432,17
372,8	8528,17
373,02	8605,17
373,241	8347,17
373,461	8485,17
373,682	8458,17
373,902	8456,17
374,123	8375,17
374,343	8636,17
374,564	8473,17
374,784	8450,17
375,004	8441,17
375,225	8105,17
375,445	8686,17
375,666	8417,17
375,886	7991,17
376,106	8036,17
376,326	8218,17
376,547	8478,17
376,767	8485,17
376,987	8351,17
377,208	8569,17
377,428	8534,17
377,648	8779,17
377,868	8935,17
378,088	8888,17
378,309	9095,17
378,529	9025,17
378,749	8967,17
378,969	9023,17
379,189	8827,17
379,409	8893,17
379,629	8646,17
379,849	8706,17
380,069	8689,17
380,29	8676,17
380,51	8657,17
380,73	8736,17
380,95	8773,17
381,17	8492,17
381,39	8485,17
381,61	8314,17
381,829	8535,17
382,049	8420,17
382,269	8440,17
382,489	8544,17
382,709	8373,17
382,929	8265,17
383,149	8286,17
383,369	8588,17
383,589	8308,17
383,808	8507,17
384,028	8365,17
384,248	8422,17
384,468	8231,17
384,688	8417,17
384,907	8508,17
385,127	8515,17
385,347	8494,17
385,567	8290,17
385,786	8561,17
386,006	8524,17
386,226	8642,17
386,445	8565,17
386,665	8838,17
386,885	8908,17
387,104	8878,17
387,324	9027,17
387,543	9005,17
387,763	9162,17
387,982	9257,17
388,202	9031,17
388,422	9121,17
388,641	8929,17
388,861	8938,17
389,08	8790,17
389,3	8751,17
389,519	9005,17
389,738	8830,17
389,958	8841,17
390,177	8731,17
390,397	8890,17
390,616	8933,17
390,836	9014,17
391,055	9029,17
391,274	8986,17
391,494	9030,17
391,713	9096,17
391,932	9331,17
392,151	9494,17
392,371	9566,17
392,59	9506,17
392,809	9579,17
393,029	9409,17
393,248	9202,17
393,467	8576,17
393,686	8931,17
393,905	9819,17
394,124	8685,17
394,344	8843,17
394,563	8809,17
394,782	8767,17
395,001	8922,17
395,22	8824,17
395,439	8919,17
395,658	8822,17
395,877	8959,17
396,096	8977,17
396,315	9044,17
396,534	9122,17
396,753	9293,17
396,972	9256,17
397,191	9628,17
397,41	9579,17
397,629	9659,17
397,848	9895,17
398,067	9948,17
398,286	10004,17
398,505	9664,17
398,724	9680,17
398,943	9995,17
399,161	9169,17
399,38	9280,17
399,599	9141,17
399,818	9110,17
400,037	9213,17
400,255	8928,17
400,474	8899,17
400,693	9009,17
400,912	9073,17
401,13	8888,17
401,349	8745,17
401,568	8406,17
401,786	8708,17
402,005	8633,17
402,224	8612,17
402,442	8554,17
402,661	8353,17
402,88	8137,17
403,098	8311,17
403,317	8581,17
403,535	8615,17
403,754	8416,17
403,972	8536,17
404,191	8541,17
404,409	8737,17
404,628	9511,17
404,846	8960,17
405,065	8996,17
405,283	8987,17
405,502	8848,17
405,72	8780,17
405,938	8590,17
406,157	8403,17
406,375	8336,17
406,594	8370,17
406,812	8432,17
407,03	8240,17
407,249	7955,17
407,467	8317,17
407,685	8493,17
407,903	8471,17
408,122	8622,17
408,34	8620,17
408,558	8625,17
408,776	8524,17
408,995	8500,17
409,213	8545,17
409,431	8541,17
409,649	8522,17
409,867	8504,17
410,085	8397,17
410,303	8328,17
410,522	8245,17
410,74	8055,17
410,958	8145,17
411,176	8254,17
411,394	8183,17
411,612	8067,17
411,83	8334,17
412,048	8747,17
412,266	8478,17
412,484	8397,17
412,702	8600,17
412,92	8357,17
413,138	8428,17
413,356	8214,17
413,573	8376,17
413,791	8321,17
414,009	8105,17
414,227	8096,17
414,445	7787,17
414,663	8062,17
414,881	8064,17
415,098	8022,17
415,316	8019,17
415,534	8484,17
415,752	7940,17
415,969	8276,17
416,187	7995,17
416,405	8040,17
416,623	8083,17
416,84	7912,17
417,058	8057,17
417,276	8107,17
417,493	8029,17
417,711	7969,17
417,928	8080,17
418,146	8038,17
418,364	8093,17
418,581	8020,17
418,799	7958,17
419,016	7976,17
419,234	8286,17
419,451	8606,17
419,669	8250,17
419,886	8334,17
420,104	8309,17
420,321	8385,17
420,539	8558,17
420,756	8681,17
420,974	8721,17
421,191	9021,17
421,408	9264,17
421,626	9041,17
421,843	9079,17
422,06	8911,17
422,278	8507,17
422,495	8572,17
422,712	8516,17
422,93	8639,17
423,147	8579,17
423,364	8427,17
423,581	8536,17
423,799	8197,17
424,016	8255,17
424,233	8306,17
424,45	8324,17
424,667	8124,17
424,884	8279,17
425,102	8273,17
425,319	8034,17
425,536	7935,17
425,753	7960,17
425,97	7760,17
426,187	7879,17
426,404	7939,17
426,621	8418,17
426,838	8479,17
427,055	8473,17
427,272	8440,17
427,489	8438,17
427,706	8270,17
427,923	8080,17
428,14	8206,17
428,357	8448,17
428,574	8332,17
428,791	8587,17
429,008	8772,17
429,224	9010,17
429,441	9171,17
429,658	9501,17
429,875	9536,17
430,092	9579,17
430,308	9366,17
430,525	9145,17
430,742	8898,17
430,959	8584,17
431,175	8194,17
431,392	7863,17
431,609	7933,17
431,826	7633,17
432,042	7515,17
432,259	7496,17
432,476	7639,17
432,692	7428,17
432,909	7886,17
433,125	8367,17
433,342	8621,17
433,559	8720,17
433,775	8776,17
433,992	8296,17
434,208	7877,17
434,425	7759,17
434,641	7934,17
434,858	8128,17
435,074	7861,17
435,291	7842,17
435,507	7849,17
435,723	7977,17
435,94	8028,17
436,156	8143,17
436,373	8300,17
436,589	8032,17
436,805	8045,17
437,022	7670,17
437,238	7554,17
437,454	7838,17
437,671	7758,17
437,887	7985,17
438,103	7899,17
438,319	8077,17
438,536	8132,17
438,752	7697,17
438,968	7952,17
439,184	7376,17
439,4	7764,17
439,616	7450,17
439,833	7593,17
440,049	7629,17
440,265	7916,17
440,481	8133,17
440,697	8504,17
440,913	8836,17
441,129	8869,17
441,345	8907,17
441,561	8779,17
441,777	8560,17
441,993	8272,17
442,209	8099,17
442,425	8270,17
442,641	8277,17
442,857	8246,17
443,073	8491,17
443,289	8441,17
443,505	8555,17
443,721	8560,17
443,937	8208,17
444,152	8134,17
444,368	8120,17
444,584	8026,17
444,8	8150,17
445,016	7944,17
445,231	7904,17
445,447	8065,17
445,663	8076,17
445,879	7984,17
446,094	7953,17
446,31	8234,17
446,526	8128,17
446,742	7971,17
446,957	7826,17
447,173	7833,17
447,388	7779,17
447,604	7720,17
447,82	7543,17
448,035	7617,17
448,251	7525,17
448,466	7761,17
448,682	7600,17
448,897	7714,17
449,113	7694,17
449,328	7778,17
449,544	7644,17
449,759	7857,17
449,975	7356,17
450,19	7498,17
450,406	7408,17
450,621	7268,17
450,836	6740,17
451,052	7263,17
451,267	7095,17
451,483	7213,17
451,698	7062,17
451,913	7358,17
452,129	7198,17
452,344	7103,17
452,559	7179,17
452,774	7081,17
452,99	6863,17
453,205	6939,17
453,42	6918,17
453,635	6903,17
453,85	6650,17
454,066	6819,17
454,281	6767,17
454,496	6872,17
454,711	7047,17
454,926	6898,17
455,141	6954,17
455,356	6818,17
455,571	6742,17
455,786	6845,17
456,001	6704,17
456,217	6535,17
456,432	6689,17
456,647	6535,17
456,861	6901,17
457,076	6740,17
457,291	7241,17
457,506	6861,17
457,721	7021,17
457,936	7209,17
458,151	7075,17
458,366	7259,17
458,581	6994,17
458,796	7254,17
459,01	7201,17
459,225	7117,17
459,44	6981,17
459,655	6822,17
459,87	6890,17
460,084	6762,17
460,299	6761,17
460,514	6824,17
460,729	7417,17
460,943	6732,17
461,158	6499,17
461,373	6487,17
461,587	6284,17
461,802	6067,17
462,016	6244,17
462,231	6030,17
462,446	6113,17
462,66	6185,17
462,875	6368,17
463,089	6495,17
463,304	6540,17
463,518	6564,17
463,733	6510,17
463,947	6684,17
464,162	6845,17
464,376	6920,17
464,591	7062,17
464,805	6818,17
465,02	7149,17
465,234	7241,17
465,448	7180,17
465,663	6986,17
465,877	6706,17
466,091	6651,17
466,306	6464,17
466,52	6468,17
466,734	6050,17
466,949	6029,17
467,163	6141,17
467,377	6034,17
467,591	6229,17
467,806	6024,17
468,02	5984,17
468,234	5724,17
468,448	5928,17
468,662	5732,17
468,876	5841,17
469,091	5425,17
469,305	5416,17
469,519	5301,17
469,733	5241,17
469,947	5174,17
470,161	5402,17
470,375	5090,17
470,589	5355,17
470,803	5299,17
471,017	5239,17
471,231	5323,17
471,445	5312,17
471,659	5404,17
471,873	5422,17
472,087	5287,17
472,301	5543,17
472,515	5567,17
472,728	5448,17
472,942	5576,17
473,156	5711,17
473,37	5587,17
473,584	5482,17
473,798	5490,17
474,011	5555,17
474,225	5505,17
474,439	5562,17
474,653	5815,17
474,866	5799,17
475,08	5992,17
475,294	5842,17
475,507	5622,17
475,721	5598,17
475,935	5524,17
476,148	5480,17
476,362	5308,17
476,576	5266,17
476,789	5388,17
477,003	5388,17
477,216	5448,17
477,43	5636,17
477,643	5345,17
477,857	5871,17
478,07	5517,17
478,284	5589,17
478,497	5364,17
478,711	5569,17
478,924	5440,17
479,138	5513,17
479,351	5649,17
479,564	5621,17
479,778	5917,17
479,991	5694,17
480,204	5814,17
480,418	5702,17
480,631	5705,17
480,844	5749,17
481,058	5613,17
481,271	5813,17
481,484	5750,17
481,697	5782,17
481,911	5714,17
482,124	5490,17
482,337	5578,17
482,55	5474,17
482,763	5421,17
482,976	5560,17
483,19	5454,17
483,403	5521,17
483,616	5701,17
483,829	6021,17
484,042	5696,17
484,255	6124,17
484,468	6190,17
484,681	6082,17
484,894	6978,17
485,107	11443,17
485,32	17018,17
485,533	17721,17
485,746	15687,17
485,959	13667,17
486,172	11457,17
486,385	8830,17
486,598	7640,17
486,81	6483,17
487,023	6062,17
487,236	5966,17
487,449	5751,17
487,662	5340,17
487,875	5223,17
488,087	5213,17
488,3	5177,17
488,513	4988,17
488,726	5000,17
488,938	5240,17
489,151	5276,17
489,364	5153,17
489,576	5150,17
489,789	5087,17
490,002	5025,17
490,214	5018,17
490,427	4848,17
490,64	5118,17
490,852	5035,17
491,065	4855,17
491,277	4947,17
491,49	4954,17
491,702	4734,17
491,915	4926,17
492,127	4876,17
492,34	4970,17
492,552	4736,17
492,765	4960,17
492,977	5255,17
493,19	4950,17
493,402	4912,17
493,614	4951,17
493,827	4770,17
494,039	4938,17
494,251	4927,17
494,464	4802,17
494,676	4570,17
494,888	4605,17
495,101	4619,17
495,313	4401,17
495,525	4816,17
495,737	5171,17
495,95	5270,17
496,162	5223,17
496,374	4981,17
496,586	4690,17
496,798	4671,17
497,01	4475,17
497,222	4307,17
497,435	4444,17
497,647	4328,17
497,859	4497,17
498,071	4526,17
498,283	4540,17
498,495	4619,17
498,707	4782,17
498,919	4614,17
499,131	4902,17
499,343	4555,17
499,555	4745,17
499,767	4644,17
499,979	4482,17
500,191	4541,17
500,402	4414,17
500,614	4616,17
500,826	4733,17
501,038	4737,17
501,25	4668,17
501,462	4547,17
501,673	4681,17
501,885	4679,17
502,097	4822,17
502,309	4596,17
502,521	4704,17
502,732	4595,17
502,944	4640,17
503,156	4594,17
503,367	4542,17
503,579	4365,17
503,791	4377,17
504,002	4460,17
504,214	4412,17
504,425	4699,17
504,637	4564,17
504,849	4326,17
505,06	4410,17
505,272	4324,17
505,483	4288,17
505,695	4301,17
505,906	4318,17
506,118	4410,17
506,329	4312,17
506,541	4052,17
506,752	4104,17
506,963	4067,17
507,175	4025,17
507,386	4252,17
507,598	4288,17
507,809	4022,17
508,02	4062,17
508,232	4195,17
508,443	3886,17
508,654	4285,17
508,865	4031,17
509,077	3702,17
509,288	3841,17
509,499	4204,17
509,71	3979,17
509,922	4115,17
510,133	3866,17
510,344	4103,17
510,555	3994,17
510,766	3745,17
510,977	3986,17
511,188	3832,17
511,4	3757,17
511,611	3625,17
511,822	3680,17
512,033	3657,17
512,244	3735,17
512,455	3813,17
512,666	3833,17
512,877	3766,17
513,088	3360,17
513,299	3577,17
513,51	3770,17
513,721	3600,17
513,931	3709,17
514,142	3652,17
514,353	3706,17
514,564	3370,17
514,775	3400,17
514,986	3566,17
515,196	3586,17
515,407	3641,17
515,618	3528,17
515,829	3577,17
516,04	3555,17
516,25	3523,17
516,461	3474,17
516,672	3581,17
516,882	3477,17
517,093	3509,17
517,304	3358,17
517,514	3383,17
517,725	3505,17
517,936	3296,17
518,146	3380,17
518,357	3538,17
518,567	3584,17
518,778	3856,17
518,988	3599,17
519,199	3736,17
519,409	3443,17
519,62	3463,17
519,83	3301,17
520,041	3261,17
520,251	3363,17
520,462	3415,17
520,672	3275,17
520,882	3445,17
521,093	3432,17
521,303	3421,17
521,513	3314,17
521,724	4139,17
521,934	3085,17
522,144	3210,17
522,355	3253,17
522,565	3285,17
522,775	3321,17
522,985	3183,17
523,196	3220,17
523,406	3275,17
523,616	3454,17
523,826	3270,17
524,036	3534,17
524,246	3213,17
524,457	3120,17
524,667	3009,17
524,877	3182,17
525,087	3113,17
525,297	3334,17
525,507	3142,17
525,717	3123,17
525,927	3307,17
526,137	3164,17
526,347	3283,17
526,557	3163,17
526,767	3193,17
526,977	3424,17
527,187	3364,17
527,397	2894,17
527,607	3024,17
527,816	3134,17
528,026	3226,17
528,236	3083,17
528,446	3323,17
528,656	3289,17
528,865	3595,17
529,075	3245,17
529,285	3112,17
529,495	3177,17
529,704	3219,17
529,914	2976,17
530,124	3231,17
530,334	3027,17
530,543	3259,17
530,753	3218,17
530,963	3476,17
531,172	3070,17
531,382	2984,17
531,591	3330,17
531,801	2912,17
532,01	2999,17
532,22	3058,17
532,43	3209,17
532,639	3419,17
532,849	3254,17
533,058	3261,17
533,267	3376,17
533,477	3113,17
533,686	3166,17
533,896	3178,17
534,105	3191,17
534,315	3236,17
534,524	3120,17
534,733	3185,17
534,943	3292,17
535,152	3109,17
535,361	2949,17
535,57	2924,17
535,78	2913,17
535,989	2635,17
536,198	2877,17
536,407	2659,17
536,617	2816,17
536,826	2889,17
537,035	3036,17
537,244	2829,17
537,453	2784,17
537,662	3022,17
537,872	3172,17
538,081	2984,17
538,29	3003,17
538,499	2966,17
538,708	2899,17
538,917	3056,17
539,126	3133,17
539,335	2911,17
539,544	3401,17
539,753	2787,17
539,962	2906,17
540,171	2854,17
540,38	3111,17
540,589	2988,17
540,797	3174,17
541,006	3008,17
541,215	2935,17
541,424	3186,17
541,633	3098,17
541,842	2910,17
542,05	3182,17
542,259	3165,17
542,468	3056,17
542,677	3129,17
542,885	2916,17
543,094	3094,17
543,303	2992,17
543,512	3134,17
543,72	3180,17
543,929	3193,17
544,138	3073,17
544,346	3021,17
544,555	3022,17
544,763	3146,17
544,972	2944,17
545,18	2810,17
545,389	2867,17
545,598	2710,17
545,806	3073,17
546,015	2800,17
546,223	2770,17
546,431	2973,17
546,64	2829,17
546,848	2937,17
547,057	3091,17
547,265	3085,17
547,474	3365,17
547,682	3280,17
547,89	3288,17
548,099	3138,17
548,307	2899,17
548,515	3047,17
548,723	2838,17
548,932	2689,17
549,14	2853,17
549,348	2880,17
549,556	2704,17
549,765	2725,17
549,973	2702,17
550,181	2792,17
550,389	2840,17
550,597	2787,17
550,805	2575,17
551,014	2774,17
551,222	6448,17
551,43	2936,17
551,638	3075,17
551,846	3204,17
552,054	3086,17
552,262	3044,17
552,47	2838,17
552,678	2684,17
552,886	2856,17
553,094	2816,17
553,302	2867,17
553,51	2870,17
553,717	2850,17
553,925	2564,17
554,133	2872,17
554,341	2612,17
554,549	2610,17
554,757	2788,17
554,965	2810,17
555,172	2889,17
555,38	3244,17
555,588	2710,17
555,796	2828,17
556,003	2975,17
556,211	2649,17
556,419	2601,17
556,626	2578,17
556,834	2644,17
557,042	2551,17
557,249	2640,17
557,457	2674,17
557,664	2490,17
557,872	2533,17
558,08	2357,17
558,287	2564,17
558,495	2649,17
558,702	2328,17
558,91	2510,17
559,117	2457,17
559,325	2555,17
559,532	2577,17
559,74	2895,17
559,947	2645,17
560,154	2765,17
560,362	2640,17
560,569	2604,17
560,776	2625,17
560,984	2660,17
561,191	2482,17
561,398	2583,17
561,606	2882,17
561,813	2539,17
562,02	2427,17
562,227	2291,17
562,435	2505,17
562,642	2502,17
562,849	2496,17
563,056	2726,17
563,263	2489,17
563,471	2662,17
563,678	2611,17
563,885	2480,17
564,092	2526,17
564,299	2558,17
564,506	2512,17
564,713	2684,17
564,92	2523,17
565,127	2588,17
565,334	2669,17
565,541	2815,17
565,748	2546,17
565,955	2336,17
566,162	2491,17
566,369	2641,17
566,576	2681,17
566,783	2847,17
566,99	2804,17
567,196	2859,17
567,403	2701,17
567,61	2907,17
567,817	2815,17
568,024	2891,17
568,23	2958,17
568,437	2951,17
568,644	3070,17
568,851	3152,17
569,057	3677,17
569,264	3726,17
569,471	3519,17
569,677	3535,17
569,884	3500,17
570,091	3539,17
570,297	4457,17
570,504	3984,17
570,71	3801,17
570,917	3670,17
571,123	3481,17
571,33	3770,17
571,536	3858,17
571,743	3758,17
571,949	3350,17
572,156	3026,17
572,362	3099,17
572,569	3128,17
572,775	3650,17
572,982	3851,17
573,188	3734,17
573,394	3539,17
573,601	3696,17
573,807	3771,17
574,013	3877,17
574,22	3806,17
574,426	3617,17
574,632	3802,17
574,838	3553,17
575,045	3270,17
575,251	3156,17
575,457	3154,17
575,663	3289,17
575,869	3426,17
576,076	3486,17
576,282	3680,17
576,488	3605,17
576,694	3555,17
576,9	3515,17
577,106	4021,17
577,312	4466,17
577,518	4635,17
577,724	4178,17
577,93	3798,17
578,136	3503,17
578,342	3314,17
578,548	3142,17
578,754	3037,17
578,96	3062,17
579,166	3105,17
579,372	3667,17
579,578	3419,17
579,784	3551,17
579,989	3456,17
580,195	3263,17
580,401	3061,17
580,607	3482,17
580,813	4298,17
581,018	5052,17
581,224	4817,17
581,43	4480,17
581,636	4313,17
581,841	4360,17
582,047	3784,17
582,253	3462,17
582,458	3095,17
582,664	3049,17
582,869	2789,17
583,075	2536,17
583,281	2833,17
583,486	2712,17
583,692	2960,17
583,897	3207,17
584,103	3046,17
584,308	3237,17
584,514	3457,17
584,719	3644,17
584,925	3388,17
585,13	3286,17
585,335	3244,17
585,541	3113,17
585,746	2959,17
585,952	2613,17
586,157	2633,17
586,362	2619,17
586,568	2918,17
586,773	3122,17
586,978	2946,17
587,183	2951,17
587,389	2937,17
587,594	2570,17
587,799	2775,17
588,004	2748,17
588,21	2772,17
588,415	2380,17
588,62	2381,17
588,825	2412,17
589,03	2360,17
589,235	2775,17
589,44	2472,17
589,645	2249,17
589,85	2336,17
590,055	2402,17
590,26	2230,17
590,465	1891,17
590,67	2215,17
590,875	2218,17
591,08	2220,17
591,285	2098,17
591,49	2219,17
591,695	2148,17
591,9	2136,17
592,105	2326,17
592,31	2519,17
592,515	2774,17
592,719	2359,17
592,924	2258,17
593,129	2285,17
593,334	2349,17
593,539	2118,17
593,743	2264,17
593,948	1993,17
594,153	1941,17
594,357	2335,17
594,562	2103,17
594,767	2585,17
594,971	1980,17
595,176	2048,17
595,381	2154,17
595,585	2013,17
595,79	2133,17
595,994	1833,17
596,199	2509,17
596,403	1700,17
596,608	1871,17
596,812	1948,17
597,017	2070,17
597,221	2132,17
597,426	1981,17
597,63	1988,17
597,835	1698,17
598,039	1824,17
598,243	1979,17
598,448	2366,17
598,652	2113,17
598,856	2003,17
599,061	1930,17
599,265	1925,17
599,469	1948,17
599,673	2159,17
599,878	2140,17
600,082	1939,17
600,286	1866,17
600,49	2018,17
600,695	1840,17
600,899	1939,17
601,103	1936,17
601,307	2006,17
601,511	2002,17
601,715	1832,17
601,919	1753,17
602,123	2047,17
602,327	1946,17
602,531	1901,17
602,735	2270,17
602,939	2166,17
603,143	1861,17
603,347	1952,17
603,551	1908,17
603,755	1931,17
603,959	1908,17
604,163	2000,17
604,367	1782,17
604,571	1737,17
604,775	1752,17
604,978	1906,17
605,182	1840,17
605,386	2001,17
605,59	1967,17
605,793	1843,17
605,997	2079,17
606,201	1818,17
606,405	1960,17
606,608	2016,17
606,812	1883,17
607,016	1977,17
607,219	1847,17
607,423	1742,17
607,627	1971,17
607,83	1756,17
608,034	1728,17
608,237	1768,17
608,441	1769,17
608,644	1848,17
608,848	1866,17
609,051	1824,17
609,255	1735,17
609,458	1954,17
609,662	1818,17
609,865	1910,17
610,069	1759,17
610,272	1621,17
610,475	1762,17
610,679	1850,17
610,882	1802,17
611,085	1658,17
611,289	1917,17
611,492	1702,17
611,695	1682,17
611,898	1676,17
612,102	1799,17
612,305	1767,17
612,508	1784,17
612,711	1894,17
612,914	1718,17
613,118	1751,17
613,321	1915,17
613,524	1673,17
613,727	1684,17
613,93	1721,17
614,133	1831,17
614,336	1816,17
614,539	1966,17
614,742	1738,17
614,945	1767,17
615,148	1879,17
615,351	1723,17
615,554	1818,17
615,757	1651,17
615,96	1923,17
616,163	1617,17
616,366	1851,17
616,569	1722,17
616,772	1968,17
616,974	1789,17
617,177	1891,17
617,38	1735,17
617,583	1794,17
617,786	1701,17
617,988	1629,17
618,191	1855,17
618,394	1651,17
618,596	1619,17
618,799	1670,17
619,002	1731,17
619,204	1747,17
619,407	1783,17
619,61	1578,17
619,812	1744,17
620,015	1707,17
620,217	1859,17
620,42	1716,17
620,623	1666,17
620,825	1717,17
621,028	1897,17
621,23	1836,17
621,432	1791,17
621,635	2105,17
621,837	1821,17
622,04	1686,17
622,242	1789,17
622,445	1687,17
622,647	1752,17
622,849	1898,17
623,052	1479,17
623,254	1845,17
623,456	1499,17
623,658	1892,17
623,861	1871,17
624,063	1716,17
624,265	1786,17
624,467	1825,17
624,67	1574,17
624,872	1741,17
625,074	1811,17
625,276	1906,17
625,478	1728,17
625,68	1568,17
625,882	1601,17
626,084	1715,17
626,287	1852,17
626,489	1795,17
626,691	1729,17
626,893	1755,17
627,095	1791,17
627,297	1775,17
627,499	1655,17
627,7	1497,17
627,902	1527,17
628,104	1508,17
628,306	1548,17
628,508	1642,17
628,71	1685,17
628,912	1704,17
629,114	1926,17
629,315	1723,17
629,517	1584,17
629,719	1506,17
629,921	1663,17
630,122	1514,17
630,324	1529,17
630,526	1771,17
630,728	1674,17
630,929	1592,17
631,131	1572,17
631,332	1776,17
631,534	1473,17
631,736	1622,17
631,937	1516,17
632,139	1653,17
632,34	1636,17
632,542	1653,17
632,743	1728,17
632,945	1514,17
633,146	1724,17
633,348	1683,17
633,549	1810,17
633,751	1420,17
633,952	1675,17
634,154	1477,17
634,355	1455,17
634,556	1616,17
634,758	1549,17
634,959	1455,17
635,16	1654,17
635,362	1527,17
635,563	1574,17
635,764	1693,17
635,965	1627,17
636,167	1503,17
636,368	1495,17
636,569	1492,17
636,77	1657,17
636,971	1468,17
637,172	1545,17
637,374	1463,17
637,575	1656,17
637,776	1472,17
637,977	1469,17
638,178	1600,17
638,379	1506,17
638,58	1718,17
638,781	1366,17
638,982	1554,17
639,183	1549,17
639,384	1480,17
639,585	1514,17
639,786	1400,17
639,987	1563,17
640,187	1619,17
640,388	1648,17
640,589	1388,17
640,79	1504,17
640,991	1732,17
641,192	1618,17
641,392	1509,17
641,593	1487,17
641,794	1365,17
641,995	1386,17
642,195	1388,17
642,396	1386,17
642,597	1361,17
642,797	1500,17
642,998	1544,17
643,199	1430,17
643,399	1569,17
643,6	1370,17
643,8	1360,17
644,001	1500,17
644,202	1520,17
644,402	1471,17
644,603	1682,17
644,803	1352,17
645,004	1569,17
645,204	1349,17
645,404	1496,17
645,605	1836,17
645,805	1417,17
646,006	1384,17
646,206	1886,17
646,406	1430,17
646,607	1283,17
646,807	1355,17
647,007	-113,83
647,208	95,17
647,408	50,17
647,608	-69,83
