200,697	953
200,927	14
201,158	12
201,388	6
201,618	1510
201,849	1373
202,079	1653
202,309	1520
202,539	1643
202,77	1516
203	1621
203,23	1591
203,46	1593
203,691	1615
203,921	1607
204,151	1600
204,381	1507
204,611	1697
204,841	1549
205,071	1577
205,302	1708
205,532	1699
205,762	3712
205,992	1544
206,222	1451
206,452	1637
206,682	1549
206,912	1709
207,142	1709
207,372	1628
207,602	1511
207,832	1572
208,062	1699
208,292	1718
208,522	1529
208,752	1633
208,982	1609
209,212	1791
209,442	1563
209,672	1535
209,902	1392
210,131	1696
210,361	1556
210,591	1643
210,821	1386
211,051	1749
211,281	1570
211,51	1624
211,74	1666
211,97	1549
212,2	1680
212,429	1954
212,659	1646
212,889	1694
213,119	1521
213,348	1527
213,578	1742
213,808	1774
214,037	1697
214,267	1689
214,497	1688
214,726	1568
214,956	1559
215,186	1596
215,415	1664
215,645	1633
215,874	1840
216,104	1613
216,333	1654
216,563	1678
216,792	1642
217,022	1711
217,251	1861
217,481	1545
217,71	1750
217,94	1654
218,169	1666
218,399	1729
218,628	1611
218,858	1875
219,087	1822
219,316	1559
219,546	1693
219,775	1668
220,004	1830
220,234	1559
220,463	1673
220,692	1705
220,922	1606
221,151	1740
221,38	1640
221,61	2076
221,839	1909
222,068	1667
222,297	1754
222,526	1798
222,756	1724
222,985	1749
223,214	1686
223,443	1765
223,672	2151
223,902	1631
224,131	1661
224,36	1792
224,589	1503
224,818	1610
225,047	1842
225,276	1732
225,505	1871
225,734	1759
225,963	1633
226,192	1728
226,421	1652
226,65	1617
226,879	1815
227,108	1747
227,337	1745
227,566	1844
227,795	1727
228,024	1732
228,253	1550
228,482	1550
228,711	1806
228,94	1795
229,168	1658
229,397	1675
229,626	1705
229,855	1590
230,084	1610
230,313	1521
230,541	1794
230,77	1646
230,999	1548
231,228	1906
231,456	1774
231,685	1648
231,914	1703
232,143	1630
232,371	1782
232,6	1684
232,829	1745
233,057	1654
233,286	1669
233,515	1710
233,743	1715
233,972	1613
234,2	1735
234,429	1679
234,658	1804
234,886	1427
235,115	1704
235,343	1721
235,572	1665
235,8	1786
236,029	1995
236,257	1627
236,486	1515
236,714	1754
236,943	1805
237,171	1618
237,399	1700
237,628	1779
237,856	1746
238,085	1930
238,313	1613
238,541	1711
238,77	2010
238,998	1584
239,226	1696
239,455	1702
239,683	1750
239,911	1558
240,14	1863
240,368	1777
240,596	1727
240,824	1791
241,053	1679
241,281	1700
241,509	1732
241,737	1676
241,965	1610
242,193	1647
242,422	1722
242,65	1665
242,878	1678
243,106	1714
243,334	1704
243,562	1767
243,79	1786
244,018	1733
244,246	1697
244,474	1876
244,702	1676
244,93	1723
245,158	1680
245,386	1625
245,614	1739
245,842	1836
246,07	1614
246,298	1876
246,526	2112
246,754	1699
246,982	1760
247,21	1854
247,438	1727
247,666	1735
247,893	1747
248,121	1841
248,349	1673
248,577	1749
248,805	1802
249,033	1651
249,26	1784
249,488	1647
249,716	1714
249,944	1695
250,171	1694
250,399	1670
250,627	1833
250,854	1699
251,082	1661
251,31	1753
251,537	1727
251,765	1952
251,993	1574
252,22	2018
252,448	1659
252,676	1826
252,903	1798
253,131	2055
253,358	1652
253,586	1612
253,813	1653
254,041	1758
254,268	1746
254,496	1585
254,723	1706
254,951	1762
255,178	1785
255,406	1638
255,633	1843
255,86	1888
256,088	1690
256,315	1612
256,543	1720
256,77	1749
256,997	1807
257,225	1771
257,452	1572
257,679	1744
257,907	1811
258,134	1677
258,361	1823
258,588	1678
258,816	1750
259,043	1614
259,27	1714
259,497	1817
259,725	1671
259,952	1749
260,179	1627
260,406	1705
260,633	1741
260,86	1721
261,088	1637
261,315	2060
261,542	1589
261,769	1636
261,996	1938
262,223	1818
262,45	1937
262,677	1547
262,904	1659
263,131	1818
263,358	1566
263,585	1809
263,812	2016
264,039	1867
264,266	1643
264,493	1734
264,72	1665
264,947	1632
265,174	1972
265,401	1832
265,627	1858
265,854	1772
266,081	1705
266,308	1747
266,535	1784
266,762	1726
266,988	1869
267,215	1847
267,442	1662
267,669	1920
267,896	1857
268,122	1843
268,349	1775
268,576	1592
268,802	1674
269,029	1738
269,256	1794
269,482	1755
269,709	1701
269,936	1790
270,162	1896
270,389	1697
270,616	1804
270,842	1893
271,069	1832
271,295	1775
271,522	1669
271,748	1759
271,975	1822
272,201	1867
272,428	1750
272,654	1715
272,881	2097
273,107	1671
273,334	1771
273,56	1880
273,787	1667
274,013	1805
274,239	2002
274,466	1871
274,692	1796
274,918	1755
275,145	1789
275,371	1612
275,597	1865
275,824	1938
276,05	1794
276,276	1797
276,503	1406
276,729	1810
276,955	1673
277,181	1791
277,407	1759
277,634	1790
277,86	1731
278,086	1790
278,312	1767
278,538	1675
278,764	1809
278,991	1782
279,217	1652
279,443	1754
279,669	1783
279,895	1777
280,121	1848
280,347	1700
280,573	1703
280,799	1751
281,025	1951
281,251	1683
281,477	1849
281,703	1634
281,929	1651
282,155	1704
282,381	1733
282,607	1693
282,833	1763
283,059	1826
283,285	1748
283,51	1680
283,736	1608
283,962	1740
284,188	1752
284,414	1735
284,64	1800
284,865	1709
285,091	1651
285,317	1784
285,543	1897
285,768	1751
285,994	1835
286,22	1960
286,446	1858
286,671	1501
286,897	1815
287,123	1731
287,348	1619
287,574	2251
287,799	1767
288,025	1679
288,251	1935
288,476	1722
288,702	1732
288,927	1691
289,153	1632
289,378	1943
289,604	1860
289,829	1751
290,055	1681
290,28	1754
290,506	1891
290,731	1591
290,957	1827
291,182	1839
291,408	1898
291,633	1897
291,858	1711
292,084	1745
292,309	1705
292,535	1792
292,76	1807
292,985	1761
293,211	1698
293,436	1619
293,661	1567
293,886	1632
294,112	1770
294,337	1764
294,562	1701
294,787	1799
295,013	1731
295,238	1603
295,463	1841
295,688	1914
295,913	1822
296,138	1758
296,364	1710
296,589	1856
296,814	1689
297,039	1727
297,264	1793
297,489	1809
297,714	1755
297,939	1631
298,164	1740
298,389	1790
298,614	1605
298,839	1891
299,064	1847
299,289	1680
299,514	1830
299,739	1738
299,964	1666
300,189	1703
300,414	1772
300,639	1936
300,863	1696
301,088	1923
301,313	1761
301,538	1802
301,763	1703
301,988	1757
302,212	1807
302,437	2196
302,662	1464
302,887	1721
303,111	1773
303,336	1795
303,561	1980
303,786	1714
304,01	1731
304,235	1811
304,46	1613
304,684	1836
304,909	1821
305,134	1681
305,358	1817
305,583	1728
305,807	1993
306,032	1546
306,256	1802
306,481	1682
306,706	1715
306,93	1698
307,155	1934
307,379	1707
307,604	1746
307,828	1692
308,052	1802
308,277	1768
308,501	1776
308,726	1840
308,95	1844
309,175	1612
309,399	1830
309,623	1751
309,848	1613
310,072	1654
310,296	2023
310,521	1838
310,745	1617
310,969	1972
311,193	1823
311,418	1745
311,642	1636
311,866	1770
312,09	1764
312,315	1767
312,539	1836
312,763	1719
312,987	1859
313,211	1785
313,435	1809
313,659	1683
313,884	1969
314,108	1564
314,332	1854
314,556	1632
314,78	1915
315,004	1873
315,228	1919
315,452	1822
315,676	1795
315,9	1756
316,124	1578
316,348	1727
316,572	1790
316,796	1835
317,02	1655
317,244	1754
317,468	1719
317,691	1952
317,915	1846
318,139	1684
318,363	2080
318,587	1697
318,811	1654
319,034	1530
319,258	1909
319,482	1921
319,706	1817
319,93	1767
320,153	1657
320,377	1845
320,601	1658
320,824	1591
321,048	1920
321,272	1806
321,495	1737
321,719	1701
321,943	1702
322,166	1775
322,39	1702
322,614	1600
322,837	1909
323,061	1626
323,284	1763
323,508	1883
323,731	1631
323,955	1712
324,178	1625
324,402	1793
324,625	1923
324,849	1645
325,072	1848
325,296	1802
325,519	1714
325,743	1673
325,966	1791
326,189	1833
326,413	1702
326,636	1956
326,859	1834
327,083	2030
327,306	1625
327,529	1698
327,753	1569
327,976	1805
328,199	1792
328,422	1907
328,646	1768
328,869	1573
329,092	1793
329,315	1904
329,538	1694
329,762	1748
329,985	1589
330,208	1652
330,431	1733
330,654	1831
330,877	1778
331,1	1799
331,323	1632
331,546	1852
331,769	1762
331,993	1619
332,216	1703
332,439	1775
332,662	1759
332,885	1674
333,107	1656
333,33	1580
333,553	1913
333,776	1882
333,999	1714
334,222	1564
334,445	1695
334,668	1739
334,891	1785
335,114	1569
335,336	1717
335,559	1826
335,782	2049
336,005	1644
336,228	1659
336,45	1684
336,673	1658
336,896	1721
337,119	1690
337,341	1654
337,564	1790
337,787	1677
338,009	1725
338,232	1837
338,455	1798
338,677	1733
338,9	1681
339,122	1723
339,345	1543
339,568	1564
339,79	1701
340,013	1742
340,235	1773
340,458	1629
340,68	1795
340,903	1629
341,125	1582
341,348	1637
341,57	1574
341,793	1880
342,015	1657
342,238	1705
342,46	1695
342,682	1855
342,905	1719
343,127	1696
343,349	1681
343,572	1803
343,794	1612
344,016	1665
344,239	1757
344,461	1640
344,683	1655
344,905	1673
345,128	1663
345,35	1707
345,572	1811
345,794	1837
346,017	1602
346,239	1657
346,461	1655
346,683	1699
346,905	1700
347,127	1702
347,349	1601
347,571	1691
347,793	1863
348,016	1719
348,238	1735
348,46	1677
348,682	1652
348,904	1735
349,126	1735
349,348	1745
349,57	1520
349,792	1668
350,014	1778
350,235	1609
350,457	2133
350,679	1707
350,901	1611
351,123	1605
351,345	1489
351,567	1717
351,789	1714
352,01	1776
352,232	1795
352,454	1693
352,676	1782
352,897	1680
353,119	1598
353,341	1632
353,563	1666
353,784	1605
354,006	1679
354,228	1665
354,449	1597
354,671	1841
354,893	1766
355,114	1750
355,336	1778
355,558	1690
355,779	1663
356,001	1771
356,222	1591
356,444	1571
356,665	2295
356,887	1627
357,108	1641
357,33	1633
357,551	1788
357,773	1718
357,994	1665
358,216	1556
358,437	1794
358,659	1749
358,88	1609
359,101	1677
359,323	1773
359,544	1703
359,765	1583
359,987	1682
360,208	1649
360,429	1706
360,651	1768
360,872	1895
361,093	1661
361,314	1550
361,536	1717
361,757	1580
361,978	1617
362,199	1620
362,42	1516
362,642	1636
362,863	1826
363,084	1639
363,305	1782
363,526	1746
363,747	1596
363,968	1674
364,189	1837
364,41	1618
364,631	1487
364,852	1804
365,073	1657
365,294	1619
365,515	1634
365,736	1705
365,957	1640
366,178	1615
366,399	1700
366,62	1753
366,841	1824
367,062	1742
367,283	1690
367,504	1690
367,724	1560
367,945	1541
368,166	1796
368,387	1655
368,608	1571
368,828	1891
369,049	1582
369,27	1628
369,491	1601
369,711	1660
369,932	1846
370,153	1630
370,373	1776
370,594	1975
370,815	1826
371,035	1789
371,256	1522
371,477	1553
371,697	1611
371,918	1547
372,138	1714
372,359	1862
372,579	1588
372,8	1673
373,02	1690
373,241	1707
373,461	1707
373,682	1569
373,902	1694
374,123	1621
374,343	1827
374,564	1764
374,784	1572
375,004	1745
375,225	1539
375,445	1658
375,666	1922
375,886	1594
376,106	1598
376,326	1646
376,547	1870
376,767	1720
376,987	1584
377,208	1659
377,428	1549
377,648	1667
377,868	1848
378,088	1836
378,309	1846
378,529	1782
378,749	1706
378,969	1755
379,189	1692
379,409	1741
379,629	1459
379,849	1822
380,069	1471
380,29	1554
380,51	1632
380,73	1699
380,95	1870
381,17	1738
381,39	1712
381,61	1539
381,829	1692
382,049	1626
382,269	1592
382,489	1712
382,709	1714
382,929	1793
383,149	1659
383,369	2023
383,589	1622
383,808	1555
384,028	1562
384,248	1648
384,468	1660
384,688	1639
384,907	1623
385,127	1654
385,347	1726
385,567	1613
385,786	1776
386,006	1605
386,226	1645
386,445	1617
386,665	1649
386,885	1768
387,104	1356
387,324	1675
387,543	1537
387,763	1633
387,982	1686
388,202	1641
388,422	1597
388,641	1572
388,861	1753
389,08	1638
389,3	1605
389,519	1735
389,738	1663
389,958	1654
390,177	1598
390,397	1705
390,616	1649
390,836	1707
391,055	1613
391,274	1691
391,494	1618
391,713	1597
391,932	1672
392,151	1600
392,371	1619
392,59	1683
392,809	1754
393,029	1733
393,248	1776
393,467	1544
393,686	1581
393,905	2698
394,124	1550
394,344	1733
394,563	1714
394,782	1559
395,001	1696
395,22	1599
395,439	1715
395,658	1561
395,877	1703
396,096	1475
396,315	1701
396,534	1502
396,753	1692
396,972	1537
397,191	1639
397,41	1369
397,629	1702
397,848	1438
398,067	1630
398,286	1459
398,505	1577
398,724	1745
398,943	2259
399,161	1536
399,38	1689
399,599	1714
399,818	1711
400,037	1740
400,255	1619
400,474	1585
400,693	1660
400,912	1833
401,13	1735
401,349	1692
401,568	1468
401,786	1815
402,005	1697
402,224	1585
402,442	1694
402,661	1675
402,88	1640
403,098	1630
403,317	1656
403,535	1643
403,754	1571
403,972	1701
404,191	1536
404,409	1561
404,628	2366
404,846	1671
405,065	1715
405,283	1721
405,502	1655
405,72	1664
405,938	1597
406,157	1543
406,375	1642
406,594	1833
406,812	1714
407,03	1636
407,249	1409
407,467	1884
407,685	1775
407,903	1570
408,122	1820
408,34	1684
408,558	1658
408,776	1561
408,995	1607
409,213	1629
409,431	1697
409,649	1708
409,867	1609
410,085	1765
410,303	1647
410,522	1526
410,74	1565
410,958	1585
411,176	1716
411,394	1531
411,612	1598
411,83	1863
412,048	1658
412,266	1633
412,484	1633
412,702	1824
412,92	1466
413,138	1709
413,356	1596
413,573	1808
413,791	1989
414,009	1695
414,227	1922
414,445	1754
414,663	1679
414,881	1760
415,098	1714
415,316	1661
415,534	1961
415,752	1660
415,969	1633
416,187	1517
416,405	1599
416,623	1604
416,84	1574
417,058	1737
417,276	1746
417,493	1627
417,711	1565
417,928	1695
418,146	1533
418,364	1669
418,581	1662
418,799	1578
419,016	1485
419,234	1466
419,451	2213
419,669	1601
419,886	1619
420,104	1566
420,321	1493
420,539	1597
420,756	1731
420,974	1609
421,191	1530
421,408	1684
421,626	1663
421,843	1591
422,06	1667
422,278	1553
422,495	1698
422,712	1634
422,93	1701
423,147	1633
423,364	1753
423,581	1678
423,799	1662
424,016	1646
424,233	1585
424,45	1677
424,667	1875
424,884	1623
425,102	1709
425,319	1467
425,536	1643
425,753	1775
425,97	1632
426,187	1674
426,404	1607
426,621	1838
426,838	1739
427,055	1717
427,272	1588
427,489	1642
427,706	1549
427,923	1608
428,14	1657
428,357	1969
428,574	1689
428,791	1653
429,008	1613
429,224	1464
429,441	1526
429,658	1598
429,875	1798
430,092	1713
430,308	1671
430,525	1665
430,742	1678
430,959	1723
431,175	1636
431,392	1575
431,609	1755
431,826	1764
432,042	1504
432,259	1584
432,476	1799
432,692	1562
432,909	1589
433,125	1612
433,342	1579
433,559	1675
433,775	1584
433,992	1315
434,208	1448
434,425	1553
434,641	1634
434,858	1892
435,074	1671
435,291	1580
435,507	1656
435,723	1612
435,94	1573
436,156	1618
436,373	1841
436,589	1639
436,805	1684
437,022	1684
437,238	1528
437,454	1607
437,671	1697
437,887	1660
438,103	1600
438,319	1609
438,536	1802
438,752	1723
438,968	1637
439,184	1651
439,4	1603
439,616	1487
439,833	1759
440,049	1580
440,265	1779
440,481	1669
440,697	1674
440,913	1707
441,129	1646
441,345	1661
441,561	1721
441,777	1590
441,993	1639
442,209	1568
442,425	1758
442,641	1657
442,857	1416
443,073	1708
443,289	1634
443,505	1685
443,721	1778
443,937	1729
444,152	1577
444,368	1633
444,584	1604
444,8	1788
445,016	1606
445,231	1527
445,447	1830
445,663	1691
445,879	1583
446,094	1819
446,31	1895
446,526	1672
446,742	1731
446,957	1590
447,173	1641
447,388	1652
447,604	1765
447,82	1660
448,035	1687
448,251	1630
448,466	1736
448,682	1599
448,897	1547
449,113	1726
449,328	1743
449,544	1560
449,759	1945
449,975	1507
450,19	1591
450,406	1720
450,621	1628
450,836	1702
451,052	1677
451,267	1512
451,483	1623
451,698	1511
451,913	1567
452,129	1612
452,344	1542
452,559	1762
452,774	1921
452,99	1617
453,205	1735
453,42	1770
453,635	1732
453,85	1626
454,066	1680
454,281	1651
454,496	1672
454,711	1748
454,926	1680
455,141	1610
455,356	1531
455,571	1533
455,786	1715
456,001	1640
456,217	1471
456,432	1717
456,647	1687
456,861	1666
457,076	1605
457,291	1620
457,506	1619
457,721	1645
457,936	1605
458,151	1601
458,366	1784
458,581	1717
458,796	1825
459,01	1644
459,225	1619
459,44	1263
459,655	1667
459,87	1497
460,084	1604
460,299	1676
460,514	1642
460,729	2019
460,943	1785
461,158	1483
461,373	1721
461,587	1670
461,802	1506
462,016	1796
462,231	1610
462,446	1756
462,66	1615
462,875	1599
463,089	1634
463,304	1721
463,518	1619
463,733	1663
463,947	1667
464,162	1545
464,376	1567
464,591	1852
464,805	1589
465,02	1771
465,234	1801
465,448	1843
465,663	1726
465,877	1690
466,091	1555
466,306	1755
466,52	1971
466,734	1653
466,949	1663
467,163	1726
467,377	1607
467,591	1709
467,806	1605
468,02	1563
468,234	1359
468,448	1751
468,662	1700
468,876	1856
469,091	1607
469,305	1676
469,519	1609
469,733	1778
469,947	1703
470,161	1872
470,375	1482
470,589	1909
470,803	1575
471,017	1597
471,231	1686
471,445	1558
471,659	1656
471,873	1612
472,087	1570
472,301	1764
472,515	1525
472,728	1526
472,942	1586
473,156	1601
473,37	1592
473,584	1532
473,798	1741
474,011	1633
474,225	1676
474,439	1726
474,653	1656
474,866	1625
475,08	1672
475,294	1735
475,507	1559
475,721	1721
475,935	1647
476,148	1539
476,362	1491
476,576	1590
476,789	1626
477,003	1700
477,216	1794
477,43	1735
477,643	1637
477,857	1720
478,07	1617
478,284	1699
478,497	1481
478,711	1649
478,924	1578
479,138	1615
479,351	1579
479,564	1455
479,778	1689
479,991	1511
480,204	1571
480,418	1656
480,631	1515
480,844	1683
481,058	1605
481,271	1688
481,484	1665
481,697	1548
481,911	1587
482,124	1653
482,337	1719
482,55	1619
482,763	1591
482,976	1793
483,19	1546
483,403	1614
483,616	1687
483,829	1700
484,042	1637
484,255	1722
484,468	1651
484,681	1572
484,894	1601
485,107	1803
485,32	1522
485,533	1528
485,746	1753
485,959	1578
486,172	1498
486,385	1470
486,598	1633
486,81	1516
487,023	1629
487,236	1823
487,449	1675
487,662	1175
487,875	1629
488,087	1733
488,3	1685
488,513	1371
488,726	1462
488,938	1631
489,151	1707
489,364	1659
489,576	1660
489,789	1680
490,002	1690
490,214	1683
490,427	1439
490,64	1537
490,852	1623
491,065	1628
491,277	1682
491,49	1677
491,702	1505
491,915	1663
492,127	1651
492,34	1612
492,552	1627
492,765	1751
492,977	1821
493,19	1608
493,402	1700
493,614	1696
493,827	1659
494,039	1630
494,251	1617
494,464	1762
494,676	1501
494,888	1564
495,101	1653
495,313	1613
495,525	1614
495,737	1741
495,95	1683
496,162	1644
496,374	1428
496,586	1735
496,798	1721
497,01	1624
497,222	1527
497,435	1852
497,647	1604
497,859	1666
498,071	1639
498,283	1621
498,495	1649
498,707	1927
498,919	1505
499,131	1730
499,343	1503
499,555	1482
499,767	1751
499,979	1643
500,191	1719
500,402	1561
500,614	1714
500,826	1770
501,038	1472
501,25	1591
501,462	1605
501,673	1630
501,885	1487
502,097	1783
502,309	1609
502,521	1713
502,732	1587
502,944	1643
503,156	1539
503,367	1574
503,579	1555
503,791	1837
504,002	1666
504,214	1677
504,425	1943
504,637	1842
504,849	1599
505,06	1665
505,272	1851
505,483	1789
505,695	1541
505,906	1497
506,118	1688
506,329	1801
506,541	1579
506,752	1765
506,963	1757
507,175	1508
507,386	1858
507,598	1777
507,809	1447
508,02	1607
508,232	1737
508,443	1497
508,654	1872
508,865	1761
509,077	1455
509,288	1633
509,499	1839
509,71	1529
509,922	1735
510,133	1578
510,344	1830
510,555	1684
510,766	1704
510,977	1593
511,188	1568
511,4	1603
511,611	1525
511,822	1639
512,033	1705
512,244	1755
512,455	1651
512,666	1553
512,877	1766
513,088	1691
513,299	1727
513,51	1689
513,721	1636
513,931	1711
514,142	2023
514,353	1767
514,564	1610
514,775	1660
514,986	1745
515,196	1615
515,407	1612
515,618	1652
515,829	1620
516,04	1671
516,25	1559
516,461	1551
516,672	1657
516,882	1538
517,093	1679
517,304	1625
517,514	1495
517,725	1728
517,936	1533
518,146	1576
518,357	1687
518,567	1525
518,778	1919
518,988	1599
519,199	1785
519,409	1549
519,62	1662
519,83	1646
520,041	1673
520,251	1679
520,462	1676
520,672	1569
520,882	1732
521,093	1702
521,303	1708
521,513	1700
521,724	2770
521,934	1484
522,144	1671
522,355	1572
522,565	1656
522,775	1549
522,985	1600
523,196	1632
523,406	1578
523,616	1705
523,826	1668
524,036	2401
524,246	1591
524,457	1567
524,667	1499
524,877	1705
525,087	1607
525,297	1687
525,507	1715
525,717	1460
525,927	1752
526,137	1596
526,347	1644
526,557	1576
526,767	1607
526,977	1966
527,187	1615
527,397	1537
527,607	1601
527,816	1626
528,026	1611
528,236	1658
528,446	1623
528,656	1667
528,865	1891
529,075	1638
529,285	1624
529,495	1704
529,704	1667
529,914	1618
530,124	1766
530,334	1525
530,543	1607
530,753	2007
530,963	2033
531,172	1640
531,382	1603
531,591	1847
531,801	1292
532,01	1632
532,22	1653
532,43	1662
532,639	1817
532,849	1760
533,058	1549
533,267	1799
533,477	1607
533,686	1602
533,896	1575
534,105	1591
534,315	1812
534,524	1547
534,733	1648
534,943	1796
535,152	1757
535,361	1521
535,57	1590
535,78	1679
535,989	1596
536,198	1677
536,407	1661
536,617	1754
536,826	1788
537,035	1697
537,244	1631
537,453	1510
537,662	1680
537,872	1814
538,081	1687
538,29	1569
538,499	1569
538,708	1574
538,917	1499
539,126	1748
539,335	1654
539,544	2182
539,753	1529
539,962	1657
540,171	1618
540,38	1891
540,589	1700
540,797	1834
541,006	1667
541,215	1506
541,424	1719
541,633	1669
541,842	1532
542,05	1807
542,259	1647
542,468	1703
542,677	1719
542,885	1644
543,094	1668
543,303	1703
543,512	1709
543,72	1735
543,929	1772
544,138	1602
544,346	1527
544,555	1573
544,763	1688
544,972	1599
545,18	1541
545,389	1683
545,598	1566
545,806	1742
546,015	1613
546,223	1633
546,431	1661
546,64	1492
546,848	1578
547,057	1737
547,265	1557
547,474	1526
547,682	1710
547,89	1660
548,099	1696
548,307	1650
548,515	1776
548,723	1780
548,932	1783
549,14	1568
549,348	1831
549,556	1546
549,765	1613
549,973	1583
550,181	1712
550,389	1700
550,597	1790
550,805	1613
551,014	1768
551,222	5628
551,43	1471
551,638	1597
551,846	1760
552,054	1773
552,262	1772
552,47	1551
552,678	1580
552,886	1596
553,094	1462
553,302	1631
553,51	1677
553,717	1687
553,925	1507
554,133	1955
554,341	1536
554,549	1612
554,757	1595
554,965	1636
555,172	1669
555,38	1948
555,588	1542
555,796	1685
556,003	1772
556,211	1685
556,419	1721
556,626	1778
556,834	1587
557,042	1698
557,249	1713
557,457	1672
557,664	1365
557,872	1687
558,08	1495
558,287	1790
558,495	1808
558,702	1555
558,91	1924
559,117	1634
559,325	1662
559,532	1650
559,74	1835
559,947	1550
560,154	1797
560,362	1541
560,569	1730
560,776	1590
560,984	1693
561,191	1648
561,398	1705
561,606	2074
561,813	1752
562,02	1479
562,227	1500
562,435	1635
562,642	1733
562,849	1727
563,056	1664
563,263	1613
563,471	1796
563,678	1728
563,885	1571
564,092	1715
564,299	1695
564,506	1749
564,713	1633
564,92	1441
565,127	1800
565,334	1674
565,541	1983
565,748	1692
565,955	1602
566,162	1577
566,369	1773
566,576	1835
566,783	1743
566,99	1532
567,196	1775
567,403	1701
567,61	1685
567,817	1580
568,024	1652
568,23	1621
568,437	1595
568,644	1577
568,851	1617
569,057	1910
569,264	1785
569,471	1544
569,677	1616
569,884	1692
570,091	1817
570,297	2783
570,504	1820
570,71	1684
570,917	1651
571,123	1593
571,33	1665
571,536	1588
571,743	1880
571,949	1606
572,156	1606
572,362	1852
572,569	1680
572,775	1719
572,982	1740
573,188	1629
573,394	1539
573,601	1663
573,807	1489
574,013	1863
574,22	1664
574,426	1531
574,632	1736
574,838	1821
575,045	1658
575,251	1587
575,457	1735
575,663	1754
575,869	1676
576,076	1629
576,282	1547
576,488	1584
576,694	1676
576,9	1474
577,106	1555
577,312	1585
577,518	1679
577,724	1837
577,93	1718
578,136	1621
578,342	1713
578,548	1664
578,754	1572
578,96	1538
579,166	1613
579,372	1901
579,578	1702
579,784	1789
579,989	1575
580,195	1524
580,401	1686
580,607	1756
580,813	1677
581,018	1708
581,224	1610
581,43	1647
581,636	1618
581,841	1717
582,047	1809
582,253	1704
582,458	1697
582,664	1604
582,869	1634
583,075	1495
583,281	2044
583,486	1521
583,692	1527
583,897	1453
584,103	1665
584,308	1721
584,514	1622
584,719	1772
584,925	1811
585,13	1620
585,335	1618
585,541	1597
585,746	1727
585,952	1688
586,157	1639
586,362	1562
586,568	1642
586,773	1723
586,978	1627
587,183	1634
587,389	1631
587,594	1593
587,799	1686
588,004	1797
588,21	1725
588,415	1551
588,62	1711
588,825	1741
589,03	1666
589,235	2145
589,44	1813
589,645	1610
589,85	1777
590,055	1891
590,26	1680
590,465	1675
590,67	1515
590,875	1854
591,08	1798
591,285	1648
591,49	1715
591,695	1728
591,9	1502
592,105	1657
592,31	1539
592,515	1949
592,719	1543
592,924	1540
593,129	1657
593,334	1521
593,539	1665
593,743	1805
593,948	1596
594,153	1617
594,357	1861
594,562	1668
594,767	2089
594,971	1523
595,176	1659
595,381	1754
595,585	1612
595,79	1881
595,994	1486
596,199	2137
596,403	1484
596,608	1561
596,812	1671
597,017	1751
597,221	1877
597,426	1853
597,63	1680
597,835	1571
598,039	1618
598,243	1621
598,448	1963
598,652	1685
598,856	1670
599,061	1637
599,265	1699
599,469	1596
599,673	1715
599,878	1738
600,082	1616
600,286	1671
600,49	1922
600,695	1484
600,899	1740
601,103	1733
601,307	1770
601,511	1753
601,715	1528
601,919	1493
602,123	1767
602,327	1721
602,531	1611
602,735	1806
602,939	1730
603,143	1562
603,347	1621
603,551	1631
603,755	1690
603,959	1662
604,163	1751
604,367	1587
604,571	1599
604,775	1781
604,978	1655
605,182	1510
605,386	1722
605,59	1649
605,793	1649
605,997	1736
606,201	1675
606,405	1669
606,608	1783
606,812	1608
607,016	1769
607,219	1613
607,423	1677
607,627	1946
607,83	1634
608,034	1651
608,237	1763
608,441	1569
608,644	1780
608,848	1851
609,051	1496
609,255	1605
609,458	1787
609,662	1672
609,865	1729
610,069	1537
610,272	1523
610,475	1801
610,679	1596
610,882	1620
611,085	1623
611,289	1849
611,492	1642
611,695	1572
611,898	1634
612,102	1756
612,305	1676
612,508	1678
612,711	1841
612,914	1601
613,118	1739
613,321	1766
613,524	1621
613,727	1646
613,93	1637
614,133	1659
614,336	1673
614,539	1621
614,742	1549
614,945	1581
615,148	1883
615,351	1661
615,554	1794
615,757	1579
615,96	1715
616,163	1383
616,366	1731
616,569	1671
616,772	1850
616,974	1709
617,177	1815
617,38	1535
617,583	1766
617,786	1681
617,988	1526
618,191	1851
618,394	1548
618,596	1481
618,799	1672
619,002	1733
619,204	1734
619,407	1684
619,61	1578
619,812	1559
620,015	1642
620,217	1763
620,42	1645
620,623	1593
620,825	1644
621,028	1822
621,23	1681
621,432	1675
621,635	1890
621,837	1753
622,04	1562
622,242	1621
622,445	1625
622,647	1644
622,849	1742
623,052	1473
623,254	1701
623,456	1499
623,658	1810
623,861	1772
624,063	1629
624,265	1694
624,467	1676
624,67	1618
624,872	1701
625,074	1852
625,276	1815
625,478	1723
625,68	1481
625,882	1692
626,084	1674
626,287	1865
626,489	1671
626,691	1734
626,893	1736
627,095	1719
627,297	1750
627,499	1662
627,7	1408
627,902	1516
628,104	1527
628,306	1554
628,508	1499
628,71	1607
628,912	1683
629,114	1920
629,315	1652
629,517	1557
629,719	1539
629,921	1729
630,122	1723
630,324	1601
630,526	1803
630,728	1680
630,929	1638
631,131	1572
631,332	1832
631,534	1839
631,736	1729
631,937	1551
632,139	1637
632,34	1694
632,542	1800
632,743	1758
632,945	1717
633,146	1684
633,348	1761
633,549	1687
633,751	1594
633,952	1691
634,154	1482
634,355	1414
634,556	1579
634,758	1667
634,959	1585
635,16	1772
635,362	1716
635,563	1659
635,764	1813
635,965	1719
636,167	1539
636,368	1703
636,569	1569
636,77	1837
636,971	1552
637,172	1659
637,374	1582
637,575	1837
637,776	1509
637,977	1481
638,178	1704
638,379	1603
638,58	1716
638,781	1492
638,982	1683
639,183	1563
639,384	1554
639,585	1649
639,786	1561
639,987	1592
640,187	1822
640,388	1737
640,589	1485
640,79	1593
640,991	1672
641,192	1821
641,392	1391
641,593	1575
641,794	1530
641,995	1599
642,195	1428
642,396	1553
642,597	1476
642,797	1715
642,998	1687
643,199	1542
643,399	1700
643,6	1500
643,8	1569
644,001	1644
644,202	1679
644,402	1621
644,603	1603
644,803	1455
645,004	1761
645,204	1518
645,404	1726
645,605	1867
645,805	1526
646,006	1519
646,206	2071
646,406	1534
646,607	1541
646,807	1356
647,007	-39
647,208	12
647,408	8
647,608	1
