200,697	889,33
200,927	-83,67
201,158	-74,67
201,388	101,33
201,618	1495,33
201,849	1292,33
202,079	1970,33
202,309	1503,33
202,539	1592,33
202,77	1471,33
203	1616,33
203,23	1508,33
203,46	1514,33
203,691	1561,33
203,921	1561,33
204,151	1555,33
204,381	1499,33
204,611	1611,33
204,841	1419,33
205,071	1464,33
205,302	1645,33
205,532	1574,33
205,762	3539,33
205,992	1443,33
206,222	1274,33
206,452	1564,33
206,682	1485,33
206,912	1640,33
207,142	1616,33
207,372	1589,33
207,602	1463,33
207,832	1491,33
208,062	1625,33
208,292	1641,33
208,522	1396,33
208,752	1603,33
208,982	1517,33
209,212	1648,33
209,442	1488,33
209,672	1483,33
209,902	1502,33
210,131	1687,33
210,361	1573,33
210,591	1553,33
210,821	1589,33
211,051	1588,33
211,281	1576,33
211,51	1668,33
211,74	1458,33
211,97	1506,33
212,2	1566,33
212,429	1807,33
212,659	1575,33
212,889	1550,33
213,119	1463,33
213,348	1507,33
213,578	1689,33
213,808	1641,33
214,037	1729,33
214,267	1663,33
214,497	1575,33
214,726	1500,33
214,956	1444,33
215,186	1608,33
215,415	1514,33
215,645	1605,33
215,874	1766,33
216,104	1466,33
216,333	1613,33
216,563	1564,33
216,792	1634,33
217,022	1664,33
217,251	1613,33
217,481	1482,33
217,71	1625,33
217,94	1520,33
218,169	1644,33
218,399	1623,33
218,628	1503,33
218,858	1706,33
219,087	1644,33
219,316	1653,33
219,546	1618,33
219,775	1609,33
220,004	1767,33
220,234	1505,33
220,463	1589,33
220,692	1659,33
220,922	1613,33
221,151	1622,33
221,38	1676,33
221,61	2006,33
221,839	1835,33
222,068	1594,33
222,297	1728,33
222,526	1647,33
222,756	1679,33
222,985	1662,33
223,214	1644,33
223,443	1560,33
223,672	2080,33
223,902	1538,33
224,131	1574,33
224,36	1736,33
224,589	1458,33
224,818	1629,33
225,047	1741,33
225,276	1639,33
225,505	1853,33
225,734	1628,33
225,963	1549,33
226,192	1582,33
226,421	1550,33
226,65	1601,33
226,879	1640,33
227,108	1751,33
227,337	1738,33
227,566	1786,33
227,795	1614,33
228,024	1657,33
228,253	1619,33
228,482	1485,33
228,711	1703,33
228,94	1455,33
229,168	1565,33
229,397	1620,33
229,626	1663,33
229,855	1620,33
230,084	1422,33
230,313	1503,33
230,541	1714,33
230,77	1604,33
230,999	1450,33
231,228	1849,33
231,456	1749,33
231,685	1518,33
231,914	1702,33
232,143	1673,33
232,371	1618,33
232,6	1637,33
232,829	1650,33
233,057	1690,33
233,286	1611,33
233,515	1620,33
233,743	1656,33
233,972	1535,33
234,2	1767,33
234,429	1562,33
234,658	1676,33
234,886	1693,33
235,115	1631,33
235,343	1700,33
235,572	1560,33
235,8	1701,33
236,029	1957,33
236,257	1510,33
236,486	1703,33
236,714	1733,33
236,943	1763,33
237,171	1605,33
237,399	1564,33
237,628	1734,33
237,856	1761,33
238,085	1679,33
238,313	1562,33
238,541	1643,33
238,77	2031,33
238,998	1487,33
239,226	1677,33
239,455	1501,33
239,683	1656,33
239,911	1535,33
240,14	1625,33
240,368	2240,33
240,596	1597,33
240,824	1671,33
241,053	1629,33
241,281	1639,33
241,509	1671,33
241,737	1628,33
241,965	1572,33
242,193	1624,33
242,422	1657,33
242,65	1522,33
242,878	1594,33
243,106	1660,33
243,334	1679,33
243,562	1604,33
243,79	1752,33
244,018	1725,33
244,246	1681,33
244,474	1410,33
244,702	1518,33
244,93	1671,33
245,158	1670,33
245,386	1565,33
245,614	1650,33
245,842	1786,33
246,07	1609,33
246,298	1730,33
246,526	2122,33
246,754	1580,33
246,982	1647,33
247,21	1709,33
247,438	1643,33
247,666	1632,33
247,893	1612,33
248,121	1566,33
248,349	1629,33
248,577	1673,33
248,805	1739,33
249,033	1532,33
249,26	1619,33
249,488	1605,33
249,716	1756,33
249,944	1397,33
250,171	1443,33
250,399	1601,33
250,627	1851,33
250,854	1658,33
251,082	1546,33
251,31	1675,33
251,537	1742,33
251,765	1879,33
251,993	1521,33
252,22	1959,33
252,448	1570,33
252,676	1716,33
252,903	1697,33
253,131	1885,33
253,358	1591,33
253,586	1493,33
253,813	1473,33
254,041	1818,33
254,268	1680,33
254,496	1549,33
254,723	1628,33
254,951	1656,33
255,178	1657,33
255,406	1642,33
255,633	1694,33
255,86	1801,33
256,088	1604,33
256,315	1562,33
256,543	1742,33
256,77	1668,33
256,997	1591,33
257,225	1743,33
257,452	1505,33
257,679	1618,33
257,907	1755,33
258,134	1590,33
258,361	1604,33
258,588	1707,33
258,816	1750,33
259,043	1339,33
259,27	1728,33
259,497	1617,33
259,725	1573,33
259,952	1634,33
260,179	1513,33
260,406	1662,33
260,633	1576,33
260,86	1631,33
261,088	1586,33
261,315	1840,33
261,542	1533,33
261,769	1601,33
261,996	1968,33
262,223	1805,33
262,45	1814,33
262,677	1465,33
262,904	1560,33
263,131	1720,33
263,358	1649,33
263,585	1552,33
263,812	1953,33
264,039	1754,33
264,266	1636,33
264,493	1625,33
264,72	1499,33
264,947	1627,33
265,174	1871,33
265,401	1731,33
265,627	1717,33
265,854	1707,33
266,081	1793,33
266,308	1658,33
266,535	1627,33
266,762	1598,33
266,988	1682,33
267,215	1733,33
267,442	1605,33
267,669	1763,33
267,896	1980,33
268,122	1862,33
268,349	1698,33
268,576	1435,33
268,802	1218,33
269,029	1625,33
269,256	1632,33
269,482	1579,33
269,709	1536,33
269,936	1665,33
270,162	1832,33
270,389	1569,33
270,616	1797,33
270,842	1819,33
271,069	1730,33
271,295	1634,33
271,522	1679,33
271,748	1651,33
271,975	1609,33
272,201	1805,33
272,428	1548,33
272,654	1634,33
272,881	1866,33
273,107	1613,33
273,334	1660,33
273,56	1727,33
273,787	1597,33
274,013	1629,33
274,239	1955,33
274,466	1667,33
274,692	1590,33
274,918	1705,33
275,145	1677,33
275,371	1626,33
275,597	1797,33
275,824	1687,33
276,05	1697,33
276,276	1737,33
276,503	1671,33
276,729	1637,33
276,955	1554,33
277,181	1773,33
277,407	1571,33
277,634	1693,33
277,86	1555,33
278,086	1711,33
278,312	1713,33
278,538	1582,33
278,764	1769,33
278,991	1805,33
279,217	1518,33
279,443	1615,33
279,669	1650,33
279,895	1684,33
280,121	1542,33
280,347	1661,33
280,573	1541,33
280,799	1583,33
281,025	1812,33
281,251	1542,33
281,477	1719,33
281,703	1575,33
281,929	1559,33
282,155	1625,33
282,381	1657,33
282,607	1650,33
282,833	1676,33
283,059	1671,33
283,285	1573,33
283,51	1580,33
283,736	1483,33
283,962	1607,33
284,188	1620,33
284,414	1578,33
284,64	1664,33
284,865	1632,33
285,091	1570,33
285,317	1672,33
285,543	1659,33
285,768	1650,33
285,994	1700,33
286,22	1848,33
286,446	1710,33
286,671	1486,33
286,897	1759,33
287,123	1568,33
287,348	1476,33
287,574	2133,33
287,799	1872,33
288,025	1567,33
288,251	1872,33
288,476	1641,33
288,702	1672,33
288,927	1602,33
289,153	1581,33
289,378	1830,33
289,604	1643,33
289,829	1621,33
290,055	1548,33
290,28	1635,33
290,506	1659,33
290,731	1578,33
290,957	1772,33
291,182	1737,33
291,408	1825,33
291,633	1624,33
291,858	1613,33
292,084	1593,33
292,309	1542,33
292,535	1660,33
292,76	1640,33
292,985	1646,33
293,211	1623,33
293,436	1491,33
293,661	1474,33
293,886	1601,33
294,112	1721,33
294,337	1590,33
294,562	1431,33
294,787	1742,33
295,013	1629,33
295,238	1607,33
295,463	1733,33
295,688	1773,33
295,913	1683,33
296,138	1503,33
296,364	1567,33
296,589	1537,33
296,814	1517,33
297,039	1616,33
297,264	1475,33
297,489	1627,33
297,714	1657,33
297,939	1529,33
298,164	1644,33
298,389	1718,33
298,614	1550,33
298,839	1690,33
299,064	1741,33
299,289	1719,33
299,514	1766,33
299,739	1646,33
299,964	1485,33
300,189	1543,33
300,414	1776,33
300,639	1783,33
300,863	1557,33
301,088	2189,33
301,313	1707,33
301,538	1587,33
301,763	1618,33
301,988	1663,33
302,212	1670,33
302,437	2073,33
302,662	1587,33
302,887	1570,33
303,111	1643,33
303,336	1744,33
303,561	1678,33
303,786	1587,33
304,01	1683,33
304,235	1751,33
304,46	1570,33
304,684	1643,33
304,909	1631,33
305,134	1543,33
305,358	1550,33
305,583	1701,33
305,807	1903,33
306,032	1460,33
306,256	1652,33
306,481	1642,33
306,706	1746,33
306,93	1571,33
307,155	1831,33
307,379	1590,33
307,604	1632,33
307,828	1513,33
308,052	1750,33
308,277	1695,33
308,501	1742,33
308,726	1731,33
308,95	1695,33
309,175	1541,33
309,399	1799,33
309,623	1630,33
309,848	1530,33
310,072	1477,33
310,296	1948,33
310,521	1445,33
310,745	1479,33
310,969	1876,33
311,193	1728,33
311,418	1580,33
311,642	1603,33
311,866	1735,33
312,09	1651,33
312,315	1698,33
312,539	1691,33
312,763	1551,33
312,987	1743,33
313,211	1572,33
313,435	1710,33
313,659	1591,33
313,884	1929,33
314,108	1720,33
314,332	1784,33
314,556	1581,33
314,78	2066,33
315,004	1643,33
315,228	1568,33
315,452	1783,33
315,676	1669,33
315,9	1308,33
316,124	1487,33
316,348	1527,33
316,572	1676,33
316,796	1676,33
317,02	1590,33
317,244	1649,33
317,468	1493,33
317,691	1846,33
317,915	1693,33
318,139	1569,33
318,363	2011,33
318,587	1629,33
318,811	1591,33
319,034	1493,33
319,258	1757,33
319,482	1816,33
319,706	1758,33
319,93	1585,33
320,153	1581,33
320,377	1701,33
320,601	1503,33
320,824	1432,33
321,048	1892,33
321,272	1722,33
321,495	1646,33
321,719	1605,33
321,943	1686,33
322,166	1564,33
322,39	1569,33
322,614	1677,33
322,837	1770,33
323,061	1561,33
323,284	1696,33
323,508	1681,33
323,731	1524,33
323,955	1730,33
324,178	1512,33
324,402	1702,33
324,625	1749,33
324,849	1485,33
325,072	1672,33
325,296	1880,33
325,519	1615,33
325,743	1599,33
325,966	1707,33
326,189	1784,33
326,413	1563,33
326,636	1930,33
326,859	1699,33
327,083	1870,33
327,306	1534,33
327,529	1574,33
327,753	1483,33
327,976	1729,33
328,199	1772,33
328,422	1631,33
328,646	1629,33
328,869	1592,33
329,092	1729,33
329,315	1809,33
329,538	1564,33
329,762	1659,33
329,985	1502,33
330,208	1574,33
330,431	1667,33
330,654	1788,33
330,877	1663,33
331,1	1783,33
331,323	1597,33
331,546	1733,33
331,769	1725,33
331,993	1525,33
332,216	1679,33
332,439	1588,33
332,662	1638,33
332,885	1520,33
333,107	1466,33
333,33	1336,33
333,553	1735,33
333,776	1480,33
333,999	1695,33
334,222	1487,33
334,445	1565,33
334,668	1940,33
334,891	1636,33
335,114	1462,33
335,336	1667,33
335,559	1706,33
335,782	1853,33
336,005	1605,33
336,228	1643,33
336,45	1550,33
336,673	1540,33
336,896	1610,33
337,119	1582,33
337,341	1614,33
337,564	1563,33
337,787	1630,33
338,009	1608,33
338,232	1686,33
338,455	1717,33
338,677	1625,33
338,9	1610,33
339,122	1670,33
339,345	1485,33
339,568	1458,33
339,79	1677,33
340,013	1647,33
340,235	1688,33
340,458	1507,33
340,68	1680,33
340,903	1604,33
341,125	1541,33
341,348	1587,33
341,57	1552,33
341,793	1854,33
342,015	1387,33
342,238	1563,33
342,46	1645,33
342,682	1792,33
342,905	1483,33
343,127	1907,33
343,349	1690,33
343,572	1736,33
343,794	1604,33
344,016	1402,33
344,239	1642,33
344,461	1531,33
344,683	1555,33
344,905	1543,33
345,128	1456,33
345,35	1607,33
345,572	1674,33
345,794	1756,33
346,017	1547,33
346,239	1615,33
346,461	1532,33
346,683	1654,33
346,905	1718,33
347,127	1601,33
347,349	1547,33
347,571	1466,33
347,793	1739,33
348,016	1590,33
348,238	1572,33
348,46	1562,33
348,682	1541,33
348,904	1741,33
349,126	1613,33
349,348	1638,33
349,57	1496,33
349,792	1530,33
350,014	1588,33
350,235	1582,33
350,457	2013,33
350,679	1580,33
350,901	1481,33
351,123	1531,33
351,345	1541,33
351,567	1663,33
351,789	1736,33
352,01	1634,33
352,232	1691,33
352,454	1565,33
352,676	1700,33
352,897	1567,33
353,119	1625,33
353,341	1560,33
353,563	1599,33
353,784	1596,33
354,006	1612,33
354,228	1541,33
354,449	1594,33
354,671	1625,33
354,893	1683,33
355,114	1637,33
355,336	1540,33
355,558	1587,33
355,779	1591,33
356,001	1741,33
356,222	1602,33
356,444	1531,33
356,665	2233,33
356,887	1535,33
357,108	1566,33
357,33	1538,33
357,551	1731,33
357,773	1614,33
357,994	1600,33
358,216	1437,33
358,437	1683,33
358,659	1695,33
358,88	1540,33
359,101	1633,33
359,323	1613,33
359,544	1478,33
359,765	1493,33
359,987	1558,33
360,208	1617,33
360,429	1562,33
360,651	1505,33
360,872	1746,33
361,093	1557,33
361,314	1631,33
361,536	1697,33
361,757	1518,33
361,978	1558,33
362,199	1527,33
362,42	1116,33
362,642	1592,33
362,863	1631,33
363,084	1494,33
363,305	1615,33
363,526	1597,33
363,747	1584,33
363,968	1595,33
364,189	1683,33
364,41	1553,33
364,631	1388,33
364,852	1670,33
365,073	1563,33
365,294	1564,33
365,515	1494,33
365,736	1672,33
365,957	1689,33
366,178	1569,33
366,399	1636,33
366,62	1603,33
366,841	1676,33
367,062	1628,33
367,283	1588,33
367,504	1633,33
367,724	1435,33
367,945	1437,33
368,166	1685,33
368,387	1635,33
368,608	1607,33
368,828	1689,33
369,049	1566,33
369,27	1575,33
369,491	1500,33
369,711	1587,33
369,932	1670,33
370,153	1635,33
370,373	1485,33
370,594	1831,33
370,815	1488,33
371,035	1715,33
371,256	1442,33
371,477	1574,33
371,697	1473,33
371,918	1422,33
372,138	1703,33
372,359	1709,33
372,579	1483,33
372,8	1543,33
373,02	1618,33
373,241	1557,33
373,461	1622,33
373,682	1594,33
373,902	1575,33
374,123	1515,33
374,343	1742,33
374,564	1491,33
374,784	1511,33
375,004	1609,33
375,225	1395,33
375,445	1575,33
375,666	1773,33
375,886	1476,33
376,106	1581,33
376,326	1592,33
376,547	1736,33
376,767	1643,33
376,987	1490,33
377,208	1498,33
377,428	1436,33
377,648	1607,33
377,868	1653,33
378,088	1711,33
378,309	1704,33
378,529	1698,33
378,749	1553,33
378,969	1480,33
379,189	1644,33
379,409	1460,33
379,629	1593,33
379,849	1472,33
380,069	1479,33
380,29	1467,33
380,51	1485,33
380,73	1660,33
380,95	2026,33
381,17	1682,33
381,39	1687,33
381,61	1461,33
381,829	1559,33
382,049	1537,33
382,269	1462,33
382,489	1627,33
382,709	1544,33
382,929	1617,33
383,149	1654,33
383,369	1997,33
383,589	1594,33
383,808	1643,33
384,028	1564,33
384,248	1687,33
384,468	1497,33
384,688	1599,33
384,907	1556,33
385,127	1545,33
385,347	1653,33
385,567	1541,33
385,786	1636,33
386,006	1521,33
386,226	1598,33
386,445	1479,33
386,665	1546,33
386,885	1630,33
387,104	1527,33
387,324	1576,33
387,543	1515,33
387,763	1564,33
387,982	1565,33
388,202	1551,33
388,422	1527,33
388,641	1593,33
388,861	1667,33
389,08	1717,33
389,3	1515,33
389,519	1692,33
389,738	1550,33
389,958	1633,33
390,177	1621,33
390,397	1661,33
390,616	1534,33
390,836	1736,33
391,055	1610,33
391,274	1594,33
391,494	1530,33
391,713	1485,33
391,932	1584,33
392,151	1469,33
392,371	1494,33
392,59	1569,33
392,809	1670,33
393,029	1696,33
393,248	1711,33
393,467	1328,33
393,686	1479,33
393,905	2592,33
394,124	1506,33
394,344	1612,33
394,563	1658,33
394,782	1495,33
395,001	1573,33
395,22	1505,33
395,439	1591,33
395,658	1499,33
395,877	1666,33
396,096	1493,33
396,315	1717,33
396,534	1480,33
396,753	1638,33
396,972	1459,33
397,191	1571,33
397,41	1559,33
397,629	1601,33
397,848	1428,33
398,067	1602,33
398,286	1579,33
398,505	1543,33
398,724	1665,33
398,943	2180,33
399,161	1506,33
399,38	1441,33
399,599	1626,33
399,818	1547,33
400,037	1742,33
400,255	1553,33
400,474	1505,33
400,693	1589,33
400,912	1757,33
401,13	1572,33
401,349	1521,33
401,568	1546,33
401,786	1684,33
402,005	1621,33
402,224	1516,33
402,442	1650,33
402,661	1665,33
402,88	1621,33
403,098	1475,33
403,317	1652,33
403,535	1596,33
403,754	1504,33
403,972	1573,33
404,191	1484,33
404,409	1538,33
404,628	2242,33
404,846	1587,33
405,065	1663,33
405,283	1645,33
405,502	1588,33
405,72	1615,33
405,938	1545,33
406,157	1477,33
406,375	1514,33
406,594	1579,33
406,812	1361,33
407,03	1609,33
407,249	1437,33
407,467	1647,33
407,685	1717,33
407,903	1512,33
408,122	1721,33
408,34	1533,33
408,558	1633,33
408,776	1487,33
408,995	1582,33
409,213	1543,33
409,431	1609,33
409,649	1687,33
409,867	1459,33
410,085	1586,33
410,303	1680,33
410,522	1444,33
410,74	1487,33
410,958	1474,33
411,176	1496,33
411,394	1498,33
411,612	1356,33
411,83	1737,33
412,048	1629,33
412,266	1583,33
412,484	1569,33
412,702	1767,33
412,92	1437,33
413,138	1670,33
413,356	1562,33
413,573	1692,33
413,791	1874,33
414,009	1684,33
414,227	1819,33
414,445	1566,33
414,663	1600,33
414,881	1645,33
415,098	1545,33
415,316	1637,33
415,534	2010,33
415,752	1507,33
415,969	1989,33
416,187	1449,33
416,405	1353,33
416,623	1695,33
416,84	1421,33
417,058	1624,33
417,276	1689,33
417,493	1497,33
417,711	1624,33
417,928	1654,33
418,146	1478,33
418,364	1651,33
418,581	1581,33
418,799	1444,33
419,016	1462,33
419,234	1514,33
419,451	2157,33
419,669	1555,33
419,886	1565,33
420,104	1516,33
420,321	1572,33
420,539	1506,33
420,756	1777,33
420,974	1568,33
421,191	1450,33
421,408	1620,33
421,626	1620,33
421,843	1597,33
422,06	1527,33
422,278	1508,33
422,495	1638,33
422,712	1576,33
422,93	1690,33
423,147	1567,33
423,364	1554,33
423,581	1661,33
423,799	1505,33
424,016	1600,33
424,233	1515,33
424,45	1569,33
424,667	1636,33
424,884	1535,33
425,102	1624,33
425,319	1390,33
425,536	1585,33
425,753	1641,33
425,97	1519,33
426,187	1567,33
426,404	1498,33
426,621	1741,33
426,838	1630,33
427,055	1627,33
427,272	1629,33
427,489	1575,33
427,706	1518,33
427,923	1495,33
428,14	1587,33
428,357	1798,33
428,574	1638,33
428,791	1569,33
429,008	1548,33
429,224	1450,33
429,441	1397,33
429,658	1605,33
429,875	1779,33
430,092	1599,33
430,308	1708,33
430,525	1592,33
430,742	1609,33
430,959	1654,33
431,175	1548,33
431,392	1482,33
431,609	1719,33
431,826	1607,33
432,042	1473,33
432,259	1619,33
432,476	1895,33
432,692	1524,33
432,909	1534,33
433,125	1563,33
433,342	1538,33
433,559	1611,33
433,775	1554,33
433,992	1322,33
434,208	1392,33
434,425	1762,33
434,641	1728,33
434,858	1802,33
435,074	1615,33
435,291	1564,33
435,507	1623,33
435,723	1671,33
435,94	1564,33
436,156	1644,33
436,373	1770,33
436,589	1616,33
436,805	1675,33
437,022	1521,33
437,238	1611,33
437,454	1510,33
437,671	1569,33
437,887	1549,33
438,103	1562,33
438,319	1540,33
438,536	1667,33
438,752	1613,33
438,968	1640,33
439,184	1642,33
439,4	1527,33
439,616	1463,33
439,833	1685,33
440,049	1507,33
440,265	1749,33
440,481	1576,33
440,697	1588,33
440,913	1615,33
441,129	1543,33
441,345	1663,33
441,561	1649,33
441,777	1548,33
441,993	1602,33
442,209	1516,33
442,425	1742,33
442,641	1552,33
442,857	1623,33
443,073	1696,33
443,289	1627,33
443,505	1550,33
443,721	1718,33
443,937	1647,33
444,152	1570,33
444,368	1545,33
444,584	1574,33
444,8	1947,33
445,016	1624,33
445,231	1606,33
445,447	1768,33
445,663	1614,33
445,879	1559,33
446,094	1725,33
446,31	1756,33
446,526	1561,33
446,742	1640,33
446,957	1552,33
447,173	1605,33
447,388	1668,33
447,604	1852,33
447,82	1615,33
448,035	1667,33
448,251	1591,33
448,466	1630,33
448,682	1510,33
448,897	1502,33
449,113	1645,33
449,328	1729,33
449,544	1462,33
449,759	1906,33
449,975	1416,33
450,19	1451,33
450,406	1570,33
450,621	1467,33
450,836	1608,33
451,052	1488,33
451,267	1432,33
451,483	1556,33
451,698	1473,33
451,913	1661,33
452,129	1526,33
452,344	1313,33
452,559	1685,33
452,774	1565,33
452,99	1513,33
453,205	1634,33
453,42	1650,33
453,635	1535,33
453,85	1426,33
454,066	1610,33
454,281	1625,33
454,496	1677,33
454,711	1665,33
454,926	1652,33
455,141	1478,33
455,356	1522,33
455,571	1525,33
455,786	1624,33
456,001	1539,33
456,217	1446,33
456,432	1641,33
456,647	1543,33
456,861	1584,33
457,076	1575,33
457,291	1702,33
457,506	1564,33
457,721	1637,33
457,936	1557,33
458,151	1497,33
458,366	1781,33
458,581	1497,33
458,796	1773,33
459,01	1664,33
459,225	1640,33
459,44	1458,33
459,655	1593,33
459,87	1446,33
460,084	1532,33
460,299	1649,33
460,514	1617,33
460,729	1977,33
460,943	1508,33
461,158	1431,33
461,373	1794,33
461,587	1558,33
461,802	1492,33
462,016	1711,33
462,231	1571,33
462,446	1683,33
462,66	1627,33
462,875	1466,33
463,089	1620,33
463,304	1667,33
463,518	1565,33
463,733	1606,33
463,947	1629,33
464,162	1516,33
464,376	1537,33
464,591	1771,33
464,805	1509,33
465,02	1703,33
465,234	1681,33
465,448	1708,33
465,663	1650,33
465,877	1718,33
466,091	1511,33
466,306	1717,33
466,52	1912,33
466,734	1606,33
466,949	1566,33
467,163	1670,33
467,377	1509,33
467,591	1653,33
467,806	1537,33
468,02	1487,33
468,234	1386,33
468,448	1703,33
468,662	1549,33
468,876	1810,33
469,091	1537,33
469,305	1619,33
469,519	1543,33
469,733	1478,33
469,947	1471,33
470,161	1815,33
470,375	1435,33
470,589	1683,33
470,803	1607,33
471,017	1543,33
471,231	1578,33
471,445	1556,33
471,659	1687,33
471,873	1672,33
472,087	1445,33
472,301	1557,33
472,515	1437,33
472,728	1543,33
472,942	1483,33
473,156	1625,33
473,37	1521,33
473,584	1468,33
473,798	1611,33
474,011	1593,33
474,225	1599,33
474,439	1523,33
474,653	1607,33
474,866	1555,33
475,08	1616,33
475,294	1654,33
475,507	1539,33
475,721	1617,33
475,935	1629,33
476,148	1524,33
476,362	1448,33
476,576	1491,33
476,789	1578,33
477,003	1676,33
477,216	1621,33
477,43	1621,33
477,643	1576,33
477,857	1593,33
478,07	1604,33
478,284	1675,33
478,497	1486,33
478,711	1516,33
478,924	1614,33
479,138	1378,33
479,351	1488,33
479,564	1484,33
479,778	1563,33
479,991	1429,33
480,204	1548,33
480,418	1670,33
480,631	1196,33
480,844	1651,33
481,058	1475,33
481,271	1545,33
481,484	1589,33
481,697	1585,33
481,911	1551,33
482,124	1538,33
482,337	1573,33
482,55	1540,33
482,763	1450,33
482,976	1626,33
483,19	1482,33
483,403	1562,33
483,616	1606,33
483,829	1631,33
484,042	1592,33
484,255	1637,33
484,468	1593,33
484,681	1444,33
484,894	1528,33
485,107	1702,33
485,32	1568,33
485,533	1602,33
485,746	1773,33
485,959	1500,33
486,172	1583,33
486,385	1485,33
486,598	1605,33
486,81	1525,33
487,023	1501,33
487,236	1722,33
487,449	1621,33
487,662	1541,33
487,875	1663,33
488,087	1778,33
488,3	1647,33
488,513	1423,33
488,726	1415,33
488,938	1687,33
489,151	1611,33
489,364	1656,33
489,576	1395,33
489,789	1580,33
490,002	1627,33
490,214	1543,33
490,427	1377,33
490,64	1637,33
490,852	1631,33
491,065	1611,33
491,277	1668,33
491,49	1593,33
491,702	1417,33
491,915	1585,33
492,127	1532,33
492,34	1648,33
492,552	1617,33
492,765	1681,33
492,977	1748,33
493,19	1594,33
493,402	1669,33
493,614	1632,33
493,827	1610,33
494,039	1575,33
494,251	1629,33
494,464	1702,33
494,676	1441,33
494,888	1550,33
495,101	1569,33
495,313	1565,33
495,525	1517,33
495,737	1706,33
495,95	1587,33
496,162	1552,33
496,374	1560,33
496,586	1364,33
496,798	1668,33
497,01	1552,33
497,222	1482,33
497,435	1654,33
497,647	1487,33
497,859	1619,33
498,071	1556,33
498,283	1437,33
498,495	1799,33
498,707	1764,33
498,919	1444,33
499,131	1699,33
499,343	1350,33
499,555	1535,33
499,767	1651,33
499,979	1568,33
500,191	1721,33
500,402	1473,33
500,614	1636,33
500,826	1665,33
501,038	1458,33
501,25	1576,33
501,462	1535,33
501,673	1602,33
501,885	1499,33
502,097	1692,33
502,309	1597,33
502,521	1682,33
502,732	1570,33
502,944	1568,33
503,156	1493,33
503,367	1472,33
503,579	1510,33
503,791	1542,33
504,002	1523,33
504,214	1654,33
504,425	1896,33
504,637	1783,33
504,849	1537,33
505,06	1676,33
505,272	1654,33
505,483	1550,33
505,695	1347,33
505,906	1420,33
506,118	1566,33
506,329	1510,33
506,541	1491,33
506,752	1676,33
506,963	1583,33
507,175	1348,33
507,386	1804,33
507,598	1687,33
507,809	1467,33
508,02	1647,33
508,232	1484,33
508,443	1478,33
508,654	1745,33
508,865	1677,33
509,077	1407,33
509,288	1543,33
509,499	1789,33
509,71	1493,33
509,922	1640,33
510,133	1530,33
510,344	1775,33
510,555	1601,33
510,766	1602,33
510,977	1451,33
511,188	1541,33
511,4	1607,33
511,611	1527,33
511,822	1698,33
512,033	1652,33
512,244	1620,33
512,455	1547,33
512,666	1652,33
512,877	1676,33
513,088	1599,33
513,299	1590,33
513,51	1653,33
513,721	1629,33
513,931	1638,33
514,142	1778,33
514,353	1772,33
514,564	1671,33
514,775	1570,33
514,986	1659,33
515,196	1732,33
515,407	1520,33
515,618	1578,33
515,829	1515,33
516,04	1773,33
516,25	1430,33
516,461	1545,33
516,672	1616,33
516,882	1289,33
517,093	1762,33
517,304	1514,33
517,514	1429,33
517,725	1584,33
517,936	1468,33
518,146	1481,33
518,357	1582,33
518,567	1602,33
518,778	1840,33
518,988	1481,33
519,199	1708,33
519,409	1501,33
519,62	1640,33
519,83	1562,33
520,041	1627,33
520,251	1621,33
520,462	1687,33
520,672	1548,33
520,882	1653,33
521,093	1613,33
521,303	1687,33
521,513	1549,33
521,724	2659,33
521,934	1473,33
522,144	1657,33
522,355	1549,33
522,565	1569,33
522,775	1574,33
522,985	1407,33
523,196	1656,33
523,406	1420,33
523,616	1688,33
523,826	1582,33
524,036	2458,33
524,246	1560,33
524,457	1491,33
524,667	1487,33
524,877	1312,33
525,087	1513,33
525,297	1718,33
525,507	1645,33
525,717	1469,33
525,927	1623,33
526,137	1506,33
526,347	1619,33
526,557	1495,33
526,767	1568,33
526,977	1847,33
527,187	1624,33
527,397	1449,33
527,607	1500,33
527,816	1598,33
528,026	1506,33
528,236	1556,33
528,446	1584,33
528,656	1555,33
528,865	1799,33
529,075	1509,33
529,285	1569,33
529,495	1650,33
529,704	1655,33
529,914	1619,33
530,124	1546,33
530,334	1501,33
530,543	1555,33
530,753	1947,33
530,963	1992,33
531,172	1544,33
531,382	1472,33
531,591	1763,33
531,801	1491,33
532,01	1462,33
532,22	1648,33
532,43	1597,33
532,639	1845,33
532,849	1587,33
533,058	1576,33
533,267	1765,33
533,477	1465,33
533,686	1509,33
533,896	1557,33
534,105	1638,33
534,315	1680,33
534,524	1581,33
534,733	1575,33
534,943	1719,33
535,152	1678,33
535,361	1456,33
535,57	1613,33
535,78	1564,33
535,989	1663,33
536,198	1514,33
536,407	1581,33
536,617	1645,33
536,826	1577,33
537,035	1619,33
537,244	1535,33
537,453	1429,33
537,662	1578,33
537,872	1772,33
538,081	1565,33
538,29	1449,33
538,499	1487,33
538,708	1542,33
538,917	1665,33
539,126	1636,33
539,335	1631,33
539,544	2104,33
539,753	1476,33
539,962	1614,33
540,171	1564,33
540,38	1726,33
540,589	1610,33
540,797	1928,33
541,006	1612,33
541,215	1537,33
541,424	1755,33
541,633	1569,33
541,842	1455,33
542,05	1662,33
542,259	1531,33
542,468	1689,33
542,677	1731,33
542,885	1408,33
543,094	1672,33
543,303	1523,33
543,512	1585,33
543,72	1578,33
543,929	1630,33
544,138	1568,33
544,346	1435,33
544,555	1717,33
544,763	1627,33
544,972	1538,33
545,18	1429,33
545,389	1633,33
545,598	1515,33
545,806	1660,33
546,015	1579,33
546,223	1572,33
546,431	1561,33
546,64	1487,33
546,848	1554,33
547,057	1638,33
547,265	1526,33
547,474	1520,33
547,682	1621,33
547,89	1662,33
548,099	1577,33
548,307	1592,33
548,515	1627,33
548,723	1666,33
548,932	1577,33
549,14	1545,33
549,348	1653,33
549,556	1368,33
549,765	1565,33
549,973	1489,33
550,181	1566,33
550,389	1551,33
550,597	1641,33
550,805	1417,33
551,014	1758,33
551,222	4200,33
551,43	1573,33
551,638	1570,33
551,846	1705,33
552,054	1741,33
552,262	1729,33
552,47	1533,33
552,678	1526,33
552,886	1553,33
553,094	1450,33
553,302	1685,33
553,51	1615,33
553,717	1611,33
553,925	1562,33
554,133	1655,33
554,341	1478,33
554,549	1572,33
554,757	1572,33
554,965	1542,33
555,172	1529,33
555,38	1882,33
555,588	1432,33
555,796	1644,33
556,003	1723,33
556,211	1531,33
556,419	1685,33
556,626	1708,33
556,834	1573,33
557,042	1511,33
557,249	1627,33
557,457	1414,33
557,664	1435,33
557,872	1471,33
558,08	1545,33
558,287	1634,33
558,495	1681,33
558,702	1503,33
558,91	1626,33
559,117	1564,33
559,325	1623,33
559,532	1550,33
559,74	1716,33
559,947	1549,33
560,154	1701,33
560,362	1459,33
560,569	1518,33
560,776	1523,33
560,984	1613,33
561,191	1566,33
561,398	1623,33
561,606	1981,33
561,813	1782,33
562,02	1423,33
562,227	1511,33
562,435	1749,33
562,642	1605,33
562,849	1633,33
563,056	1595,33
563,263	1549,33
563,471	1729,33
563,678	1725,33
563,885	1496,33
564,092	1592,33
564,299	1629,33
564,506	1661,33
564,713	1638,33
564,92	1559,33
565,127	1675,33
565,334	1627,33
565,541	1933,33
565,748	1621,33
565,955	1535,33
566,162	1501,33
566,369	1599,33
566,576	1663,33
566,783	1695,33
566,99	1500,33
567,196	1679,33
567,403	1598,33
567,61	1659,33
567,817	1513,33
568,024	1684,33
568,23	1564,33
568,437	1559,33
568,644	1409,33
568,851	1592,33
569,057	1846,33
569,264	1582,33
569,471	1489,33
569,677	1542,33
569,884	1608,33
570,091	1802,33
570,297	2626,33
570,504	1815,33
570,71	1547,33
570,917	1414,33
571,123	1393,33
571,33	1633,33
571,536	1497,33
571,743	1815,33
571,949	1571,33
572,156	1501,33
572,362	1794,33
572,569	1559,33
572,775	1597,33
572,982	1730,33
573,188	1610,33
573,394	1514,33
573,601	1484,33
573,807	1478,33
574,013	1835,33
574,22	1631,33
574,426	1510,33
574,632	1702,33
574,838	1717,33
575,045	1601,33
575,251	1551,33
575,457	1637,33
575,663	1757,33
575,869	1561,33
576,076	1475,33
576,282	1592,33
576,488	1550,33
576,694	1645,33
576,9	1455,33
577,106	1560,33
577,312	1498,33
577,518	1613,33
577,724	1624,33
577,93	1640,33
578,136	1535,33
578,342	1584,33
578,548	1570,33
578,754	1540,33
578,96	1544,33
579,166	1506,33
579,372	1956,33
579,578	1628,33
579,784	1541,33
579,989	1486,33
580,195	1580,33
580,401	1613,33
580,607	1705,33
580,813	1610,33
581,018	1625,33
581,224	1622,33
581,43	1614,33
581,636	1573,33
581,841	1655,33
582,047	1679,33
582,253	1675,33
582,458	1597,33
582,664	1551,33
582,869	1578,33
583,075	1473,33
583,281	2129,33
583,486	1623,33
583,692	1572,33
583,897	1677,33
584,103	1647,33
584,308	1655,33
584,514	1573,33
584,719	1684,33
584,925	1669,33
585,13	1609,33
585,335	1598,33
585,541	1605,33
585,746	1595,33
585,952	1522,33
586,157	1567,33
586,362	1574,33
586,568	1597,33
586,773	1690,33
586,978	1610,33
587,183	1601,33
587,389	1602,33
587,594	1514,33
587,799	1656,33
588,004	1858,33
588,21	1375,33
588,415	1565,33
588,62	1695,33
588,825	1782,33
589,03	1588,33
589,235	2032,33
589,44	1701,33
589,645	1568,33
589,85	1703,33
590,055	1791,33
590,26	1613,33
590,465	1618,33
590,67	1634,33
590,875	1788,33
591,08	1729,33
591,285	1585,33
591,49	1653,33
591,695	1622,33
591,9	1562,33
592,105	1629,33
592,31	1509,33
592,515	1860,33
592,719	1483,33
592,924	1505,33
593,129	1553,33
593,334	1620,33
593,539	1605,33
593,743	1775,33
593,948	1531,33
594,153	1548,33
594,357	1830,33
594,562	1649,33
594,767	2011,33
594,971	1433,33
595,176	1613,33
595,381	1736,33
595,585	1553,33
595,79	1867,33
595,994	1527,33
596,199	1992,33
596,403	1549,33
596,608	1526,33
596,812	1615,33
597,017	1653,33
597,221	1815,33
597,426	1773,33
597,63	1629,33
597,835	1512,33
598,039	1502,33
598,243	1549,33
598,448	1817,33
598,652	1629,33
598,856	1565,33
599,061	1704,33
599,265	1502,33
599,469	1493,33
599,673	1622,33
599,878	1665,33
600,082	1500,33
600,286	1780,33
600,49	1574,33
600,695	1327,33
600,899	1558,33
601,103	1671,33
601,307	1627,33
601,511	1614,33
601,715	1505,33
601,919	1397,33
602,123	1713,33
602,327	1624,33
602,531	1662,33
602,735	1677,33
602,939	1686,33
603,143	1479,33
603,347	1711,33
603,551	1575,33
603,755	1595,33
603,959	1603,33
604,163	1637,33
604,367	1601,33
604,571	1524,33
604,775	1723,33
604,978	1400,33
605,182	1191,33
605,386	1706,33
605,59	1571,33
605,793	1512,33
605,997	1754,33
606,201	1639,33
606,405	1601,33
606,608	1713,33
606,812	1592,33
607,016	1795,33
607,219	1462,33
607,423	1497,33
607,627	1771,33
607,83	1527,33
608,034	1464,33
608,237	1622,33
608,441	1527,33
608,644	1691,33
608,848	1734,33
609,051	1853,33
609,255	1562,33
609,458	1671,33
609,662	1602,33
609,865	1681,33
610,069	1560,33
610,272	1412,33
610,475	1553,33
610,679	1566,33
610,882	1574,33
611,085	1582,33
611,289	1641,33
611,492	1570,33
611,695	1513,33
611,898	1570,33
612,102	1655,33
612,305	1668,33
612,508	1591,33
612,711	1717,33
612,914	1534,33
613,118	1634,33
613,321	1744,33
613,524	1805,33
613,727	1450,33
613,93	1415,33
614,133	1675,33
614,336	1614,33
614,539	1493,33
614,742	1477,33
614,945	1551,33
615,148	1693,33
615,351	1598,33
615,554	1766,33
615,757	1514,33
615,96	1627,33
616,163	1591,33
616,366	1688,33
616,569	1595,33
616,772	1775,33
616,974	1599,33
617,177	1830,33
617,38	1633,33
617,583	1522,33
617,786	1536,33
617,988	1460,33
618,191	1803,33
618,394	1515,33
618,596	1446,33
618,799	1603,33
619,002	1613,33
619,204	1633,33
619,407	1599,33
619,61	1487,33
619,812	1552,33
620,015	1576,33
620,217	1700,33
620,42	1591,33
620,623	1555,33
620,825	1603,33
621,028	1795,33
621,23	1745,33
621,432	1635,33
621,635	1700,33
621,837	1610,33
622,04	1391,33
622,242	1518,33
622,445	1721,33
622,647	1659,33
622,849	1681,33
623,052	1409,33
623,254	1643,33
623,456	1424,33
623,658	1721,33
623,861	1703,33
624,063	1574,33
624,265	1604,33
624,467	1651,33
624,67	1449,33
624,872	1671,33
625,074	1845,33
625,276	1809,33
625,478	1631,33
625,68	1433,33
625,882	1387,33
626,084	1569,33
626,287	1786,33
626,489	1691,33
626,691	1559,33
626,893	1688,33
627,095	1645,33
627,297	1649,33
627,499	1575,33
627,7	1423,33
627,902	1441,33
628,104	1411,33
628,306	1538,33
628,508	1532,33
628,71	1582,33
628,912	1620,33
629,114	1844,33
629,315	1593,33
629,517	1509,33
629,719	1529,33
629,921	1509,33
630,122	1678,33
630,324	1725,33
630,526	1619,33
630,728	1583,33
630,929	1643,33
631,131	1524,33
631,332	1694,33
631,534	1748,33
631,736	1655,33
631,937	1452,33
632,139	1569,33
632,34	1636,33
632,542	1673,33
632,743	1681,33
632,945	1471,33
633,146	1619,33
633,348	1651,33
633,549	1652,33
633,751	1545,33
633,952	1623,33
634,154	1478,33
634,355	1493,33
634,556	1526,33
634,758	1567,33
634,959	1569,33
635,16	1721,33
635,362	1539,33
635,563	1662,33
635,764	1614,33
635,965	1628,33
636,167	1638,33
636,368	1590,33
636,569	1558,33
636,77	1748,33
636,971	1558,33
637,172	1696,33
637,374	1454,33
637,575	1741,33
637,776	1432,33
637,977	1453,33
638,178	1614,33
638,379	1607,33
638,58	1623,33
638,781	904,33
638,982	1555,33
639,183	1818,33
639,384	1448,33
639,585	1495,33
639,786	1475,33
639,987	1628,33
640,187	1711,33
640,388	1673,33
640,589	1459,33
640,79	1519,33
640,991	1575,33
641,192	1734,33
641,392	1449,33
641,593	1509,33
641,794	1397,33
641,995	1474,33
642,195	1327,33
642,396	1534,33
642,597	1451,33
642,797	1419,33
642,998	1647,33
643,199	1435,33
643,399	1647,33
643,6	1453,33
643,8	1454,33
644,001	1596,33
644,202	1611,33
644,402	1545,33
644,603	1650,33
644,803	1465,33
645,004	1666,33
645,204	1375,33
645,404	1569,33
645,605	1948,33
645,805	1446,33
646,006	1422,33
646,206	2006,33
646,406	1412,33
646,607	1323,33
646,807	1463,33
647,007	68,33
647,208	-73,67
647,408	-53,67
647,608	32,33
