200,697	968,5
200,927	7,5
201,158	35,5
201,388	38,5
201,618	1576,5
201,849	1390,5
202,079	1638,5
202,309	1554,5
202,539	1773,5
202,77	1518,5
203	1790,5
203,23	1587,5
203,46	1683,5
203,691	1723,5
203,921	1688,5
204,151	1666,5
204,381	1535,5
204,611	1667,5
204,841	1539,5
205,071	1546,5
205,302	1798,5
205,532	1700,5
205,762	3761,5
205,992	1594,5
206,222	1574,5
206,452	1787,5
206,682	1657,5
206,912	1692,5
207,142	1817,5
207,372	1730,5
207,602	1561,5
207,832	1598,5
208,062	1716,5
208,292	1746,5
208,522	1528,5
208,752	1933,5
208,982	1616,5
209,212	1846,5
209,442	1677,5
209,672	1475,5
209,902	1622,5
210,131	1739,5
210,361	1585,5
210,591	1668,5
210,821	1627,5
211,051	1795,5
211,281	1673,5
211,51	1708,5
211,74	1764,5
211,97	1715,5
212,2	1624,5
212,429	1940,5
212,659	1645,5
212,889	1643,5
213,119	1487,5
213,348	1636,5
213,578	1830,5
213,808	1828,5
214,037	1772,5
214,267	1750,5
214,497	1735,5
214,726	1621,5
214,956	1591,5
215,186	1650,5
215,415	1740,5
215,645	1691,5
215,874	1685,5
216,104	1656,5
216,333	1635,5
216,563	1816,5
216,792	1706,5
217,022	1762,5
217,251	1777,5
217,481	1631,5
217,71	1730,5
217,94	1716,5
218,169	1803,5
218,399	1733,5
218,628	1616,5
218,858	1814,5
219,087	1752,5
219,316	1991,5
219,546	1753,5
219,775	1707,5
220,004	1836,5
220,234	1664,5
220,463	1782,5
220,692	1778,5
220,922	1676,5
221,151	1758,5
221,38	1644,5
221,61	2131,5
221,839	1905,5
222,068	1751,5
222,297	1797,5
222,526	1679,5
222,756	1831,5
222,985	1831,5
223,214	1746,5
223,443	1675,5
223,672	2238,5
223,902	1651,5
224,131	1735,5
224,36	1863,5
224,589	1596,5
224,818	1723,5
225,047	1852,5
225,276	1681,5
225,505	2022,5
225,734	1735,5
225,963	1663,5
226,192	1658,5
226,421	1662,5
226,65	1819,5
226,879	1745,5
227,108	1920,5
227,337	1910,5
227,566	1937,5
227,795	1821,5
228,024	1784,5
228,253	1789,5
228,482	1650,5
228,711	1869,5
228,94	1588,5
229,168	1737,5
229,397	1798,5
229,626	1814,5
229,855	1745,5
230,084	1752,5
230,313	1673,5
230,541	1933,5
230,77	1717,5
230,999	1730,5
231,228	1923,5
231,456	1932,5
231,685	1806,5
231,914	2167,5
232,143	1881,5
232,371	1885,5
232,6	1835,5
232,829	1828,5
233,057	1996,5
233,286	1906,5
233,515	1832,5
233,743	1829,5
233,972	1792,5
234,2	1903,5
234,429	1894,5
234,658	2004,5
234,886	1827,5
235,115	1970,5
235,343	1916,5
235,572	1876,5
235,8	2092,5
236,029	2274,5
236,257	1900,5
236,486	2061,5
236,714	2068,5
236,943	2107,5
237,171	1960,5
237,399	1790,5
237,628	2045,5
237,856	2057,5
238,085	2033,5
238,313	1954,5
238,541	2002,5
238,77	2327,5
238,998	1995,5
239,226	2038,5
239,455	2046,5
239,683	2067,5
239,911	1978,5
240,14	2160,5
240,368	2131,5
240,596	1774,5
240,824	1968,5
241,053	2106,5
241,281	2060,5
241,509	2122,5
241,737	2012,5
241,965	1957,5
242,193	2018,5
242,422	2101,5
242,65	1907,5
242,878	2041,5
243,106	2063,5
243,334	2070,5
243,562	2113,5
243,79	2069,5
244,018	2151,5
244,246	2092,5
244,474	2070,5
244,702	2035,5
244,93	2090,5
245,158	2108,5
245,386	2025,5
245,614	2182,5
245,842	2256,5
246,07	2108,5
246,298	2221,5
246,526	2616,5
246,754	1831,5
246,982	2159,5
247,21	2111,5
247,438	2078,5
247,666	2083,5
247,893	1946,5
248,121	2152,5
248,349	1979,5
248,577	2066,5
248,805	2245,5
249,033	2121,5
249,26	2134,5
249,488	2055,5
249,716	2216,5
249,944	2122,5
250,171	1903,5
250,399	2127,5
250,627	2352,5
250,854	2328,5
251,082	1979,5
251,31	2209,5
251,537	2149,5
251,765	2369,5
251,993	1978,5
252,22	2474,5
252,448	2054,5
252,676	2232,5
252,903	2178,5
253,131	2474,5
253,358	2092,5
253,586	2026,5
253,813	2040,5
254,041	2253,5
254,268	2192,5
254,496	2012,5
254,723	2012,5
254,951	2197,5
255,178	2137,5
255,406	2180,5
255,633	2233,5
255,86	2317,5
256,088	2139,5
256,315	2343,5
256,543	2342,5
256,77	2285,5
256,997	2207,5
257,225	2176,5
257,452	2013,5
257,679	2152,5
257,907	2313,5
258,134	2098,5
258,361	2226,5
258,588	2099,5
258,816	2212,5
259,043	2142,5
259,27	2232,5
259,497	2056,5
259,725	2166,5
259,952	2142,5
260,179	1978,5
260,406	2197,5
260,633	2219,5
260,86	2173,5
261,088	2132,5
261,315	2427,5
261,542	2056,5
261,769	2158,5
261,996	2426,5
262,223	2384,5
262,45	2331,5
262,677	2057,5
262,904	2196,5
263,131	2255,5
263,358	2186,5
263,585	2220,5
263,812	2537,5
264,039	2423,5
264,266	2250,5
264,493	2238,5
264,72	2216,5
264,947	2191,5
265,174	2480,5
265,401	2352,5
265,627	2507,5
265,854	2246,5
266,081	2366,5
266,308	2259,5
266,535	2251,5
266,762	2228,5
266,988	2650,5
267,215	2366,5
267,442	2352,5
267,669	2370,5
267,896	2298,5
268,122	2445,5
268,349	2281,5
268,576	2105,5
268,802	2228,5
269,029	2452,5
269,256	2373,5
269,482	2328,5
269,709	2206,5
269,936	2158,5
270,162	2601,5
270,389	2309,5
270,616	2403,5
270,842	2547,5
271,069	2525,5
271,295	2507,5
271,522	2415,5
271,748	2530,5
271,975	2690,5
272,201	2832,5
272,428	2708,5
272,654	2702,5
272,881	2992,5
273,107	2764,5
273,334	2936,5
273,56	3121,5
273,787	2916,5
274,013	3135,5
274,239	3446,5
274,466	3190,5
274,692	3277,5
274,918	3363,5
275,145	3390,5
275,371	3424,5
275,597	3726,5
275,824	3642,5
276,05	3714,5
276,276	3858,5
276,503	3722,5
276,729	3964,5
276,955	3861,5
277,181	4108,5
277,407	4056,5
277,634	4380,5
277,86	4276,5
278,086	4367,5
278,312	4370,5
278,538	4304,5
278,764	4395,5
278,991	4537,5
279,217	4364,5
279,443	4457,5
279,669	4542,5
279,895	4704,5
280,121	4632,5
280,347	4690,5
280,573	4743,5
280,799	4787,5
281,025	5001,5
281,251	4825,5
281,477	5106,5
281,703	5039,5
281,929	5080,5
282,155	5123,5
282,381	5274,5
282,607	5286,5
282,833	5307,5
283,059	5497,5
283,285	5338,5
283,51	5334,5
283,736	5349,5
283,962	5494,5
284,188	5544,5
284,414	5520,5
284,64	5397,5
284,865	5706,5
285,091	5518,5
285,317	5680,5
285,543	5839,5
285,768	5769,5
285,994	5806,5
286,22	6083,5
286,446	5960,5
286,671	5662,5
286,897	5916,5
287,123	5797,5
287,348	5843,5
287,574	6512,5
287,799	6084,5
288,025	5992,5
288,251	6404,5
288,476	6070,5
288,702	6187,5
288,927	6444,5
289,153	6174,5
289,378	6523,5
289,604	6282,5
289,829	6224,5
290,055	6293,5
290,28	6405,5
290,506	6475,5
290,731	6407,5
290,957	6618,5
291,182	6556,5
291,408	6725,5
291,633	6598,5
291,858	6541,5
292,084	6735,5
292,309	6676,5
292,535	6564,5
292,76	6862,5
292,985	6796,5
293,211	6750,5
293,436	6663,5
293,661	6662,5
293,886	6796,5
294,112	7044,5
294,337	6903,5
294,562	6667,5
294,787	7009,5
295,013	6840,5
295,238	6683,5
295,463	7054,5
295,688	6987,5
295,913	6852,5
296,138	6826,5
296,364	6706,5
296,589	6791,5
296,814	6582,5
297,039	6653,5
297,264	6646,5
297,489	6729,5
297,714	6757,5
297,939	6704,5
298,164	6822,5
298,389	6817,5
298,614	6740,5
298,839	6820,5
299,064	7228,5
299,289	7202,5
299,514	7256,5
299,739	7197,5
299,964	7070,5
300,189	7145,5
300,414	7284,5
300,639	7484,5
300,863	7075,5
301,088	7612,5
301,313	7258,5
301,538	7296,5
301,763	7222,5
301,988	7314,5
302,212	7318,5
302,437	7812,5
302,662	7217,5
302,887	7329,5
303,111	7300,5
303,336	7600,5
303,561	7447,5
303,786	7289,5
304,01	7273,5
304,235	7396,5
304,46	7100,5
304,684	7220,5
304,909	7213,5
305,134	7075,5
305,358	7301,5
305,583	7043,5
305,807	7268,5
306,032	6777,5
306,256	6963,5
306,481	6805,5
306,706	7004,5
306,93	6940,5
307,155	7436,5
307,379	7158,5
307,604	7362,5
307,828	7202,5
308,052	7435,5
308,277	7543,5
308,501	7406,5
308,726	7472,5
308,95	7392,5
309,175	7346,5
309,399	7494,5
309,623	7434,5
309,848	7213,5
310,072	7167,5
310,296	7680,5
310,521	7387,5
310,745	7274,5
310,969	7575,5
311,193	7530,5
311,418	7365,5
311,642	7502,5
311,866	7330,5
312,09	7331,5
312,315	7413,5
312,539	7485,5
312,763	7264,5
312,987	7464,5
313,211	7265,5
313,435	7472,5
313,659	7352,5
313,884	7558,5
314,108	7624,5
314,332	7529,5
314,556	7230,5
314,78	7496,5
315,004	7392,5
315,228	7448,5
315,452	7313,5
315,676	7315,5
315,9	7536,5
316,124	7132,5
316,348	7272,5
316,572	7435,5
316,796	7303,5
317,02	7197,5
317,244	7274,5
317,468	7037,5
317,691	7313,5
317,915	7253,5
318,139	7112,5
318,363	7423,5
318,587	7003,5
318,811	7117,5
319,034	6897,5
319,258	7050,5
319,482	7246,5
319,706	7153,5
319,93	7096,5
320,153	7000,5
320,377	6984,5
320,601	6999,5
320,824	7001,5
321,048	7199,5
321,272	7131,5
321,495	7117,5
321,719	7115,5
321,943	6853,5
322,166	7168,5
322,39	7170,5
322,614	7179,5
322,837	7327,5
323,061	7048,5
323,284	7303,5
323,508	7221,5
323,731	7023,5
323,955	7273,5
324,178	7084,5
324,402	7264,5
324,625	7280,5
324,849	7082,5
325,072	7368,5
325,296	7173,5
325,519	7116,5
325,743	7160,5
325,966	7363,5
326,189	7384,5
326,413	6873,5
326,636	7346,5
326,859	7353,5
327,083	7349,5
327,306	7110,5
327,529	6931,5
327,753	6998,5
327,976	7056,5
328,199	7122,5
328,422	7095,5
328,646	7064,5
328,869	6979,5
329,092	7149,5
329,315	7344,5
329,538	7145,5
329,762	7313,5
329,985	7153,5
330,208	7083,5
330,431	7373,5
330,654	7395,5
330,877	7354,5
331,1	7322,5
331,323	7467,5
331,546	7458,5
331,769	7478,5
331,993	7270,5
332,216	7440,5
332,439	7354,5
332,662	7381,5
332,885	7270,5
333,107	7346,5
333,33	7312,5
333,553	7571,5
333,776	7268,5
333,999	7391,5
334,222	7252,5
334,445	7071,5
334,668	7379,5
334,891	7534,5
335,114	7265,5
335,336	7378,5
335,559	7504,5
335,782	7614,5
336,005	7227,5
336,228	7261,5
336,45	7393,5
336,673	7291,5
336,896	7398,5
337,119	7485,5
337,341	7341,5
337,564	7348,5
337,787	7350,5
338,009	7377,5
338,232	7431,5
338,455	7412,5
338,677	7505,5
338,9	7371,5
339,122	7405,5
339,345	7284,5
339,568	7294,5
339,79	7364,5
340,013	7520,5
340,235	7539,5
340,458	7470,5
340,68	7512,5
340,903	7354,5
341,125	7388,5
341,348	7396,5
341,57	7435,5
341,793	7559,5
342,015	7093,5
342,238	7458,5
342,46	7404,5
342,682	7588,5
342,905	7310,5
343,127	7340,5
343,349	7311,5
343,572	7396,5
343,794	7408,5
344,016	7397,5
344,239	7359,5
344,461	7206,5
344,683	7374,5
344,905	7447,5
345,128	7613,5
345,35	7685,5
345,572	7733,5
345,794	7813,5
346,017	7626,5
346,239	7770,5
346,461	7662,5
346,683	7744,5
346,905	7900,5
347,127	8017,5
347,349	7822,5
347,571	7892,5
347,793	8124,5
348,016	7913,5
348,238	7932,5
348,46	8072,5
348,682	7856,5
348,904	8111,5
349,126	8013,5
349,348	8001,5
349,57	8038,5
349,792	7914,5
350,014	8139,5
350,235	8037,5
350,457	8489,5
350,679	8190,5
350,901	8048,5
351,123	8105,5
351,345	8115,5
351,567	8163,5
351,789	8203,5
352,01	8201,5
352,232	7988,5
352,454	7859,5
352,676	7974,5
352,897	7950,5
353,119	7768,5
353,341	7710,5
353,563	7620,5
353,784	7697,5
354,006	7717,5
354,228	7818,5
354,449	7872,5
354,671	8175,5
354,893	8221,5
355,114	8309,5
355,336	8445,5
355,558	8244,5
355,779	8392,5
356,001	8454,5
356,222	8365,5
356,444	8388,5
356,665	9032,5
356,887	8445,5
357,108	8548,5
357,33	8525,5
357,551	8634,5
357,773	8678,5
357,994	8607,5
358,216	8577,5
358,437	8654,5
358,659	8715,5
358,88	8619,5
359,101	8878,5
359,323	8694,5
359,544	8643,5
359,765	8650,5
359,987	8742,5
360,208	8762,5
360,429	8743,5
360,651	9084,5
360,872	8923,5
361,093	8856,5
361,314	8829,5
361,536	8800,5
361,757	8841,5
361,978	8777,5
362,199	8600,5
362,42	8648,5
362,642	8811,5
362,863	8996,5
363,084	8734,5
363,305	8918,5
363,526	8694,5
363,747	8512,5
363,968	8820,5
364,189	8905,5
364,41	8656,5
364,631	8588,5
364,852	8740,5
365,073	8736,5
365,294	8699,5
365,515	8550,5
365,736	8873,5
365,957	8809,5
366,178	8756,5
366,399	8910,5
366,62	8983,5
366,841	9031,5
367,062	9067,5
367,283	8908,5
367,504	8921,5
367,724	8856,5
367,945	8766,5
368,166	9181,5
368,387	8785,5
368,608	9086,5
368,828	9143,5
369,049	8844,5
369,27	8850,5
369,491	8915,5
369,711	8950,5
369,932	8979,5
370,153	8811,5
370,373	8919,5
370,594	9007,5
370,815	8954,5
371,035	8997,5
371,256	8721,5
371,477	8886,5
371,697	8732,5
371,918	8542,5
372,138	8833,5
372,359	8960,5
372,579	8620,5
372,8	8718,5
373,02	8737,5
373,241	8846,5
373,461	8732,5
373,682	8764,5
373,902	8709,5
374,123	8540,5
374,343	8877,5
374,564	8705,5
374,784	8624,5
375,004	8663,5
375,225	8402,5
375,445	8266,5
375,666	8484,5
375,886	8180,5
376,106	8147,5
376,326	8329,5
376,547	8479,5
376,767	8646,5
376,987	8640,5
377,208	8741,5
377,428	8677,5
377,648	8819,5
377,868	8938,5
378,088	9009,5
378,309	8996,5
378,529	9135,5
378,749	9192,5
378,969	8924,5
379,189	9031,5
379,409	8816,5
379,629	8721,5
379,849	8667,5
380,069	8649,5
380,29	8559,5
380,51	8647,5
380,73	8613,5
380,95	8632,5
381,17	8494,5
381,39	8268,5
381,61	8266,5
381,829	8461,5
382,049	8299,5
382,269	8542,5
382,489	8318,5
382,709	8049,5
382,929	8168,5
383,149	8199,5
383,369	8217,5
383,589	8028,5
383,808	8170,5
384,028	8016,5
384,248	8242,5
384,468	8175,5
384,688	8131,5
384,907	8126,5
385,127	8181,5
385,347	8196,5
385,567	8230,5
385,786	8520,5
386,006	8296,5
386,226	8377,5
386,445	8296,5
386,665	8384,5
386,885	8573,5
387,104	8550,5
387,324	8503,5
387,543	8530,5
387,763	8698,5
387,982	8784,5
388,202	8544,5
388,422	8667,5
388,641	8437,5
388,861	8390,5
389,08	8369,5
389,3	8215,5
389,519	8439,5
389,738	8154,5
389,958	8340,5
390,177	8277,5
390,397	8352,5
390,616	8418,5
390,836	8484,5
391,055	8316,5
391,274	8472,5
391,494	8447,5
391,713	8628,5
391,932	8764,5
392,151	8907,5
392,371	8801,5
392,59	8778,5
392,809	8849,5
393,029	8576,5
393,248	8277,5
393,467	7872,5
393,686	7927,5
393,905	9095,5
394,124	8022,5
394,344	8132,5
394,563	8105,5
394,782	7908,5
395,001	8035,5
395,22	7970,5
395,439	8211,5
395,658	7903,5
395,877	8234,5
396,096	8161,5
396,315	8312,5
396,534	8219,5
396,753	8382,5
396,972	8412,5
397,191	8700,5
397,41	8718,5
397,629	8767,5
397,848	8679,5
398,067	8873,5
398,286	8875,5
398,505	8683,5
398,724	8559,5
398,943	8959,5
399,161	8097,5
399,38	8113,5
399,599	8185,5
399,818	8002,5
400,037	8002,5
400,255	7881,5
400,474	8133,5
400,693	7989,5
400,912	8127,5
401,13	7781,5
401,349	7756,5
401,568	7603,5
401,786	7726,5
402,005	7729,5
402,224	7548,5
402,442	7574,5
402,661	7463,5
402,88	7515,5
403,098	7510,5
403,317	7568,5
403,535	7444,5
403,754	7403,5
403,972	7590,5
404,191	7524,5
404,409	7496,5
404,628	8388,5
404,846	7787,5
405,065	7862,5
405,283	7791,5
405,502	7678,5
405,72	7521,5
405,938	7315,5
406,157	7180,5
406,375	7168,5
406,594	7371,5
406,812	7195,5
407,03	7156,5
407,249	6967,5
407,467	7256,5
407,685	7352,5
407,903	7266,5
408,122	7550,5
408,34	7507,5
408,558	7297,5
408,776	7227,5
408,995	7194,5
409,213	7300,5
409,431	7441,5
409,649	7400,5
409,867	7122,5
410,085	7106,5
410,303	7088,5
410,522	6793,5
410,74	6889,5
410,958	6916,5
411,176	6976,5
411,394	6915,5
411,612	6949,5
411,83	7214,5
412,048	7229,5
412,266	7228,5
412,484	7219,5
412,702	7434,5
412,92	7042,5
413,138	7130,5
413,356	7056,5
413,573	6992,5
413,791	7134,5
414,009	6613,5
414,227	6950,5
414,445	6644,5
414,663	6680,5
414,881	6780,5
415,098	6805,5
415,316	6712,5
415,534	7117,5
415,752	6662,5
415,969	6952,5
416,187	6768,5
416,405	6627,5
416,623	6837,5
416,84	6608,5
417,058	6646,5
417,276	6828,5
417,493	6705,5
417,711	6660,5
417,928	6703,5
418,146	6571,5
418,364	6791,5
418,581	6670,5
418,799	6455,5
419,016	6579,5
419,234	6794,5
419,451	7245,5
419,669	6919,5
419,886	6955,5
420,104	6942,5
420,321	7062,5
420,539	7159,5
420,756	7384,5
420,974	7362,5
421,191	7474,5
421,408	7648,5
421,626	7487,5
421,843	7297,5
422,06	7198,5
422,278	7027,5
422,495	7098,5
422,712	6934,5
422,93	6842,5
423,147	7185,5
423,364	6843,5
423,581	6864,5
423,799	6703,5
424,016	6824,5
424,233	6885,5
424,45	6790,5
424,667	6922,5
424,884	6616,5
425,102	6852,5
425,319	6576,5
425,536	6554,5
425,753	6652,5
425,97	6422,5
426,187	6790,5
426,404	6580,5
426,621	6936,5
426,838	7030,5
427,055	6962,5
427,272	6950,5
427,489	7002,5
427,706	6492,5
427,923	6732,5
428,14	6740,5
428,357	7013,5
428,574	7011,5
428,791	7041,5
429,008	7284,5
429,224	7443,5
429,441	7455,5
429,658	7699,5
429,875	7831,5
430,092	7693,5
430,308	7598,5
430,525	7365,5
430,742	7153,5
430,959	7069,5
431,175	6720,5
431,392	6388,5
431,609	6410,5
431,826	6265,5
432,042	6330,5
432,259	6165,5
432,476	6613,5
432,692	6304,5
432,909	6528,5
433,125	7011,5
433,342	7199,5
433,559	7157,5
433,775	6794,5
433,992	6592,5
434,208	6236,5
434,425	6347,5
434,641	6495,5
434,858	6633,5
435,074	6624,5
435,291	6268,5
435,507	6436,5
435,723	6473,5
435,94	6579,5
436,156	6690,5
436,373	6794,5
436,589	6394,5
436,805	6665,5
437,022	6349,5
437,238	6277,5
437,454	6411,5
437,671	6390,5
437,887	6489,5
438,103	6451,5
438,319	6382,5
438,536	6636,5
438,752	6498,5
438,968	6412,5
439,184	6400,5
439,4	6238,5
439,616	5966,5
439,833	6252,5
440,049	6258,5
440,265	6574,5
440,481	6649,5
440,697	6997,5
440,913	7288,5
441,129	7107,5
441,345	7286,5
441,561	6994,5
441,777	6752,5
441,993	6701,5
442,209	6494,5
442,425	6714,5
442,641	6601,5
442,857	6661,5
443,073	6850,5
443,289	6724,5
443,505	6754,5
443,721	6802,5
443,937	6479,5
444,152	6306,5
444,368	6580,5
444,584	6568,5
444,8	6621,5
445,016	6306,5
445,231	6352,5
445,447	6437,5
445,663	6476,5
445,879	6339,5
446,094	6534,5
446,31	6528,5
446,526	6411,5
446,742	6276,5
446,957	6165,5
447,173	6219,5
447,388	6243,5
447,604	6139,5
447,82	6087,5
448,035	6184,5
448,251	6088,5
448,466	6086,5
448,682	6072,5
448,897	6012,5
449,113	6195,5
449,328	6227,5
449,544	5973,5
449,759	6363,5
449,975	5701,5
450,19	5921,5
450,406	5783,5
450,621	5704,5
450,836	5700,5
451,052	5729,5
451,267	5642,5
451,483	5743,5
451,698	5608,5
451,913	5740,5
452,129	5763,5
452,344	5552,5
452,559	5670,5
452,774	5615,5
452,99	5338,5
453,205	5783,5
453,42	5585,5
453,635	5496,5
453,85	5342,5
454,066	5395,5
454,281	5369,5
454,496	5546,5
454,711	5673,5
454,926	5552,5
455,141	5380,5
455,356	5341,5
455,571	5301,5
455,786	5371,5
456,001	5262,5
456,217	5052,5
456,432	5268,5
456,647	5265,5
456,861	5473,5
457,076	5391,5
457,291	5479,5
457,506	5377,5
457,721	5329,5
457,936	5483,5
458,151	5463,5
458,366	5602,5
458,581	5344,5
458,796	5668,5
459,01	5730,5
459,225	5448,5
459,44	5305,5
459,655	5428,5
459,87	5179,5
460,084	5183,5
460,299	5259,5
460,514	5325,5
460,729	5710,5
460,943	5302,5
461,158	4972,5
461,373	5029,5
461,587	4991,5
461,802	4529,5
462,016	4894,5
462,231	4670,5
462,446	4736,5
462,66	4776,5
462,875	4941,5
463,089	4962,5
463,304	5001,5
463,518	5216,5
463,733	5066,5
463,947	5094,5
464,162	5091,5
464,376	5198,5
464,591	5344,5
464,805	5167,5
465,02	5360,5
465,234	5487,5
465,448	5396,5
465,663	5320,5
465,877	5086,5
466,091	4858,5
466,306	4938,5
466,52	4947,5
466,734	4579,5
466,949	4567,5
467,163	4625,5
467,377	4560,5
467,591	4756,5
467,806	4542,5
468,02	4379,5
468,234	4308,5
468,448	4503,5
468,662	4340,5
468,876	4571,5
469,091	4216,5
469,305	4197,5
469,519	4067,5
469,733	4124,5
469,947	4067,5
470,161	4275,5
470,375	4276,5
470,589	4154,5
470,803	4150,5
471,017	4078,5
471,231	4065,5
471,445	3982,5
471,659	4125,5
471,873	4113,5
472,087	3914,5
472,301	4294,5
472,515	4080,5
472,728	4228,5
472,942	4268,5
473,156	4263,5
473,37	4184,5
473,584	4179,5
473,798	4184,5
474,011	4134,5
474,225	4139,5
474,439	4333,5
474,653	4432,5
474,866	4347,5
475,08	4342,5
475,294	4341,5
475,507	4278,5
475,721	4116,5
475,935	4260,5
476,148	4059,5
476,362	4030,5
476,576	4034,5
476,789	3859,5
477,003	4092,5
477,216	4051,5
477,43	4157,5
477,643	4267,5
477,857	4293,5
478,07	4126,5
478,284	4137,5
478,497	3889,5
478,711	4025,5
478,924	4028,5
479,138	4007,5
479,351	4057,5
479,564	4158,5
479,778	4249,5
479,991	4107,5
480,204	4097,5
480,418	4178,5
480,631	4030,5
480,844	4261,5
481,058	4164,5
481,271	4368,5
481,484	4289,5
481,697	4169,5
481,911	4144,5
482,124	4039,5
482,337	4107,5
482,55	3943,5
482,763	3942,5
482,976	4134,5
483,19	3906,5
483,403	4049,5
483,616	4316,5
483,829	4375,5
484,042	4238,5
484,255	4389,5
484,468	4299,5
484,681	4260,5
484,894	5086,5
485,107	8271,5
485,32	11310,5
485,533	11057,5
485,746	9879,5
485,959	8072,5
486,172	6582,5
486,385	5125,5
486,598	4752,5
486,81	4270,5
487,023	4236,5
487,236	4298,5
487,449	4091,5
487,662	3827,5
487,875	3764,5
488,087	3804,5
488,3	3679,5
488,513	3697,5
488,726	3630,5
488,938	3856,5
489,151	3746,5
489,364	3718,5
489,576	3701,5
489,789	3756,5
490,002	3673,5
490,214	3564,5
490,427	3582,5
490,64	3682,5
490,852	3643,5
491,065	3556,5
491,277	3613,5
491,49	3572,5
491,702	3352,5
491,915	3559,5
492,127	3636,5
492,34	3589,5
492,552	3526,5
492,765	3725,5
492,977	3767,5
493,19	3691,5
493,402	3527,5
493,614	3590,5
493,827	3594,5
494,039	3515,5
494,251	3515,5
494,464	3579,5
494,676	3146,5
494,888	3302,5
495,101	3256,5
495,313	3405,5
495,525	3526,5
495,737	3748,5
495,95	3681,5
496,162	3688,5
496,374	3397,5
496,586	3450,5
496,798	3614,5
497,01	3073,5
497,222	3156,5
497,435	3316,5
497,647	3220,5
497,859	3289,5
498,071	3336,5
498,283	3309,5
498,495	3356,5
498,707	3565,5
498,919	3488,5
499,131	3492,5
499,343	3312,5
499,555	3342,5
499,767	3421,5
499,979	3316,5
500,191	3412,5
500,402	3186,5
500,614	3440,5
500,826	3528,5
501,038	3323,5
501,25	3367,5
501,462	3282,5
501,673	3372,5
501,885	3350,5
502,097	3517,5
502,309	3478,5
502,521	3512,5
502,732	3250,5
502,944	3319,5
503,156	3286,5
503,367	3072,5
503,579	3228,5
503,791	3188,5
504,002	3118,5
504,214	3245,5
504,425	3455,5
504,637	3366,5
504,849	3184,5
505,06	3205,5
505,272	3173,5
505,483	3089,5
505,695	3205,5
505,906	3242,5
506,118	3208,5
506,329	3126,5
506,541	2937,5
506,752	3102,5
506,963	3062,5
507,175	2822,5
507,386	3251,5
507,598	3287,5
507,809	2917,5
508,02	3042,5
508,232	3144,5
508,443	2906,5
508,654	3204,5
508,865	3005,5
509,077	2780,5
509,288	2937,5
509,499	3169,5
509,71	2876,5
509,922	3062,5
510,133	2997,5
510,344	3041,5
510,555	2856,5
510,766	3101,5
510,977	2974,5
511,188	2819,5
511,4	2863,5
511,611	2777,5
511,822	2829,5
512,033	2699,5
512,244	2967,5
512,455	2886,5
512,666	2842,5
512,877	2931,5
513,088	2748,5
513,299	2804,5
513,51	2857,5
513,721	2779,5
513,931	2755,5
514,142	2820,5
514,353	2972,5
514,564	2563,5
514,775	2552,5
514,986	2705,5
515,196	2836,5
515,407	2760,5
515,618	2695,5
515,829	2711,5
516,04	2791,5
516,25	2706,5
516,461	2724,5
516,672	2575,5
516,882	2360,5
517,093	2788,5
517,304	2548,5
517,514	2469,5
517,725	2722,5
517,936	2548,5
518,146	2586,5
518,357	2822,5
518,567	2612,5
518,778	2939,5
518,988	2678,5
519,199	2824,5
519,409	2534,5
519,62	2795,5
519,83	2428,5
520,041	2622,5
520,251	2576,5
520,462	2669,5
520,672	2574,5
520,882	2598,5
521,093	2676,5
521,303	2715,5
521,513	2550,5
521,724	3640,5
521,934	2438,5
522,144	2572,5
522,355	2512,5
522,565	2594,5
522,775	2593,5
522,985	2472,5
523,196	2470,5
523,406	2581,5
523,616	2734,5
523,826	2585,5
524,036	3434,5
524,246	2536,5
524,457	2493,5
524,667	2362,5
524,877	2553,5
525,087	2581,5
525,297	2582,5
525,507	2765,5
525,717	2400,5
525,927	2572,5
526,137	2484,5
526,347	2612,5
526,557	2438,5
526,767	2558,5
526,977	2790,5
527,187	2540,5
527,397	2426,5
527,607	2404,5
527,816	2480,5
528,026	2559,5
528,236	2752,5
528,446	2710,5
528,656	2505,5
528,865	2769,5
529,075	2463,5
529,285	2531,5
529,495	2723,5
529,704	2605,5
529,914	2539,5
530,124	2582,5
530,334	2404,5
530,543	2469,5
530,753	2807,5
530,963	2887,5
531,172	2462,5
531,382	2416,5
531,591	2740,5
531,801	2423,5
532,01	2440,5
532,22	2446,5
532,43	2530,5
532,639	2769,5
532,849	2664,5
533,058	2548,5
533,267	2732,5
533,477	2534,5
533,686	2522,5
533,896	2536,5
534,105	2646,5
534,315	2606,5
534,524	2514,5
534,733	2586,5
534,943	2634,5
535,152	2722,5
535,361	2395,5
535,57	2353,5
535,78	2461,5
535,989	2293,5
536,198	2398,5
536,407	2339,5
536,617	2391,5
536,826	2378,5
537,035	2645,5
537,244	2359,5
537,453	2406,5
537,662	2465,5
537,872	2693,5
538,081	2382,5
538,29	2357,5
538,499	2418,5
538,708	2486,5
538,917	2520,5
539,126	2537,5
539,335	2521,5
539,544	3014,5
539,753	2327,5
539,962	2444,5
540,171	2475,5
540,38	2559,5
540,589	2518,5
540,797	2664,5
541,006	2663,5
541,215	2439,5
541,424	2692,5
541,633	2469,5
541,842	2472,5
542,05	2678,5
542,259	2575,5
542,468	2554,5
542,677	2515,5
542,885	2590,5
543,094	2503,5
543,303	2431,5
543,512	2659,5
543,72	2619,5
543,929	2623,5
544,138	2532,5
544,346	2460,5
544,555	2524,5
544,763	2555,5
544,972	2448,5
545,18	2386,5
545,389	2510,5
545,598	2493,5
545,806	2544,5
546,015	2486,5
546,223	2372,5
546,431	2452,5
546,64	2408,5
546,848	2628,5
547,057	2592,5
547,265	2636,5
547,474	2658,5
547,682	2735,5
547,89	2704,5
548,099	2556,5
548,307	2519,5
548,515	2651,5
548,723	2556,5
548,932	2447,5
549,14	2501,5
549,348	2590,5
549,556	2499,5
549,765	2384,5
549,973	2354,5
550,181	2488,5
550,389	2457,5
550,597	2509,5
550,805	2313,5
551,014	2519,5
551,222	5815,5
551,43	2314,5
551,638	2541,5
551,846	2704,5
552,054	2734,5
552,262	2649,5
552,47	2295,5
552,678	2409,5
552,886	2488,5
553,094	2391,5
553,302	2470,5
553,51	2529,5
553,717	2556,5
553,925	2260,5
554,133	2640,5
554,341	2464,5
554,549	2537,5
554,757	2629,5
554,965	2492,5
555,172	2540,5
555,38	2848,5
555,588	2309,5
555,796	2523,5
556,003	2657,5
556,211	2320,5
556,419	2416,5
556,626	2472,5
556,834	2302,5
557,042	2376,5
557,249	2436,5
557,457	2442,5
557,664	2232,5
557,872	2299,5
558,08	2207,5
558,287	2291,5
558,495	2393,5
558,702	2175,5
558,91	2320,5
559,117	2287,5
559,325	2375,5
559,532	2349,5
559,74	2650,5
559,947	2380,5
560,154	2509,5
560,362	2404,5
560,569	2417,5
560,776	2410,5
560,984	2471,5
561,191	2455,5
561,398	2313,5
561,606	2662,5
561,813	2417,5
562,02	2126,5
562,227	2192,5
562,435	2319,5
562,642	2363,5
562,849	2544,5
563,056	2346,5
563,263	2282,5
563,471	2268,5
563,678	2467,5
563,885	2226,5
564,092	2474,5
564,299	2454,5
564,506	2400,5
564,713	2348,5
564,92	2308,5
565,127	2429,5
565,334	2387,5
565,541	2697,5
565,748	2421,5
565,955	2266,5
566,162	2336,5
566,369	2487,5
566,576	2539,5
566,783	2574,5
566,99	2601,5
567,196	2643,5
567,403	2558,5
567,61	2640,5
567,817	2533,5
568,024	2569,5
568,23	2677,5
568,437	2648,5
568,644	2493,5
568,851	2925,5
569,057	3154,5
569,264	3239,5
569,471	2988,5
569,677	2958,5
569,884	2962,5
570,091	3062,5
570,297	4080,5
570,504	3313,5
570,71	3148,5
570,917	3076,5
571,123	2992,5
571,33	3200,5
571,536	3343,5
571,743	3260,5
571,949	2830,5
572,156	2647,5
572,362	2850,5
572,569	2873,5
572,775	3267,5
572,982	3320,5
573,188	3244,5
573,394	3149,5
573,601	3241,5
573,807	3320,5
574,013	3501,5
574,22	3333,5
574,426	3162,5
574,632	3393,5
574,838	3072,5
575,045	2949,5
575,251	2899,5
575,457	2947,5
575,663	3072,5
575,869	3159,5
576,076	3198,5
576,282	3396,5
576,488	3337,5
576,694	3317,5
576,9	3246,5
577,106	3714,5
577,312	3950,5
577,518	4040,5
577,724	3726,5
577,93	3374,5
578,136	3188,5
578,342	3114,5
578,548	2995,5
578,754	2888,5
578,96	3046,5
579,166	3282,5
579,372	3534,5
579,578	3366,5
579,784	3526,5
579,989	3521,5
580,195	3208,5
580,401	3159,5
580,607	3526,5
580,813	4518,5
581,018	4959,5
581,224	4583,5
581,43	4167,5
581,636	4219,5
581,841	4127,5
582,047	3617,5
582,253	3378,5
582,458	3185,5
582,664	2966,5
582,869	2845,5
583,075	2590,5
583,281	3121,5
583,486	2992,5
583,692	3057,5
583,897	3358,5
584,103	3170,5
584,308	3510,5
584,514	3648,5
584,719	3848,5
584,925	3590,5
585,13	3487,5
585,335	3452,5
585,541	3296,5
585,746	2796,5
585,952	2836,5
586,157	2732,5
586,362	2954,5
586,568	3201,5
586,773	3382,5
586,978	3251,5
587,183	3239,5
587,389	3154,5
587,594	2956,5
587,799	2977,5
588,004	3042,5
588,21	3001,5
588,415	2664,5
588,62	2724,5
588,825	2726,5
589,03	2620,5
589,235	3145,5
589,44	2704,5
589,645	2510,5
589,85	2730,5
590,055	2798,5
590,26	2471,5
590,465	2419,5
590,67	2419,5
590,875	2620,5
591,08	2493,5
591,285	2482,5
591,49	2468,5
591,695	2386,5
591,9	2447,5
592,105	2752,5
592,31	2916,5
592,515	3173,5
592,719	2824,5
592,924	2655,5
593,129	2635,5
593,334	2581,5
593,539	2459,5
593,743	2508,5
593,948	2260,5
594,153	2251,5
594,357	2784,5
594,562	2427,5
594,767	3076,5
594,971	2251,5
595,176	2325,5
595,381	2478,5
595,585	2254,5
595,79	2379,5
595,994	2036,5
596,199	2589,5
596,403	1946,5
596,608	2265,5
596,812	2252,5
597,017	2498,5
597,221	2433,5
597,426	2604,5
597,63	2187,5
597,835	2230,5
598,039	2214,5
598,243	2323,5
598,448	2775,5
598,652	2442,5
598,856	2300,5
599,061	2327,5
599,265	2246,5
599,469	2280,5
599,673	2364,5
599,878	2442,5
600,082	2184,5
600,286	2293,5
600,49	2370,5
600,695	2162,5
600,899	2214,5
601,103	2285,5
601,307	2295,5
601,511	2252,5
601,715	2085,5
601,919	2061,5
602,123	2449,5
602,327	2290,5
602,531	2252,5
602,735	2225,5
602,939	2482,5
603,143	2439,5
603,347	2224,5
603,551	2228,5
603,755	2268,5
603,959	2287,5
604,163	2233,5
604,367	2141,5
604,571	2107,5
604,775	2255,5
604,978	2189,5
605,182	2150,5
605,386	2352,5
605,59	2165,5
605,793	2198,5
605,997	2302,5
606,201	2223,5
606,405	2124,5
606,608	2201,5
606,812	2170,5
607,016	2316,5
607,219	2125,5
607,423	2076,5
607,627	2254,5
607,83	2087,5
608,034	2037,5
608,237	2163,5
608,441	1995,5
608,644	2197,5
608,848	2115,5
609,051	2026,5
609,255	1914,5
609,458	2290,5
609,662	2153,5
609,865	2171,5
610,069	1854,5
610,272	1923,5
610,475	2052,5
610,679	2031,5
610,882	2060,5
611,085	2017,5
611,289	2202,5
611,492	2031,5
611,695	1973,5
611,898	1990,5
612,102	2052,5
612,305	2021,5
612,508	2037,5
612,711	2193,5
612,914	1938,5
613,118	2113,5
613,321	2100,5
613,524	1940,5
613,727	1947,5
613,93	2007,5
614,133	2001,5
614,336	2106,5
614,539	1997,5
614,742	1953,5
614,945	1806,5
615,148	2048,5
615,351	2082,5
615,554	2079,5
615,757	1798,5
615,96	2001,5
616,163	1948,5
616,366	1987,5
616,569	1844,5
616,772	2135,5
616,974	2019,5
617,177	2149,5
617,38	2016,5
617,583	2047,5
617,786	1892,5
617,988	1844,5
618,191	2147,5
618,394	1878,5
618,596	1802,5
618,799	1866,5
619,002	1972,5
619,204	1971,5
619,407	1978,5
619,61	1948,5
619,812	1913,5
620,015	1886,5
620,217	1898,5
620,42	1886,5
620,623	1895,5
620,825	1918,5
621,028	2092,5
621,23	2093,5
621,432	2093,5
621,635	2141,5
621,837	2157,5
622,04	1903,5
622,242	1900,5
622,445	1864,5
622,647	2091,5
622,849	2046,5
623,052	1802,5
623,254	2064,5
623,456	1974,5
623,658	2129,5
623,861	2208,5
624,063	2069,5
624,265	2008,5
624,467	2074,5
624,67	1821,5
624,872	2008,5
625,074	2185,5
625,276	2116,5
625,478	2066,5
625,68	1681,5
625,882	1813,5
626,084	1931,5
626,287	2144,5
626,489	2021,5
626,691	1990,5
626,893	2015,5
627,095	2010,5
627,297	1954,5
627,499	1868,5
627,7	1651,5
627,902	1794,5
628,104	1840,5
628,306	1934,5
628,508	1808,5
628,71	1942,5
628,912	1994,5
629,114	2191,5
629,315	1965,5
629,517	1800,5
629,719	1804,5
629,921	1847,5
630,122	1871,5
630,324	1827,5
630,526	2003,5
630,728	1832,5
630,929	1998,5
631,131	1798,5
631,332	2042,5
631,534	2009,5
631,736	1846,5
631,937	1786,5
632,139	1841,5
632,34	1834,5
632,542	1916,5
632,743	1864,5
632,945	1742,5
633,146	1875,5
633,348	1900,5
633,549	1824,5
633,751	1765,5
633,952	1792,5
634,154	1715,5
634,355	1663,5
634,556	1830,5
634,758	1767,5
634,959	1794,5
635,16	1865,5
635,362	1785,5
635,563	1901,5
635,764	1872,5
635,965	1822,5
636,167	1818,5
636,368	1952,5
636,569	1788,5
636,77	1947,5
636,971	1827,5
637,172	1850,5
637,374	1737,5
637,575	1982,5
637,776	1641,5
637,977	1666,5
638,178	1864,5
638,379	1804,5
638,58	1872,5
638,781	1615,5
638,982	1717,5
639,183	1928,5
639,384	1656,5
639,585	1741,5
639,786	1658,5
639,987	1761,5
640,187	2027,5
640,388	1731,5
640,589	1667,5
640,79	1686,5
640,991	1809,5
641,192	1975,5
641,392	1597,5
641,593	1655,5
641,794	1615,5
641,995	1641,5
642,195	1556,5
642,396	1678,5
642,597	1592,5
642,797	1728,5
642,998	1787,5
643,199	1702,5
643,399	1774,5
643,6	1598,5
643,8	1588,5
644,001	1726,5
644,202	1729,5
644,402	1704,5
644,603	1829,5
644,803	1432,5
645,004	1784,5
645,204	1547,5
645,404	1833,5
645,605	2093,5
645,805	1602,5
646,006	1630,5
646,206	2122,5
646,406	1690,5
646,607	1494,5
646,807	1366,5
647,007	32,5
647,208	16,5
647,408	57,5
647,608	-180,5
