200,697	942,17
200,927	-36,83
201,158	-25,83
201,388	-17,83
201,618	1494,17
201,849	1314,17
202,079	1597,17
202,309	1522,17
202,539	1568,17
202,77	1476,17
203	1651,17
203,23	1612,17
203,46	1611,17
203,691	1619,17
203,921	1698,17
204,151	1639,17
204,381	1544,17
204,611	1671,17
204,841	1595,17
205,071	1524,17
205,302	1689,17
205,532	1582,17
205,762	3658,17
205,992	1546,17
206,222	1608,17
206,452	1710,17
206,682	1523,17
206,912	1683,17
207,142	1679,17
207,372	1628,17
207,602	1563,17
207,832	1600,17
208,062	1642,17
208,292	1602,17
208,522	1454,17
208,752	1649,17
208,982	1559,17
209,212	1870,17
209,442	1553,17
209,672	1509,17
209,902	1591,17
210,131	1646,17
210,361	1508,17
210,591	1596,17
210,821	1601,17
211,051	1522,17
211,281	1569,17
211,51	1671,17
211,74	1734,17
211,97	1572,17
212,2	1584,17
212,429	1942,17
212,659	1640,17
212,889	1609,17
213,119	1476,17
213,348	1610,17
213,578	1776,17
213,808	1724,17
214,037	1750,17
214,267	1619,17
214,497	1661,17
214,726	1515,17
214,956	1508,17
215,186	1569,17
215,415	1713,17
215,645	1638,17
215,874	1681,17
216,104	1423,17
216,333	1623,17
216,563	1650,17
216,792	1634,17
217,022	1708,17
217,251	1720,17
217,481	1532,17
217,71	1680,17
217,94	1606,17
218,169	1826,17
218,399	1676,17
218,628	1590,17
218,858	1607,17
219,087	1674,17
219,316	1758,17
219,546	1624,17
219,775	1675,17
220,004	1768,17
220,234	1537,17
220,463	1560,17
220,692	1819,17
220,922	1743,17
221,151	1655,17
221,38	1654,17
221,61	2009,17
221,839	1909,17
222,068	1637,17
222,297	1750,17
222,526	1705,17
222,756	1746,17
222,985	1739,17
223,214	1752,17
223,443	1711,17
223,672	2156,17
223,902	1581,17
224,131	1681,17
224,36	1770,17
224,589	1559,17
224,818	1652,17
225,047	1799,17
225,276	1634,17
225,505	1946,17
225,734	1949,17
225,963	1596,17
226,192	1666,17
226,421	1636,17
226,65	1728,17
226,879	1764,17
227,108	1820,17
227,337	1828,17
227,566	1786,17
227,795	1725,17
228,024	1756,17
228,253	1615,17
228,482	1712,17
228,711	1592,17
228,94	1575,17
229,168	1703,17
229,397	1682,17
229,626	1753,17
229,855	1690,17
230,084	1829,17
230,313	1563,17
230,541	1859,17
230,77	1705,17
230,999	1480,17
231,228	1956,17
231,456	1820,17
231,685	1746,17
231,914	1828,17
232,143	1759,17
232,371	1867,17
232,6	1798,17
232,829	1708,17
233,057	1878,17
233,286	1774,17
233,515	1762,17
233,743	1793,17
233,972	1720,17
234,2	1810,17
234,429	1842,17
234,658	1928,17
234,886	1664,17
235,115	1877,17
235,343	1862,17
235,572	1771,17
235,8	1916,17
236,029	2203,17
236,257	1796,17
236,486	1882,17
236,714	2032,17
236,943	1972,17
237,171	1875,17
237,399	1774,17
237,628	2001,17
237,856	2202,17
238,085	1857,17
238,313	1886,17
238,541	1879,17
238,77	2232,17
238,998	1820,17
239,226	1951,17
239,455	1906,17
239,683	1970,17
239,911	2001,17
240,14	2036,17
240,368	2059,17
240,596	1907,17
240,824	1941,17
241,053	1936,17
241,281	1855,17
241,509	1980,17
241,737	1941,17
241,965	1815,17
242,193	1927,17
242,422	1883,17
242,65	1851,17
242,878	1928,17
243,106	1968,17
243,334	1965,17
243,562	2038,17
243,79	1999,17
244,018	2034,17
244,246	1908,17
244,474	1934,17
244,702	1757,17
244,93	2052,17
245,158	1939,17
245,386	1904,17
245,614	2013,17
245,842	2094,17
246,07	1874,17
246,298	2075,17
246,526	2456,17
246,754	1870,17
246,982	1976,17
247,21	2016,17
247,438	1708,17
247,666	1913,17
247,893	1937,17
248,121	1944,17
248,349	1913,17
248,577	2024,17
248,805	2087,17
249,033	1947,17
249,26	2028,17
249,488	1896,17
249,716	2021,17
249,944	2006,17
250,171	1945,17
250,399	1972,17
250,627	2160,17
250,854	2029,17
251,082	1921,17
251,31	2070,17
251,537	1949,17
251,765	2242,17
251,993	1909,17
252,22	2311,17
252,448	1939,17
252,676	2076,17
252,903	2024,17
253,131	2300,17
253,358	1978,17
253,586	1876,17
253,813	1866,17
254,041	2038,17
254,268	2196,17
254,496	1906,17
254,723	1943,17
254,951	1999,17
255,178	2044,17
255,406	1996,17
255,633	2004,17
255,86	2161,17
256,088	1986,17
256,315	1991,17
256,543	2113,17
256,77	1961,17
256,997	2129,17
257,225	2276,17
257,452	1988,17
257,679	1974,17
257,907	2067,17
258,134	1929,17
258,361	2068,17
258,588	2015,17
258,816	2149,17
259,043	1953,17
259,27	2033,17
259,497	2096,17
259,725	1972,17
259,952	1966,17
260,179	1960,17
260,406	2063,17
260,633	1965,17
260,86	2072,17
261,088	2084,17
261,315	2238,17
261,542	1956,17
261,769	1948,17
261,996	2314,17
262,223	2178,17
262,45	2316,17
262,677	1920,17
262,904	1938,17
263,131	2095,17
263,358	2006,17
263,585	2158,17
263,812	2170,17
264,039	2217,17
264,266	2141,17
264,493	2108,17
264,72	2054,17
264,947	2055,17
265,174	2284,17
265,401	2252,17
265,627	2297,17
265,854	2140,17
266,081	2428,17
266,308	2098,17
266,535	2252,17
266,762	2149,17
266,988	2157,17
267,215	2165,17
267,442	2130,17
267,669	2247,17
267,896	2130,17
268,122	2255,17
268,349	2129,17
268,576	1954,17
268,802	2054,17
269,029	2062,17
269,256	2258,17
269,482	2114,17
269,709	2148,17
269,936	2212,17
270,162	2428,17
270,389	2162,17
270,616	2259,17
270,842	2426,17
271,069	2158,17
271,295	2494,17
271,522	2366,17
271,748	2381,17
271,975	2572,17
272,201	2600,17
272,428	2578,17
272,654	2539,17
272,881	2901,17
273,107	2466,17
273,334	2767,17
273,56	2884,17
273,787	2836,17
274,013	2899,17
274,239	3279,17
274,466	3023,17
274,692	3072,17
274,918	3168,17
275,145	3280,17
275,371	3252,17
275,597	3730,17
275,824	3578,17
276,05	3283,17
276,276	3694,17
276,503	3629,17
276,729	3682,17
276,955	3722,17
277,181	3879,17
277,407	3929,17
277,634	4218,17
277,86	3997,17
278,086	4180,17
278,312	4144,17
278,538	4129,17
278,764	4266,17
278,991	4353,17
279,217	4242,17
279,443	4251,17
279,669	4311,17
279,895	4424,17
280,121	4436,17
280,347	4560,17
280,573	4720,17
280,799	4544,17
281,025	4965,17
281,251	4688,17
281,477	4961,17
281,703	4809,17
281,929	4868,17
282,155	5021,17
282,381	5044,17
282,607	5265,17
282,833	5091,17
283,059	5195,17
283,285	5109,17
283,51	5188,17
283,736	5110,17
283,962	5316,17
284,188	5360,17
284,414	5376,17
284,64	5342,17
284,865	5503,17
285,091	5430,17
285,317	5454,17
285,543	5567,17
285,768	5543,17
285,994	5603,17
286,22	5871,17
286,446	5763,17
286,671	5583,17
286,897	5722,17
287,123	5686,17
287,348	5500,17
287,574	6355,17
287,799	5925,17
288,025	5923,17
288,251	6156,17
288,476	6009,17
288,702	6004,17
288,927	6030,17
289,153	5951,17
289,378	6243,17
289,604	6169,17
289,829	6253,17
290,055	6114,17
290,28	6262,17
290,506	6381,17
290,731	6290,17
290,957	6514,17
291,182	6465,17
291,408	6567,17
291,633	6595,17
291,858	6290,17
292,084	6571,17
292,309	6459,17
292,535	6579,17
292,76	6551,17
292,985	6595,17
293,211	6663,17
293,436	6584,17
293,661	6495,17
293,886	6599,17
294,112	6758,17
294,337	6870,17
294,562	6666,17
294,787	6796,17
295,013	6831,17
295,238	6765,17
295,463	6844,17
295,688	7058,17
295,913	6842,17
296,138	6711,17
296,364	6723,17
296,589	6686,17
296,814	6635,17
297,039	6588,17
297,264	6687,17
297,489	6644,17
297,714	6603,17
297,939	6659,17
298,164	6721,17
298,389	6815,17
298,614	6700,17
298,839	7034,17
299,064	7113,17
299,289	7226,17
299,514	7143,17
299,739	7114,17
299,964	7132,17
300,189	7174,17
300,414	7319,17
300,639	7391,17
300,863	7160,17
301,088	7692,17
301,313	7255,17
301,538	7254,17
301,763	7286,17
301,988	7440,17
302,212	7414,17
302,437	7712,17
302,662	7283,17
302,887	7366,17
303,111	7440,17
303,336	7397,17
303,561	7619,17
303,786	7363,17
304,01	7438,17
304,235	7379,17
304,46	7294,17
304,684	7236,17
304,909	7446,17
305,134	7206,17
305,358	7210,17
305,583	7199,17
305,807	7310,17
306,032	7012,17
306,256	6993,17
306,481	7079,17
306,706	7100,17
306,93	7163,17
307,155	7522,17
307,379	7329,17
307,604	7366,17
307,828	7367,17
308,052	7613,17
308,277	7525,17
308,501	7588,17
308,726	7540,17
308,95	7616,17
309,175	7416,17
309,399	7682,17
309,623	7546,17
309,848	7498,17
310,072	7338,17
310,296	7829,17
310,521	7423,17
310,745	7455,17
310,969	7796,17
311,193	7692,17
311,418	7584,17
311,642	7476,17
311,866	7618,17
312,09	7694,17
312,315	7623,17
312,539	7491,17
312,763	7627,17
312,987	7686,17
313,211	7501,17
313,435	7630,17
313,659	7490,17
313,884	7718,17
314,108	7662,17
314,332	7671,17
314,556	7444,17
314,78	7741,17
315,004	7545,17
315,228	7631,17
315,452	7589,17
315,676	7470,17
315,9	7486,17
316,124	7264,17
316,348	7394,17
316,572	7532,17
316,796	7585,17
317,02	7439,17
317,244	7559,17
317,468	7262,17
317,691	7648,17
317,915	7774,17
318,139	7392,17
318,363	7713,17
318,587	7431,17
318,811	7261,17
319,034	7144,17
319,258	7468,17
319,482	7521,17
319,706	7438,17
319,93	7217,17
320,153	7276,17
320,377	7351,17
320,601	7246,17
320,824	7202,17
321,048	7508,17
321,272	7392,17
321,495	7455,17
321,719	7460,17
321,943	7370,17
322,166	7351,17
322,39	7463,17
322,614	7623,17
322,837	7581,17
323,061	7423,17
323,284	7563,17
323,508	7577,17
323,731	7462,17
323,955	7530,17
324,178	7378,17
324,402	7648,17
324,625	7466,17
324,849	7388,17
325,072	7713,17
325,296	7656,17
325,519	7559,17
325,743	7500,17
325,966	7515,17
326,189	7599,17
326,413	7426,17
326,636	7872,17
326,859	7480,17
327,083	7825,17
327,306	7473,17
327,529	7393,17
327,753	7298,17
327,976	7433,17
328,199	7538,17
328,422	7389,17
328,646	7482,17
328,869	7289,17
329,092	7644,17
329,315	7680,17
329,538	7530,17
329,762	7623,17
329,985	7574,17
330,208	7678,17
330,431	7752,17
330,654	7805,17
330,877	7684,17
331,1	7806,17
331,323	7716,17
331,546	7911,17
331,769	7918,17
331,993	7646,17
332,216	7764,17
332,439	7687,17
332,662	7746,17
332,885	7786,17
333,107	7673,17
333,33	7719,17
333,553	7974,17
333,776	7720,17
333,999	7814,17
334,222	7788,17
334,445	7697,17
334,668	7819,17
334,891	7904,17
335,114	7732,17
335,336	7863,17
335,559	7926,17
335,782	8151,17
336,005	7689,17
336,228	7806,17
336,45	7992,17
336,673	7918,17
336,896	7794,17
337,119	7859,17
337,341	7884,17
337,564	7812,17
337,787	7910,17
338,009	7822,17
338,232	7997,17
338,455	7916,17
338,677	7853,17
338,9	8046,17
339,122	7992,17
339,345	7764,17
339,568	7761,17
339,79	7923,17
340,013	8066,17
340,235	8025,17
340,458	7810,17
340,68	7979,17
340,903	7989,17
341,125	7778,17
341,348	7866,17
341,57	7928,17
341,793	8111,17
342,015	7725,17
342,238	7897,17
342,46	7943,17
342,682	8048,17
342,905	7797,17
343,127	7854,17
343,349	7873,17
343,572	7806,17
343,794	7747,17
344,016	7835,17
344,239	7827,17
344,461	7844,17
344,683	7830,17
344,905	7941,17
345,128	7885,17
345,35	8201,17
345,572	8094,17
345,794	8460,17
346,017	8091,17
346,239	8352,17
346,461	8268,17
346,683	8357,17
346,905	8461,17
347,127	8506,17
347,349	8374,17
347,571	8529,17
347,793	8626,17
348,016	8598,17
348,238	8431,17
348,46	8578,17
348,682	8444,17
348,904	8556,17
349,126	8554,17
349,348	8636,17
349,57	8533,17
349,792	8597,17
350,014	8827,17
350,235	8752,17
350,457	9450,17
350,679	8707,17
350,901	8556,17
351,123	8665,17
351,345	8691,17
351,567	8649,17
351,789	8698,17
352,01	8712,17
352,232	8514,17
352,454	8631,17
352,676	8365,17
352,897	8440,17
353,119	8225,17
353,341	8229,17
353,563	8065,17
353,784	8127,17
354,006	8330,17
354,228	8544,17
354,449	8640,17
354,671	8759,17
354,893	9066,17
355,114	8961,17
355,336	8740,17
355,558	8981,17
355,779	8971,17
356,001	9159,17
356,222	9143,17
356,444	9165,17
356,665	10055,17
356,887	9108,17
357,108	9287,17
357,33	9161,17
357,551	9372,17
357,773	9370,17
357,994	9269,17
358,216	9263,17
358,437	9460,17
358,659	9482,17
358,88	9292,17
359,101	9312,17
359,323	9357,17
359,544	9424,17
359,765	9342,17
359,987	9514,17
360,208	9484,17
360,429	9506,17
360,651	9465,17
360,872	9672,17
361,093	9619,17
361,314	9682,17
361,536	9505,17
361,757	9550,17
361,978	9627,17
362,199	9391,17
362,42	9405,17
362,642	9541,17
362,863	9746,17
363,084	9550,17
363,305	9663,17
363,526	9554,17
363,747	9494,17
363,968	9433,17
364,189	9692,17
364,41	9503,17
364,631	9568,17
364,852	9596,17
365,073	9442,17
365,294	9462,17
365,515	9368,17
365,736	9466,17
365,957	9716,17
366,178	9583,17
366,399	9635,17
366,62	9788,17
366,841	9962,17
367,062	9860,17
367,283	9905,17
367,504	9799,17
367,724	9749,17
367,945	9614,17
368,166	10000,17
368,387	9825,17
368,608	9864,17
368,828	10020,17
369,049	9817,17
369,27	9654,17
369,491	9619,17
369,711	9812,17
369,932	9810,17
370,153	9659,17
370,373	9764,17
370,594	9739,17
370,815	9829,17
371,035	9642,17
371,256	9572,17
371,477	9621,17
371,697	9592,17
371,918	9554,17
372,138	9650,17
372,359	9809,17
372,579	9609,17
372,8	9678,17
373,02	9632,17
373,241	9724,17
373,461	9488,17
373,682	9658,17
373,902	9542,17
374,123	9446,17
374,343	9550,17
374,564	9578,17
374,784	9440,17
375,004	9486,17
375,225	9330,17
375,445	9134,17
375,666	9209,17
375,886	8916,17
376,106	9015,17
376,326	9183,17
376,547	9479,17
376,767	9435,17
376,987	9341,17
377,208	9536,17
377,428	9588,17
377,648	9861,17
377,868	9837,17
378,088	9986,17
378,309	10052,17
378,529	10081,17
378,749	10042,17
378,969	9922,17
379,189	9951,17
379,409	9612,17
379,629	9510,17
379,849	9650,17
380,069	9554,17
380,29	9687,17
380,51	9375,17
380,73	9524,17
380,95	9613,17
381,17	9326,17
381,39	9251,17
381,61	9095,17
381,829	9290,17
382,049	9290,17
382,269	9157,17
382,489	9273,17
382,709	9059,17
382,929	9055,17
383,149	8832,17
383,369	9175,17
383,589	8943,17
383,808	8949,17
384,028	8828,17
384,248	9004,17
384,468	9090,17
384,688	9064,17
384,907	8890,17
385,127	9060,17
385,347	9251,17
385,567	9003,17
385,786	9302,17
386,006	9198,17
386,226	9283,17
386,445	9245,17
386,665	9426,17
386,885	9380,17
387,104	9530,17
387,324	9427,17
387,543	9558,17
387,763	9708,17
387,982	9673,17
388,202	9599,17
388,422	9496,17
388,641	9354,17
388,861	9164,17
389,08	9292,17
389,3	9066,17
389,519	9192,17
389,738	9106,17
389,958	9262,17
390,177	9109,17
390,397	9313,17
390,616	9255,17
390,836	9358,17
391,055	9185,17
391,274	9383,17
391,494	9629,17
391,713	9482,17
391,932	9768,17
392,151	9687,17
392,371	9945,17
392,59	9822,17
392,809	9760,17
393,029	9554,17
393,248	9206,17
393,467	8780,17
393,686	8919,17
393,905	9850,17
394,124	8862,17
394,344	8966,17
394,563	8988,17
394,782	8869,17
395,001	8974,17
395,22	8896,17
395,439	8932,17
395,658	8962,17
395,877	9104,17
396,096	9127,17
396,315	9289,17
396,534	9091,17
396,753	9364,17
396,972	9232,17
397,191	9446,17
397,41	9698,17
397,629	9703,17
397,848	9710,17
398,067	10034,17
398,286	9876,17
398,505	9586,17
398,724	9481,17
398,943	9887,17
399,161	9032,17
399,38	9162,17
399,599	8962,17
399,818	8908,17
400,037	8987,17
400,255	8815,17
400,474	8835,17
400,693	8978,17
400,912	8898,17
401,13	8542,17
401,349	8268,17
401,568	8352,17
401,786	8584,17
402,005	8524,17
402,224	8269,17
402,442	8486,17
402,661	8361,17
402,88	8236,17
403,098	8249,17
403,317	8385,17
403,535	8359,17
403,754	8241,17
403,972	8274,17
404,191	8263,17
404,409	8528,17
404,628	9169,17
404,846	8534,17
405,065	8836,17
405,283	8660,17
405,502	8591,17
405,72	8393,17
405,938	8178,17
406,157	8013,17
406,375	7936,17
406,594	8069,17
406,812	7924,17
407,03	7928,17
407,249	7831,17
407,467	8177,17
407,685	8081,17
407,903	8161,17
408,122	8450,17
408,34	8258,17
408,558	8224,17
408,776	8126,17
408,995	8145,17
409,213	8227,17
409,431	8149,17
409,649	8370,17
409,867	8088,17
410,085	7883,17
410,303	7946,17
410,522	7708,17
410,74	7770,17
410,958	7771,17
411,176	7800,17
411,394	7679,17
411,612	7806,17
411,83	8080,17
412,048	8096,17
412,266	8053,17
412,484	8088,17
412,702	8196,17
412,92	7793,17
413,138	8021,17
413,356	7731,17
413,573	7820,17
413,791	7944,17
414,009	7482,17
414,227	7574,17
414,445	7407,17
414,663	7480,17
414,881	7502,17
415,098	7513,17
415,316	7407,17
415,534	7871,17
415,752	7570,17
415,969	7770,17
416,187	7711,17
416,405	7529,17
416,623	7632,17
416,84	7394,17
417,058	7662,17
417,276	7705,17
417,493	7465,17
417,711	7440,17
417,928	7601,17
418,146	7404,17
418,364	7611,17
418,581	7643,17
418,799	7391,17
419,016	7411,17
419,234	7459,17
419,451	8144,17
419,669	7741,17
419,886	7700,17
420,104	7726,17
420,321	8046,17
420,539	8018,17
420,756	8370,17
420,974	8372,17
421,191	8336,17
421,408	8516,17
421,626	8459,17
421,843	8132,17
422,06	7963,17
422,278	7771,17
422,495	7885,17
422,712	7947,17
422,93	8009,17
423,147	7909,17
423,364	7816,17
423,581	7724,17
423,799	7337,17
424,016	7649,17
424,233	7572,17
424,45	7673,17
424,667	7684,17
424,884	7706,17
425,102	7696,17
425,319	7097,17
425,536	7307,17
425,753	7342,17
425,97	7272,17
426,187	7350,17
426,404	7291,17
426,621	7863,17
426,838	7868,17
427,055	7834,17
427,272	7824,17
427,489	7779,17
427,706	7303,17
427,923	7374,17
428,14	7560,17
428,357	7786,17
428,574	7712,17
428,791	7835,17
429,008	8168,17
429,224	8328,17
429,441	8439,17
429,658	8730,17
429,875	8782,17
430,092	8643,17
430,308	8530,17
430,525	8274,17
430,742	8103,17
430,959	7866,17
431,175	7511,17
431,392	7185,17
431,609	7202,17
431,826	6968,17
432,042	6938,17
432,259	6866,17
432,476	7277,17
432,692	6951,17
432,909	7286,17
433,125	7921,17
433,342	8151,17
433,559	7980,17
433,775	7884,17
433,992	7429,17
434,208	6865,17
434,425	7147,17
434,641	7313,17
434,858	7458,17
435,074	6961,17
435,291	7185,17
435,507	7154,17
435,723	7223,17
435,94	7443,17
436,156	7476,17
436,373	7622,17
436,589	7387,17
436,805	7182,17
437,022	6924,17
437,238	6964,17
437,454	7240,17
437,671	7156,17
437,887	7125,17
438,103	7257,17
438,319	7497,17
438,536	7306,17
438,752	7267,17
438,968	7078,17
439,184	7082,17
439,4	6945,17
439,616	6805,17
439,833	7086,17
440,049	6943,17
440,265	7316,17
440,481	7305,17
440,697	7796,17
440,913	8017,17
441,129	8092,17
441,345	8095,17
441,561	7850,17
441,777	7611,17
441,993	7462,17
442,209	7283,17
442,425	7465,17
442,641	7395,17
442,857	7530,17
443,073	7716,17
443,289	7485,17
443,505	7621,17
443,721	7523,17
443,937	7372,17
444,152	7401,17
444,368	7269,17
444,584	7242,17
444,8	7278,17
445,016	7132,17
445,231	7135,17
445,447	7211,17
445,663	7157,17
445,879	7105,17
446,094	7329,17
446,31	7328,17
446,526	7148,17
446,742	6970,17
446,957	6977,17
447,173	6894,17
447,388	7006,17
447,604	6884,17
447,82	6686,17
448,035	6857,17
448,251	6863,17
448,466	6876,17
448,682	6671,17
448,897	6804,17
449,113	6804,17
449,328	6911,17
449,544	6556,17
449,759	7015,17
449,975	6555,17
450,19	6631,17
450,406	6600,17
450,621	6473,17
450,836	6454,17
451,052	6478,17
451,267	6386,17
451,483	6432,17
451,698	6267,17
451,913	6367,17
452,129	6264,17
452,344	6251,17
452,559	6316,17
452,774	6152,17
452,99	5994,17
453,205	6080,17
453,42	6073,17
453,635	6153,17
453,85	5813,17
454,066	6042,17
454,281	6026,17
454,496	6102,17
454,711	6404,17
454,926	6277,17
455,141	6068,17
455,356	6044,17
455,571	5826,17
455,786	5701,17
456,001	5772,17
456,217	5643,17
456,432	5813,17
456,647	5894,17
456,861	6059,17
457,076	6056,17
457,291	6249,17
457,506	6062,17
457,721	6171,17
457,936	6147,17
458,151	6063,17
458,366	6182,17
458,581	5999,17
458,796	6270,17
459,01	6019,17
459,225	6090,17
459,44	5865,17
459,655	5996,17
459,87	5828,17
460,084	5721,17
460,299	5740,17
460,514	5887,17
460,729	6343,17
460,943	5622,17
461,158	5542,17
461,373	5540,17
461,587	5316,17
461,802	5138,17
462,016	5618,17
462,231	5148,17
462,446	5343,17
462,66	5324,17
462,875	5552,17
463,089	5465,17
463,304	5640,17
463,518	5731,17
463,733	5560,17
463,947	5606,17
464,162	5726,17
464,376	5782,17
464,591	5885,17
464,805	5829,17
465,02	6045,17
465,234	6092,17
465,448	6039,17
465,663	5861,17
465,877	5621,17
466,091	5443,17
466,306	5340,17
466,52	5490,17
466,734	5114,17
466,949	5026,17
467,163	5100,17
467,377	5052,17
467,591	5169,17
467,806	5046,17
468,02	4974,17
468,234	4755,17
468,448	4953,17
468,662	4780,17
468,876	4904,17
469,091	4597,17
469,305	4611,17
469,519	4492,17
469,733	4461,17
469,947	4527,17
470,161	4778,17
470,375	4297,17
470,589	4535,17
470,803	4468,17
471,017	4363,17
471,231	4492,17
471,445	4378,17
471,659	4526,17
471,873	4543,17
472,087	4456,17
472,301	4730,17
472,515	4348,17
472,728	4670,17
472,942	4596,17
473,156	4694,17
473,37	4642,17
473,584	4533,17
473,798	4900,17
474,011	4524,17
474,225	4520,17
474,439	4762,17
474,653	4822,17
474,866	4961,17
475,08	4788,17
475,294	4812,17
475,507	4467,17
475,721	4620,17
475,935	4624,17
476,148	4489,17
476,362	4316,17
476,576	4351,17
476,789	4449,17
477,003	4424,17
477,216	4413,17
477,43	4592,17
477,643	4662,17
477,857	4744,17
478,07	4554,17
478,284	4586,17
478,497	4430,17
478,711	4504,17
478,924	4650,17
479,138	4345,17
479,351	4617,17
479,564	4612,17
479,778	4715,17
479,991	4652,17
480,204	4643,17
480,418	4619,17
480,631	4492,17
480,844	4696,17
481,058	4651,17
481,271	4684,17
481,484	4926,17
481,697	4659,17
481,911	4497,17
482,124	4441,17
482,337	4457,17
482,55	4325,17
482,763	4330,17
482,976	4480,17
483,19	4376,17
483,403	4510,17
483,616	4636,17
483,829	4672,17
484,042	4671,17
484,255	4874,17
484,468	4868,17
484,681	4789,17
484,894	5587,17
485,107	9443,17
485,32	13140,17
485,533	12778,17
485,746	11173,17
485,959	9349,17
486,172	7416,17
486,385	5874,17
486,598	5318,17
486,81	4869,17
487,023	4675,17
487,236	4780,17
487,449	4460,17
487,662	4200,17
487,875	3784,17
488,087	4114,17
488,3	4197,17
488,513	3956,17
488,726	3789,17
488,938	4175,17
489,151	4132,17
489,364	4094,17
489,576	4042,17
489,789	3963,17
490,002	3957,17
490,214	4066,17
490,427	3899,17
490,64	3996,17
490,852	4011,17
491,065	3891,17
491,277	3881,17
491,49	3935,17
491,702	3536,17
491,915	3890,17
492,127	3948,17
492,34	3958,17
492,552	3820,17
492,765	3930,17
492,977	4142,17
493,19	3958,17
493,402	3836,17
493,614	3901,17
493,827	3834,17
494,039	3888,17
494,251	3854,17
494,464	3897,17
494,676	3526,17
494,888	3589,17
495,101	3550,17
495,313	3641,17
495,525	3809,17
495,737	4100,17
495,95	4079,17
496,162	4084,17
496,374	3807,17
496,586	3507,17
496,798	3724,17
497,01	3488,17
497,222	3311,17
497,435	3625,17
497,647	3634,17
497,859	3504,17
498,071	3592,17
498,283	3642,17
498,495	3649,17
498,707	3906,17
498,919	3632,17
499,131	3771,17
499,343	3498,17
499,555	3636,17
499,767	3646,17
499,979	3462,17
500,191	3611,17
500,402	3588,17
500,614	3718,17
500,826	3857,17
501,038	3551,17
501,25	3612,17
501,462	3580,17
501,673	3631,17
501,885	3595,17
502,097	3837,17
502,309	3618,17
502,521	3778,17
502,732	3656,17
502,944	3614,17
503,156	3547,17
503,367	3425,17
503,579	3354,17
503,791	3418,17
504,002	3409,17
504,214	3476,17
504,425	3670,17
504,637	3636,17
504,849	3393,17
505,06	3510,17
505,272	3504,17
505,483	3328,17
505,695	3388,17
505,906	3330,17
506,118	3485,17
506,329	3314,17
506,541	3145,17
506,752	3262,17
506,963	3168,17
507,175	3106,17
507,386	3458,17
507,598	3343,17
507,809	3150,17
508,02	3279,17
508,232	3243,17
508,443	3115,17
508,654	3307,17
508,865	3203,17
509,077	2948,17
509,288	2844,17
509,499	3298,17
509,71	3051,17
509,922	3231,17
510,133	3056,17
510,344	3244,17
510,555	3047,17
510,766	3193,17
510,977	3063,17
511,188	3009,17
511,4	3016,17
511,611	2907,17
511,822	2986,17
512,033	3008,17
512,244	3000,17
512,455	2999,17
512,666	2951,17
512,877	3052,17
513,088	2918,17
513,299	2959,17
513,51	2980,17
513,721	2877,17
513,931	2957,17
514,142	2980,17
514,353	3052,17
514,564	2757,17
514,775	2788,17
514,986	2870,17
515,196	2905,17
515,407	2595,17
515,618	2891,17
515,829	2757,17
516,04	2860,17
516,25	2888,17
516,461	2827,17
516,672	2897,17
516,882	2834,17
517,093	2888,17
517,304	2674,17
517,514	2658,17
517,725	2881,17
517,936	2727,17
518,146	2629,17
518,357	2837,17
518,567	2833,17
518,778	3139,17
518,988	2928,17
519,199	2996,17
519,409	2760,17
519,62	2730,17
519,83	2679,17
520,041	2716,17
520,251	2754,17
520,462	2811,17
520,672	2810,17
520,882	2779,17
521,093	2854,17
521,303	2869,17
521,513	2644,17
521,724	3762,17
521,934	2560,17
522,144	2683,17
522,355	2642,17
522,565	2673,17
522,775	2629,17
522,985	2788,17
523,196	2743,17
523,406	2698,17
523,616	2883,17
523,826	2650,17
524,036	3565,17
524,246	2724,17
524,457	2576,17
524,667	2508,17
524,877	2564,17
525,087	2577,17
525,297	2778,17
525,507	2788,17
525,717	2520,17
525,927	2642,17
526,137	2617,17
526,347	2749,17
526,557	2466,17
526,767	2617,17
526,977	3088,17
527,187	2612,17
527,397	2519,17
527,607	2566,17
527,816	2504,17
528,026	2697,17
528,236	2882,17
528,446	2752,17
528,656	2781,17
528,865	2895,17
529,075	2644,17
529,285	2666,17
529,495	2681,17
529,704	2652,17
529,914	2572,17
530,124	2662,17
530,334	2514,17
530,543	2541,17
530,753	2892,17
530,963	3018,17
531,172	2588,17
531,382	2547,17
531,591	2862,17
531,801	2371,17
532,01	2644,17
532,22	2588,17
532,43	2683,17
532,639	2874,17
532,849	2780,17
533,058	2700,17
533,267	2876,17
533,477	2682,17
533,686	2599,17
533,896	2677,17
534,105	2658,17
534,315	2672,17
534,524	2658,17
534,733	2620,17
534,943	2757,17
535,152	2716,17
535,361	2440,17
535,57	2480,17
535,78	2616,17
535,989	2482,17
536,198	2438,17
536,407	2284,17
536,617	2500,17
536,826	2453,17
537,035	2686,17
537,244	2524,17
537,453	2339,17
537,662	2575,17
537,872	2757,17
538,081	2546,17
538,29	2479,17
538,499	2524,17
538,708	2432,17
538,917	2620,17
539,126	2600,17
539,335	2653,17
539,544	3015,17
539,753	2386,17
539,962	2533,17
540,171	2550,17
540,38	2824,17
540,589	2601,17
540,797	2812,17
541,006	2615,17
541,215	2494,17
541,424	2778,17
541,633	2677,17
541,842	2604,17
542,05	2734,17
542,259	2656,17
542,468	2606,17
542,677	2648,17
542,885	2566,17
543,094	2715,17
543,303	2583,17
543,512	2622,17
543,72	2721,17
543,929	2764,17
544,138	2601,17
544,346	2555,17
544,555	2487,17
544,763	2669,17
544,972	2552,17
545,18	2535,17
545,389	2502,17
545,598	2375,17
545,806	2625,17
546,015	2512,17
546,223	2502,17
546,431	2568,17
546,64	2579,17
546,848	2596,17
547,057	2642,17
547,265	2636,17
547,474	2730,17
547,682	2768,17
547,89	2744,17
548,099	2705,17
548,307	2576,17
548,515	2697,17
548,723	2604,17
548,932	2454,17
549,14	2352,17
549,348	2588,17
549,556	2430,17
549,765	2432,17
549,973	2332,17
550,181	2524,17
550,389	2336,17
550,597	2556,17
550,805	2369,17
551,014	2518,17
551,222	6448,17
551,43	2537,17
551,638	2664,17
551,846	2738,17
552,054	2750,17
552,262	2806,17
552,47	2491,17
552,678	2420,17
552,886	2508,17
553,094	2451,17
553,302	2515,17
553,51	2500,17
553,717	2535,17
553,925	2327,17
554,133	2749,17
554,341	2274,17
554,549	2648,17
554,757	2520,17
554,965	2538,17
555,172	2552,17
555,38	2835,17
555,588	2518,17
555,796	2572,17
556,003	2678,17
556,211	2387,17
556,419	2456,17
556,626	2510,17
556,834	2371,17
557,042	2436,17
557,249	2455,17
557,457	2464,17
557,664	2131,17
557,872	2325,17
558,08	2236,17
558,287	2353,17
558,495	2470,17
558,702	2175,17
558,91	2362,17
559,117	2300,17
559,325	2413,17
559,532	2456,17
559,74	2614,17
559,947	2423,17
560,154	2582,17
560,362	2382,17
560,569	2367,17
560,776	2340,17
560,984	2497,17
561,191	2433,17
561,398	2312,17
561,606	2730,17
561,813	2336,17
562,02	2190,17
562,227	2220,17
562,435	2391,17
562,642	2359,17
562,849	2473,17
563,056	2362,17
563,263	2278,17
563,471	2476,17
563,678	2436,17
563,885	2315,17
564,092	2419,17
564,299	2344,17
564,506	2483,17
564,713	2319,17
564,92	2353,17
565,127	2409,17
565,334	2347,17
565,541	2683,17
565,748	2444,17
565,955	2300,17
566,162	2413,17
566,369	2484,17
566,576	2607,17
566,783	2643,17
566,99	2516,17
567,196	2637,17
567,403	2554,17
567,61	2615,17
567,817	2602,17
568,024	2633,17
568,23	2722,17
568,437	2702,17
568,644	2708,17
568,851	2922,17
569,057	3311,17
569,264	3282,17
569,471	3053,17
569,677	3095,17
569,884	3062,17
570,091	3145,17
570,297	4204,17
570,504	3250,17
570,71	3366,17
570,917	3198,17
571,123	3023,17
571,33	3442,17
571,536	3360,17
571,743	3458,17
571,949	2916,17
572,156	2774,17
572,362	2968,17
572,569	3068,17
572,775	3401,17
572,982	3576,17
573,188	3329,17
573,394	3282,17
573,601	3381,17
573,807	3467,17
574,013	3726,17
574,22	3409,17
574,426	3348,17
574,632	3536,17
574,838	3244,17
575,045	3132,17
575,251	2970,17
575,457	3022,17
575,663	3255,17
575,869	3302,17
576,076	3356,17
576,282	3650,17
576,488	3438,17
576,694	3464,17
576,9	3360,17
577,106	4002,17
577,312	4193,17
577,518	4231,17
577,724	3877,17
577,93	3539,17
578,136	3378,17
578,342	3265,17
578,548	3087,17
578,754	3050,17
578,96	3166,17
579,166	3564,17
579,372	3693,17
579,578	3345,17
579,784	3646,17
579,989	3463,17
580,195	3286,17
580,401	3304,17
580,607	3853,17
580,813	4842,17
581,018	5266,17
581,224	4768,17
581,43	4515,17
581,636	4520,17
581,841	4302,17
582,047	3816,17
582,253	3492,17
582,458	3263,17
582,664	3043,17
582,869	2932,17
583,075	2768,17
583,281	3135,17
583,486	3176,17
583,692	3165,17
583,897	3484,17
584,103	3429,17
584,308	3668,17
584,514	3985,17
584,719	4045,17
584,925	3838,17
585,13	3765,17
585,335	3539,17
585,541	3336,17
585,746	3122,17
585,952	2945,17
586,157	3082,17
586,362	3118,17
586,568	3385,17
586,773	3606,17
586,978	3434,17
587,183	3402,17
587,389	3306,17
587,594	3063,17
587,799	3044,17
588,004	3265,17
588,21	3145,17
588,415	2689,17
588,62	2728,17
588,825	2737,17
589,03	2628,17
589,235	3226,17
589,44	2948,17
589,645	2573,17
589,85	2743,17
590,055	2855,17
590,26	2527,17
590,465	2421,17
590,67	2520,17
590,875	2672,17
591,08	2618,17
591,285	2543,17
591,49	2471,17
591,695	2418,17
591,9	2424,17
592,105	2640,17
592,31	3085,17
592,515	3239,17
592,719	2794,17
592,924	2660,17
593,129	2714,17
593,334	2631,17
593,539	2284,17
593,743	2518,17
593,948	2238,17
594,153	2366,17
594,357	2791,17
594,562	2617,17
594,767	2988,17
594,971	2347,17
595,176	2409,17
595,381	2461,17
595,585	2283,17
595,79	2448,17
595,994	2122,17
596,199	2555,17
596,403	1966,17
596,608	2149,17
596,812	2199,17
597,017	2286,17
597,221	2517,17
597,426	2361,17
597,63	2177,17
597,835	2066,17
598,039	2172,17
598,243	2354,17
598,448	2703,17
598,652	2514,17
598,856	2328,17
599,061	2368,17
599,265	2270,17
599,469	2230,17
599,673	2426,17
599,878	2462,17
600,082	2219,17
600,286	2267,17
600,49	2342,17
600,695	2174,17
600,899	2252,17
601,103	2219,17
601,307	2304,17
601,511	2300,17
601,715	2098,17
601,919	1994,17
602,123	2505,17
602,327	2324,17
602,531	2242,17
602,735	2446,17
602,939	2530,17
603,143	2063,17
603,347	2305,17
603,551	2109,17
603,755	2190,17
603,959	2210,17
604,163	2129,17
604,367	2120,17
604,571	2147,17
604,775	2166,17
604,978	2145,17
605,182	2274,17
605,386	2376,17
605,59	2267,17
605,793	2222,17
605,997	2213,17
606,201	2185,17
606,405	2179,17
606,608	2278,17
606,812	2226,17
607,016	2295,17
607,219	2114,17
607,423	2209,17
607,627	2296,17
607,83	2093,17
608,034	2027,17
608,237	2115,17
608,441	2054,17
608,644	2160,17
608,848	2112,17
609,051	2178,17
609,255	2077,17
609,458	2356,17
609,662	2247,17
609,865	2174,17
610,069	1969,17
610,272	1940,17
610,475	1912,17
610,679	2093,17
610,882	1949,17
611,085	1969,17
611,289	2377,17
611,492	1996,17
611,695	1909,17
611,898	1894,17
612,102	2065,17
612,305	2021,17
612,508	2031,17
612,711	2168,17
612,914	1947,17
613,118	2032,17
613,321	2053,17
613,524	1960,17
613,727	1853,17
613,93	1970,17
614,133	2057,17
614,336	2092,17
614,539	1923,17
614,742	1881,17
614,945	1972,17
615,148	2152,17
615,351	1981,17
615,554	2072,17
615,757	1794,17
615,96	1800,17
616,163	1971,17
616,366	2012,17
616,569	1952,17
616,772	2162,17
616,974	1945,17
617,177	2029,17
617,38	1928,17
617,583	1807,17
617,786	1862,17
617,988	1771,17
618,191	2052,17
618,394	1800,17
618,596	1844,17
618,799	1878,17
619,002	2118,17
619,204	1934,17
619,407	2028,17
619,61	2041,17
619,812	1959,17
620,015	1926,17
620,217	2096,17
620,42	1886,17
620,623	1890,17
620,825	1868,17
621,028	2087,17
621,23	2016,17
621,432	2002,17
621,635	2095,17
621,837	2004,17
622,04	1888,17
622,242	1778,17
622,445	2038,17
622,647	2071,17
622,849	2070,17
623,052	1837,17
623,254	1973,17
623,456	1883,17
623,658	2063,17
623,861	2102,17
624,063	2011,17
624,265	1980,17
624,467	2251,17
624,67	1769,17
624,872	1953,17
625,074	2110,17
625,276	2072,17
625,478	2086,17
625,68	1722,17
625,882	1716,17
626,084	1966,17
626,287	2109,17
626,489	1953,17
626,691	1963,17
626,893	2058,17
627,095	1922,17
627,297	1909,17
627,499	1893,17
627,7	1698,17
627,902	1690,17
628,104	1569,17
628,306	1751,17
628,508	1773,17
628,71	1804,17
628,912	1888,17
629,114	2124,17
629,315	1868,17
629,517	1804,17
629,719	1756,17
629,921	1931,17
630,122	1906,17
630,324	1824,17
630,526	1863,17
630,728	1876,17
630,929	1788,17
631,131	1775,17
631,332	1983,17
631,534	1961,17
631,736	1880,17
631,937	1672,17
632,139	1791,17
632,34	1788,17
632,542	1859,17
632,743	1933,17
632,945	1612,17
633,146	1831,17
633,348	1878,17
633,549	1813,17
633,751	1731,17
633,952	1779,17
634,154	1641,17
634,355	1661,17
634,556	1794,17
634,758	1754,17
634,959	1669,17
635,16	1816,17
635,362	1701,17
635,563	1800,17
635,764	1783,17
635,965	1585,17
636,167	1791,17
636,368	1711,17
636,569	1743,17
636,77	1864,17
636,971	1700,17
637,172	1764,17
637,374	1659,17
637,575	1890,17
637,776	1556,17
637,977	1612,17
638,178	1810,17
638,379	1740,17
638,58	1789,17
638,781	1462,17
638,982	1722,17
639,183	1697,17
639,384	1630,17
639,585	1686,17
639,786	1557,17
639,987	1690,17
640,187	1796,17
640,388	1820,17
640,589	1576,17
640,79	1658,17
640,991	1636,17
641,192	2072,17
641,392	1631,17
641,593	1593,17
641,794	1575,17
641,995	1632,17
642,195	1483,17
642,396	1556,17
642,597	1550,17
642,797	1654,17
642,998	1802,17
643,199	1655,17
643,399	1782,17
643,6	1567,17
643,8	1507,17
644,001	1643,17
644,202	1707,17
644,402	1756,17
644,603	1783,17
644,803	1390,17
645,004	1689,17
645,204	1487,17
645,404	1673,17
645,605	2002,17
645,805	1532,17
646,006	1561,17
646,206	2119,17
646,406	1547,17
646,607	1441,17
646,807	1367,17
647,007	-37,83
647,208	36,17
647,408	-5,83
647,608	51,17
