200,697	934,67
200,927	-10,33
201,158	168,67
201,388	-56,33
201,618	1516,67
201,849	1280,67
202,079	1549,67
202,309	1437,67
202,539	1606,67
202,77	1443,67
203	1612,67
203,23	1575,67
203,46	1552,67
203,691	1573,67
203,921	1601,67
204,151	1614,67
204,381	1507,67
204,611	1606,67
204,841	1509,67
205,071	1519,67
205,302	1583,67
205,532	1608,67
205,762	3785,67
205,992	1483,67
206,222	1456,67
206,452	1618,67
206,682	1540,67
206,912	1610,67
207,142	1600,67
207,372	1583,67
207,602	1505,67
207,832	1533,67
208,062	1656,67
208,292	1596,67
208,522	1358,67
208,752	1630,67
208,982	1477,67
209,212	1653,67
209,442	1557,67
209,672	1528,67
209,902	1526,67
210,131	1707,67
210,361	1531,67
210,591	1493,67
210,821	1415,67
211,051	1689,67
211,281	1609,67
211,51	1627,67
211,74	1689,67
211,97	1644,67
212,2	1617,67
212,429	1899,67
212,659	1562,67
212,889	1626,67
213,119	1356,67
213,348	1515,67
213,578	1677,67
213,808	1638,67
214,037	1736,67
214,267	1651,67
214,497	1595,67
214,726	1537,67
214,956	1501,67
215,186	1578,67
215,415	1583,67
215,645	1609,67
215,874	1537,67
216,104	1540,67
216,333	1584,67
216,563	1621,67
216,792	1599,67
217,022	1776,67
217,251	1647,67
217,481	1463,67
217,71	1687,67
217,94	1461,67
218,169	1529,67
218,399	1625,67
218,628	1502,67
218,858	1657,67
219,087	1664,67
219,316	1680,67
219,546	1560,67
219,775	1769,67
220,004	1751,67
220,234	1611,67
220,463	1541,67
220,692	1664,67
220,922	1611,67
221,151	1683,67
221,38	1596,67
221,61	1975,67
221,839	1819,67
222,068	1609,67
222,297	1714,67
222,526	1668,67
222,756	1787,67
222,985	1496,67
223,214	1662,67
223,443	1666,67
223,672	2138,67
223,902	1513,67
224,131	1736,67
224,36	1783,67
224,589	1483,67
224,818	1632,67
225,047	1707,67
225,276	1645,67
225,505	1852,67
225,734	1641,67
225,963	1568,67
226,192	1614,67
226,421	1742,67
226,65	1638,67
226,879	1707,67
227,108	1785,67
227,337	1778,67
227,566	1834,67
227,795	1698,67
228,024	1709,67
228,253	1611,67
228,482	1546,67
228,711	1780,67
228,94	1405,67
229,168	1653,67
229,397	1632,67
229,626	1743,67
229,855	1665,67
230,084	1675,67
230,313	1553,67
230,541	1821,67
230,77	1663,67
230,999	1592,67
231,228	1865,67
231,456	1857,67
231,685	1730,67
231,914	1779,67
232,143	1716,67
232,371	1808,67
232,6	2170,67
232,829	1743,67
233,057	1859,67
233,286	1758,67
233,515	1739,67
233,743	1893,67
233,972	1621,67
234,2	1787,67
234,429	1711,67
234,658	1839,67
234,886	1688,67
235,115	1817,67
235,343	1841,67
235,572	1731,67
235,8	1898,67
236,029	2093,67
236,257	1711,67
236,486	1860,67
236,714	1923,67
236,943	1847,67
237,171	1815,67
237,399	1827,67
237,628	1919,67
237,856	1975,67
238,085	1875,67
238,313	1528,67
238,541	1863,67
238,77	2197,67
238,998	1736,67
239,226	1889,67
239,455	1618,67
239,683	1999,67
239,911	1869,67
240,14	2004,67
240,368	2015,67
240,596	1780,67
240,824	1909,67
241,053	1863,67
241,281	1737,67
241,509	1888,67
241,737	1884,67
241,965	1781,67
242,193	1719,67
242,422	1764,67
242,65	1825,67
242,878	1909,67
243,106	1883,67
243,334	1938,67
243,562	2026,67
243,79	1979,67
244,018	1971,67
244,246	1911,67
244,474	1959,67
244,702	1861,67
244,93	1962,67
245,158	1968,67
245,386	1884,67
245,614	1890,67
245,842	2065,67
246,07	1957,67
246,298	2142,67
246,526	2356,67
246,754	1739,67
246,982	2054,67
247,21	2004,67
247,438	1864,67
247,666	1971,67
247,893	2103,67
248,121	1960,67
248,349	1840,67
248,577	2001,67
248,805	2133,67
249,033	1992,67
249,26	1984,67
249,488	1947,67
249,716	1976,67
249,944	1931,67
250,171	1897,67
250,399	1915,67
250,627	2099,67
250,854	2000,67
251,082	1873,67
251,31	1986,67
251,537	1997,67
251,765	2225,67
251,993	1806,67
252,22	2295,67
252,448	1897,67
252,676	2106,67
252,903	1911,67
253,131	2265,67
253,358	1949,67
253,586	1822,67
253,813	1806,67
254,041	1959,67
254,268	2001,67
254,496	1802,67
254,723	1923,67
254,951	2035,67
255,178	1928,67
255,406	2034,67
255,633	2024,67
255,86	2122,67
256,088	2021,67
256,315	1881,67
256,543	2055,67
256,77	2062,67
256,997	1951,67
257,225	2073,67
257,452	1878,67
257,679	1985,67
257,907	2109,67
258,134	1917,67
258,361	2019,67
258,588	2152,67
258,816	2023,67
259,043	1957,67
259,27	2020,67
259,497	2057,67
259,725	2013,67
259,952	2032,67
260,179	1826,67
260,406	2049,67
260,633	2006,67
260,86	1886,67
261,088	1961,67
261,315	2107,67
261,542	1901,67
261,769	1925,67
261,996	2303,67
262,223	2164,67
262,45	2191,67
262,677	1871,67
262,904	1988,67
263,131	2115,67
263,358	1971,67
263,585	2047,67
263,812	2325,67
264,039	2173,67
264,266	2001,67
264,493	2031,67
264,72	1941,67
264,947	1970,67
265,174	2404,67
265,401	2167,67
265,627	2249,67
265,854	2075,67
266,081	2116,67
266,308	2132,67
266,535	2085,67
266,762	1805,67
266,988	2154,67
267,215	2113,67
267,442	1993,67
267,669	2147,67
267,896	2078,67
268,122	2168,67
268,349	2081,67
268,576	1886,67
268,802	2000,67
269,029	2019,67
269,256	2152,67
269,482	1985,67
269,709	2005,67
269,936	2111,67
270,162	2273,67
270,389	2264,67
270,616	2181,67
270,842	2238,67
271,069	2221,67
271,295	2204,67
271,522	2148,67
271,748	2248,67
271,975	2361,67
272,201	2418,67
272,428	2329,67
272,654	2336,67
272,881	2619,67
273,107	2357,67
273,334	2481,67
273,56	2671,67
273,787	2370,67
274,013	2564,67
274,239	2933,67
274,466	2641,67
274,692	2621,67
274,918	2710,67
275,145	2863,67
275,371	2931,67
275,597	3055,67
275,824	2992,67
276,05	2964,67
276,276	3072,67
276,503	2988,67
276,729	2928,67
276,955	3074,67
277,181	3215,67
277,407	3199,67
277,634	3193,67
277,86	3248,67
278,086	3427,67
278,312	3326,67
278,538	3331,67
278,764	3293,67
278,991	3488,67
279,217	3323,67
279,443	3409,67
279,669	3304,67
279,895	3652,67
280,121	3404,67
280,347	3544,67
280,573	3573,67
280,799	3555,67
281,025	3893,67
281,251	3483,67
281,477	3829,67
281,703	3737,67
281,929	3719,67
282,155	3638,67
282,381	3981,67
282,607	3941,67
282,833	3915,67
283,059	3996,67
283,285	3853,67
283,51	3989,67
283,736	3817,67
283,962	4097,67
284,188	3939,67
284,414	4025,67
284,64	4086,67
284,865	4064,67
285,091	4017,67
285,317	4250,67
285,543	4223,67
285,768	4175,67
285,994	4229,67
286,22	4455,67
286,446	4265,67
286,671	4133,67
286,897	4251,67
287,123	4225,67
287,348	4205,67
287,574	4812,67
287,799	4366,67
288,025	4274,67
288,251	4523,67
288,476	4364,67
288,702	4388,67
288,927	4448,67
289,153	4522,67
289,378	4350,67
289,604	4498,67
289,829	4380,67
290,055	4363,67
290,28	4593,67
290,506	4546,67
290,731	4502,67
290,957	4658,67
291,182	4639,67
291,408	4754,67
291,633	4639,67
291,858	4527,67
292,084	4674,67
292,309	4609,67
292,535	4654,67
292,76	4759,67
292,985	4734,67
293,211	4643,67
293,436	4625,67
293,661	4619,67
293,886	4575,67
294,112	4763,67
294,337	4767,67
294,562	4581,67
294,787	4897,67
295,013	4782,67
295,238	4699,67
295,463	4807,67
295,688	4939,67
295,913	4870,67
296,138	4790,67
296,364	4455,67
296,589	4679,67
296,814	4504,67
297,039	4523,67
297,264	4744,67
297,489	4650,67
297,714	4658,67
297,939	4594,67
298,164	4567,67
298,389	4573,67
298,614	4689,67
298,839	4815,67
299,064	4914,67
299,289	4877,67
299,514	4853,67
299,739	4959,67
299,964	4809,67
300,189	4904,67
300,414	4987,67
300,639	5102,67
300,863	4891,67
301,088	5302,67
301,313	4957,67
301,538	4935,67
301,763	4873,67
301,988	4998,67
302,212	5021,67
302,437	5399,67
302,662	4809,67
302,887	4893,67
303,111	4903,67
303,336	5134,67
303,561	5079,67
303,786	4948,67
304,01	4964,67
304,235	5078,67
304,46	4882,67
304,684	4824,67
304,909	4851,67
305,134	4755,67
305,358	4945,67
305,583	4784,67
305,807	4844,67
306,032	4519,67
306,256	4741,67
306,481	4782,67
306,706	4756,67
306,93	4660,67
307,155	5096,67
307,379	4820,67
307,604	4863,67
307,828	5032,67
308,052	5090,67
308,277	4976,67
308,501	4917,67
308,726	4978,67
308,95	4986,67
309,175	4762,67
309,399	5044,67
309,623	4900,67
309,848	4739,67
310,072	4679,67
310,296	5265,67
310,521	4938,67
310,745	4821,67
310,969	5163,67
311,193	4987,67
311,418	4820,67
311,642	4857,67
311,866	4949,67
312,09	4917,67
312,315	4984,67
312,539	4931,67
312,763	4814,67
312,987	4978,67
313,211	4805,67
313,435	4983,67
313,659	4817,67
313,884	5091,67
314,108	4893,67
314,332	4995,67
314,556	4757,67
314,78	5047,67
315,004	4874,67
315,228	5205,67
315,452	4877,67
315,676	4861,67
315,9	4793,67
316,124	4612,67
316,348	4784,67
316,572	4812,67
316,796	4897,67
317,02	4595,67
317,244	4778,67
317,468	4651,67
317,691	4810,67
317,915	4713,67
318,139	4699,67
318,363	5055,67
318,587	4668,67
318,811	4544,67
319,034	4539,67
319,258	4696,67
319,482	4877,67
319,706	4715,67
319,93	4579,67
320,153	4526,67
320,377	4641,67
320,601	4530,67
320,824	4447,67
321,048	4773,67
321,272	4626,67
321,495	4685,67
321,719	4675,67
321,943	4669,67
322,166	4635,67
322,39	4645,67
322,614	4705,67
322,837	4843,67
323,061	4547,67
323,284	4715,67
323,508	4786,67
323,731	4601,67
323,955	4669,67
324,178	4614,67
324,402	4720,67
324,625	4647,67
324,849	4494,67
325,072	4696,67
325,296	4754,67
325,519	4721,67
325,743	4633,67
325,966	4659,67
326,189	4792,67
326,413	4823,67
326,636	4939,67
326,859	4565,67
327,083	4903,67
327,306	4483,67
327,529	4491,67
327,753	4423,67
327,976	4685,67
328,199	4638,67
328,422	4623,67
328,646	4595,67
328,869	4444,67
329,092	4630,67
329,315	4748,67
329,538	4603,67
329,762	4730,67
329,985	4471,67
330,208	4627,67
330,431	4701,67
330,654	4774,67
330,877	4652,67
331,1	4836,67
331,323	4660,67
331,546	4837,67
331,769	4812,67
331,993	4582,67
332,216	4730,67
332,439	4708,67
332,662	4707,67
332,885	4581,67
333,107	4530,67
333,33	4617,67
333,553	4859,67
333,776	4623,67
333,999	4535,67
334,222	4623,67
334,445	4617,67
334,668	4731,67
334,891	4789,67
335,114	4624,67
335,336	4699,67
335,559	4784,67
335,782	4961,67
336,005	4651,67
336,228	4621,67
336,45	4603,67
336,673	4662,67
336,896	4738,67
337,119	4709,67
337,341	4583,67
337,564	4569,67
337,787	4676,67
338,009	4615,67
338,232	4807,67
338,455	4833,67
338,677	4728,67
338,9	4641,67
339,122	4733,67
339,345	4547,67
339,568	4493,67
339,79	4549,67
340,013	4706,67
340,235	4804,67
340,458	4567,67
340,68	4771,67
340,903	4618,67
341,125	4604,67
341,348	4662,67
341,57	4613,67
341,793	4815,67
342,015	4552,67
342,238	4719,67
342,46	4593,67
342,682	4693,67
342,905	4565,67
343,127	4714,67
343,349	4505,67
343,572	4655,67
343,794	4485,67
344,016	4461,67
344,239	4638,67
344,461	4667,67
344,683	4585,67
344,905	4695,67
345,128	4664,67
345,35	4713,67
345,572	4921,67
345,794	4978,67
346,017	4846,67
346,239	4797,67
346,461	4789,67
346,683	4813,67
346,905	4921,67
347,127	4853,67
347,349	4871,67
347,571	4922,67
347,793	5047,67
348,016	4990,67
348,238	4943,67
348,46	4928,67
348,682	4913,67
348,904	5080,67
349,126	5065,67
349,348	5010,67
349,57	4933,67
349,792	5058,67
350,014	5075,67
350,235	4977,67
350,457	5808,67
350,679	4985,67
350,901	4788,67
351,123	4864,67
351,345	4989,67
351,567	5060,67
351,789	5045,67
352,01	5092,67
352,232	4972,67
352,454	4832,67
352,676	5085,67
352,897	4867,67
353,119	4756,67
353,341	4781,67
353,563	4619,67
353,784	4766,67
354,006	4954,67
354,228	4795,67
354,449	4979,67
354,671	5218,67
354,893	5128,67
355,114	5191,67
355,336	5155,67
355,558	5123,67
355,779	5145,67
356,001	5207,67
356,222	5205,67
356,444	5181,67
356,665	5767,67
356,887	5212,67
357,108	5254,67
357,33	5178,67
357,551	5345,67
357,773	5315,67
357,994	5295,67
358,216	5186,67
358,437	5451,67
358,659	5509,67
358,88	5337,67
359,101	5449,67
359,323	5413,67
359,544	5371,67
359,765	5355,67
359,987	5410,67
360,208	5626,67
360,429	5429,67
360,651	5403,67
360,872	5589,67
361,093	5470,67
361,314	5578,67
361,536	5473,67
361,757	5278,67
361,978	5401,67
362,199	5404,67
362,42	5256,67
362,642	5485,67
362,863	5594,67
363,084	5437,67
363,305	5521,67
363,526	5525,67
363,747	5461,67
363,968	5363,67
364,189	5725,67
364,41	5539,67
364,631	5312,67
364,852	5455,67
365,073	5439,67
365,294	5446,67
365,515	5413,67
365,736	5589,67
365,957	5509,67
366,178	5591,67
366,399	5519,67
366,62	5665,67
366,841	5722,67
367,062	5637,67
367,283	5720,67
367,504	5621,67
367,724	5507,67
367,945	5380,67
368,166	5681,67
368,387	5563,67
368,608	5638,67
368,828	5766,67
369,049	5549,67
369,27	5629,67
369,491	5456,67
369,711	5643,67
369,932	5619,67
370,153	5524,67
370,373	5693,67
370,594	5635,67
370,815	5500,67
371,035	5679,67
371,256	5370,67
371,477	5487,67
371,697	5497,67
371,918	5227,67
372,138	5524,67
372,359	5609,67
372,579	5275,67
372,8	5318,67
373,02	5478,67
373,241	5418,67
373,461	5431,67
373,682	5508,67
373,902	5386,67
374,123	5456,67
374,343	5421,67
374,564	5390,67
374,784	5263,67
375,004	5386,67
375,225	5099,67
375,445	5125,67
375,666	5407,67
375,886	5001,67
376,106	5044,67
376,326	5164,67
376,547	5423,67
376,767	5390,67
376,987	5247,67
377,208	5431,67
377,428	5350,67
377,648	5440,67
377,868	5524,67
378,088	5593,67
378,309	5727,67
378,529	5478,67
378,749	5582,67
378,969	5449,67
379,189	5543,67
379,409	5387,67
379,629	5312,67
379,849	5351,67
380,069	5328,67
380,29	5145,67
380,51	5274,67
380,73	5313,67
380,95	5423,67
381,17	5310,67
381,39	5267,67
381,61	4971,67
381,829	5131,67
382,049	5105,67
382,269	5055,67
382,489	5442,67
382,709	5071,67
382,929	5097,67
383,149	4919,67
383,369	5359,67
383,589	4923,67
383,808	5101,67
384,028	5055,67
384,248	5043,67
384,468	4976,67
384,688	5018,67
384,907	4961,67
385,127	5007,67
385,347	5139,67
385,567	4996,67
385,786	5161,67
386,006	5005,67
386,226	5153,67
386,445	5085,67
386,665	5141,67
386,885	5179,67
387,104	5171,67
387,324	5185,67
387,543	5193,67
387,763	5513,67
387,982	5305,67
388,202	5222,67
388,422	5172,67
388,641	5096,67
388,861	5091,67
389,08	5137,67
389,3	4832,67
389,519	5152,67
389,738	5081,67
389,958	5018,67
390,177	5004,67
390,397	5104,67
390,616	5022,67
390,836	5149,67
391,055	5039,67
391,274	5177,67
391,494	5105,67
391,713	5055,67
391,932	5314,67
392,151	5157,67
392,371	5338,67
392,59	5320,67
392,809	5346,67
393,029	5212,67
393,248	5003,67
393,467	4804,67
393,686	4754,67
393,905	5959,67
394,124	4805,67
394,344	4904,67
394,563	4928,67
394,782	4753,67
395,001	4933,67
395,22	4772,67
395,439	4885,67
395,658	4710,67
395,877	4918,67
396,096	4831,67
396,315	5027,67
396,534	4939,67
396,753	5054,67
396,972	4751,67
397,191	5140,67
397,41	5193,67
397,629	5102,67
397,848	5189,67
398,067	5283,67
398,286	5180,67
398,505	5080,67
398,724	5161,67
398,943	5672,67
399,161	4704,67
399,38	4922,67
399,599	4883,67
399,818	4653,67
400,037	4955,67
400,255	4761,67
400,474	4812,67
400,693	4637,67
400,912	5008,67
401,13	4672,67
401,349	4647,67
401,568	4414,67
401,786	4676,67
402,005	4632,67
402,224	4539,67
402,442	4584,67
402,661	4626,67
402,88	4421,67
403,098	4369,67
403,317	4566,67
403,535	4496,67
403,754	4389,67
403,972	4543,67
404,191	4485,67
404,409	4593,67
404,628	5216,67
404,846	4622,67
405,065	4702,67
405,283	4659,67
405,502	4599,67
405,72	4515,67
405,938	4301,67
406,157	4389,67
406,375	4240,67
406,594	4338,67
406,812	4404,67
407,03	4201,67
407,249	4070,67
407,467	4479,67
407,685	4555,67
407,903	4245,67
408,122	4607,67
408,34	4572,67
408,558	4412,67
408,776	4332,67
408,995	4495,67
409,213	4289,67
409,431	4472,67
409,649	4385,67
409,867	4249,67
410,085	4207,67
410,303	4281,67
410,522	4288,67
410,74	4117,67
410,958	4177,67
411,176	4220,67
411,394	4187,67
411,612	4224,67
411,83	4482,67
412,048	4270,67
412,266	4228,67
412,484	4297,67
412,702	4575,67
412,92	4113,67
413,138	4309,67
413,356	4246,67
413,573	4317,67
413,791	4379,67
414,009	3978,67
414,227	4246,67
414,445	4127,67
414,663	4227,67
414,881	4092,67
415,098	4138,67
415,316	4135,67
415,534	4382,67
415,752	4018,67
415,969	4176,67
416,187	3949,67
416,405	3999,67
416,623	4121,67
416,84	3959,67
417,058	4124,67
417,276	4163,67
417,493	4069,67
417,711	4026,67
417,928	4129,67
418,146	3989,67
418,364	4058,67
418,581	4080,67
418,799	4030,67
419,016	4146,67
419,234	3955,67
419,451	4550,67
419,669	4001,67
419,886	4211,67
420,104	4083,67
420,321	4219,67
420,539	4330,67
420,756	4410,67
420,974	4333,67
421,191	4381,67
421,408	4455,67
421,626	4466,67
421,843	4144,67
422,06	4338,67
422,278	4160,67
422,495	4206,67
422,712	4232,67
422,93	4316,67
423,147	4265,67
423,364	4159,67
423,581	4257,67
423,799	4022,67
424,016	4074,67
424,233	4114,67
424,45	4103,67
424,667	4145,67
424,884	3982,67
425,102	4188,67
425,319	3812,67
425,536	3845,67
425,753	4021,67
425,97	3942,67
426,187	3946,67
426,404	3951,67
426,621	4346,67
426,838	4211,67
427,055	4336,67
427,272	4158,67
427,489	4222,67
427,706	3877,67
427,923	3917,67
428,14	3912,67
428,357	4299,67
428,574	4048,67
428,791	4375,67
429,008	4381,67
429,224	4305,67
429,441	4287,67
429,658	4511,67
429,875	4726,67
430,092	4452,67
430,308	4518,67
430,525	4346,67
430,742	4255,67
430,959	4181,67
431,175	4035,67
431,392	3784,67
431,609	3944,67
431,826	3947,67
432,042	3749,67
432,259	3753,67
432,476	3999,67
432,692	3695,67
432,909	3906,67
433,125	4055,67
433,342	4155,67
433,559	4265,67
433,775	4125,67
433,992	3831,67
434,208	3689,67
434,425	3874,67
434,641	4050,67
434,858	4027,67
435,074	3875,67
435,291	3958,67
435,507	3715,67
435,723	3851,67
435,94	4011,67
436,156	3916,67
436,373	4109,67
436,589	3883,67
436,805	3885,67
437,022	3848,67
437,238	3837,67
437,454	3838,67
437,671	3900,67
437,887	3950,67
438,103	3861,67
438,319	3807,67
438,536	3963,67
438,752	3898,67
438,968	3789,67
439,184	3787,67
439,4	3738,67
439,616	3605,67
439,833	3801,67
440,049	3647,67
440,265	3999,67
440,481	3971,67
440,697	4113,67
440,913	4056,67
441,129	4200,67
441,345	4246,67
441,561	4473,67
441,777	3983,67
441,993	3944,67
442,209	3832,67
442,425	3943,67
442,641	3929,67
442,857	3994,67
443,073	3940,67
443,289	3992,67
443,505	4027,67
443,721	3987,67
443,937	3939,67
444,152	3783,67
444,368	3902,67
444,584	3838,67
444,8	3954,67
445,016	3790,67
445,231	3739,67
445,447	3970,67
445,663	3871,67
445,879	3747,67
446,094	3855,67
446,31	3874,67
446,526	3822,67
446,742	4105,67
446,957	3618,67
447,173	3807,67
447,388	3777,67
447,604	3739,67
447,82	3566,67
448,035	3699,67
448,251	3705,67
448,466	3755,67
448,682	3602,67
448,897	3644,67
449,113	3804,67
449,328	3749,67
449,544	3556,67
449,759	3936,67
449,975	3550,67
450,19	3509,67
450,406	3506,67
450,621	3329,67
450,836	3449,67
451,052	3520,67
451,267	3411,67
451,483	3447,67
451,698	3391,67
451,913	3540,67
452,129	3531,67
452,344	3381,67
452,559	3577,67
452,774	3401,67
452,99	3328,67
453,205	3411,67
453,42	3567,67
453,635	3373,67
453,85	3200,67
454,066	3291,67
454,281	3347,67
454,496	3450,67
454,711	3359,67
454,926	3423,67
455,141	3529,67
455,356	3332,67
455,571	3220,67
455,786	3168,67
456,001	3193,67
456,217	3095,67
456,432	3284,67
456,647	3299,67
456,861	3321,67
457,076	3310,67
457,291	3469,67
457,506	3282,67
457,721	3399,67
457,936	3336,67
458,151	3314,67
458,366	3493,67
458,581	3305,67
458,796	3637,67
459,01	3320,67
459,225	3330,67
459,44	3213,67
459,655	3443,67
459,87	3179,67
460,084	3097,67
460,299	3301,67
460,514	3247,67
460,729	3711,67
460,943	3151,67
461,158	3085,67
461,373	3176,67
461,587	2999,67
461,802	2915,67
462,016	3179,67
462,231	2877,67
462,446	3008,67
462,66	3014,67
462,875	2928,67
463,089	3146,67
463,304	3105,67
463,518	3168,67
463,733	3141,67
463,947	3264,67
464,162	3058,67
464,376	3130,67
464,591	3402,67
464,805	3256,67
465,02	3396,67
465,234	3397,67
465,448	3357,67
465,663	3312,67
465,877	3241,67
466,091	3084,67
466,306	3171,67
466,52	3268,67
466,734	2922,67
466,949	2964,67
467,163	3100,67
467,377	2923,67
467,591	2982,67
467,806	2859,67
468,02	2906,67
468,234	2667,67
468,448	2810,67
468,662	2709,67
468,876	3052,67
469,091	2734,67
469,305	2802,67
469,519	2663,67
469,733	2577,67
469,947	2688,67
470,161	2906,67
470,375	2584,67
470,589	2788,67
470,803	2716,67
471,017	2703,67
471,231	2663,67
471,445	2632,67
471,659	2737,67
471,873	2933,67
472,087	2654,67
472,301	2825,67
472,515	2691,67
472,728	2687,67
472,942	2728,67
473,156	2779,67
473,37	2617,67
473,584	2700,67
473,798	2651,67
474,011	2722,67
474,225	2708,67
474,439	2788,67
474,653	2813,67
474,866	2800,67
475,08	2813,67
475,294	2853,67
475,507	2699,67
475,721	2804,67
475,935	2773,67
476,148	2599,67
476,362	2569,67
476,576	2671,67
476,789	2644,67
477,003	2696,67
477,216	2703,67
477,43	2908,67
477,643	2812,67
477,857	2898,67
478,07	2662,67
478,284	2721,67
478,497	2599,67
478,711	2659,67
478,924	2637,67
479,138	2632,67
479,351	2656,67
479,564	2640,67
479,778	2739,67
479,991	2597,67
480,204	2680,67
480,418	2699,67
480,631	2691,67
480,844	2773,67
481,058	2649,67
481,271	2768,67
481,484	2790,67
481,697	2729,67
481,911	2549,67
482,124	2637,67
482,337	2711,67
482,55	2781,67
482,763	2577,67
482,976	2751,67
483,19	2611,67
483,403	2660,67
483,616	2799,67
483,829	2777,67
484,042	2756,67
484,255	2692,67
484,468	2797,67
484,681	2728,67
484,894	3119,67
485,107	4650,67
485,32	5817,67
485,533	5703,67
485,746	5233,67
485,959	4441,67
486,172	3780,67
486,385	2947,67
486,598	2995,67
486,81	2779,67
487,023	2775,67
487,236	2824,67
487,449	2705,67
487,662	2571,67
487,875	2644,67
488,087	2614,67
488,3	2602,67
488,513	2427,67
488,726	2379,67
488,938	2605,67
489,151	2611,67
489,364	2483,67
489,576	2477,67
489,789	2522,67
490,002	2514,67
490,214	2475,67
490,427	2376,67
490,64	2515,67
490,852	2551,67
491,065	2118,67
491,277	2514,67
491,49	2292,67
491,702	2259,67
491,915	2471,67
492,127	2529,67
492,34	2443,67
492,552	2434,67
492,765	2535,67
492,977	2670,67
493,19	2483,67
493,402	2496,67
493,614	2557,67
493,827	2485,67
494,039	2370,67
494,251	2420,67
494,464	2539,67
494,676	2292,67
494,888	2288,67
495,101	2096,67
495,313	2382,67
495,525	2399,67
495,737	2593,67
495,95	2475,67
496,162	2480,67
496,374	2443,67
496,586	2345,67
496,798	2329,67
497,01	2291,67
497,222	2206,67
497,435	2383,67
497,647	2265,67
497,859	2323,67
498,071	2274,67
498,283	2400,67
498,495	2188,67
498,707	2560,67
498,919	2266,67
499,131	2557,67
499,343	2221,67
499,555	2315,67
499,767	2613,67
499,979	2313,67
500,191	2348,67
500,402	2265,67
500,614	2425,67
500,826	2476,67
501,038	2189,67
501,25	2292,67
501,462	2241,67
501,673	2306,67
501,885	2251,67
502,097	2494,67
502,309	2339,67
502,521	2448,67
502,732	2333,67
502,944	2299,67
503,156	2317,67
503,367	2271,67
503,579	2163,67
503,791	2285,67
504,002	2379,67
504,214	2335,67
504,425	2609,67
504,637	2446,67
504,849	2267,67
505,06	2283,67
505,272	2377,67
505,483	2199,67
505,695	2234,67
505,906	2158,67
506,118	2271,67
506,329	2159,67
506,541	2096,67
506,752	2201,67
506,963	2177,67
507,175	1850,67
507,386	2430,67
507,598	2234,67
507,809	2050,67
508,02	2279,67
508,232	2351,67
508,443	2058,67
508,654	1997,67
508,865	2179,67
509,077	1940,67
509,288	2193,67
509,499	2361,67
509,71	1993,67
509,922	2237,67
510,133	2136,67
510,344	2296,67
510,555	2119,67
510,766	2143,67
510,977	2151,67
511,188	2056,67
511,4	2043,67
511,611	2044,67
511,822	2131,67
512,033	2117,67
512,244	2205,67
512,455	2120,67
512,666	2060,67
512,877	2171,67
513,088	2033,67
513,299	2096,67
513,51	2176,67
513,721	2081,67
513,931	2155,67
514,142	2200,67
514,353	2196,67
514,564	1933,67
514,775	2054,67
514,986	2127,67
515,196	2081,67
515,407	1997,67
515,618	2076,67
515,829	2019,67
516,04	2233,67
516,25	1973,67
516,461	2005,67
516,672	2073,67
516,882	1930,67
517,093	2144,67
517,304	1877,67
517,514	1892,67
517,725	2067,67
517,936	2021,67
518,146	1860,67
518,357	2135,67
518,567	1950,67
518,778	2366,67
518,988	1998,67
519,199	2198,67
519,409	1940,67
519,62	2042,67
519,83	2021,67
520,041	2040,67
520,251	1965,67
520,462	2062,67
520,672	2094,67
520,882	2083,67
521,093	2086,67
521,303	2121,67
521,513	1979,67
521,724	3153,67
521,934	1891,67
522,144	1983,67
522,355	1946,67
522,565	1991,67
522,775	1967,67
522,985	1959,67
523,196	2003,67
523,406	1915,67
523,616	2125,67
523,826	1967,67
524,036	2817,67
524,246	1952,67
524,457	1930,67
524,667	1885,67
524,877	1984,67
525,087	1945,67
525,297	2060,67
525,507	2125,67
525,717	1797,67
525,927	2002,67
526,137	1494,67
526,347	1935,67
526,557	1812,67
526,767	2001,67
526,977	2277,67
527,187	1962,67
527,397	1869,67
527,607	1863,67
527,816	1935,67
528,026	1961,67
528,236	2020,67
528,446	2077,67
528,656	1969,67
528,865	2268,67
529,075	1915,67
529,285	1962,67
529,495	1913,67
529,704	1991,67
529,914	1915,67
530,124	1979,67
530,334	1793,67
530,543	1898,67
530,753	2256,67
530,963	2338,67
531,172	1952,67
531,382	1907,67
531,591	2182,67
531,801	1813,67
532,01	1935,67
532,22	1995,67
532,43	2083,67
532,639	2234,67
532,849	1969,67
533,058	1985,67
533,267	2202,67
533,477	1914,67
533,686	1864,67
533,896	2005,67
534,105	1960,67
534,315	2085,67
534,524	1939,67
534,733	1920,67
534,943	2181,67
535,152	2091,67
535,361	1834,67
535,57	1616,67
535,78	1875,67
535,989	1898,67
536,198	1864,67
536,407	1859,67
536,617	1957,67
536,826	2003,67
537,035	2010,67
537,244	1903,67
537,453	1805,67
537,662	1972,67
537,872	2143,67
538,081	1982,67
538,29	1896,67
538,499	1891,67
538,708	1940,67
538,917	2016,67
539,126	2078,67
539,335	2114,67
539,544	2459,67
539,753	1803,67
539,962	2016,67
540,171	1907,67
540,38	2048,67
540,589	1985,67
540,797	2068,67
541,006	1958,67
541,215	1788,67
541,424	2122,67
541,633	1934,67
541,842	1925,67
542,05	2064,67
542,259	1894,67
542,468	1919,67
542,677	2024,67
542,885	1945,67
543,094	2031,67
543,303	1874,67
543,512	1797,67
543,72	2153,67
543,929	2107,67
544,138	1923,67
544,346	1998,67
544,555	1973,67
544,763	2037,67
544,972	1878,67
545,18	1835,67
545,389	1881,67
545,598	1910,67
545,806	2067,67
546,015	1917,67
546,223	1834,67
546,431	1887,67
546,64	1856,67
546,848	1802,67
547,057	1996,67
547,265	2023,67
547,474	1985,67
547,682	2108,67
547,89	2016,67
548,099	2008,67
548,307	1945,67
548,515	2129,67
548,723	2021,67
548,932	1911,67
549,14	1960,67
549,348	2004,67
549,556	1833,67
549,765	1888,67
549,973	1832,67
550,181	1966,67
550,389	1995,67
550,597	1978,67
550,805	1785,67
551,014	2108,67
551,222	5933,67
551,43	1813,67
551,638	1994,67
551,846	2113,67
552,054	1983,67
552,262	2155,67
552,47	1765,67
552,678	1862,67
552,886	1865,67
553,094	1928,67
553,302	2019,67
553,51	1928,67
553,717	2085,67
553,925	1767,67
554,133	2245,67
554,341	1847,67
554,549	1992,67
554,757	1837,67
554,965	1922,67
555,172	1970,67
555,38	2187,67
555,588	1938,67
555,796	1945,67
556,003	2112,67
556,211	1835,67
556,419	1927,67
556,626	1949,67
556,834	1931,67
557,042	1934,67
557,249	1949,67
557,457	1894,67
557,664	1721,67
557,872	1807,67
558,08	1771,67
558,287	1983,67
558,495	1992,67
558,702	1753,67
558,91	1993,67
559,117	1919,67
559,325	1967,67
559,532	1970,67
559,74	2147,67
559,947	1955,67
560,154	2033,67
560,362	1795,67
560,569	1875,67
560,776	1879,67
560,984	2123,67
561,191	1851,67
561,398	1893,67
561,606	2358,67
561,813	1874,67
562,02	1772,67
562,227	1764,67
562,435	1922,67
562,642	1931,67
562,849	1952,67
563,056	1845,67
563,263	1857,67
563,471	2009,67
563,678	1969,67
563,885	1888,67
564,092	1819,67
564,299	1968,67
564,506	2012,67
564,713	1851,67
564,92	1896,67
565,127	2075,67
565,334	1935,67
565,541	2214,67
565,748	1929,67
565,955	1825,67
566,162	1867,67
566,369	2059,67
566,576	1988,67
566,783	2067,67
566,99	1880,67
567,196	2105,67
567,403	1980,67
567,61	2170,67
567,817	1902,67
568,024	1994,67
568,23	1953,67
568,437	1907,67
568,644	2011,67
568,851	2063,67
569,057	2427,67
569,264	2281,67
569,471	2301,67
569,677	2031,67
569,884	2236,67
570,091	2245,67
570,297	3381,67
570,504	2481,67
570,71	2262,67
570,917	2253,67
571,123	2184,67
571,33	2336,67
571,536	2264,67
571,743	2414,67
571,949	2059,67
572,156	2008,67
572,362	2261,67
572,569	2099,67
572,775	2310,67
572,982	2457,67
573,188	2375,67
573,394	2242,67
573,601	2338,67
573,807	2183,67
574,013	2555,67
574,22	2373,67
574,426	2171,67
574,632	2397,67
574,838	2257,67
575,045	2175,67
575,251	2183,67
575,457	2183,67
575,663	2342,67
575,869	2288,67
576,076	2253,67
576,282	2395,67
576,488	2299,67
576,694	2167,67
576,9	2235,67
577,106	2445,67
577,312	2649,67
577,518	2747,67
577,724	2548,67
577,93	2545,67
578,136	2270,67
578,342	2279,67
578,548	2214,67
578,754	2202,67
578,96	2101,67
579,166	2338,67
579,372	2568,67
579,578	2471,67
579,784	2462,67
579,989	2329,67
580,195	2257,67
580,401	2198,67
580,607	2594,67
580,813	2976,67
581,018	3193,67
581,224	2998,67
581,43	2840,67
581,636	2803,67
581,841	2848,67
582,047	2596,67
582,253	2479,67
582,458	2297,67
582,664	2221,67
582,869	2175,67
583,075	2026,67
583,281	2525,67
583,486	2284,67
583,692	2308,67
583,897	2467,67
584,103	2370,67
584,308	2565,67
584,514	2626,67
584,719	2746,67
584,925	2659,67
585,13	2532,67
585,335	2512,67
585,541	2504,67
585,746	2265,67
585,952	2090,67
586,157	2241,67
586,362	2219,67
586,568	2276,67
586,773	2511,67
586,978	2632,67
587,183	2441,67
587,389	2382,67
587,594	2107,67
587,799	2263,67
588,004	2442,67
588,21	2327,67
588,415	2076,67
588,62	2114,67
588,825	2181,67
589,03	2099,67
589,235	2589,67
589,44	2284,67
589,645	2001,67
589,85	2218,67
590,055	2287,67
590,26	2055,67
590,465	2042,67
590,67	2075,67
590,875	2160,67
591,08	2162,67
591,285	1984,67
591,49	2093,67
591,695	1963,67
591,9	2072,67
592,105	2279,67
592,31	2248,67
592,515	2580,67
592,719	2193,67
592,924	2042,67
593,129	2156,67
593,334	2106,67
593,539	1931,67
593,743	2178,67
593,948	1822,67
594,153	1937,67
594,357	2271,67
594,562	2116,67
594,767	2606,67
594,971	1865,67
595,176	2023,67
595,381	2063,67
595,585	1821,67
595,79	2053,67
595,994	1825,67
596,199	2437,67
596,403	1667,67
596,608	1845,67
596,812	1910,67
597,017	2045,67
597,221	2129,67
597,426	2062,67
597,63	1866,67
597,835	1769,67
598,039	1880,67
598,243	2063,67
598,448	2301,67
598,652	2136,67
598,856	1901,67
599,061	2019,67
599,265	1904,67
599,469	1881,67
599,673	2116,67
599,878	2064,67
600,082	1891,67
600,286	1955,67
600,49	2030,67
600,695	1808,67
600,899	1883,67
601,103	1961,67
601,307	2021,67
601,511	1891,67
601,715	1783,67
601,919	1754,67
602,123	2107,67
602,327	1861,67
602,531	1982,67
602,735	2102,67
602,939	2142,67
603,143	1884,67
603,347	2009,67
603,551	1951,67
603,755	1931,67
603,959	1945,67
604,163	1916,67
604,367	1813,67
604,571	1699,67
604,775	1985,67
604,978	1962,67
605,182	1770,67
605,386	2030,67
605,59	1936,67
605,793	1785,67
605,997	1970,67
606,201	1959,67
606,405	1889,67
606,608	1970,67
606,812	1990,67
607,016	2030,67
607,219	1852,67
607,423	1803,67
607,627	2016,67
607,83	1835,67
608,034	1787,67
608,237	1896,67
608,441	1738,67
608,644	1941,67
608,848	1915,67
609,051	1835,67
609,255	1767,67
609,458	1999,67
609,662	1867,67
609,865	1964,67
610,069	1791,67
610,272	1680,67
610,475	1832,67
610,679	1752,67
610,882	1797,67
611,085	1781,67
611,289	1909,67
611,492	1855,67
611,695	1711,67
611,898	1716,67
612,102	1943,67
612,305	1809,67
612,508	1787,67
612,711	1999,67
612,914	1719,67
613,118	1952,67
613,321	1806,67
613,524	1780,67
613,727	1727,67
613,93	1817,67
614,133	1833,67
614,336	1837,67
614,539	1771,67
614,742	1702,67
614,945	1737,67
615,148	2005,67
615,351	1759,67
615,554	1864,67
615,757	1638,67
615,96	1835,67
616,163	1621,67
616,366	1830,67
616,569	1743,67
616,772	1925,67
616,974	1780,67
617,177	1918,67
617,38	1812,67
617,583	1769,67
617,786	1687,67
617,988	1693,67
618,191	1827,67
618,394	1739,67
618,596	1653,67
618,799	1594,67
619,002	1808,67
619,204	1804,67
619,407	1744,67
619,61	1689,67
619,812	1739,67
620,015	1766,67
620,217	1967,67
620,42	1823,67
620,623	1655,67
620,825	1747,67
621,028	1755,67
621,23	1908,67
621,432	1815,67
621,635	2062,67
621,837	1803,67
622,04	1810,67
622,242	1702,67
622,445	1827,67
622,647	1843,67
622,849	1927,67
623,052	1636,67
623,254	1881,67
623,456	1658,67
623,658	2005,67
623,861	1894,67
624,063	1665,67
624,265	1760,67
624,467	1884,67
624,67	1573,67
624,872	1824,67
625,074	1925,67
625,276	1830,67
625,478	1870,67
625,68	1571,67
625,882	1626,67
626,084	1798,67
626,287	1944,67
626,489	1796,67
626,691	1797,67
626,893	1772,67
627,095	1827,67
627,297	1789,67
627,499	1700,67
627,7	1566,67
627,902	1545,67
628,104	1579,67
628,306	1643,67
628,508	1635,67
628,71	1714,67
628,912	1651,67
629,114	1923,67
629,315	1755,67
629,517	1693,67
629,719	1627,67
629,921	1690,67
630,122	1726,67
630,324	1607,67
630,526	1787,67
630,728	1765,67
630,929	1677,67
631,131	1593,67
631,332	1974,67
631,534	1876,67
631,736	1689,67
631,937	1687,67
632,139	1727,67
632,34	1724,67
632,542	1780,67
632,743	1769,67
632,945	1580,67
633,146	1768,67
633,348	1779,67
633,549	1733,67
633,751	1588,67
633,952	1715,67
634,154	1538,67
634,355	1498,67
634,556	1671,67
634,758	1633,67
634,959	1638,67
635,16	1759,67
635,362	1587,67
635,563	1716,67
635,764	1734,67
635,965	1667,67
636,167	1629,67
636,368	1663,67
636,569	1653,67
636,77	1903,67
636,971	1553,67
637,172	1756,67
637,374	1664,67
637,575	1801,67
637,776	1577,67
637,977	1725,67
638,178	1724,67
638,379	1684,67
638,58	1492,67
638,781	1465,67
638,982	1639,67
639,183	1581,67
639,384	1587,67
639,585	1569,67
639,786	1479,67
639,987	1557,67
640,187	1731,67
640,388	1792,67
640,589	1526,67
640,79	1571,67
640,991	1630,67
641,192	1743,67
641,392	1511,67
641,593	1578,67
641,794	1420,67
641,995	1546,67
642,195	1409,67
642,396	1562,67
642,597	1364,67
642,797	1552,67
642,998	1708,67
643,199	1532,67
643,399	1701,67
643,6	1516,67
643,8	1417,67
644,001	1701,67
644,202	1655,67
644,402	1543,67
644,603	1868,67
644,803	1467,67
645,004	1596,67
645,204	1479,67
645,404	1590,67
645,605	2030,67
645,805	1407,67
646,006	1495,67
646,206	2065,67
646,406	1454,67
646,607	1411,67
646,807	1297,67
647,007	-53,33
647,208	27,67
647,408	-30,33
647,608	-56,33
